0.0
112.09759581903748
109.1032260558802
107.69178304221359
107.78412043582095
110.23765688872464
117.75655894541815
128.83704617830395
133.0845662503707
133.25605003361673
132.4777777170366
131.96332650278967
130.8420867552087
129.87913961076646
129.91871281236035
130.07700548324468
129.65489164905603
130.41997291424553
134.25857031190725
136.44828562860488
136.18446445852604
135.063224710945
131.0927168061513
125.24907888578126
117.5191199323171
0.0
112.57247385201416
111.08188448935626
110.67296175398022
111.24017716701516
113.62775834264187
119.53735154028882
129.1404404957802
133.04499311652242
132.91308253487028
131.9765175474058
130.8684688444409
129.37787950210665
127.51794055147019
127.34645682242063
126.81881457033221
126.70009506716896
127.90048118406494
130.8684688444409
133.24285898900064
133.24285898900064
131.85779807811534
128.05877385494924
122.17556278040728
116.846376060735
0.0
213.81383034567978
212.96960274504806
212.56068005709398
212.48153372165177
213.04874908049035
214.7372042817536
217.95582208114143
220.31702106591754
218.90557810644745
218.140496841258
217.705191996326
216.1090742089938
215.48909453619976
215.8584441241784
216.16183845520376
216.7950091387411
217.67880983934825
218.140496841258
219.90809837796343
220.31702106591754
220.38297639061642
219.27492769442608
216.99287490960094
215.42313927924647
0.0
256.2758403943319
249.28458058295226
245.36683691081942
244.8787678196775
250.01008868042067
263.8211245538068
282.5919975385629
289.04242408033633
292.2082775657686
297.52427325437384
303.03813471383893
307.02183371067065
309.13240267837705
312.82589842267225
314.59349995937777
315.4245365492661
314.67264629481997
316.281955160641
314.87051213342534
312.0080529790184
306.74482153662314
296.930675670812
282.2490300398165
266.8550675253326
0.0
36.037965616434654
34.60014048643763
33.7163397180849
33.333799085490156
33.59762021492165
35.32564857713147
38.79489636649089
39.652315018513185
39.665506076678405
40.76036374180177
41.881603523255556
42.93688802065784
43.83387984717578
44.810018009135895
45.45637975761301
45.746582996600374
45.79934722248667
45.52233504166452
45.746582996600374
45.31127814489388
44.54619687970441
43.02922541426522
40.6812174063596
37.96385982402445
0.0
689.2194968420424
669.3933393395603
661.5842340167811
663.8003315446531
684.4707165800211
735.8234984906652
812.9647953544223
845.69180580496
840.4285743625647
835.5610745973804
831.5641846575508
826.2481889689456
819.9164819303354
817.7399576379304
815.1281285005932
815.6689618379451
827.2375181619725
855.9544475264464
873.9470482352698
871.0186338239096
858.1309718188517
828.5170506075362
779.5386588279031
729.7028484368947
0.0
48.43755846937965
47.039306513878266
46.48528214545943
46.64357481634376
48.094591011280556
51.70894041335907
57.13046452663872
59.425708308658045
59.05635872745396
58.713391269354865
58.436379088532725
58.06702951410319
57.618533604231494
57.4602409265726
57.2755661461324
57.315139313853486
58.132984791380146
60.151216399351874
61.4175577935248
61.206500896754164
60.30950907023622
58.225322184987526
54.782456511958536
51.27363555487805
0.0
197.68116858749303
190.96692095016087
187.9989333710796
187.65596594007874
191.90348603246915
205.89919666597183
227.07084187097072
235.7373658051248
233.7718984975595
231.8460042222242
230.63242703361388
229.7750084222389
229.68267100830786
230.86986603994032
232.71661397983357
235.53950003426496
240.2618981393084
248.16334080827303
254.53462101460426
253.01764949496862
248.38758880385626
238.79769093362836
224.24795588428492
209.19696073305624
0.0
239.02193886146594
232.6374676443914
229.6299067620979
229.85415475768107
235.05143087537755
251.09175528737876
274.71693695883044
283.779192637941
284.14854222591964
282.4864691138885
281.3916114284415
278.9908392081987
276.9462254974457
277.03856284363115
277.38153041012316
276.4713474847926
278.1070384398459
286.2854933506037
290.9551272094372
290.401102861342
288.01352165184255
279.531672477805
267.0793154531701
250.59049518549364
0.0
1223.4572740838248
1188.2503450098566
1174.3997359687494
1178.3174796408823
1215.0281890882516
1306.1915784037617
1443.1147419704996
1501.1949633421655
1491.8688860932773
1483.2155535085944
1476.1187647983215
1466.6871595989778
1455.4615711124243
1451.5965915510103
1446.9533400523917
1447.9030956712238
1468.4547614066655
1519.4250026508419
1551.360549814703
1546.1632736970073
1523.2767907950395
1470.7104314248027
1383.7813713264309
1295.2957665407027
0.0
51.57702985203062
50.0864404961473
49.506034024947134
49.664326695831484
51.22087132899174
55.05946869955525
60.823960264159425
63.277496723837636
62.88176503985225
62.525606516813376
62.22221222643536
61.82648054244996
61.35160251624784
61.193309838588945
60.99544399998353
61.03501716770462
61.89243581972691
64.04257798902712
65.3880657186422
65.17700882187157
64.21406171807666
61.99796427149951
58.33085064353469
54.597781724743776
0.0
518.3161723329443
516.2847497006803
515.2822294291643
515.1107457475366
516.4826155392857
520.5718429607916
528.3545661943386
534.1058666601302
530.6761920791394
528.8162531285028
527.7609686107769
523.8959891171085
522.3922087437072
523.262818433571
524.0147086880171
525.5712533076284
527.6818222753348
528.803062050014
533.1033463886145
534.0794845031525
534.2509683202713
531.5468017690032
526.0329403095382
522.2339160728228
0.0
905.6451563928048
879.5796292656438
869.3301785549007
872.2322109447742
899.4057867681257
966.8780393584674
1068.2381154094928
1111.2409587277514
1104.3288453195594
1097.931183023996
1092.681142592344
1085.6898827809644
1077.3795174240454
1074.517058201893
1071.087383620902
1071.7865095613927
1086.9957973835058
1124.7354092593687
1148.3737820093095
1144.5219935941298
1127.5846774030324
1088.6710615740255
1024.3250892336496
958.8314950971073
0.0
110.35637640543699
109.92107154695594
109.71001464341074
109.67044147568967
109.96064471467703
110.83125442486455
112.49332750979744
113.72009574302382
112.98139659416475
112.5856649034048
112.36141694846897
111.54357146416773
111.22698610884993
111.41166090283929
111.56995357372358
111.89972998043206
112.34822589030371
112.5856649034048
113.50903883947862
113.7069046848586
113.74647785257969
113.17926243277017
111.99206737403942
111.18741294112888
0.0
50.548127464184205
48.83329015336504
48.06820889495012
47.98906255273339
49.0707291664661
52.645505407598115
58.06702951410319
60.28312696068035
59.76867576675714
59.28060668238981
58.9772123920118
58.75296443707594
58.72658232752008
59.02997661789808
59.50485464410021
60.23036273479405
61.430748851690005
63.44898045288719
65.08467142826417
64.68893973750423
63.514935736938696
61.061399277260485
57.341521423409354
53.4897330014552
0.0
10.35497913880466
10.223068576121285
10.183495407722747
10.236259632931588
10.447316532412044
11.001340893378877
11.885141661054151
12.241300179350832
12.228109123217983
12.135771729610603
12.04343433532577
11.898332717187
11.726848986782539
11.71365793064969
11.66089370544085
11.66089370544085
11.766422155181077
12.04343433532577
12.25449123548368
12.25449123548368
12.135771729610603
11.779613211313926
11.238779905802483
10.750710825499882
0.0
207.75913554886276
200.71511155901874
197.57564016281862
197.23267266407223
201.69124974130253
216.39927746153026
238.65258927348728
247.75441805257336
245.69661333107695
243.66519069881278
242.3988491962469
241.48866633866203
241.396328924731
242.64947928106236
244.588564567141
247.5433612032246
252.51638939308341
260.8135637392589
267.51462029810205
265.9185025107698
261.06419382407427
250.9730357842156
235.68460162666042
219.86852514249674
0.0
124.80058296913505
119.84074583066686
116.75403866712762
115.44812410523363
116.34511593175158
122.34704650945683
134.32452553498774
137.2925132292365
137.3584685200626
141.14430167151434
145.03566322054223
148.68958579711642
151.8026750363387
155.16639436037644
157.42206505596937
158.41139424899646
158.62245116609077
157.6331219053181
158.43777640597423
156.92080488633857
154.25621157053706
149.03255322811728
140.86728946359398
131.48844848336216
0.0
83.88192654967436
80.54458932164341
78.47359349455995
77.58979273298178
78.1965813137378
82.23304452290672
90.27958882491411
92.28462937472067
92.32420254244171
94.85688533756209
97.48190551951531
99.93544197919354
102.01962886444223
104.28849053690567
105.80546200234487
106.47820586715241
106.61011642848086
105.93737256367332
106.49139692531762
105.47568559563642
103.68170194937508
100.15968994090393
94.67221055034736
88.36688566871499
0.0
554.486048578453
538.538061580383
532.2591187879826
534.0267203246881
550.6738333309945
591.9882213802442
654.0389499250518
680.3682980800261
676.1471601446134
672.2162253262461
669.0107987408384
664.7368964914701
659.6451487984481
657.8907382724858
655.7801693047795
656.2154742174571
665.5283598458917
688.6258993262262
703.0964880401275
700.7484799306034
690.3803098521882
666.5440711958967
627.1555772864914
587.0547663581063
0.0
162.85678017999228
160.2581421211441
159.361150342048
159.71730878379222
162.19722733947722
169.03019447997252
181.73318165716833
187.91978703563748
186.04665700651205
184.10757178817894
181.37702314767859
179.1477346090634
177.60438106794112
177.41970630782464
177.55161682173122
178.31669808692064
180.69108821793122
183.48759211538493
187.23385210589012
186.9304577748648
185.76964483246445
181.70679956793614
174.50448283946216
167.51322302808245
0.0
108.19304318474613
106.46501481576173
105.87141728639641
106.10885629949743
107.75773831949056
112.29546166441743
120.73773765041022
124.84015613685612
123.60019685223907
122.30747334173572
120.50029864408376
119.02290033959109
117.99399795174466
117.8620873904162
117.9544247840236
118.46887598472134
120.03861166927229
121.89855059958514
124.39166022698444
124.18060333021381
123.4155220650243
120.71135554085438
115.93619318960096
111.29294139290147
0.0
167.53960511731466
161.8542599084763
159.33476818507026
159.04456500027936
162.6589143413869
174.51767385020545
192.45751038056437
199.80492870143382
198.12966457865937
196.5071646343494
195.4782622736012
194.75275410838722
194.67360777294508
195.67612804446105
197.24586381030664
199.63344495206056
203.63033502738116
210.33139151847882
215.73972462101514
214.44700102921712
210.5292574248298
202.3903756817931
190.06992917106484
177.30098673691577
0.0
175.427856775536
169.47869040339333
166.84047917682403
166.5370848457987
170.30972699328163
182.73570192868436
201.5197659919293
209.2101517437996
207.46893229632636
205.75409500583083
204.68561954510713
203.92053827991768
203.84139194447548
204.89667639445585
206.53236734950914
209.02547698368303
213.22023289760907
220.2378747304754
225.89683785008157
224.53815913682135
220.43574063682638
211.9275093735566
199.01346527926654
185.65092532930123
0.0
228.64057763681635
219.56513094696254
213.90616782735634
211.50539560711357
213.15427757291022
224.16880954884272
246.10553601903112
251.55344222154295
251.67216179245176
258.5974662791326
265.73382768290776
272.4216932310076
278.1202295183348
284.28045280757175
288.42244440754223
290.24281019045765
290.6121597106907
288.8049850740098
290.2823833581788
287.5122614822118
282.631570706284
273.0416729038016
258.0830150987585
240.89506882284576
0.0
433.181095454037
431.4926403205192
430.64841271988763
430.5033110597465
431.6641240021468
435.0674164939055
441.58379829263225
446.38534273311797
443.50969250022206
441.9663389590998
441.0825381230014
437.85072938061603
436.5843879457957
437.32308712175296
437.95625780529025
439.2489813293428
441.01658279830264
441.95314788061086
445.5411151324862
446.3721517223745
446.5040622362812
444.2483916084338
439.6315219958103
436.452477431889
0.0
1181.4305689478501
1147.4240259840033
1134.0482949555492
1137.8341281137753
1173.291687272559
1261.3156054628514
1393.5427532170145
1449.6311245821728
1440.6216332170177
1432.2585030041791
1425.4123451239225
1416.3105161416001
1405.454277107534
1401.7212076535534
1397.2494396333252
1398.1596228973835
1417.9989716138452
1467.2279934782944
1498.0686828212179
1493.042890385149
1470.9478708376027
1420.1754953642862
1336.2408050697193
1250.8023336565495
0.0
65.96847218984236
64.91318769244008
64.54383812478511
64.68893973750423
65.69146001579477
68.4615818240162
73.60609374969916
76.11239442848911
75.3605042282394
74.56904085349404
73.46099213020547
72.56400031046209
71.93082961337562
71.86487432932411
71.91763855521042
72.22103284558844
73.18397995615788
74.31841078900234
75.83538225444153
75.71666274450371
75.24178472507613
73.59290269153394
70.67767926381882
67.85479323648563
0.0
1229.4855867914096
1187.7622759187145
1169.2552240295172
1167.1578460725543
1193.592722787694
1280.6141207064702
1412.3268169415317
1466.1858992938562
1453.9577908745143
1441.9935026700396
1434.4877915427942
1429.11903174347
1428.538624967415
1435.9519988839654
1447.4018360435578
1464.9327498859625
1494.3224226274758
1543.445915593031
1583.1246132969375
1573.6534345233995
1544.896932194441
1485.2205940516264
1394.7431390561537
1301.1262133419364
0.0
212.99598490202584
209.5926924102671
208.43187946786682
208.89356640203093
212.12537521216206
221.06891132036375
237.68964216969238
245.77575966651912
243.33541421080966
240.78954033042584
237.2279551677827
234.29954075642252
232.28130913490165
232.03067905008626
232.2153538779484
233.21787414946434
236.33096338868665
239.97169488677196
244.8787678196775
244.4830361424667
242.9660646905766
237.65006900197133
228.24484595960553
219.09025286656396
0.0
38.755323191995245
37.2251606751654
36.2622135713705
35.853290829219894
36.13030301004204
38.00343299174554
41.72331084559667
42.646684788445036
42.6598758398357
43.83387984717578
45.047457015462406
46.18188785508141
47.1448349588763
48.18692840488792
48.88605437925135
49.202639734569125
49.26859501184607
48.9520096565283
49.202639734569125
48.740952759757654
47.909916217291226
46.287416306854006
43.754733511733605
40.839510077243936
0.0
308.9213458290283
296.65366349676447
289.0028509126152
285.7710421024841
288.0003306410992
302.86665103221134
332.5069543327589
339.8675637321172
340.0258564030015
349.3783152669029
359.03416839408413
368.0700419162169
375.76042766808706
384.09717524972916
389.69018304463657
392.1437195788349
392.6449796807201
390.1914432142673
392.1964837572993
388.46341484528295
381.85469570037077
368.90107850610514
348.69238033715567
325.47612135365813
0.0
313.8679919296549
303.2228094739555
298.4872202904232
297.9595780315602
304.7002077581245
326.9271375485949
360.5379488352309
374.2962204624071
371.1699401446959
368.12280616242685
366.19691195483705
364.83823310608574
364.67994043520133
366.5794525535589
369.4946759541759
373.9796351206384
381.4721550339032
394.01684954021465
404.1475807477945
401.73361738131723
394.38619912819337
379.1505291491026
356.0529896687684
332.1507957555236
0.0
257.21240534114906
253.09679583041077
251.6853528031951
252.23937715129028
256.15712089116874
266.947404871518
287.02419245881543
296.7855740784166
293.8439685208219
290.75726137083177
286.47016811072024
282.9349650373093
280.49461964934545
280.19122531832005
280.4154733139033
281.62905043476803
285.3753104252732
289.7811232562936
295.7170984822017
295.21583838031654
293.38228151891224
286.9714282126055
275.61392880567206
264.5730147405074
0.0
101.20178337336645
99.85629564375138
99.48694606932183
100.00139725647048
102.1515394257707
107.46753508727777
116.0944858604853
119.60330681756581
119.48458731440255
118.64035971377092
117.65103049364558
116.30554276403049
114.64346967232304
114.47198594327351
114.01029897523661
113.90477053023857
114.98643713719672
117.63783943548037
119.77479054661536
119.78798160478055
118.5348312619983
115.1183476985252
109.84192520473921
105.04038074392996
0.0
23.99453127975398
23.1766857886782
22.80733621424867
22.767763046527588
23.28221424722535
24.983860493104746
27.556116455946217
28.611400953348493
28.373961947021993
28.136522933920933
27.99142131442725
27.885892869429213
27.872701811263997
28.017803430757677
28.242051385693525
28.58501884379263
29.152234263602125
30.115181367397025
30.893453683977164
30.7087788967624
30.141563483727452
28.980750534552577
27.21314899784712
25.39278323525535
0.0
293.26356208349455
284.82128607717806
281.4971399208614
282.43370486767856
291.2321393834848
313.089719518231
345.9090674504454
359.8256318162514
357.5963432776362
355.52534740990535
353.82370119789886
351.5548395593081
348.86386401878326
347.9404900827094
346.8324413865191
347.05668938210226
351.97695332575114
364.2050624225484
371.85587507444325
370.60272471811174
365.1284363586222
352.5177865953574
331.68910888910506
310.4778904486394
0.0
54.887984963731135
52.71146069164962
51.35278189032022
50.77237541912005
51.16810710310544
53.819509414938196
59.082740843784386
60.38865540567837
60.41503752200882
62.07711060694168
63.791947917760844
65.40125677680743
66.75993557136226
68.25052492047102
69.23985414059635
69.6751589990774
69.76749639268476
69.33219152742917
69.68835005046805
69.0156061856605
67.84160217832041
65.54635839630109
61.95839110377842
57.82959050100213
0.0
184.84627089639062
179.80728738183296
176.97121038440383
176.62824288565736
180.32173862995262
190.28098608815918
203.82820079824106
208.48464371407678
210.75350535266742
214.59210268935817
218.5758016861899
221.45145198683124
222.96842337097578
225.63301675452277
226.89935818934313
227.5061467836483
226.96531344629642
228.1261263886967
227.1104151064374
225.0394192387066
221.25358608048026
214.16998892291514
203.57757071342564
192.4838924697965
0.0
108.35133585563047
105.23824658253535
104.01147835608354
104.35444581418265
107.5994456486062
115.67237206016947
127.80814379045754
132.95265573646415
132.12161917367402
131.35653790171
130.72336721817265
129.89233065538258
128.88981040419026
128.5600339974818
128.13792019716595
128.2302575839988
130.0506233262669
134.56196460905983
137.38485060929477
136.92316364125787
134.90493204006071
130.2484891987451
122.5449123548368
114.70942495637458
0.0
51.023005490386325
50.205159999310546
49.928147818488405
50.03367627026101
50.81194858684115
52.948899697976124
56.93259867448418
58.871683947013764
58.27808641764838
57.671297830117794
56.82707022948615
56.11475319695752
55.63987516398085
55.573919886703905
55.626684112590176
55.86412311891669
56.6028222745503
57.473431984737815
58.66062704346856
58.55509859847053
58.198940075431665
56.91940762309353
54.66373700202074
52.474021671774
0.0
301.4683990834845
292.8018750815848
289.3853915790827
290.3483386151321
299.3974032157536
321.861771944805
355.60449374534755
369.9167897883645
367.62154599279603
365.4845949358575
363.73018440989534
361.40855852509475
358.63843671687323
357.68868069156724
356.55424983839913
356.77849776623685
361.84386337002655
374.40174895482704
382.27680946681386
380.9972770212503
375.35150498013303
362.3978877858674
340.97561242830756
319.18398755051464
0.0
52.50040378132987
50.71961119323376
49.928147818488405
49.83581042488103
50.97024126450003
54.67692806018595
60.30950907023622
62.60475285225554
62.07711060694168
61.57585047118369
61.24607406447526
61.0218261095394
60.99544399998353
61.3120293417522
61.80009842611953
62.55198862636923
63.8051389691515
65.9025169125654
67.60416316521936
67.19524042306874
65.96847218984236
63.42259834333132
59.557618869986506
55.56072882853868
0.0
10.671564488025346
10.3945523072032
10.249450689064435
10.26264174519728
10.500080757620887
11.21239779353679
12.267682291616525
12.676605034444593
12.689796090577437
12.610649753102901
12.571076584704365
12.465548134964134
12.373210741356754
12.373210741356754
12.386401798167055
12.34682862909106
12.425974966565596
12.782133484862275
12.993190385697641
12.966808269367217
12.86127982233681
12.478739191096983
11.924714829452691
11.186015681271096
0.0
182.77527509640538
176.56228762870407
173.8185479097148
173.50196256794615
177.43289731856794
190.37332350209024
209.94885091975686
217.95582208114143
216.135456298226
214.36785469377497
213.24661498684128
212.44196055393076
212.3628142184886
213.47086291467892
215.15931818368776
217.77114725327934
222.13738691657858
229.44523200198134
235.34163412791398
233.93019116844388
229.6562889190757
220.79189914631613
207.33702178241978
193.42045748435925
0.0
89.8442839664331
86.26950772530107
84.05341027872392
83.10365423309425
83.75001598834591
88.07668243650217
96.70363320970975
98.84058431407016
98.89334853318194
101.6107061222916
104.42040109823412
107.04542128696191
109.27470979170428
111.70186413505208
113.32436405226386
114.0498721429577
114.19497376245138
113.48265672314821
114.0630632011229
112.96820553599956
111.0555023798004
107.28286030006299
101.41284028368622
94.65901949218215
0.0
845.7577611296589
817.0540227081827
804.3246535095006
802.8868283253071
821.0641038619924
880.9251170359059
971.5344822065576
1008.5749681419304
1000.1722652355892
991.9410462141126
986.7701521856485
983.0898474520964
982.6809247641424
987.7858635356533
995.66092404764
1007.7175494628095
1027.9394386425026
1061.7217336785118
1089.0272200157697
1082.5108382847886
1062.7242539500278
1021.6736869285915
959.4250926129238
895.0395471725722
0.0
27.476970120504046
27.041665268797562
26.896563649303882
26.949327875190185
27.37144166873145
28.519063559741117
30.669205729041316
31.711299168278384
31.39471382650971
31.064937413026712
30.6032504449898
30.23390087733483
29.970079747903338
29.94369763157292
29.956888689738133
30.088799257841156
30.497721999991764
30.959408961254113
31.592579665115128
31.53981543922883
31.341949600623412
30.6560146708761
29.44243750258948
28.268433495249393
0.0
167.86938153757222
161.19470706796122
157.03952438950182
155.28511393128525
156.49869111989554
164.57161753823337
180.67789713944236
184.68797822550633
184.76712456094847
189.84568124322726
195.09572160713364
200.0027945400392
204.18435937547633
208.70889157416886
211.7560256241834
213.08832231595696
213.3653344900045
212.033037798231
213.1147044051892
211.083281772925
207.49531445330413
200.46448147420332
189.4763316552486
176.86568189198385
0.0
974.5288520103624
970.7034456844148
968.8303157230351
968.5005393027776
971.0859862831369
978.7631810242639
993.4052534197929
1004.2087285463764
997.7451109261143
994.2758631096566
992.2708225666246
985.0157417274318
982.1796645945116
983.8285466280536
985.2531807337584
988.1552130558863
992.1389120527181
994.2362900096812
1002.3224074387623
1004.16915531091
1004.4857406526786
999.4071840381453
989.0258228134957
981.8762702634863
0.0
214.86911486340574
206.33450151090375
201.01850582229852
198.77602627294004
200.3193798818079
210.66116800648197
231.27878886338567
236.39691864564
236.51563814880322
243.018828869041
249.7198854956298
256.0120192987732
261.367588087354
267.1584617886123
271.049823371513
272.7646606620085
273.10762816075487
271.40598188100273
272.7910427512407
270.1924046923924
265.60191716900124
256.5924257361006
242.53075977789916
226.38490700896898
0.0
291.7465905638589
281.8401073518623
277.4474856670764
276.95941650818895
283.2251682898458
303.8823623144706
335.13197454858494
347.9141079934772
345.01207560360365
342.175998538429
340.3952059909801
339.115673477671
338.98376296376443
340.73817342198106
343.4555309839925
347.61071373019746
354.5887824630883
366.24967620104695
375.65489924341284
373.41241969405434
366.59264363204784
352.42544924917195
330.95040971314774
308.74986201190956
0.0
577.6363522372518
575.3674905309156
574.2594418347253
574.0615759283743
575.604929537242
580.1558439606579
588.8355589733007
595.2332212688642
591.4078148751713
589.3500101536749
588.1628150542969
583.8493397049532
582.1740755144331
583.1634047752058
583.9944413650941
585.7224696663329
588.0836687188546
589.3236279966972
594.1119814264393
595.2200301226297
595.3915139397486
592.3971441359439
586.2369209144526
582.0025918328055
0.0
102.32302315482025
99.5792834629292
98.29975101059111
98.39208840419847
100.62137690216629
107.48072614544297
117.59826626775929
121.4764367992693
121.6347294769282
120.922412437625
120.46072547636265
119.43182308851625
118.54802232016351
118.5875954878846
118.73269710737829
118.35015647478355
119.0492824559215
122.5449123548368
124.54995289786875
124.31251389154224
123.28361150369585
119.65607104345209
114.32688432377982
107.26966924189776
0.0
393.80579262312034
382.4746753054193
378.00290721744557
379.26924872001143
391.0884350611089
420.4253440983766
464.5098540235933
483.2015806729072
480.19401985835924
477.4107069716489
475.12865432231507
472.0947112830437
468.48036194193617
467.2272115856047
465.73662222294695
466.04001648622676
472.6619267773733
489.0716007096077
499.3474335095829
497.6721693868085
490.3115599874502
473.3874348070961
445.4092045508341
416.92971419268684
0.0
133.5330621737915
129.00852991412805
126.99029829938176
126.7660503444459
129.64170060443996
139.08649686872332
153.39879289141655
159.24243077113923
157.92332515785455
156.61741055531323
155.79956511165935
155.21915860658638
155.15320334963312
155.95785778254367
157.21100813887503
159.11052018948706
162.30275583189712
167.63194253124573
171.945417948335
170.9165155875868
167.79023520213008
161.31342663887006
151.48608969457007
141.31578538701476
0.0
501.11503504628837
487.44910083304325
479.7719060919162
478.82214999886475
488.8605437925134
515.8626358664917
552.5733453816066
565.1839951448713
571.3706005233405
581.7651528264789
592.5554368068282
600.3513510511185
604.4537695511135
611.695659379563
615.1385251067884
616.7742160618418
615.2968177776728
618.4494801846162
615.6793583086492
610.0995415244852
599.7973267030234
580.6043398840786
551.9137926088371
521.7986112278909
0.0
559.4458856898231
552.0325120442548
550.0010894119905
552.8239753986765
564.6827349752406
594.0724083264639
641.7976497497658
661.2016934180591
660.5157584883119
655.8856977294539
650.3718362699888
642.9452715459316
633.7247232636823
632.8409224953297
630.2290933579926
629.6750690098974
635.6374264605289
650.3454541807566
662.164640521854
662.1910226788319
655.3052912921266
636.4025077257184
607.1843181916139
580.6702951410318
0.0
1861.8384401955973
1854.5305949069575
1850.9558190722994
1850.3094572425275
1855.2561032076628
1869.9245580988975
1897.9027878131951
1918.53360001957
1906.2131530346223
1899.5648609929722
1895.739455005752
1881.8624634689397
1876.4673215126372
1879.6199835131072
1882.3241508773222
1887.877585098035
1895.4888248531913
1899.4989059392549
1914.932441350478
1918.4808357056147
1919.0612418042138
1909.379006452309
1889.5396582778117
1875.886914736582
0.0
326.57097897135964
317.17894700748263
313.48545126318743
314.5275447024245
324.3284994897467
348.652807101689
385.2052239459196
400.71790603131234
398.2247964648841
395.91636159082674
394.01684954021465
391.49735774906304
388.5029880130041
387.4740855845103
386.2341263066678
386.4847564592288
391.9722357617161
405.57221478575343
414.0936371275122
412.70857618952874
406.6011171465016
392.5658333452779
369.37595651875824
345.75077477956097
0.0
599.5598876289513
579.2060879353519
570.1834054239624
569.1676940739575
582.0553560790155
624.4909839029443
688.7182366724116
714.9816296381781
709.0192722552922
703.1888253863128
699.5217117312498
696.9098826616583
696.6196794091219
700.2472198287181
705.8270366128822
714.374841043873
728.7003280976332
752.655286257088
772.006565746917
767.3896959988024
753.3676032760675
724.2681332451263
680.1440501521886
634.4898045288718
0.0
416.5076003584984
405.1501010193105
398.76562973449035
397.98735745855765
406.3241049724541
428.76209161227325
459.2730046704302
469.7598943874998
474.89121524824293
483.5445481039082
492.5012753583443
498.9780839216043
502.39456749185194
508.42288013169116
511.27214834310035
512.630827124106
511.4040589247524
514.029079072833
511.73383527726446
507.0773924291744
498.52958806592903
482.5684099893699
458.7321714008239
433.6955466344111
0.0
552.111658379697
536.2296267063256
529.9770660031576
531.7446676076086
548.3126342107274
589.4555385783492
651.2424459598527
677.4530746794093
673.2451277547399
669.3405750933504
666.135148440197
661.8876283478066
656.8090716655278
655.0678522858001
652.9836654073259
653.405779173769
662.6790917022282
685.6842937686314
700.0889271578338
697.7409191838011
687.4255131483591
663.694803052233
624.4646018137121
584.5352746347005
0.0
555.1060281835015
536.2691998740466
527.9192612816612
526.9695052563552
538.9074111683615
578.1903765853469
637.6556580143042
661.9799657617376
656.4529132237836
651.0577711997362
647.6676697187206
645.2405154092456
644.976694313687
648.3272225592357
653.4981165877
661.4127503351535
674.6829528711878
696.8571184154482
714.7705727210838
710.4966705394611
697.5166712559634
670.5673433604496
629.7146422453641
587.4504980353173
0.0
78.79017884987773
75.66389852539199
73.71162220147176
72.88058565223076
73.4478010788148
77.24682526810813
84.80530048574818
86.67843047422625
86.71800364194732
89.10558481757403
91.57231233541746
93.88074717560202
95.83302349274767
97.956783552492
99.39460867571447
100.01458831463569
100.14649888273873
99.51332817887771
100.02777937280091
99.07802332717124
97.38956812590794
94.09180407237263
88.93410108852449
83.01131683948685
0.0
14.65526346724323
14.417824460916728
14.338678118700003
14.378251293195643
14.602499241356934
15.20928782888752
16.356909719897182
16.91093408154147
16.73945035249192
16.567966623442373
16.330527603566754
16.11947070679612
15.987560145467656
15.961178035911784
15.974369094076998
16.053515429519166
16.264572326289798
16.515202397556074
16.844978804264517
16.81859668793409
16.713068242936046
16.356909719897182
15.710547964645512
15.077377267559054
0.0
895.474852017504
871.0713980023739
857.3526994751733
855.6642443416556
873.6040808042688
921.8437734756902
987.4297049584177
1009.9864111014002
1021.0273252343106
1039.6135233912046
1058.8856565455915
1072.8154119221408
1080.162830310756
1093.1032564265324
1099.2502886372806
1102.1523210271541
1099.5273008113281
1105.173072920191
1100.2264268195645
1090.227606193637
1071.839273739857
1037.5293365804762
986.2688920160176
932.4625737066665
0.0
1258.8356869071663
1224.525749612294
1205.240425447164
1202.8660352484078
1228.0873348426826
1295.9025547285344
1388.1080377542637
1419.8061457085619
1435.3320192111712
1461.4635020017593
1488.5579311509407
1508.1334584331166
1518.4620556147925
1536.6525220267306
1545.292663871652
1549.3818914286492
1545.688395548863
1553.6294112500575
1546.664534002129
1532.6160587836882
1506.7615883026394
1458.535086641961
1386.4591558562129
1310.821639298111
0.0
845.5203221233326
822.4755468214626
809.5219296271969
807.9258117721192
824.8631280309622
870.411845161859
932.3438541357577
953.6342189116656
964.0551533040363
981.6124491679275
999.8029157153562
1012.9543987482273
1019.8928943811425
1032.1210034779397
1037.911877179198
1040.6688079089306
1038.1756982747568
1043.518076052594
1038.8352510475263
1029.403645915928
1012.0310248798991
979.6469818603621
931.2358054395675
880.4370478770187
0.0
340.4083970017235
334.9736818777005
333.113742927064
333.8392510245325
339.02333606374
353.29605893903585
379.86284616808217
392.8032723516045
388.8987196902149
384.82268334719765
379.13733813835927
374.4677042117803
371.2358954016491
370.84016372443836
371.13036697697476
372.726484764307
377.69951295416575
383.52995982314525
391.3786383136454
390.7190854731303
388.2919310959098
379.8100819896178
364.7722778491325
350.1565875428357
0.0
163.92525570846158
157.42206505596937
153.35921972369545
151.64438236545442
152.8183863863436
160.7198290553082
176.4435681255408
180.34812071918483
180.44045813311587
185.40029531223138
190.5184250944857
195.31996960271687
199.39600594573406
203.81500978749773
206.78299743432456
208.0889119691204
208.3527331324246
207.06000960837218
208.11529412609812
206.13663567229835
202.62781468811963
195.7552743799032
185.03094572425275
172.71049921352446
0.0
234.8008008583077
225.47472408363848
219.67065937163687
217.21712290518414
218.90557810644745
230.21031326717082
252.74063732092102
258.3336451835739
258.45236461899157
265.5623439335345
272.8965712436606
279.7691114841315
285.61274943159975
291.9444564702099
296.19197649485477
298.06510652398015
298.44764719044764
296.58770823981115
298.10467969170116
295.26860262652644
290.24281019045765
280.4022822354144
265.03470167467157
247.39825954308353
0.0
317.54829659546135
304.937646764451
297.07577733095303
293.75163110689084
296.04687497020484
311.32211804927107
341.80664895045027
349.36512418841403
349.53660793778727
359.13969688650405
369.0593711769895
378.359065794681
386.2605084636456
394.82150390537964
400.5728044389169
403.10548724081184
403.6199384889315
401.1004466977799
403.1582514870218
399.30646307184224
392.5262601775569
379.2164844738015
358.4273798675246
334.5779502004897
0.0
47.35589185564694
46.60400164862266
46.34018052596574
46.44570897773834
47.17121707520673
49.14987550190827
52.84337125297808
54.650545950630075
54.10971264715101
53.54249722734149
52.7510338593707
52.09148104595381
51.64298513608213
51.59022091019583
51.629794077916905
51.85404203285277
52.55316800721616
53.35782244012673
54.4526801052501
54.36034271164271
54.01737525354363
52.84337125297808
50.745993309564184
48.71457065020179
0.0
18.67853562502149
18.42790554698066
18.3619502697037
18.45428766331109
18.85001935407104
19.83934856742181
21.422275316912508
22.06863707216418
22.055446013998964
21.89715333634007
21.712478549125308
21.461848484633595
21.15845419425558
21.132072077925148
21.039734684317768
21.026543632927112
21.224409471532528
21.712478549125308
22.10821023988526
22.10821023988526
21.88396227817486
21.2507915810884
20.274653419128285
19.390852650775557
0.0
459.4972526660134
446.2666232299547
441.06934704451265
442.5335543179383
456.33139911283564
490.56219007226554
541.9941183183516
563.8121252853767
560.3033043689436
557.0451134695802
554.393711164522
550.8453170126222
546.624179009464
545.1731628822728
543.4319434347995
543.7881019442893
551.5048697853917
570.6450923581266
582.6489535948317
580.6966772302642
572.0961086208089
552.3490973860233
519.7144242816712
486.4729626507594
0.0
59.01678555973288
58.08022056549384
57.750444165559955
57.88235472688843
58.77934655340636
61.25926512264046
65.86294374484433
68.10542330097736
67.4326794361698
66.72036239686663
65.73103318351586
64.9263787506053
64.35916333757035
64.29320805351882
64.34597227940513
64.62298446022727
65.48040311224958
66.49611444193077
67.85479323648563
67.74926478471303
67.32715099117176
65.8497526866791
63.237923556116556
60.70524076099616
0.0
149.44147605156257
145.14119164521662
143.4527364439533
143.92761445660634
148.41257362306882
159.54582510216457
176.27208437616758
183.36887261222165
182.2212507483102
181.16596623058427
180.30854755146373
179.1477346090634
177.77586474956883
177.31417781540466
176.7469623888206
176.85249081349497
179.3719826046466
185.59816108309124
189.4895226659919
188.85635198245456
186.05984808500094
179.63580370020534
169.03019447997252
158.21352841039104
0.0
137.23974898302652
132.58330614171095
130.5123102943038
130.2748712879773
133.22966787663893
142.9382853313248
157.6463129160614
163.64824353441398
162.28956475340826
160.95726806163472
160.11304046100307
159.51944301293238
159.45348768823354
160.28452427812184
161.56405665593988
163.51633295276181
166.80090600910296
172.27519430084698
176.7073892210995
175.65210477111916
172.43348697173133
165.78519465909807
155.68084560849607
145.23352905914766
0.0
72.9201588267264
70.01812645717649
68.21095175274993
67.45906155250023
67.97351273964888
71.48233369672938
78.48678455272517
80.22800397987474
80.25438608943062
82.47048353600778
84.73934520847124
86.87629631960623
88.69666207542343
90.6621294507343
91.98123507079352
92.56164154876821
92.68036105870604
92.0999545807313
92.57483260693347
91.69103183858071
90.13448720542044
87.07416215821164
82.29899980695822
76.82471146779228
0.0
585.8148070802639
570.1570233347302
562.7964139353718
563.3240561942348
576.0798075498951
615.3891551238582
673.284700922461
695.5116306451858
696.4218135027708
692.3193950705213
689.6548016869743
683.7715905717849
678.7457982034617
678.9700461312993
679.8142737319309
677.5849851933159
681.5950663471253
701.6454718451905
713.0821175198205
711.7234387388149
705.879800859092
685.0906962528153
654.5665921161693
614.1755779352479
0.0
633.6060038282648
615.3627729668805
608.2000294738731
610.2182610953939
629.2397641649654
676.4505544078934
747.3524816469718
777.44128087094
772.6133543412221
768.1283951747596
764.4480905089532
759.5673996652798
753.7501438747897
751.7451033317575
749.3443311115147
749.8455912811454
760.4775825906105
786.8728861380292
803.4144705841699
800.7234951791363
788.8779266810609
761.651586543754
716.6305116717203
670.8047823667761
0.0
1085.821793430362
1048.965982255106
1032.622263579825
1030.7755157076772
1054.123685272827
1130.974778884048
1247.2935126723708
1294.860461628025
1284.0569863659503
1273.490950381184
1266.8690400900375
1262.1202598957618
1261.605808647642
1268.1617636140898
1278.266112664692
1293.7524126608525
1319.7124114310848
1363.097795212574
1398.133240537169
1389.7701108662948
1364.3641369861223
1311.6658673729614
1231.7544484300004
1149.0860990282888
0.0
1155.81353774411
1124.3001043466913
1106.59770695815
1104.421182665745
1127.5714863922892
1189.8332717187
1274.5066616634433
1303.606131491148
1317.8524726159396
1341.8601949538586
1366.7253359031529
1384.704745127014
1394.1759237650606
1410.8889918928292
1418.816816651026
1422.5762677877656
1419.1729750927705
1426.4676293706664
1420.0831584245743
1407.1823054765184
1383.4384040309214
1339.1692192778428
1272.9896902115534
1203.5387791674116
0.0
92.64078789098495
88.96048320485491
86.66523941606103
85.70229231226612
86.36184511890845
90.8204221283932
99.71119402425768
101.91410041266964
101.96686463855593
104.77655962127301
107.66540092588315
110.38275851499286
112.67800229701218
115.1843029825767
116.85956711890023
117.59826626775929
117.74336788725294
117.0046687383939
117.61145732592449
116.49021754447067
114.51155911099463
110.62019752809391
104.56550271095325
97.60062502945313
0.0
1298.0263151134573
1262.6347110761358
1242.755789327444
1240.302252860991
1266.3018246634535
1336.2408050697193
1431.3219381251076
1463.9961850068912
1479.9969357769521
1506.9594548187006
1534.8849202190424
1555.0672364342508
1565.725609561966
1584.4832920101976
1593.3872554248971
1597.6083930893276
1593.796177841869
1601.987823018169
1594.798697774657
1580.3149179822674
1553.668984824252
1503.9387022482078
1429.6202913711363
1351.6215761669864
0.0
2.0841868838937794
2.0182316032295464
1.9918494909638533
2.0050405470966997
2.057804771628086
2.216097446577156
2.4535364583233052
2.5458738526081426
2.532682795120384
2.5194917389875378
2.5063006828546914
2.4931096267218447
2.4667275144561516
2.4667275144561516
2.4535364583233052
2.4535364583233052
2.4931096267218447
2.585447021006682
2.6382112455380677
2.625020189405222
2.585447021006682
2.4931096267218447
2.348008008583077
2.2029063897668535
0.0
110.67296175398022
106.92670178379866
105.25143764070057
105.0667628534858
107.44115297772187
115.27664037618409
127.13539991887545
131.9897085920219
130.881659889057
129.81318431994038
129.12724938341853
128.6523713910892
128.59960716520288
129.25915996507064
130.28806233259337
131.87098912273143
134.52239140746596
138.9413952424551
142.516171470038
141.65875281801567
139.07330582410717
133.70454588929195
125.55247317615927
117.12338824833172
0.0
1736.1012920831827
1688.7849731445986
1662.1786128833226
1658.90723151518
1693.6788554732343
1787.2166348520093
1914.3784167314002
1958.093577678348
1979.5026618219276
2015.5538186997646
2052.9108899769058
2079.8997904981766
2094.1461315552224
2119.2487109011327
2131.147044051892
2136.8060075779713
2131.701068670969
2142.6496455254396
2133.0465559670124
2113.6820859406594
2078.026660740033
2011.5041640395066
1912.1095559735024
1807.7946834218844
0.0
351.84504281184456
342.25514487387113
336.87319392831256
336.2004500770541
343.2576651453871
362.2132129580053
387.9753457541411
396.8397355269006
401.1795930332221
408.487438254116
416.0591044350774
421.5202017838237
424.40904309520846
429.5007907882305
431.9147540869622
433.0623759508737
432.0202825116366
434.236379971763
432.29729468568416
428.36635993506235
421.15085219584506
407.6695927427165
387.51365881997697
366.3815867149536
0.0
420.82107577558753
406.54835296803736
400.2034549186838
399.4911378997043
408.5402024325804
438.32560739326897
483.4126375900015
501.84054307601116
497.65897830831955
493.5565598083246
490.99749484945187
489.15074704504985
488.9528812064445
491.49875501908275
495.41649869121557
501.4184293095682
511.47001418170584
528.2886108696398
541.8753987474429
538.6303989265683
528.7766799607818
508.3569248747378
477.3843248824168
445.34324929388083
0.0
109.6308683079686
106.63649854481129
104.96123440171323
104.75017750494258
106.9530839001291
112.84948602606174
120.88283926990391
123.63977001996014
124.998448814515
127.28050154514366
129.62850955982387
131.3433468570939
132.2403387107101
133.82326542632796
134.5751556536759
134.9313141292929
134.6015377429081
135.3006637240461
134.6938751229664
133.46710688296545
131.22462732005786
127.01668041571217
120.73773765041022
114.15540059473027
0.0
83.89511760783958
81.48115431588245
80.53139827025277
80.8084104510749
83.32790219480464
89.56727178561094
98.9593038172334
102.94300280051603
102.30983209665504
101.71623457406423
101.22816549647142
100.5818037344452
99.81672247603028
99.53971029520812
99.22312494666491
99.2890802239419
100.700523244383
104.1961531432983
106.38586847354502
106.02970995728073
104.45997426595522
100.85881591526736
94.89645850528319
88.82857264352644
0.0
123.67934318768123
121.70068476097967
121.0147498312324
121.29176201205453
123.16489200053259
128.36216814532727
138.00483025499057
142.7140373357416
141.289403230037
139.81200493909344
137.74100915943185
136.0525539446195
134.86535883846682
134.73344832456024
134.83897674923463
135.41938326108215
137.22655793841042
139.33712691966588
142.1863950836532
141.94895607732667
141.0651552683266
137.99163921037444
132.530541895501
127.2145462543176
0.0
121.14666039256088
117.84889633902552
115.98895741548723
115.76470945377686
118.1918638038992
124.70824557552766
133.5858264200015
136.63296038872144
138.13674083664273
140.643041495109
143.25487067309348
145.14119164521662
146.13052090598924
147.88493136420584
148.7159678863486
149.11169956355945
148.75554112181524
149.52062238700472
148.84787846800077
147.5023907654839
145.0092810635645
140.36602928718864
133.42753374911715
126.14607070552465
0.0
692.0423828964739
673.1791724977867
662.5867543560427
661.2808397535015
675.1314487946087
712.4225647470511
763.1157938171797
780.5411790994191
789.0757924519212
803.4408527411478
818.333555221492
829.0974571126092
834.7696112429586
844.781622947375
849.5172121309075
851.7728826910092
849.7414600587451
854.1076996542987
850.2822933960969
842.55233440876
828.345566858163
801.8315438753265
762.2056108918492
720.6274017470408
0.0
387.170691388976
376.0374399098803
371.6448181573488
372.8847774351913
384.5060979376835
413.35493795155486
456.68755769007083
475.0626989976161
472.10790242927806
469.37735372103225
467.1348741716738
464.14050443561473
460.5921102837148
459.3653420843613
457.90113481093556
458.20452914196096
464.70771986219876
480.84038162038553
490.94473067098744
489.2958486374453
482.0539588089959
465.42003688117825
437.9034935590803
409.9120722920749
0.0
465.40684580268936
452.96767985654344
447.1240419090752
447.54615574326374
457.6768868153524
488.9001169602344
534.897330014552
552.5601543031178
553.285662400586
550.0274715012227
547.9037114550276
543.2340775961941
539.2371875208735
539.42186228099
540.0814151215051
538.3138135847997
541.5060491594642
557.440845146791
566.516291836645
565.4346251619413
560.8045644708288
544.2761710354312
520.0310096234399
487.93716985643954
0.0
290.55939553222635
282.1962658613521
278.91169287275653
279.83506680883033
288.5543549891944
310.21406928533514
342.7300228865241
356.52786774916694
354.3117702212951
352.25396549979877
350.56551029853546
348.32303074917706
345.65843743337547
344.74825450804497
343.6402058118546
343.86445373969224
348.7451445833656
360.85453417699955
368.4393915041955
367.1994322263531
361.7647170345844
349.2859778529719
328.6419748390904
307.62862230497586
0.0
766.0573993747746
745.1759573545664
733.4359172811655
731.9849010862288
747.3392906362284
788.600914439268
844.7156676226763
864.0141828662953
873.4589791441279
889.367392974477
905.8430222314101
917.7545459864386
924.0466797895822
935.1139760117247
940.3640163756311
942.857126009805
940.6146464604465
945.4425729901644
941.2082439762628
932.6604394775263
916.923509464296
887.573409280794
843.7131473511604
797.6895522076105
0.0
579.4962911878883
562.8227960246041
556.2536501151585
558.1135889980495
575.4994011125677
618.6737281124538
683.5341515654585
711.0506948875563
706.6316910457926
702.5292725457977
699.1787443002489
694.7069762122753
689.3777895129267
687.5574237300112
685.3545174161195
685.8030132717946
695.5380127344181
719.6776457217348
734.8077871406603
732.3410596634641
721.5112024476481
696.6064883306329
655.4372018737786
613.5292162409672
0.0
406.3768691509185
394.6895933914732
390.08591472184736
391.39182932438865
403.5803652534649
433.86703038378425
479.34979225772764
498.6351164906035
495.5352182621245
492.6595680292286
490.3115599874502
487.1720885912502
483.4390196792337
482.15948723367023
480.6161336248024
480.93271903431656
487.765686174812
504.68981128742047
515.2954205076533
513.5673921386688
505.96934373298393
488.5043852830236
459.64235425840883
430.23948989644225
0.0
141.1047284699205
135.51172064114039
132.0160907489997
130.53869245128158
131.55440377418822
138.34779768599145
151.89501245026977
155.2455406958186
155.32468709900633
159.59858934837456
164.0044021116493
168.1332027008765
171.64202361730963
175.45423886476817
178.00011274515202
179.1345435983201
179.35879152615775
178.23755175147846
179.1477346090634
177.44608839705683
174.42533650401995
168.51574329959845
159.28200400660586
148.6763947863731
0.0
1320.6225940176873
1282.6323523279912
1267.6736945906937
1271.8948325261063
1311.5339562493446
1409.9260451955076
1557.7318295468158
1620.4289202601235
1610.3641439707685
1601.0116852423582
1593.3608725904637
1583.1773769334372
1571.0547964645511
1566.8864224366205
1561.8870128349854
1562.90272418499
1585.0768895260137
1640.1099761702098
1674.578205661747
1668.9588157098626
1644.2651587809232
1587.5172346429956
1493.689252214921
1398.1728141113636
0.0
424.0528845857187
412.49751927243426
405.9943285521966
405.2028651977749
413.6979054503014
436.54481484582016
467.5965611058379
478.28131666151273
483.5049750039326
492.3166005304821
501.4448113988003
508.0271484544803
511.5095873494268
517.6434284816861
520.5454608715595
521.9305218095432
520.677371385466
523.355155847502
521.0071478734693
516.2847497006803
507.5786525310596
491.32727133745504
467.0425367577427
441.57060728188895
0.0
992.8512290716976
965.783181740766
950.5738938509076
948.7007638895277
968.5928767167086
1022.0694186058022
1094.8049027062848
1119.801954237231
1132.0432544125172
1152.6608752694208
1174.017195302282
1189.4639221307211
1197.6028038060126
1211.9546730844959
1218.7744491465023
1221.9930668103991
1219.0778433420367
1225.3435950559478
1219.8561157534607
1208.775628520575
1188.3822555237632
1150.3524404631091
1093.4989881037434
1033.8490318469242
0.0
84.06660133688914
81.63944699354136
80.6896909411371
80.95351207056859
83.48619486568897
89.73875551466048
99.15716966261341
103.14086864589605
102.50769794880956
101.91410041266964
101.42603133507687
100.76647852165998
100.00139725647048
99.73757613381356
99.4209907920449
99.48694606932183
100.89838908298843
104.39401898190373
106.583734318925
106.2275758026607
104.65784011133522
101.0434907024821
95.08113328572341
89.00005637257601
0.0
672.5196196572715
649.685901272496
639.5683612111507
638.4207392794937
652.8781369826514
700.4846588350447
772.5210169272912
801.989836546211
795.3019710658566
788.7460160994088
784.643597599414
781.7151831203081
781.3985977785394
785.448251964579
791.7140037462358
801.3039016164637
817.3706080499516
844.2407896100233
865.9532681523741
860.769183045421
845.0322529644449
812.3975798600927
762.9047369000855
711.6970566495825
0.0
788.3898575221735
765.7144319437734
756.7840867785695
759.3035785697213
782.968333408894
841.7081068081284
929.9430819155148
967.3792995280983
961.3641778990024
955.7843611148384
951.2202556806793
945.1391787268844
937.8972888306896
935.4041792642612
932.4230004711999
933.029789065505
946.2736095800525
979.1193396014991
999.6973872229363
996.3468589773873
981.599258157184
947.7246257749895
891.7154010162553
834.6904649075166
0.0
124.29932283337702
120.9751766635113
119.40544097896036
119.52416048212362
122.22832700629355
130.56507454051376
142.8591389958826
147.56834602243717
147.7662118610426
146.89560217117875
146.3283866768491
145.0752363882633
144.01995193828293
144.05952503825844
144.24419986612054
143.76932178572198
144.6135493863536
148.87426055723296
151.30141493445353
151.01121168191708
149.77125240407457
145.3522485623109
138.88863099624507
130.31444448957114
0.0
84.10617450461022
81.82412178075609
80.53139827025277
80.37310559259387
82.06156079385715
86.58609308061885
92.74631633598301
94.87007638895278
95.89897877679918
97.65338924856488
99.46056395976598
100.76647852165998
101.46560450279794
102.67918167785912
103.24639709089404
103.52340927849076
103.2727792072245
103.81361251070355
103.33873448450143
102.40216949703697
100.67414112805261
97.45552340995944
92.64078789098495
87.58861335213484
0.0
768.8143301045069
738.2770349571176
719.2555318875463
711.2089875584408
716.7492311748834
753.7501438747897
827.5277213467635
845.8369074651011
846.2458301530553
869.5148533150173
893.5225757206821
916.0397086959433
935.1667402579349
955.916271628745
969.8196449160622
975.9402950375782
977.1934453261637
971.0859862831369
976.0590144729956
966.7725108660476
950.3364548445809
918.1107044959286
867.8000160245217
810.0231897968278
0.0
228.54824015513972
219.4727934652859
213.81383034567978
211.4262492716714
213.07513123746807
224.07647213491168
246.0000075943567
251.44791379686853
251.56663336777737
258.4919378544582
265.62829925823337
272.3161647385877
278.00151001517156
284.1749243151518
288.303724904379
290.1240906872944
290.4934402752731
288.68626557084656
290.1636638550155
287.39354204679404
282.5128512031207
272.9361444113817
257.9774866063386
240.80273147666028
0.0
1544.7650214095524
1500.311162099594
1482.819821153928
1487.7664677965188
1534.1198396990544
1649.2118047460588
1822.1069788551908
1895.4360605392355
1883.6564467561489
1872.734252736112
1863.7775256849127
1851.879192534154
1837.6856164685196
1832.8049255571002
1826.9612876096323
1828.1484826412648
1854.0952896555525
1918.4544535486366
1958.7663209876425
1952.2103661566857
1923.321953042839
1856.9445585444178
1747.1949704623034
1635.466723994135
0.0
200.92616847611302
195.14848578559807
192.8796241470074
193.51279483054475
199.55429861661844
214.51295635391597
237.00370723994513
246.54084093170857
245.0106784013297
243.59923537411393
242.4252313532247
240.88187781210246
239.03512993995483
238.40195925641746
237.636877991228
237.79517066211233
241.17208099689336
249.53521066776764
254.78525103167408
253.9278323525535
250.16838135130496
241.54143058487196
227.26870777732174
212.73216373872165
0.0
991.7959445539717
964.7674703907611
949.5713735793917
947.6982436180118
967.5639743559605
1020.9877519988439
1093.6440897638843
1118.614759137853
1130.8428683023956
1151.4341070700673
1172.7772360244392
1188.1975807636468
1196.3364624389378
1210.6751405711868
1217.48172562245
1220.7003432863467
1217.78511988573
1224.0508715996414
1218.563392229408
1207.4960960072656
1187.1291051674318
1149.1256722637556
1092.338175161343
1032.7541741614773
0.0
965.7567995837882
937.9764351661315
927.0410495933868
930.1277567433771
959.1085072711551
1031.0657189602136
1139.1532337270603
1185.0053451889821
1177.6447357896236
1170.811768716874
1165.205569775732
1157.7658140409317
1148.9014242681721
1145.8410992074143
1142.1871766308402
1142.9390668852861
1159.1508749111697
1199.3967875674412
1224.591704936993
1220.489286436998
1202.4307304712213
1160.9316675263642
1092.311793072111
1022.4783413615017
0.0
441.3067861185848
423.7758723439256
412.866868860413
408.2368081015551
411.4158526654761
432.653453195174
475.0099347514062
485.5232065577079
485.7474545532911
499.1099945032563
512.8946482196648
525.8086923139549
536.7968420651641
548.6951748771949
556.6889548923449
560.1977758765238
560.9100929632488
557.4144630575589
560.263731133477
554.9345445018739
545.5029392347848
527.0090784240763
498.1206652424838
464.9583498792686
0.0
36.81623793301479
36.222640403649415
36.02477455826944
36.1039208937116
36.6579452553559
38.20129883712552
41.076949090344996
42.47520105939549
42.05308725230511
41.61778240059862
40.99780275490283
40.49654261914483
40.14038409610596
40.10081092838489
40.14038409610596
40.31186783193008
40.839510077243936
41.47268078110495
42.33009943312725
42.250953097685084
41.987131975028156
41.076949090344996
39.44125812174256
37.87152242364252
0.0
123.60019685223907
121.96450588363663
121.51600996699037
122.13598961268619
124.76100980141393
131.25100947703567
141.79066339966778
146.0777566597793
145.93265499963826
144.9037526388901
143.6901754502798
142.04129345738494
140.00987081157163
139.81200493909344
139.23159849499152
139.1128789579555
140.4319845780147
143.67698443953648
146.2888135768736
146.30200458761692
144.77184205723796
140.6034683612607
134.1398507748712
128.2962128680503
0.0
9.985629564375138
9.853719001691761
9.814145833293221
9.866910057824606
10.07796695798252
10.605609207361113
11.449836805282937
11.80599532357962
11.79280426744677
11.71365793064969
11.608129480909467
11.476218917548632
11.317926243277018
11.291544131011324
11.251970961935328
11.238779905802483
11.344308355542712
11.608129480909467
11.81918638038992
11.81918638038992
11.700466873839389
11.357499411675557
10.843048219107262
10.368170194937509
0.0
14.351869176865215
14.167194386263175
14.114430167151435
14.18038544442839
14.48377973819368
15.248860996608602
16.462438178444334
16.963698307427766
16.95050725603711
16.831787746099305
16.686686126605622
16.50201134616542
16.264572326289798
16.238190216733933
16.172234932682418
16.159043874517206
16.304145494010886
16.686686126605622
16.990080423758197
16.990080423758197
16.81859668793409
16.330527603566754
15.578637403317042
14.905893538509504
0.0
4.023272149648791
3.9177436999085624
3.8649794746997204
3.8649794746997204
3.957316868307102
4.234329049129246
4.630060735824466
4.775162353963234
4.78835341009608
4.761971297830386
4.735589185564693
4.696016017166154
4.669633904223006
4.669633904223006
4.669633904223006
4.656442848090158
4.682824960355853
4.827926579849531
4.893881860513764
4.893881860513764
4.854308692115223
4.709207073299001
4.498150173818544
4.221137992318945
