0.0
131.63540652286989
125.09932530553061
119.79431179855345
115.8599716532842
112.4332883140687
111.40528329685367
111.41797475075191
113.3851447949253
121.93916174192239
133.03146267852935
144.47912338100022
155.34297879798143
165.29305190063795
173.65669757585908
178.84748829049627
182.64222282507862
184.4063302005003
183.365633729387
179.01247676018892
171.05495650378907
166.66372522981874
158.972724830344
147.94388100059263
136.91503714644594
0.0
131.40696094632168
125.61967354108725
121.50765349662244
118.14442723986716
116.25340569952508
116.02496012297688
116.31686278198526
117.6621532846874
125.30238805560018
135.2016955052994
145.30406570506818
154.93685332223765
163.70662447320257
171.54992188847172
177.23567801218684
181.29693234677188
183.9494390717992
183.88598196494365
180.05317320690685
173.41556062673047
166.7906394435298
159.65806151119799
149.65722269866163
139.92290369425973
0.0
207.55547998407366
204.10341379398412
201.53974700229102
199.5345026208182
198.27805205145035
197.21197283517617
196.55201895640556
195.82860805209717
198.65879464379296
204.38262502348968
209.89070122361392
214.44692094288152
219.2823518916547
223.76242307456397
227.16372358730075
229.32126498456793
230.29850434882565
229.47356200036234
227.0241180254046
223.7243488755048
220.3484311648513
217.56901025050817
213.13970472055627
210.69026066428071
0.0
330.71301801498703
315.01373170615517
303.286859798574
294.70745994378046
289.66896632625554
288.4505900128692
288.93286396804893
291.3696165704263
311.6378140198969
341.67840476227815
371.42709284565103
397.5714177231399
417.1796613507623
430.65794923678936
438.95813780515493
444.5550539386134
445.91303587081836
441.7248673469177
430.74678917012346
416.5704732062669
405.70661784620813
391.568376138333
370.80521330417974
348.7729084711557
0.0
46.171385356688276
43.72194132806073
41.86899403231571
40.42217217572146
39.44493284399085
39.089573088698195
39.14033876686403
38.975350313434944
41.70400557644708
46.23484245378569
50.77837075574812
54.81424226222812
58.190159938728165
60.76651816968233
62.441785584934884
63.33018497357313
63.4824820137629
62.63215688435893
60.81728384784818
58.55821111864466
57.16215493452398
55.334590476642106
52.30134113650316
49.00157197847163
0.0
880.9368335550994
827.7344015183241
787.7437377058135
758.9215232768186
742.206923323352
739.427502409009
743.488756743594
755.139480171739
809.611053808928
887.1302464930001
970.157515222693
1052.2963838790508
1125.8304709925865
1188.1580334745474
1238.7079587456365
1273.406300366828
1292.5195786097677
1290.6920141925448
1258.7857846224551
1205.6721926897815
1157.9651457082398
1105.422667493313
1031.0128729719768
950.7396424765208
0.0
61.908745949149775
58.16477709842548
55.35997331694481
53.32934614070735
52.16173552093722
51.9586728025816
52.25057545833733
53.06282632850703
56.895635116631425
62.34025422860322
68.17830735022285
73.95290337718461
79.11831123850823
83.4968511155028
87.05044865867127
89.48720126836726
90.83249176862982
90.70557757199548
88.45919625847083
84.72791880390912
81.37738399617298
77.68418080653778
72.45531583673225
66.80763400640488
0.0
257.9657995712897
241.03544551956864
228.1663457780371
218.97775783567053
213.4696815786238
212.01016834050418
213.33007601672762
216.22371974780611
229.8035389397477
250.93475296926786
274.3250397019698
297.2330525364145
318.415032218892
336.8937395233848
352.3138146271065
363.7614753295774
371.2621044328808
373.3688801202682
367.31507285810864
355.2074583012625
342.5541127393035
327.34979178262705
304.4290875512066
279.8458073559923
0.0
280.69613250653885
266.7609534918109
255.42751560607527
247.05117850135127
239.75361212372204
237.557996446078
237.5833792725566
241.78423925035563
260.03450097830023
283.65323328755045
308.07152506999455
331.2460576800466
352.46611164290096
370.29755652252135
381.37716602962536
389.4742919048439
393.2309521265222
390.9972622498191
381.732525771094
364.7514060664156
355.385138200458
338.987823756874
315.4833142074366
291.9407304589402
0.0
1563.760603577232
1469.3110572480277
1398.3406372839836
1347.1688326259273
1317.4962928268276
1312.5593307429074
1319.7807483483562
1340.467762987686
1437.1509988439266
1574.7640645561091
1722.1368316600558
1867.9485538052481
1998.4798073193738
2109.1362967390683
2198.8392520609655
2260.456095173834
2294.380260319077
2291.1185654820815
2234.489450447626
2140.2048924010833
2055.5150477075968
1962.271186408648
1830.1788887489454
1687.679626622063
0.0
65.91923461776663
61.93412878945247
58.93895371180047
56.78141234136818
55.53765319743727
55.321899057710546
55.626493134837375
56.50220110454405
60.57614686781877
66.3761257350832
72.5949214522982
78.73756865104465
84.24564484872937
88.9033959430318
92.68543904323222
95.2871801396976
96.70861912183567
96.56901353554416
94.1830265861241
90.21061217511514
86.64432318780658
82.70998305473499
77.1511411731922
71.13540816864058
0.0
503.13864790487935
494.8003850805322
488.5815893486799
483.7207755734281
480.67483482655535
478.0857851839882
476.48666624573207
474.70986749772993
481.60130845653777
495.47303033188336
508.81171257469623
519.8532478583459
531.5928112198252
542.4439751259856
550.6807066118911
555.9222630120126
558.2828671024268
556.2903141748525
550.3507296725057
542.3424437631485
534.1564780115183
527.4173340685047
516.7057757242405
510.7408083954153
0.0
1157.546328916838
1087.6419885756575
1035.099510035459
997.2156221217621
975.2594659145462
971.6043370801003
976.9474245991053
992.265968600207
1063.8328845067242
1165.694220412487
1274.7896651173796
1382.7174993488745
1479.3372785861668
1561.2477026661861
1627.6619022116292
1673.262173961163
1698.3784935856152
1695.9671240943287
1654.047364298464
1584.257246245452
1521.5616323973572
1452.532999951884
1354.758301922782
1249.2799114954776
0.0
107.12827480709153
105.35147605908948
104.01887692896777
102.99087199307056
102.34360956819816
101.78518707665997
101.45521013727463
101.07446754493199
102.53398086436947
105.49108170230348
108.33395972350215
110.68187239254527
113.1820821017782
115.49192051483982
117.24333643636322
118.36018136251714
118.86783814417551
118.4363298988756
117.17987932950768
115.46653763143868
113.72781316381351
112.29368267085468
110.00922714119423
108.74008514232342
0.0
65.95730888269314
61.62953471232564
58.34245697891795
55.99454430906162
54.58579670926207
54.20505411041402
54.54772244433556
55.283824798476296
58.76127383130801
64.16781868404554
70.14547742367066
75.99622196666141
81.41545820986926
86.13666640370865
90.08369797848079
93.01541598261753
94.93182037383362
95.46485998197066
93.91650681051682
90.83249176862982
87.5834882716874
83.69991379401266
77.84916927948318
71.5542250267229
0.0
12.08223168157685
11.561883470415555
11.181140871567493
10.863855375509097
10.69886692208
10.673484081777314
10.69886692208
10.82578111627483
11.523809207928581
12.437591434429976
13.36406508230248
14.252464470940726
15.064715343549974
15.775434851695763
16.308474487480883
16.676525661705117
16.91766263929499
16.91766263929499
16.562302884002328
15.953114732188217
15.343926580374111
14.683972750394162
13.770190521453236
12.869099713883413
0.0
271.12680191490716
253.32073986176545
239.80437777667942
230.1462072517134
224.35891984647895
222.82325804760555
224.20662283068455
227.25256357755742
241.5177194747484
263.7277041744409
288.3109843696552
312.3866078076064
334.6600495897591
354.0779219781328
370.2848650930185
382.3163311135061
390.19770280915225
392.4187012888797
386.0476085087059
373.3308058398913
360.0175064235571
344.0390088852196
319.9633854716637
294.11096322878785
0.0
159.8738156338479
151.40863862018503
144.97408876568286
139.973669347217
136.58506028837843
135.3413010915909
135.51898099078647
134.97324995314654
144.42835770364755
160.10226121039614
175.85231322910784
189.80018364081167
201.4889812924112
210.41104943477518
216.22371974780611
219.29504332115758
219.82808295369
216.9090563717375
210.60142073094653
202.77081468825776
197.9607665659632
191.60236527221485
181.13194387707918
169.70966600108696
0.0
107.4455603495011
101.75980422578596
97.43203008306652
94.08149519889164
91.80973106620695
90.97209734516322
91.08632016189857
90.71826895921308
97.07667031720253
107.61054876227128
118.19519289282445
127.57415218828487
135.41744962794937
141.42049123715162
145.32944853154686
147.38545854158158
147.7535097044213
145.78633966024793
141.54740542646738
136.28046617547176
133.0568455619305
128.779837047773
121.73609907317068
114.057790021881
0.0
708.7269577878571
665.918798723704
633.7460494105342
610.5588253709793
597.1186117978564
594.8722304916504
598.1466168150715
607.5255760536093
651.3490487380018
713.7146858093472
780.4969371519089
846.5811601320288
905.7485592699394
955.8923594068199
996.5556679339837
1024.4767916163971
1039.8587927243543
1038.3738963100893
1012.71184584316
969.9798352584431
931.6009816835829
889.3385537139922
829.4731260997943
764.886490605644
0.0
184.29210744068743
176.04268452527916
169.95080300713806
165.12806345534062
161.89175138790108
160.47031240576302
160.96527775791853
162.12019696444932
169.93811157763517
181.7792063019516
194.10257498144782
206.9716746416614
219.72655156645757
231.66917767800643
240.5531715643889
246.2135447803075
249.8052165892157
250.6047760298825
246.49275600981304
238.37024734064303
229.57509338759476
220.20882552163732
207.44125716733828
194.4706261198922
0.0
122.43412715100034
116.95143377735478
112.90287083974555
109.70463305268292
107.5470916554157
106.60792662845738
106.93790351092022
107.6993887281326
112.89017944276978
120.75885970891295
128.9575169713639
137.4988424888581
145.97671095641925
153.9088483050226
159.8103585513877
163.56701882998857
165.96569715198902
166.48604538754566
163.75739012615986
158.36353668584852
152.52548354633896
146.29399644190633
137.8161279743452
129.1859624665943
0.0
218.6477809206806
204.29378509015544
193.39185544971983
185.59932366301265
180.92888112700962
179.68512201153996
180.81465836719676
183.2641024234724
194.77522023279883
212.68281359185525
232.50681137465477
251.92468370610595
269.88304279943753
285.53156345531204
298.6037258655952
308.31266201912325
314.67106339418945
316.4605535716944
311.3205285100145
301.0658612944513
290.3289201237083
277.4471290095964
258.0292566781453
237.17725387813064
0.0
228.9405223922253
213.91388133474447
202.49160345875217
194.33102047667816
189.44482387494764
188.15029902520286
189.31790968563192
191.89426787430077
203.93842532429147
222.69634385828985
243.4595066924431
263.77846982739817
282.587154046881
298.9844684579379
312.6658190127166
322.831646319341
329.494641725996
331.3602804398594
325.9791184534463
315.242177258308
303.99757930590664
290.5066000472993
270.17494545844596
248.34570335109606
0.0
292.90527836929977
277.4090547292195
265.6060342852801
256.45552062329034
250.24941628841387
247.96496070183096
248.2949376412163
247.29231545047992
264.6287949779448
293.3367866145997
322.19707532397143
347.7575949078389
369.15532871296637
385.5018774466706
396.1626701379776
401.7849691548372
402.7622084377771
397.4064292778426
385.8445458155589
371.50324138200943
362.7080874289612
351.04467260384035
331.8552458489374
310.92709454509145
0.0
420.5048133840633
413.5372238888969
408.3337417447569
404.2724874101719
401.72151199105906
399.5639706507144
398.23137154498806
396.7464754559944
402.5083800591455
414.09564638043514
425.23871296999937
434.4780666222457
444.27584270910785
453.3502078916616
460.24164887486484
464.6201887518595
466.58735877163747
464.92478278344834
459.9624376453594
453.2740593553032
446.42069265247676
440.7983937169349
431.83825126979883
426.85052330523126
0.0
1510.037823451272
1418.8372805214287
1350.3036134931654
1300.8832243825705
1272.238689649476
1267.466716092171
1274.4469968704684
1294.4232915714808
1387.7813757278236
1520.6732333079685
1662.9694323513781
1803.7680437868414
1929.8192257521277
2036.6682894923495
2123.299921135182
2182.7972970091832
2215.566543362617
2212.406379945381
2157.7190516163173
2066.683496969136
1984.89998775337
1894.8543638592898
1767.305594611329
1629.7052211499595
0.0
74.63824004746724
71.30039663020145
68.83826118264233
66.88378253056564
65.57656628140555
64.99276096989412
65.19582368824972
65.66540622449789
68.82556976127123
73.62292646219464
78.62334589855041
83.82682799064703
89.00492731318751
93.82766682026012
97.43203008306652
99.72917704222988
101.1759989077691
101.50597584715443
99.84339985896523
96.5436307090655
92.9900330992164
89.1952986069193
84.01719928437882
78.76295147996287
0.0
1604.4746783428418
1499.1358938921542
1419.1418747807077
1361.9543364090082
1327.7128858921224
1318.5877547557352
1326.8244865587803
1344.8082285599082
1429.282318976241
1560.7019715797555
1706.1837165903985
1848.6575955980582
1980.4326078861186
2095.353414577499
2191.2751656393802
2262.461339555307
2309.153073477702
2322.250618576223
2284.5571014951865
2209.2715988341893
2130.5340304222186
2035.9575695540323
1893.4709996779632
1740.501315977046
0.0
241.02275406567037
230.24773863894592
222.27752698557026
215.9698912878567
211.7436485079744
209.8780097697156
210.52527219458804
212.03555116698283
222.25214415909164
237.74836774224931
253.8664709238007
270.69529361268474
287.3845107396726
302.9949571151703
314.60760628733385
322.0193954816984
326.7279122411558
327.7559172339755
322.3874466201428
311.7647282092127
300.26630185378446
288.0063902811439
271.3044817815756
254.33605350640005
0.0
49.64883439521225
47.02171048609225
45.02915756908905
43.46811292909975
42.42741650596398
42.0339824938766
42.08474817204244
41.91975971048156
44.86416911565995
49.72498291124125
54.61117954956476
58.951645130732054
62.58139120619308
65.3481207284395
67.15030234032642
68.10215883419387
68.27983870899405
67.36605648005312
65.41157782797646
62.97482521828047
61.4899290967597
59.51006760438031
56.261064124514625
52.70746656996166
0.0
395.7565447191563
374.8030105319092
358.8625872170262
346.50114431407565
338.1121158367711
335.0281008095214
335.47230048432425
334.1143185521192
357.5299881682223
396.32765860767023
435.3157003432895
469.8490536655557
498.77279948178307
520.8558699677644
535.2606315081694
542.8501005448069
544.1700082210305
536.9358989502567
521.3127610964655
501.9329630453913
490.0537940406979
474.30374207890867
448.3751713240697
420.0986879327149
0.0
409.6028837436276
382.70976513535174
362.2892705562418
347.68144634708506
338.9370581039166
336.61452823695674
338.72130398126666
343.3155979239887
364.87832025573135
398.4217428411594
435.56952872192096
471.9304465589915
505.57540050725675
534.9052717423053
559.3997120285808
577.5738252201669
589.4910684808418
592.8416033080942
583.2088156665294
563.9940060282254
543.8907970159203
519.7517164711134
483.3781072045399
444.3266084189877
0.0
291.05233102801674
278.0436257245891
268.41083808302426
260.7959861629855
255.6813439847068
253.4476540754765
254.22183068966467
256.0367037505708
268.38545525654564
287.09260808066415
306.5485546680969
326.88020925695025
347.03418392221266
365.8809423895452
379.90496131321214
388.85241230645016
394.5381684057699
395.7819275456349
389.2966120056483
376.46558652009844
362.58117321525015
347.7829777343175
327.61631161515686
307.1323599861137
0.0
118.13173581036428
112.9282537231467
109.23505052700605
106.20180115271361
104.5011508841475
104.2980882153958
104.56460799100309
105.77029290741366
112.64904243671866
121.54572777699936
130.63278433213347
139.2756412693873
147.16970436200913
154.22613381490504
159.328084596208
162.9832135119717
165.35650900749351
165.3057433545362
161.85367713191954
155.90140123259712
149.9364339037718
143.52726690014362
134.54174165092414
125.78466201077993
0.0
31.309732731493906
29.253722717393284
27.69267807740398
26.575833130107444
25.903187881195926
25.72550800639571
25.890496459824806
26.23316479618589
27.883049376828012
30.446716183158347
33.28959422387328
36.069015167490804
38.64537339600543
40.879063287345794
42.75739342095396
44.14075818614305
45.054540415083984
45.30836880591318
44.57226645746471
43.10006175731504
41.56439995518889
39.72414408081499
36.94472313719748
33.962239472784816
0.0
374.8283933583879
352.18690043779077
335.1803978253158
322.9077948556994
315.8005997742415
314.6202976843096
316.34633081188144
321.30867594997045
344.48320856002243
377.4682087108348
412.7884301011874
447.7406003287002
479.0249502109465
505.550017680778
527.0492828731379
541.8220955519872
549.9572957075827
549.1704276394962
535.603299820135
512.999881098597
492.7063007901205
470.3440190502383
438.6916179726251
404.52631578880334
0.0
70.32315730416312
66.59187987237038
63.761693244894786
61.56607761522822
60.081181493707454
59.522759025751434
59.61159896315152
59.37046198312212
63.52055627299716
70.42468866049478
77.34151247261623
83.48415967380224
88.62418472328442
92.54583342441354
95.10950021610668
96.4547907188088
96.683236295357
95.4014028751151
92.621981960772
89.18260716277919
87.07583148758947
84.27102767764757
79.66404229322491
74.63824004746724
0.0
238.53523581033565
227.21448932157588
218.74931228351767
212.56859083204236
208.9261533132544
208.05044531183376
208.393113680722
210.15722105614367
224.77773669480317
246.4419903568557
267.90318130136586
286.76263114127886
300.90087282475866
310.6225004321848
316.61285058748877
320.64872209559513
321.6259614598529
318.60540351506324
310.6859575390404
300.46936460385405
292.6260671072671
282.43485697416406
267.45898156964057
251.56932396463736
0.0
138.48877322569624
130.1251275504751
123.84287473616271
119.31203784337373
116.67222254784929
116.24071424562683
116.87528524099632
118.71554112838109
127.26955807537823
139.46601256555863
152.51279214936315
165.41996611434908
176.98184960915998
186.7796256960221
194.7244544985237
200.18176504569064
203.18963153658197
202.8977288775735
197.88461808652727
189.53366380828186
182.03303468058314
173.78361176517484
162.08212268407243
149.4668514024903
0.0
57.733268827103835
55.1442191772181
53.24050620330724
51.730227243923316
50.714913658650694
50.27071396595794
50.42301100045545
50.791062174679695
53.22781478437566
56.94640079479727
60.80459242647707
64.84046393295706
68.83826118264233
72.56953861199551
75.34895955561304
77.12575833288952
78.25529469586492
78.50912308669412
77.21459827028963
74.6763143067015
71.92227620094714
68.97786679820828
64.980069548523
60.91881520417985
0.0
385.3368890339004
362.0608250610113
344.57204849335665
331.9567772117745
324.64651938024707
323.42814309125606
325.217633268761
330.30689259616577
354.12868763109014
388.04016141188504
424.3503135959983
460.2797231308464
492.4524723870936
519.7136422151318
541.8220955519872
557.0010336821849
565.3646793574061
564.5651199167394
550.604558132455
527.3792597881279
506.5018741616346
483.5304042772569
450.9769123961397
415.8724451284372
0.0
68.50828426765234
64.01552164385578
60.601529708121454
58.152085679493915
56.69257239827582
56.2991383837489
56.65449813904155
57.42867475241655
61.03303798513536
66.64264555053624
72.84874984881965
78.94063138891654
84.56293033909552
89.47450982666668
93.56114704465284
96.60708779152569
98.59964066217773
99.15806315371594
97.54625281848405
94.33532360191852
90.97209734516322
86.93622584925454
80.84434432867391
74.32095455140885
0.0
12.539122796453904
11.91724322570822
11.409586430225792
11.028843837069976
10.711558341011576
10.610026984679898
10.610026984679898
10.80039827841168
11.612649148581397
12.66603699308827
13.757499102521654
14.798195525657418
15.737360592461503
16.536920046139173
17.031885414558243
17.39993659447473
17.56492505034336
17.463393694011682
17.044576835929355
16.295783066109767
15.876966213719694
15.140863862018506
14.087476017511628
13.034088167312508
0.0
238.52254435643746
222.86133232798247
210.96947189378625
202.46622063227358
197.37696124794638
196.01897934826852
197.23735566165487
199.91524521316086
212.4670594692052
232.01184598997222
253.6380254285703
274.8200051110478
294.4028658877962
311.48551697970714
325.7506728768981
336.3353170318466
343.2648322710314
345.219310918229
339.6097033552677
328.4285624853266
316.7143819747212
302.66498020018025
281.48300051770286
258.7399761529508
0.0
115.09848649299427
109.00660497485322
104.36154532225133
100.76987348894784
98.33312088657047
97.43203008306652
97.5589442723823
97.16551025053676
103.98080272990869
115.26347496268694
126.59691284842249
136.64851737083865
145.0502373020413
151.47209570264525
155.6602642834685
157.868571333693
158.262005298616
156.155229635624
151.61170134585925
145.97671095641925
142.52464470940723
137.94304216366095
130.40433877998063
122.1802987479735
0.0
1103.7093259334843
1031.2540101243999
976.2240137923783
936.880612339686
913.3253371047642
907.0557757199547
912.7161485862067
925.0902828780011
983.1916028890876
1073.592586711667
1173.6771233815205
1271.680267125411
1362.322387531189
1441.3772421279793
1507.3599336883397
1556.3361231322635
1588.4454147286942
1597.4690144453216
1571.5404437067461
1519.7467594177688
1465.5797798690915
1400.5235613857528
1302.5077259602742
1197.2831646109344
0.0
31.093978594206725
29.71061383470987
28.68260882481344
27.857666538964867
27.324626903179748
27.083489925589873
27.1596384440584
27.362701162414005
28.669917403442327
30.675161741816645
32.75655459378042
34.92678738558382
37.08432875845566
39.089573088698195
40.587160629150546
41.55170853625732
42.14820526913985
42.287810890398035
41.58978279549159
40.21910945492631
38.734213333405535
37.160477274484656
35.00293590405236
32.82001169331737
0.0
215.04341765787413
203.65921406225877
195.00366572802923
188.28990466841688
183.73368494914922
182.0584175070618
182.28686308360997
181.5507607254034
194.28025482372084
215.36070314336118
236.54268288276117
255.31329278933995
271.0252705520701
283.0313537460791
290.84926835926495
294.9739797763102
295.697390737541
291.76305055974467
283.27249069520775
272.75130364711487
266.291370966134
257.7246625652386
243.63718653471616
228.28056853784997
0.0
946.0057429068481
930.3064566712025
918.6303503108651
909.4798366244803
903.7433149128622
898.8825014222226
895.8873263608342
892.5494825564955
905.4947309807577
931.5755985643598
956.6538442011794
977.4170071410458
999.4746947680214
1019.8951894609763
1035.3787214194683
1045.2272633625826
1049.6565686729762
1045.9379827316748
1034.7568417885475
1019.7048180590918
1004.3101257574535
991.6440886440149
971.4901139787526
960.2835901603557
0.0
275.26420478585067
260.6944548001484
249.60215386354142
241.01006263616748
235.1847009505562
233.02715955328898
233.34444509569857
232.39258858231483
248.6883716630618
275.6703302046719
302.77920301691563
326.80406072059174
346.9199611867951
362.27657918366134
372.3028008226762
377.58243147064763
378.49621372804984
373.45772002920705
362.6065561230466
349.11557678312136
340.85346249513276
329.90076720173977
311.8662595720498
292.19455886196715
0.0
380.72990360475296
355.7278065368191
336.7541338801708
323.1743146882292
315.05180596213665
312.8942645892649
314.8487432364625
319.11306029672164
339.1528122265666
370.3356307459758
404.8562927281887
438.66623514614656
469.93789365581233
497.21175485643096
519.9674705937633
536.8597503895029
547.9393599535294
551.0487578072577
542.10130681402
524.2444791079208
505.550017680778
483.1115874289326
449.3016449540524
413.0041842807599
0.0
560.7323111343071
551.4295003996006
544.4999851604157
539.0807488936258
535.6921398103917
532.7984960793133
531.0216972743888
529.0418358007124
536.7201448276068
552.1782941303875
567.0399467750982
579.3633154220672
592.435477889273
604.5304009352984
613.7062975050845
619.5443506201989
622.1714745187476
619.9631674929184
613.3382463422449
604.416178199881
595.2910473399745
587.790418236671
575.8477921251222
569.1974881723655
0.0
120.14967156441746
114.18470423559211
109.33658188984316
105.75760147791074
102.63551222720659
101.69634714332574
101.69634714332574
103.49852877472897
111.30375193401657
121.41881356328823
131.87654352892102
141.8012338050989
150.8755989876526
158.51583375856538
163.24973334450146
166.71449096409387
168.32630129932576
167.3744447615467
163.40203036029587
156.14253823864823
152.13204958141588
145.11369440889686
135.04939848950497
124.97241111621486
0.0
503.34171065494894
472.9330686928055
450.0885130221388
433.61505007472334
424.07110233396565
422.4846748821348
424.80720466777694
431.4702001313545
462.58956154390796
506.8826167539773
554.310452701176
601.243323239297
643.2646142922862
678.8767383416472
707.7497184805218
727.5864076846925
738.5010287546311
737.4603323079131
719.2227620094714
688.8775772111061
661.6164073830679
631.6011994671651
589.0849430294934
543.2308431940721
0.0
174.2658857203546
162.8309164717819
154.13729388157086
147.93118960361687
144.1999121514947
143.20998141465657
144.1110722181605
146.06555088975344
155.2414474351443
169.50660333233523
185.32011240097995
200.79095321458146
215.09418336775394
227.58254046002028
238.00219614527614
245.73127082512778
250.80783877995208
252.2292777620902
248.1299491715236
239.95667479247385
231.40265784547665
221.13529917601522
205.6517669898333
189.03869839920392
0.0
646.665914805023
615.9780616377693
593.0319746042655
576.2666089978418
566.4053758041241
564.0447716811826
564.9585539385848
569.7305277805025
609.3785233379699
668.1144143200303
726.279191437972
777.412921953892
815.7410098351356
842.1010887783522
858.3207235504306
869.273418559211
871.9259254224787
863.7526511003514
842.2787686450206
814.5607078021263
793.3152711835606
765.6606671629096
725.0735065215613
681.9861361953756
0.0
653.0496989821725
624.2909416356379
603.8577556839474
587.11777298532
577.7261223172793
576.5838944833289
578.0560991753467
584.7190945820017
622.7172055807828
671.8964574495051
722.1290971375257
769.9630585035458
813.5327026141438
852.546127233164
880.7845367100726
900.9765857126342
914.137587893616
913.85837675356
894.7704812639129
861.8108636549667
828.8893205540875
793.4168026033203
743.7425851222255
695.3375098920868
0.0
1807.3343328831156
1777.357199393962
1755.0329917392942
1737.5569065116927
1726.6169029649423
1717.3140921082586
1711.5902617854845
1705.2064775188855
1729.9547461024745
1779.7812605668364
1827.6786787063095
1867.364748975138
1909.5129539165669
1948.5009954407594
1978.0846955016884
1996.918762604572
2005.3839395531807
1998.2513613606318
1976.9043933467015
1948.145635756214
1918.7396164727138
1894.5370787316017
1856.044002055394
1834.6081940593392
0.0
417.40810692731066
392.2029471093071
373.2546573035329
359.5986895752328
351.67924357481456
350.3593359799089
352.28843174370536
357.8091993733325
383.61085588193316
420.35251631134633
459.6832264158538
498.60781101209034
533.4457585041857
562.9913838374889
586.9274016891487
603.3754817287677
612.437155538741
611.5614475373203
596.4459665465052
571.2788810332742
548.6754622873408
523.7875879792198
488.5308236957227
450.49463844096005
0.0
782.426032517248
731.051165304285
692.0377407421871
664.1546913726777
647.4527828731093
643.0107858892593
647.021274570887
655.7910456974565
696.9873944833002
761.0663732201876
832.0241015189071
901.4969337530281
965.7535922183436
1021.7989024226895
1068.566784076397
1103.2905088168113
1126.0462247005157
1132.4427004047493
1114.0655246501249
1077.3492469658725
1038.945010515743
992.8370819926822
923.3515584429031
848.7513928693492
0.0
537.4816299878967
511.9718761383045
492.90936351579484
478.9741845579892
470.7755273524608
468.80835727576016
469.5698424360501
473.5295654647205
506.4891827646588
555.3003834380143
603.6546930151957
646.1455665938618
678.0137217941249
699.9191124378331
713.3974003238601
722.4971483328925
724.7054553831169
717.9155457871461
700.0587180810472
677.0237910572868
659.3700260768618
636.3858647629812
602.6520708244593
566.8368840494239
0.0
705.6937084704871
663.0632292730024
631.042776975627
607.9443929019335
594.5549450061633
592.3339465264359
595.5829500233782
604.9238349815394
648.5569363697604
710.6560536085761
777.1590935752603
842.964105610487
901.8649849727902
951.805722099384
992.291351150205
1020.085560862861
1035.4041042947376
1033.9318995620608
1008.3713799456664
965.8297407628338
927.6031843582718
885.5184363285357
825.9195285143405
761.612104282223
0.0
724.4135527241085
676.858802587594
640.7390217565745
614.9119824214953
599.4538330373966
595.3418130173271
599.0603990155512
607.1829077416435
645.3079329297404
704.6530120237692
770.3311096989125
834.663916871354
894.1612932657895
946.0438174637055
989.3469420101229
1021.494308163411
1042.5747564749195
1048.488958199578
1031.4697640762824
997.4821418241834
961.9207834196478
919.2268473917882
854.8940398127576
785.8273332820703
0.0
100.93486195864048
95.59177417128642
91.53051983670142
88.37035633245522
86.23819777142482
85.4513297675795
85.56555252007378
85.21019276152838
91.18785152473566
101.08715899883025
111.02454070451103
119.83238605453501
127.206100992918
132.841091382358
136.52160318152286
138.45069894531932
138.79336731420756
136.94042002984705
132.95531419909335
128.01835188748305
124.98510251319063
120.9746138884854
114.36238413478769
107.14096623659442
0.0
16.58768572430501
15.838891956924964
15.29316090220827
14.86165262519437
14.569749966999124
14.442835770364756
14.480910029599022
14.595132807301809
15.29316090220827
16.35924016564672
17.463393694011682
18.63100431947406
19.7732320989415
20.85200278944331
21.6515622349892
22.15921903047163
22.489195945461603
22.552653042559022
22.184601868334784
21.448499522325843
20.66163149001928
19.823997779546875
18.669078578708323
17.50146795080641
0.0
1155.5791585229981
1100.7522247865422
1059.746247443242
1029.7818053917233
1012.1534233190947
1007.9398717166299
1009.577064975922
1018.093007349798
1088.9492044564477
1193.9072466725909
1297.8626663727264
1389.2281981544563
1457.723790625862
1504.821649658071
1533.8088523941228
1553.3790219853217
1558.1129215549945
1543.5050974922099
1505.1389353549844
1455.6043233869952
1417.6569783664424
1368.2365892558473
1295.7051251462267
1218.7062809254012
0.0
1624.4890473567584
1547.4013633977609
1489.7696259286156
1447.6468032932307
1422.860460722009
1416.9208761220812
1419.2434056312422
1431.2114148132234
1530.8136775035018
1678.3641243277452
1824.4931324138038
1952.930301564332
2049.232794616804
2115.443932135906
2156.183389776785
2183.698388349385
2190.361383430768
2169.8266662056903
2115.8754403649423
2046.2503111638173
1992.8955824039917
1923.4227500478937
1821.45988353555
1713.2147633631882
0.0
1091.1067456829476
1039.338444513193
1000.6169226914216
972.3277478868273
955.6892965673005
951.6914992419896
953.2525439567914
961.298903788727
1028.1826861200639
1127.2899837184036
1225.4454251204997
1311.7090053971979
1376.3844810767675
1420.8679077781712
1448.230608936519
1466.709315785632
1471.1766956528834
1457.3938140605387
1421.1598100305903
1374.391928376883
1338.5513585883382
1291.8976992228004
1223.4021061821695
1150.7056535459335
0.0
385.2099748445846
367.98771810945976
355.2455325816394
345.1558538113735
338.39132704188137
335.43422620394733
336.46223122116237
338.8736009970611
355.19476692868204
379.95572696616944
405.7193092757111
432.61242790838236
459.2897923940082
484.24112380898487
502.80867096549395
514.6370742603075
522.1630862714075
523.8256622595967
515.2335710322226
498.25245124622637
479.88796675846896
460.29241458474473
433.6023586452204
406.4807944603963
0.0
210.0049240159539
198.88724019594585
190.43475461178582
183.87329059236322
179.41860221153735
177.7814090498268
178.02254599895545
177.29913509464706
189.72403510445324
210.30951807193813
230.99653242665536
249.32294263403594
264.66686925832175
276.3937411659028
284.03397587989303
288.05715599102365
288.76787549835626
284.92237531081656
276.63487811503137
266.35482807298956
260.0471924321985
251.68354670005485
237.92604766584017
222.9247894104427
0.0
300.79934146192153
284.8843010304397
272.76399507661773
263.37234440857685
257.0012516609303
254.65333899188713
254.98331590687704
253.95531091405743
271.7613729102767
301.2435412180422
330.87800648467964
357.12386274940104
379.1054018725454
395.89615030544786
406.83615420186493
412.61075023451895
413.61337242525536
408.1179876221068
396.238818674336
381.51677164844403
372.48048074626723
360.51247183263496
340.8026968421754
319.303431592893
0.0
406.81077137538625
385.2734319270449
368.88880893735904
356.1846976655202
347.56722361166754
344.3943686510836
344.8385683258864
343.44251211330453
367.51813555125574
407.4072680903789
447.4740804961705
482.97198178571864
512.707978496511
535.4002371513833
550.2111240862141
558.0163472698972
559.3743292021021
551.937157181259
535.882511106563
515.9569819365311
503.7478360493749
487.5535843558603
460.90160272924027
431.8255598402959
0.0
53.59586595859991
51.19718761383046
49.42038883655396
48.02433265243329
47.08516758562921
46.66635073079959
46.805956346365534
47.14862468272662
49.42038883655396
52.859763610151425
56.4514354263782
60.18271285573138
63.90129886615299
67.36605648005312
69.95510612993887
71.60499070488873
72.64568713046405
72.87413268912235
71.68113922335728
69.32053513782206
66.7695597471706
64.04090448171893
60.32231847129732
56.552966782709866
0.0
21.803859275178972
20.839311368072202
20.153974700229096
19.59555222658083
19.29095814945401
19.252883890219746
19.30364956838558
19.5194037081123
20.788545689906357
22.42573884836419
24.11369768254832
25.700125166093027
27.1596384440584
28.466854690778973
29.406019757583046
30.078665008934117
30.52286469918734
30.510173280255767
29.87560228813898
28.77144876790579
27.667295239540827
26.48699319270734
24.82441719638636
23.212606880670755
0.0
587.3081442814913
551.8356258184218
525.1709527622988
505.9561430995994
494.81307651003516
492.96012922567456
495.67609305755747
503.443242017786
539.7533941449768
591.4328556985365
646.7801376217583
701.5436141700408
750.5705689985732
792.1222776397306
825.8179970945808
848.9671472196892
861.7093322352071
860.4782647769301
839.2074451611187
803.7983835772148
771.9936856871019
736.9653669557578
687.3672982387111
633.8475807977667
0.0
66.78225116610217
63.799767509821294
61.591460453091386
59.84004452180983
58.67243389390792
58.152085679493915
58.32976555998636
58.74858241237644
61.5787690341598
65.88116035853236
70.34854014202625
75.00629122169148
79.62596802260616
83.9537421872814
87.17736285530565
89.23337287753806
90.52789766304177
90.81980032692927
89.33490418833175
86.39049479453784
83.20494845405484
79.80364793155987
75.18397110218393
70.47545433866063
0.0
191.00586850029975
179.46936788889002
170.80112810076218
164.5569495668267
160.9272034775416
160.330706762549
161.20641476396963
163.73200729968121
175.5477191405965
192.35115900300192
210.34759235231493
228.1663457780371
244.10676909292013
257.62313120240157
268.5758265527169
276.1018385068943
280.2519327504182
279.85849878549516
272.9416749432861
261.4178657613793
251.07435855555937
239.6901550168665
223.54666895191392
206.14673237451595
0.0
179.08862529654738
167.33637048116978
158.40161094183006
152.01782676468054
148.19770937922414
147.18239581590734
148.09617807330955
150.10142237346446
159.5311473218822
174.2024286378944
190.44744606568403
206.3497951245855
221.05915069657928
233.87748470383562
244.58904307249523
252.53387187499683
257.7500453917173
259.2095587111548
254.9960073038529
246.59428737265011
237.8118248491048
227.25256357755742
211.35021451865595
194.28025482372084
0.0
93.40884994754056
88.4718876432489
84.70253597743046
81.78350941255475
79.80364793155987
79.080236970329
79.18176833804517
78.86448284767903
84.39794187184239
93.54845559075459
102.74973498701947
110.89762651519526
117.72561039154294
122.94178393265877
126.34308444539565
128.1325746229006
128.44986013278302
126.73651846724117
123.05600672499878
118.47440417925247
115.66960035711287
111.95101435888897
105.8337500142692
99.15806315371594
0.0
687.9384121272251
653.7858013403791
626.0296661845808
605.4822574730774
587.6000469404997
582.2315763266671
582.2696505826486
592.5750834755645
637.2996469634609
695.2105956783757
755.0379487845067
811.8320525163452
863.8414910336858
907.5380492766769
934.6976882379169
954.5343775315371
963.735656399236
958.2656543412485
935.560704452036
893.9582304262702
870.9994516542557
830.8184164886516
773.1993705465899
715.5041760112475
0.0
809.8394996700885
760.9267675769736
724.17241577498
697.6727311316271
682.3034217377852
679.7524463186725
683.4837237707947
694.2079735120346
744.2756247872852
815.5379469712212
891.8514546494333
967.3654023584126
1034.9725960657013
1092.274356969524
1138.737644933177
1170.6438742593134
1188.2087988998148
1186.5208402152555
1157.1909692322922
1108.3670772026198
1064.5055301321374
1016.2146775073078
947.8079244488018
874.0200097128903
0.0
1416.9970244226179
1323.9562253939635
1253.315782808421
1202.8039320941896
1172.560278658661
1164.5139182575008
1171.786101857442
1187.663067813384
1262.2632339805582
1378.3262680261137
1506.814202601909
1632.6369386084534
1749.0172585948756
1850.5105431345044
1935.2257703779887
1998.0990645156044
2039.3207958107878
2050.8953709953184
2017.6057766746767
1951.1154285847435
1881.579138796519
1798.0569051456553
1672.2214774575232
1537.1213132256107
0.0
1491.5337329137117
1420.7663763584112
1367.8431555836687
1329.1597077495296
1306.4039918658254
1300.959372683107
1303.091531603562
1314.082301144805
1405.5239809018
1540.992196011939
1675.1785780352398
1793.0945601864657
1881.515681933617
1942.307582576045
1979.709197079392
2004.9778138741424
2011.0950784383201
1992.2356282162136
1942.7137082550837
1878.774335063829
1829.7854545075415
1765.998378730539
1672.3864657401841
1572.9999570017885
0.0
118.6774668480042
112.39521403369179
107.61054876227128
103.90465419355026
101.39175303041907
100.46527940043651
100.60488501925516
100.186068170931
107.21711477295287
118.85514677159509
130.54394442319466
140.90014300159496
149.5683827653274
156.19330389160555
160.50838662921745
162.78015081882464
163.1862762376459
161.01604346779834
156.33290953481955
150.520239246184
146.95395023935913
142.23274205039883
134.4529017175899
125.97503330695125
0.0
1675.0516640654819
1595.5653014836087
1536.1440741540973
1492.701343631063
1467.153515452303
1461.0235600197152
1463.4222380733672
1475.7582983775287
1578.4572673781877
1730.6020086086648
1881.2872365440994
2013.7222022067601
2113.007179525397
2181.2870182888737
2223.295618066864
2251.6736328535826
2258.5396907744857
2237.357711043218
2181.7439093931794
2109.9485477718736
2054.9312426335337
1983.2881776133013
1878.1524556768616
1766.5441098169695
0.0
2.6525067451941604
2.500209707118657
2.373295508939251
2.2844555700754268
2.2336898910964083
2.2336898910964083
2.2463813105158916
2.2717641504119896
2.4367526081509308
2.677889585090259
2.919026562029587
3.1728549583883985
3.3886090956755814
3.5789803930666673
3.7312774311421717
3.8455002096581405
3.8962658892063833
3.8962658892063833
3.794734530109897
3.6297460726149096
3.4901404547720674
3.3378434166965634
3.1093978594206724
2.8682608824813443
0.0
144.42835770364755
134.9478671266679
127.7518320549533
122.59911559629768
119.5151005690479
118.70284969887821
119.43895203268946
121.06345382181958
128.6656142879601
140.49401758277367
153.5915628195355
166.4098968511872
178.27637440198228
188.61988160780217
197.26273848813352
203.65921406225877
207.8727654695607
209.05306750257014
205.6517669898333
198.87454882336542
191.79273656838615
183.27679382044818
170.44576835929354
156.67557784678527
0.0
2240.3782690530616
2134.0749363992704
2054.588574386622
1996.4872543755357
1962.309260152327
1954.1232943437744
1957.3215323178686
1973.8330699115907
2111.179615108174
2314.6738407170037
2516.2135876135812
2693.3477342547994
2826.1507512835938
2917.465517070832
2973.6504326825698
3011.610469709982
3020.7863662716363
2992.459116910185
2918.0747052641177
2822.0387316701144
2748.466570812899
2652.6463511707775
2512.0254191303393
2362.7489390646792
0.0
454.0482359694913
432.49820514856947
416.39279336399375
404.61515572213756
397.698331936851
396.03575594866186
396.6830183735342
400.03355317639125
427.86583686854806
469.112951307349
509.95394038425127
545.8452756631177
572.7637770978725
591.2678672288439
602.6647622783574
610.3557626778323
612.2087099621928
606.4721882099157
591.3947814181597
571.9388348307269
557.0264165086636
537.6085441772125
509.1036152337047
478.8472703686735
0.0
549.1704276394962
513.1267953448353
485.7387113274813
466.1685419233132
454.4416700157322
451.31958070810555
454.14976733232845
460.3051059573251
489.21616034404957
534.1945522349728
583.9956836776934
632.7561186736959
677.8614247539351
717.1921348259153
750.024837936538
774.3923640334975
790.370861571835
794.8509329255116
781.9564504713464
756.1801765615345
729.236292275906
696.8604802939844
648.0873538440836
595.7352470391727
0.0
141.47125689010892
134.75749583049654
129.74438495813249
126.07656461286585
123.90633184301824
123.39867506135988
123.60173778703408
124.64243417682952
133.31067396495732
146.16708225259057
158.88388489700978
170.07771719645382
178.45405430117785
184.22865033383187
187.76955643286024
190.16823477925604
190.7520400972729
188.96254991976795
184.26672455728627
178.20022592254634
173.555166213022
167.50135895086245
158.63005651837827
149.20033156996053
0.0
107.24249759943153
100.75718205944493
95.89636828419307
92.3808449547209
90.35021781345009
90.00754943724326
90.50251483656311
91.9239538829423
98.54887500922042
107.99129138714106
118.09366152998736
128.09450036691902
137.0546427896599
144.6314204537171
150.78675907871377
155.01300185859608
157.33553166863345
157.11977754598345
153.23620305367155
146.7635789675832
140.9636001084505
134.56712453432522
125.50545072435192
115.73305746396844
0.0
139.94828652073838
133.6914165329046
129.05904827727852
125.4039193615148
122.94178393265877
121.86301326248643
122.24375585482909
123.11946383185433
129.04635688030277
138.04457352649806
147.39814993855734
157.17054325586327
166.86678797988827
175.92846170854378
182.68029710545554
186.96999699219342
189.71134370747743
190.30784042247006
187.18575111484336
181.01772111726635
174.3420342811084
167.22214774575227
157.52590296480477
147.67736122498536
0.0
156.33290953481955
148.921120340455
143.3749698843492
139.31371554976417
136.92772860034415
136.3566147118302
136.58506028837843
137.73997949490922
147.32200145912137
161.52370024945674
175.58579339657805
187.9472363564511
197.21197283517617
203.5830655828228
207.50471433111633
210.15722105614367
210.7917920271178
208.82462192602193
203.63383123578012
196.93276154874818
191.79273656838615
185.10435827832998
175.29389073756963
164.87423505231376
0.0
893.0571396796887
850.6804888039132
819.0027046477361
795.8408636054273
782.2229702469539
778.9485839235327
780.2304173763017
786.8045724511652
841.5553577407123
922.678913386715
1003.0156007450731
1073.6179695869362
1126.5665726677234
1162.9655649803335
1185.3659211794923
1200.494093453438
1204.1492222878837
1192.8538587313158
1163.2067018074854
1124.929379652385
1095.5995086694218
1057.3983348148577
1001.3530251797367
941.8429572988756
0.0
494.86384216299246
464.97554843640563
442.5117353580816
426.3174836401717
416.9385244016338
415.36478834677877
417.6619353059421
424.19801652328135
454.79702975720085
498.3412912364831
544.9822591155955
591.1282616425524
632.4388331882091
667.4544605225774
695.8451666737453
715.3391875415548
726.0761287122978
725.0481236950827
707.1278389065234
677.2903108898164
650.4860321904794
620.9784810562353
579.172944125896
534.0803294751598
0.0
546.5433037409476
519.4090481591477
497.3513604996449
481.03019456802394
466.8284957776885
462.56417871742934
462.58956154390796
470.7755273524608
506.31150286546335
552.3178997736015
599.8599584562179
644.9779559903551
686.2885275360117
721.0122522113717
742.5876659156947
758.3377179588017
765.6606671629096
761.3075101693161
743.273002620944
710.2118539337733
691.9742836353315
660.0553627821112
614.2774113692033
568.4360029307577
0.0
371.38901862219666
348.9505883703513
332.09638279806603
319.9380025882626
312.8942645892649
311.72665398575833
313.4399956513002
318.3515751364318
341.31035362383375
373.9907596617395
408.99369559913214
443.6285802842354
474.62102756439583
500.9049580281762
522.2138519243647
536.8470590169226
544.906110579237
544.1192425680731
530.679028962423
508.2786729665592
488.1754639298587
466.0289363370217
434.6557464645188
400.8077297905795
0.0
988.5600735273155
941.6525858969911
906.5861931048285
880.9495250415248
865.8721183880092
862.2550632972424
863.6638111670173
870.9486862289885
931.5629071267253
1021.3547027560186
1110.2834816019677
1188.4372448585566
1247.0335297176282
1287.3287879357895
1312.1278227578243
1328.8678049278858
1332.9163682476888
1320.4280108545463
1287.5953076382107
1245.2186567380397
1212.7540048878384
1170.4788854074268
1108.430534065522
1042.5620650372846
0.0
740.683952978377
695.9466980365823
662.3271269147958
638.0865150315473
624.0371132570062
621.701892017466
625.1285753566816
634.9136600709631
680.7169942290319
745.9001265194927
815.7029353270689
884.7569509405556
946.5895483061829
998.9924211137177
1041.4959857396927
1070.6735598776293
1086.740897235456
1085.1925442022423
1058.3755741303248
1013.7144680338964
973.6095812176193
929.4307490194484
866.8747405787457
799.3817697044556
0.0
519.4217395561234
488.04854974054297
464.4678916547471
447.4740804961705
437.61284730245285
435.97565414074234
438.37433248713813
445.25308207336553
477.36237422275735
523.0768684718871
572.0276747640612
620.4581328776011
663.8120230037895
700.5663748627055
730.3658285990356
750.837088831103
762.107069609983
761.0156075103077
742.206923323352
710.8844991851242
682.7603128095639
651.7805570402242
607.9063186459521
560.5800140615902
0.0
180.7765841112152
171.20725357650596
163.92237859585254
158.27469675251427
154.4545793670579
153.04583178189554
153.23620305367155
152.61432353659563
163.31319042696165
181.043103943745
198.84916593996428
214.62460078515463
227.83636883865182
237.92604766584017
244.50020313916096
247.96496070183096
248.57414884632644
245.26168829945095
238.12911033459196
229.2831907285864
223.8512630648206
216.65522799310597
204.8141332687896
191.89426787430077
0.0
1687.9715294437071
1586.0213537997731
1509.4032523827166
1454.1701929672222
1422.1370496713287
1416.8066530207334
1424.6118762694705
1446.9360839241388
1551.2976293033123
1699.8380068806573
1858.9122632202104
2016.2985607938867
2157.1987036491096
2276.6503468266897
2373.4858803411353
2439.9889204379288
2476.6163578961023
2473.0881433566856
2411.9662653357555
2310.193769412118
2218.777472774345
2118.1218218988383
1975.533720033785
1821.7264032379715
0.0
547.2286404218015
521.2619954435081
501.84412305513445
487.65511571869746
479.30416149737454
477.31160856980006
478.0857851839882
482.1216566920945
515.6777707070256
565.3773707869091
614.6073883085886
657.8724385583653
690.3117076471423
712.6105322557737
726.3426485448275
735.6073850235525
737.8537663297586
730.936942544472
712.7628292959635
689.309085456406
671.338034990494
647.9350568282891
613.5793832913736
577.1169341483884
0.0
1281.2369064908346
1220.4323141668176
1174.9843398315356
1141.7582023737962
1122.21341590182
1117.5302823266395
1119.3578467438626
1128.8002630079382
1207.3474602619774
1323.7277802483998
1438.978563505103
1540.281476642847
1616.2269332476687
1668.452125521729
1700.574109125019
1722.289128505083
1727.5306851735536
1711.336433520698
1668.7947940939118
1613.8790206192846
1571.794272540758
1517.0054127919343
1436.5798854514517
1351.2173957017767
0.0
107.4455603495011
100.94755335561626
96.07404812646615
92.55852485391645
90.52789766304177
90.18522934619696
90.68019474551681
92.10163372521534
98.73924630539175
108.19435408028814
118.32210710653558
128.34832880247305
137.3084711926868
144.91063168322265
151.0786617377222
155.3049045176045
157.6401257571448
157.41168020499194
153.5281057370753
147.04279017269334
141.2301199409803
134.82095291295678
125.74658773040302
115.96150304051665
0.0
877.6243727236116
820.0053268384726
776.2580027473612
744.9736528651148
726.2411171819903
721.2533892174229
725.7588432268108
735.5946935696543
781.8041530570947
853.688355351727
933.2635572489194
1011.188875115991
1083.276140128166
1146.1367422589226
1198.6030719293594
1237.5403480282848
1263.0754847694102
1270.2461369495918
1249.6225797423888
1208.4516138724734
1165.376935040845
1113.646707858723
1035.7086985540166
952.0341674889012
0.0
1007.6860434518435
946.8306851333347
901.0908080495944
868.118499523448
848.9925296477106
845.8196747440489
850.4647344535732
863.8034165256188
926.1055965063722
1014.780547087535
1109.7504416279003
1203.7050228651663
1287.8237535969527
1359.1241503702736
1416.9335675597156
1456.6450201345892
1478.4996452473167
1476.3928694460844
1439.9050371513492
1379.1512102526
1324.5781055941093
1264.4842326391847
1179.3628797166618
1087.5404571558981
0.0
145.964019502521
138.71721877784913
132.82839998538225
128.4625515622859
124.66781700330817
123.53828068017853
123.53828068017853
125.73389630090013
135.21438690227515
147.49968130139445
160.20379257323322
172.2479499663014
183.289485249951
192.55422172867608
198.31612633182723
202.5296777391291
204.48415638632676
203.31654575029307
198.50649762799853
189.67326945149588
184.79976422234586
176.28382147440774
164.0492927851683
151.8147640715335
0.0
108.54971384615209
103.39699741189186
99.53880574605856
96.72131055133858
95.0714260170476
94.67799197080673
94.8302890109965
95.62984845166332
102.28015246134262
112.14138565506026
121.91377891544374
130.49317874584196
136.92772860034415
141.3443426763978
144.07299796217896
145.9132538495637
146.35745354876187
144.9867802195811
141.3824169567747
136.7246658502746
133.15837692476757
128.5133172152432
121.71071622229668
114.47660689460051
0.0
984.9176361305043
932.7812835946156
893.1079051049562
862.3439032061814
841.4792092938031
833.8009000392191
834.8923621632897
831.5037534785132
889.8081357842889
986.364457743958
1083.3776709787005
1169.3239663716636
1241.297008526444
1296.2635476702922
1332.104117458837
1350.9889499869882
1354.3014108184761
1336.2669028228559
1297.405775268421
1249.1656886380833
1219.6073716963779
1180.4035758950313
1115.880397629713
1045.4937830650038
0.0
292.7910555525644
277.29483199380206
265.5045029224429
256.3539892360579
250.14788492557676
247.8634293959163
248.19340625398382
247.19078414456524
264.51457216120946
293.2225638547868
322.0574697051528
347.6179892646249
369.00303167277656
385.34958043087613
395.9976816682849
401.61998068514447
402.59721996808435
397.24144080815
385.69224874284197
371.350944366215
362.5557903887714
350.90506701754884
331.72833163522625
310.8001803557757
0.0
1974.4422578609233
1855.1809858412746
1765.5668701762309
1700.954851928788
1663.4897805625394
1657.2582937101922
1666.383424033401
1692.502366417814
1814.5811336077882
1988.3266711169808
2174.3955774927017
2358.497313474582
2523.308091249273
2663.0279327626877
2776.298854513188
2854.0972580852304
2896.9308000897076
2892.806088225414
2821.3026291817987
2702.269802551667
2595.3318988293204
2477.593597211569
2310.815649043039
2130.9020815443996
0.0
256.82357176173474
241.31465672467883
229.65124192395325
221.2495219927506
216.37601676360052
215.56376586903548
216.75675935594313
220.14536843917708
236.03502610110277
258.6257533931379
282.8282909960096
306.77700024464514
328.2128083057541
346.3869215217356
361.1216599771305
371.2367215494797
376.8209462859624
376.27521524832235
366.9724044892205
351.48887230303853
337.5790761717116
322.27322388472527
300.5708959666912
277.18060917706674
0.0
1279.8789246155518
1219.150480592072
1173.7405808136473
1140.5525179127653
1121.0204223091991
1116.3499801716537
1118.1775445888766
1127.6072694153172
1206.0656269311853
1322.3190323786253
1437.455593347159
1538.6442836275085
1614.5135914438863
1666.6880182926795
1698.7846192646537
1720.4615638439066
1725.7031207563307
1709.5215602971562
1667.0306865395908
1612.1656790594557
1570.1316964061962
1515.3936026518654
1435.0696061619171
1349.7832649567326
0.0
1234.3928757234123
1159.8307846823204
1103.8108573532436
1063.414067959276
1039.9983987009714
1036.1021322261954
1041.8005799989714
1058.1344373031727
1134.447944786222
1243.0738071931282
1359.4033615103294
1474.501847922006
1577.5434851695763
1664.8858369946795
1735.7039595444714
1784.3374801722591
1811.1163759312726
1808.5400179133715
1763.840836934814
1689.4183513011146
1622.5726429574106
1548.962408112563
1444.6897029594675
1332.2056488785965
0.0
565.3519879604303
535.4256199778621
512.6572127866312
494.9907563767035
483.0227474955985
478.6061333626223
479.24070439051894
477.28622568639895
510.7534998493135
566.1769302519712
621.8668804871587
671.1984293716753
712.5216923468348
744.0598706077126
764.6453535995928
775.483826133173
777.3748476979105
767.0313405490128
744.7198244864833
717.0398377857256
700.0587180810472
677.5568307223461
640.5232676339247
600.1264782887476
0.0
41.65323989828125
39.80029259684399
38.41692783978667
37.32546573035329
36.58936338190481
36.272077885846414
36.38630066354921
36.64012906007065
38.41692783978667
41.09481742463298
43.874238368250495
46.78057350850238
49.6742172330754
52.364798233600574
54.37004257197489
55.651875972700516
56.46412684530978
56.641806720109976
55.715333072237485
53.887768614355615
51.89521570304466
49.77574859184663
46.89479628945789
43.9630783056506
0.0
144.27606068785315
137.9303507666852
133.41220532779442
129.70631070215092
127.63760929514045
127.38378089211356
127.71375777457638
129.1859624665943
137.57499102521655
148.43884638527524
159.54383877578044
170.1031000229325
179.73588772141977
188.35336177527242
194.59754030920794
199.05222866563847
201.95856385061518
201.89510668683718
197.6815553364577
190.39668035580425
183.12449678025837
175.29389073756963
164.31581261769804
153.6169456460142
0.0
11.65072340781566
11.14306661233323
10.775015438108994
10.483112782353283
10.318124328924187
10.29274148292925
10.318124328924187
10.432347104187444
11.117683774470079
11.993391744176746
12.894482551746565
13.744807681150544
14.518984288833284
15.217012383739746
15.724669173529923
16.080028928822585
16.321165906412457
16.308474487480883
15.965806151119796
15.382000839608375
14.798195525657418
14.163624533540622
13.275225144902377
12.412208596566824
0.0
16.752674183426358
16.01657182928564
15.496223614871628
15.064715343549974
14.823578365960104
14.798195525657418
14.836269784891684
15.001258246452561
15.978497572490907
17.234948135353385
18.529472957450132
19.760540680009925
20.877385627306463
21.880007793647497
22.60341872641711
23.1237669375784
23.453743852568373
23.453743852568373
22.958778481709768
22.108453352305787
21.270819641833388
20.35703741289246
19.087895431098403
17.844136287167498
0.0
4.721208178551628
4.492762621275737
4.3023913238846525
4.162785705472585
4.035871507049226
3.997797247733644
3.997797247733644
4.073945767177985
4.378539842515814
4.7719738575306465
5.190790712441577
5.584224727212455
5.9395844823424815
6.231487138830054
6.421858436221138
6.561464054063979
6.624921153844883
6.58684689396008
6.434549855884575
6.142647199966229
5.990350161890725
5.711138925635814
5.317704910620981
4.911579475942714
