0.0
102.66688911199999
100.697798496
98.479455908
98.34236732
99.264599628
101.495404804
106.15641674
110.78004093999999
113.23517290000001
113.73367688
112.425104
110.80496612
109.84534604
110.468476
109.62101924
110.63048976
112.02630086
115.74015523999999
117.83387184
118.07066122
117.01134034
114.04524182
109.0851275
102.866290692
0.0
103.57665881199999
101.769582
101.233690244
101.246152832
102.255623336
104.723217904
108.22520816000001
111.9764504
114.71822214
114.96747412
113.52181266
111.8767496
110.33138742
109.49639326
108.82341294
109.04773974
110.54325154
114.26956862
116.50037377999999
117.01134034
115.60306666
112.86129494
108.43707236
104.137475756
0.0
201.08403202
200.44843946
199.7131461
199.42650636
200.16179970000002
201.15880764000002
202.16827808
203.78841595999998
203.82580374
203.68871516000002
203.37715022
203.20267378
203.28991200000002
203.57655176
203.9878175
204.16229393999998
204.62341006
205.05960105999998
206.94145344
207.20316802
206.38063652
205.04713846
203.50177621999998
201.93148876
0.0
236.51520042
229.6233833
225.12438518
222.83126696
223.21760754
226.57004662
232.8511964
238.19765128
245.8746122
253.27739590000002
259.35914412
264.14478208
267.9334121
270.84966018
273.30479216000003
275.06201862
275.82223716
280.05952078
282.42741454000003
281.60488296
277.61685140000003
270.99921144
260.13182525999997
248.29235632
0.0
31.941640782
30.6953809
29.885311982
29.411733222
29.31203243
29.810536386
30.720306098
31.380823836
32.552308122
33.860880998
34.870351504
35.780121224000005
36.65250314
37.512422455999996
38.260178388
38.758682336
38.895770926000004
38.908233526
39.356887086
39.145022902
38.434654766
37.350408674
35.742733428
33.81103061
0.0
625.7969373000001
607.30244064
597.83086554
596.27304068
604.01231458
622.8059135999999
653.12741652
684.42100214
706.13084932
716.25047956
716.58696976
711.71409358
705.8442095600001
701.7689397
700.1363393
702.49177046
709.32127464
732.30230684
746.24795496
746.93339786
735.9413857
712.7734144599999
677.69119876
638.55863846
0.0
43.980511242
42.671938366
42.011420627999996
41.899257244
42.44761159
43.768647066
45.899751468000005
48.09316886
49.626068512
50.336436646
50.361361844
50.012409076
49.601143314
49.314503542
49.202340150000005
49.364353938
49.850395288
51.458070544
52.442615849999996
52.49246624
51.719785118
50.087184672
47.6195901
44.877818364
0.0
175.18675163999998
169.09254081999998
165.71517654000002
164.54369226
166.03920408000002
171.03670624
179.78545066
189.28195094
195.27646094
197.43249058
197.14585082
195.7998901
195.60048856
196.7221224
199.11494142
202.54215606
206.55511288
212.54962288
217.92100302
217.23556012
212.69917414
205.55810502
194.93997082
182.9758759
0.0
218.91801096
214.7305777
209.99479018
209.69568776
211.66477844
216.43795372
226.370645
236.22856068
241.46285222
242.50971052
239.71808834
236.27841112
234.24700748
235.55558036000002
233.74850351999999
235.91699574
238.89555686
246.78438192000002
251.27091744
251.75695882
249.51369105999999
243.19515344
232.60194442
219.35420188
0.0
1110.878671
1078.0397229999999
1061.2152145999999
1058.460981
1072.1947648
1105.5571413999999
1159.370643
1214.928909
1253.4508016
1271.4218696
1272.0325364
1263.3710304
1252.9522980000002
1245.736453
1242.820205
1247.0076377999999
1259.133747
1299.9238324
1324.6745542
1325.8958886
1306.3919218
1265.2528826
1202.9772762
1133.5107508
0.0
46.821983780000004
45.438635307999995
44.728267173999996
44.616103781999996
45.189383334
46.597656996
48.865849982
51.208818562000005
52.841419006
53.589174938
53.614100136000005
53.25268477
52.816493808000004
52.504928838000005
52.392765454
52.567241834
53.07820839
54.798047022000006
55.832442726000004
55.894755722
55.072224194
53.327460364000004
50.710314612000005
47.781603888
0.0
487.47455294
485.94165334
484.13457652
483.44913352000003
485.24374776
487.64902936
490.09169876
494.01741735999997
494.12958075999995
493.78062796
493.0453346
492.59668108
492.8085453
493.5189134
494.51592132
494.93964966
496.04882098
497.09567928
501.66945302
502.30504558
500.31102971999996
497.08321662
493.33197444
489.51841916
0.0
822.30719558
798.00512784
785.54252902
783.51112538
793.66814348
818.3690143
858.2119428
899.3260562
927.85294504
941.150538
941.5991914
935.18095308
927.479067
922.13261208
919.97658244
923.0797696
932.0528408
962.24971772
980.569738
981.4670450799999
967.03535572
936.58922684
890.4900737199999
839.0693909600001
0.0
103.788523
103.46449542
103.078154868
102.92860367200001
103.314944252
103.825910784
104.34933995200001
105.18433408
105.20925926
105.13448364
104.97246987999999
104.87276906000001
104.92261950000001
105.07217068
105.28403488
105.38373562000001
105.62052502
105.83238922
106.81693448
106.94156046
106.51783214000001
105.83238922
105.0347829
104.22471395199999
0.0
44.790580170000005
43.23275532
42.372835996
42.073733624
42.46007419
43.731259268
45.974527056
48.40473383
49.925170881999996
50.485987836
50.41121224
50.062259474
50.012409076
50.299048848
50.90971619
51.794560712
52.816493808000004
54.349393469999995
55.720279334
55.545802954
54.386781266
52.554779236
49.850395288
46.784595982
0.0
9.5338880984
9.359411717199999
9.30956132
9.30956132
9.4092621116
9.63358889
9.95761646
10.306569226
10.555821206
10.580746404
10.443657814
10.294106628
10.144555442
10.0697798496
10.007466855199999
10.032392052399999
10.1694806392
10.505970808
10.717834986
10.767685382000002
10.630596792
10.3813448196
9.970079058
9.583738495599999
0.0
184.10997242000002
177.71665924
174.16481854
172.9310213
174.51377132
179.7605254
188.95792332
198.94046498
205.23407742
207.48980778
207.20316802
205.79489433999998
205.57056762
206.76697708
209.27195942
212.8736505
217.08600886
223.3920839
229.0251786
228.31481042000001
223.54163506
216.03915056
204.87266204
192.31036242
0.0
110.59310199999999
106.29350534
103.46449542
101.86928277599999
101.52033
103.21524344800001
106.39320613999999
108.68632434
112.72420636
117.27305492
120.75012
123.90315747999999
126.94403164
129.89766756
132.48988812
134.23465192
134.69576812
134.73315588
136.30344331999999
135.54322478
133.1005554
129.33685056000002
123.79099408
117.08611596
0.0
74.326939384
71.43561645
69.54130142999999
68.46951793000001
68.232728554
69.37928765000001
71.510392044
73.043291698
75.772600842
78.825937556
81.156443538
83.275085334
85.31895154
87.300504764
89.045268584
90.216752884
90.528317856
90.553243052
91.612563948
91.101597388
89.45653435199999
86.926626792
83.200309738
78.688848966
0.0
503.46406728
488.58372426
480.95661378
479.71035386
485.94165334
501.05878566
525.4480915400001
550.62254122
568.08264212
576.23318174
576.50735892
572.5816403
567.85831538
564.59311452
563.27207898
565.16639402
570.66240008
589.14443416
600.37323572
600.92159006
592.0856075
573.44155966
545.21377332
513.73324868
0.0
150.06215242
148.01828618000002
147.38269372
147.49485704
149.1648453
152.55467216
158.44948144
164.53122968
166.61248368
165.04219622
162.11348548
159.27201294
158.33731804
158.31239286000002
158.88567238
159.79544208
161.09155236
163.72116076
167.3851648
167.29792658
165.57808796
162.4250505
156.9913574
151.52027646
0.0
99.688327992
98.34236732
97.918638956
97.993414544
99.10258585199999
101.345853636
105.27157222
109.3094543
110.69280272
109.64594442
107.701779
105.81992662
105.18433408
105.18433408
105.54574946
106.15641674
107.02879868
108.76109989999999
111.20376927999999
111.14145632
109.99489722
107.91364322
104.29948956
100.660410692
0.0
148.47940237999998
143.31988646
140.45348873999998
139.45648079999998
140.72766589999998
144.96494952
152.3801958
160.43103464
165.50331233999998
167.33531436
167.09852504
165.95196594
165.7774895
166.73710966000002
168.7685133
171.67229878
175.06212566000002
180.14686596
184.69571452
184.10997242000002
180.27149194
174.21466898
165.21667258
155.08457976
0.0
155.47092032
150.06215242
147.0711287
146.0242704
147.35776846000002
151.7944537
159.5586527
167.9833695
173.2924366
175.21167682
174.96242484
173.76601538
173.59153902
174.58854688
176.70718872
179.7605254
183.3123661
188.6338958
193.39460856
192.78394120000002
188.75852178
182.42752158000002
172.99333424
162.38766264
0.0
202.61693168
194.74056919999998
189.56859068
186.63987994000001
186.00428746
189.11993716
194.93997082
199.127404
206.54265028
214.86766628
221.24851694
227.00623756
232.57701924
237.99824974
242.74649992
245.93692516
246.78438192000002
246.85915746
249.73801778
248.34220676
243.85567116
236.97631662
226.79437334
214.51871356
0.0
407.41481808
406.13117048
404.623196
404.0499164
405.5454283
407.55190666
409.5957729
412.88589904
412.97313718
412.68649742
412.06336746
411.68948947999996
411.86396592
412.46217062
413.29716478
413.64611758
414.58081246
415.45319432
419.2792122
419.81510394
418.14511568
415.44073174000005
412.31261944
409.1221942
0.0
1072.7057313999999
1041.01334236
1024.76211344
1022.0951173999999
1035.3553224
1067.57114
1119.5401769999999
1173.1916652
1210.3925232
1227.752923
1228.3386648
1219.9637992
1209.9064816
1202.9398886
1200.1358044
1204.1736856
1215.8760666
1255.2703414
1279.1736058000001
1280.3450904
1261.514103
1221.783338
1161.6512986
1094.577592
0.0
60.78009446
59.957562942
59.69584836
59.745698756
60.418679092
61.789564964
64.182383942
66.637515906
67.484972622
66.849380082
65.665433198
64.50641151
64.132533544
64.120070946
64.356860322
64.718275688
65.254167434
66.313488336
67.79653760000001
67.759149804
67.061244268
65.79005919
63.584179192
61.365836602
0.0
1089.5551646000001
1051.706252
1030.6818479199999
1023.36630224
1032.7132514
1063.7825106
1118.194217
1177.2669348000002
1214.5051806000001
1227.9273994
1226.1826358
1217.8326942
1216.5490466
1223.5779522
1238.43337
1259.7693394
1284.6820748
1321.9577074000001
1355.3574726
1351.0828006000002
1322.904865
1278.4757
1212.4239261999999
1138.0222116
0.0
196.26100628
193.5940101
192.75901602000002
192.9085672
195.089522
199.52620716
207.22809320000002
215.19169388
217.90854044
215.8646742
212.02619374
208.31233934
207.07854202
207.06607944
207.80137278
208.99778226
210.6926957
214.11991042
218.93047353999998
218.80584756000002
216.55011712
212.43745956
205.33377822
198.16778384
0.0
34.346922356
33.013424282
32.141042368
31.64253841
31.530375026
32.053804174
33.05081208
33.761180214
35.007440093999996
36.428176364
37.499959856000004
38.484505164
39.431662674
40.341432394
41.151501312
41.68739306
41.836944248
41.849406848
42.335448198
42.098658822000004
41.3384403
40.166956006
38.447117366
36.365863368
0.0
273.75344576
263.12284896
256.13133102
252.16822456
251.3083053
255.50820106
263.37210094
269.04258336000004
279.05005026000003
290.3162396
298.91543276
306.70455702000004
314.2444293
321.54751226
327.97821319999997
332.27780986
333.42436888
333.52406967999997
337.41240052
335.53054814
329.4612625
320.17662636
306.43037986
289.84266082
0.0
278.15274314000004
268.48176644
263.12284896
261.2534591
263.63381552
271.57249096
285.45582602
300.53557065999996
310.04453351999996
313.47174816
313.02309464
310.8919902
310.56796268
312.36257692
316.15120693999995
321.59736262
327.95328802
337.47471356
345.99913108000004
344.91488502
337.72396554
326.37053798
309.50864178
290.51564114
0.0
237.0012418
233.7734287
232.77642084
232.9508972
235.58050554
240.93942308
250.24898434
259.8576481
263.13531156
260.6552544
256.03163022
251.5450946
250.06204537999997
250.0371202
250.92196474
252.38008878
254.423955
258.56153782
264.3691088
264.21955762
261.50271108
256.53013418
247.94340362
239.29435999999998
0.0
93.120538396
91.487937968
91.0143592
91.0143592
91.92412892
94.142471508
97.29550901200001
100.6728733
103.128005252
103.35233203599999
102.056221756
100.573172496
99.18982402
98.42960549600001
97.831400768
98.03080234800001
99.37676302
102.71673950399999
104.723217904
105.19679668
103.925611588
101.458017028
97.48244799199999
93.619042368
0.0
21.261193592
20.52590026
20.114634496
19.965083316
20.152022294000002
20.750227044
21.822010538
22.968569634
23.691400366
23.953114940000003
23.928189742
23.766175953999998
23.741250754000003
23.878339346
24.164979118
24.57624488
25.06228623
25.797579564
26.445634702
26.358396508000002
25.810042162
24.950122846
23.65401257
22.208351102
0.0
266.27588644
258.39952396
254.37410456
253.71358682
257.00371296
264.99223876
277.90349116
291.21354672
300.44833244
304.7603916
304.89748018
302.82868878
300.32370643999997
298.60386782
297.90596224
298.90297018
301.80675566
311.58989578
317.52209284
317.8087326
313.13525804
303.27734238
288.34714892
271.69711694
0.0
48.641523204
46.747208186
45.513410904
44.80304277
44.65349158
45.401247512000005
46.797058582000005
47.806529088
49.576218116
51.582696528
53.115596180000004
54.49894465
55.832442726000004
57.128553004000004
58.275112098
59.035330622000004
59.247194806
59.259657406
59.957562942
59.621072772
58.536826672
56.891763628
54.449094254
51.495458334
0.0
170.58805272
165.62793834000001
162.37520004
160.73013706
161.00431422
163.42205834
167.95844432
171.79692478
177.34278128
182.68923614
187.07607094
190.51574818
193.25751997999998
195.35123658
197.13338814
198.39211064
198.94046498
201.99380172
203.71364034
203.11543564000002
200.23657526
195.46339998
187.62442528
179.08754507999998
0.0
98.379755104
95.475969592
93.980457724
93.74366834
94.952540424
97.906176348
102.6793517
107.5896156
111.00436774
112.59958036
112.64943072
111.88921226
110.96697988
110.31892474
110.06967284000001
110.43108814
111.5153343
115.11702528000001
117.31044268
117.42260608000001
115.69030488
112.05122603999999
106.54275731999999
100.386233524
0.0
47.008922760000004
46.37333022
46.173928642
46.211316438
46.722282988
47.794066488
49.638531111999995
51.545308729999995
52.193363868
51.707322518
50.785090206
49.900245684
49.601143314
49.601143314
49.775619702
50.062259474
50.461062637999994
51.283594156
52.442615849999996
52.405228054
51.869336298
50.884790992
49.17741496
47.470038918
0.0
273.72852058
265.6402939
261.49024848
260.81726816
264.20709504
272.4199477
285.68015282
299.37654896
308.87304924
313.2972718
313.44682298000004
311.30325602
308.74842324
306.9662716
306.2434409
307.27783661999996
310.26886032
320.31371494
326.42038834
326.71949078
321.90892756
311.77683474
296.43537562
279.31176484
0.0
46.52288141
44.902743562
44.005436442
43.69387147
44.092674636
45.42617271
47.744216092
50.27412365
51.8568737
52.430153252000004
52.355377656
52.00642489
51.944111894
52.243214264
52.878806804
53.788576516
54.860360018
56.443110066
57.876308934
57.689369948
56.492960464
54.58618284400001
51.769635514
48.591672808000006
0.0
9.7831400768
9.5962010928
9.3843369144
9.359411717199999
9.4591125068
9.6709766872
10.1071676448
10.555821206
10.780147981999999
10.829998377999999
10.705372386
10.555821206
10.456120411999999
10.518433408
10.443657814
10.530896008000001
10.66798459
11.016937358
11.216338944
11.241264141999999
11.141563348
10.867386176
10.3938074176
9.795602674
0.0
161.9763969
156.34330226
153.21518996
152.13094382
153.51429232
158.1379165
166.2261431
175.0122753
180.54566912
182.53968497999998
182.2779704
181.04417308
180.84477154
181.89162983999998
184.09750982
187.27547248000002
190.97686436
196.52272086
201.48283516
200.84724262
196.65980944
190.05463206
180.23410418
169.17977904
0.0
79.611081278
76.520356774
74.488953164
73.329931478
73.08067949400001
74.314476784
76.59513237
78.240195414
81.156443538
84.434107028
86.93908938
89.194819772
91.388237164
93.519341564
95.38873139600001
96.63499126399999
96.971481432
96.996406628
98.130503132
97.58214878800001
95.81245976
93.108075808
89.120044184
84.297018438
0.0
749.50069324
723.4663243
708.9972470399999
703.9623571000001
710.39305812
731.7664150999999
769.20406198
809.8321341
835.4552373
844.6775604
843.4936135199999
837.7483555
836.8510483800001
841.6865367
851.9058677200001
866.5868090399999
883.72288248
909.370911
932.33948064
929.4107698
910.0189661200001
879.4606737199999
834.02203844
782.83814506
0.0
25.324000812
24.975048044
24.875347252
24.88780985
25.174449622
25.747729166
26.732274474
27.766670178
28.115622944000002
27.853908372
27.355404414
26.881825663999997
26.719811874
26.719811874
26.807050068000002
26.96906385
27.180928034
27.629581586
28.240248936
28.227786337999998
27.941146566
27.40525481
26.495485098
25.573252785999998
0.0
148.75357953999998
142.98339634
139.18230364
137.0262741
136.55269532
138.84581351999998
143.12048492
146.19874676
151.63243985999998
157.75157594
162.4250505
166.66233404000002
170.75006648
174.72563554
178.21516314000002
180.55813178
181.18126166000002
181.23111210000002
183.34975388
182.32782076
179.02523212
173.97787958
166.51278286
157.48986136
0.0
916.5369052
913.64558232
910.25575544
908.97210776
912.33700944
916.86093272
921.4596318399999
928.83749032
929.04935452
928.4012992
927.00548828
926.1580314400001
926.56929736
927.90279536
929.78464784
930.5697915999999
932.66350816
934.63259872
943.231792
944.42820148
940.6769592
934.59521096
927.5663052
920.38784824
0.0
190.41604744
183.01326368
178.15285018
175.39861586
174.80041108
177.71665924
183.18774012
187.1383839
194.09251406
201.93148876
207.91353618000002
213.33476670000002
218.56905816
223.65379846000002
228.12787148
231.11889517999998
231.9165015
231.99127712
234.695661
233.38708814
229.16226718000001
222.69417838
213.13536507999999
201.59499856
0.0
258.53661256
249.56354142
244.56603934
242.83373806
245.05208063999999
252.42993914
265.34119154
279.34915262
288.18513516
291.3755605
290.96429474
288.98274148
288.67117654000003
290.3411648
293.86808024
298.92789536000004
304.83516724000003
313.68361238
321.60982522
320.60035468
313.90793918
303.36458052
287.6990938
270.03959127999997
0.0
543.2696079
541.56223186
539.54329082
538.78307228
540.7770881399999
543.45654684
546.18585598
550.5602281800001
550.68485418
550.29851362
549.47598212
548.97747816
549.21426754
550.01187386
551.12104518
551.59462388
552.8284212
553.9874429
559.09710838
559.80747656
557.5766712999999
553.97498032
549.80000964
545.5502635199999
0.0
93.706280556
91.911666312
89.892725304
89.768099324
90.603093444
92.64695964799999
96.896705852
101.12152686
103.364794644
103.813448196
102.6170387
101.146452048
100.274070132
100.834887076
100.062205944
100.984438272
102.255623336
105.6454502
107.56469042
107.76409204
106.80447188000001
104.100087972
99.56370199199999
93.893219536
0.0
357.56442286000004
346.99613902
341.57490852
340.69006398
345.11428664000005
355.84458416
373.18005914
391.05142586
403.4517117
409.24682018
409.43375914
406.64213696
403.28969794
400.97165456
400.03695958
401.3829203
405.28371372
418.41929286
426.38289354
426.7692341
420.50054686
407.25280432
387.21294546
364.85504314
0.0
118.3448384
114.23218084
111.95152522000001
111.15391892
112.16338944
115.54075370000001
121.4480255
127.86626394
131.91660854
133.36226998
133.17533104
132.27802391999998
132.12847274
132.90115386
134.50882908
136.82687248000002
139.53125642
143.58160102000002
147.20821727999999
146.74710118000002
143.68130184
138.85827609999998
131.67981914
123.60405512
0.0
462.4745797
449.00251036
440.20391558
435.72984266000003
436.49006118
443.02046294
455.32104798
465.75224324
480.76967482000003
495.26367718
507.15299648
516.4999456
523.91519196
529.59813694
534.42116276
537.8483774
539.3314267000001
547.60659224
552.2551416199999
550.63500382
542.84587956
529.90970196
508.66097098
485.49299974
0.0
514.76764438
505.78211066
503.10265188
503.15250226
508.15000442
520.46305204
537.8483774
556.49242524
570.07665798
571.3229178
564.1693861
555.99392128
548.30449782
544.15445242
540.8394010999999
541.93610984
549.3887439
567.8458528
578.9375656999999
581.51732366
574.4759553600001
560.8792600400001
538.89523568
517.54680388
0.0
1751.0449847999998
1745.5365166000001
1739.0435023999999
1736.5883704
1743.0190711999999
1751.6556524
1760.4542472
1774.5494468000002
1774.9482494000001
1773.7144522
1771.0349932
1769.4273183999999
1770.2124622000001
1772.7672945999998
1776.3440607999999
1777.8644974000001
1781.8649918
1785.6162344
1802.0419394
1804.3350580000001
1797.1566008
1785.5414582
1772.1067774
1758.3979184
0.0
296.52261382
287.76140682
283.26240862
282.52711536
286.20358198
295.10187756
309.47125402
324.30174658
334.58339058
339.38149112
339.54350496
337.22546158
334.446302
332.51459916000005
331.74191804000003
332.86355196
336.10382766
346.98367642
353.5888538
353.91288142
348.71597764
337.73642814
321.11132124
302.5669742
0.0
531.31797564
512.86086674
502.61661052
499.0398447
503.60115586
518.75567602
545.28854894
574.0896148
592.24762126
598.7904856
597.94302894
593.88022174
593.2446292
596.6718438400001
603.92507636
614.31888376
626.46991762
644.6528492799999
660.94146596
658.86021196
645.1139654799999
623.44150614
591.2381507399999
554.94706298
0.0
384.38393551999997
373.19252172
365.87697626
362.16312178
362.78625174
368.21994482
378.43927587999997
387.11324465999996
399.58830606
411.63963912
421.52247996
429.28667904
435.45566548
440.1789904
444.19194722
447.03341976
448.26721708
455.14657162
459.00997728
457.66401656
451.19592776
440.44070497999996
422.78120246
403.52648726
0.0
501.30803764
486.49000767999996
478.90028496
477.65402512
483.86039926
498.91521869999997
523.19236118
548.2671100599999
565.6524354000001
573.76558718
574.03976434
570.12650834
565.4281086
562.17537032
560.85433486
562.74864982
568.21973078
586.62698922
597.7934777600001
598.34183208
589.54323732
570.9739651
542.8832673200001
511.5273687
0.0
491.93616336
474.83747778000003
465.35344008000004
462.05085136
466.26320979999997
480.29609603999995
504.85987836000004
531.52983978
548.3418856000001
554.39870866
553.61356494
549.84986008
549.2641179
552.4420806400001
559.14695884
568.7805476999999
580.0218118600001
596.85878286
611.9385274
610.00682458
597.2825112
577.23018968
547.4071907
513.8080242999999
0.0
69.815478604
67.111094664
65.32894303
64.319472524
64.095145748
65.166929248
67.173407652
68.61906912
71.173901876
74.040299604
76.233717002
78.227732814
80.146973032
82.016362854
83.64896329999999
84.745672008
85.044774372
85.06969956799999
86.054244876
85.58066612
84.035303864
81.654947488
78.15295722
73.92813622
0.0
13.509457126000001
13.32251814
13.260205144
13.272667744
13.422218932
13.733783904000001
14.25721305
14.805567404
14.992506384
14.855417800000001
14.593703218
14.331988646
14.244750452
14.244750452
14.294600848
14.381839042000001
14.494002434
14.730791810000001
15.067281978
15.054819378
14.90526819
14.618628418
14.132587068
13.63408311
0.0
826.43231572
802.36703744
786.63923768
778.6382493
779.99667254
791.67412762
813.65815196
832.3021998199999
859.134175
885.01899292
906.26772384
922.98006892
936.2153488
946.39729196
955.00894788
961.14054636
963.7826172800001
978.5757222
986.88827564
983.9844901199999
970.0762298
946.9456464
908.97210776
867.58381708
0.0
1161.7759246
1127.9399692
1105.8437816
1094.5900548
1096.4968319999998
1112.9225378
1143.8048574
1170.0261652000002
1207.737989
1244.1412404
1274.0016268
1297.493626
1316.1127484
1330.4198122
1342.5209956
1351.1326512
1354.8465059999999
1375.659046
1387.3365012000002
1383.2612314
1363.6949514
1331.1924933999999
1277.8151828
1219.6148462
0.0
780.32070014
757.60138244
742.75842728
735.19362974
736.47727744
747.5066773799999
768.2569043999999
785.86655656
811.1905574
835.64217624
855.70696044
871.4721478
883.9845971999999
893.59326088
901.7188751599999
907.51398376
910.00650348
923.97707668
931.82851396
929.08674228
915.95116308
894.11668992
858.26179304
819.1790831999999
0.0
313.67114978
309.40894097999995
308.07544292
308.29976963999997
311.78929732
318.88051608
331.1935637
343.91787708
348.26732412
344.98966064
338.84559938
332.925865
330.95677431999997
330.93184914
332.10333342
334.02257366000003
336.72695760000005
342.21050106
349.88746192
349.68806037999997
346.0863693
339.51857970000003
328.15268964
316.71202386
0.0
145.26405186
139.61849464
135.91710275999998
133.81092358
133.3498074
135.59307524000002
139.75558324000002
142.77153212
148.08059922
154.05018406
158.6239578
162.74907802
166.74957226
170.6254405
174.04019254
176.32084816
176.93151552
176.98136588
179.0501573
178.05314936
174.82533626
169.90260972000002
162.59952683999998
153.80093208
0.0
208.07554996
199.99978593999998
194.67825626
191.66230728
191.01425214
194.21714006
200.18672488
204.49878406
212.10096936000002
220.66277476
227.20563918
233.12537356
238.84570639999998
244.4040255
249.28936426
252.55456514000002
253.43940966
253.51418528
256.46782114
255.03462228
250.42346075999998
243.3571672
232.91350944
220.30135938
0.0
281.40548144
270.4757823
263.28486274
259.20959296
258.32474842
262.64927018
270.73749686
276.55753044000005
286.85163712
298.42939140000004
307.26537393999996
315.278825
323.01809888
330.53304598
337.13822336
341.56244591999996
342.7463928
342.84609362
346.84658784
344.91488502
338.67112302
329.11230969999997
314.99218523999997
297.93088742
0.0
43.644021074
43.045816332
42.858877354
42.89626515
43.3823065
44.366851808
46.074227848
47.843916883999995
48.454584225999994
47.993468066
47.14601135
46.323479822
46.049302649999994
46.036840052
46.19885384
46.473031012
46.846908978
47.607127502
48.678911002
48.653985804
48.155481854
47.233249536
45.650499486
44.067749436
0.0
17.185923774
16.886821402000002
16.799583216
16.799583216
16.961596997999997
17.37286276
17.958604904
18.581734844
19.030388404
19.067776202
18.830986818
18.556809646
18.307557671999998
18.17046908
18.058305695999998
18.095693494
18.344945468
18.955612809999998
19.329490776
19.416728969999998
19.179939586
18.731286034
17.995992700000002
17.273161968
0.0
417.2104208
404.88491056
398.56637294
397.53197724
402.67903057999996
415.21640502
435.4307403
456.29313074
470.76220792000004
477.51693646
477.74126326
474.48852498
470.57526896
467.85842242
466.77417636
468.34446379999997
472.89331236
488.2098463
497.50694504
497.96806114000003
490.64005308
475.19889316
451.80659512
425.70991322000003
0.0
54.386781266
53.639025336
53.414698558
53.452086348
54.062753698
55.28408838
57.427655374
59.633535372
60.381291296
59.808011752
58.74869085
57.726757746000004
57.377804978
57.377804978
57.577206564
57.913696732000005
58.387275482
59.334432991999996
60.667931068
60.63054327
60.00741333
58.860854242
56.891763628
54.910210414
0.0
135.69277596
131.67981914
129.62349032
129.2870002
130.96945104
135.04472082
141.61251042
148.40462675999999
153.10302656
155.29644396
155.37121952
154.31189862
153.04071353999998
152.16833160000002
151.8069163
152.31788283999998
153.80093208
158.78597163999999
161.80192054
161.95147169999998
159.57111536
154.54868802000001
146.94650272
138.45947296
0.0
121.61003934
117.3976809
115.04224974
114.23218084
115.26657653999999
118.74364154
124.81292718
131.40564198
135.56814998
137.06366186
136.86426024
135.92956536
135.79247678000002
136.5776205
138.23514616
140.61550250000002
143.39466208
147.55717008
151.28348714
150.80990836
147.65687088
142.6967565
135.33136058
127.03126976
0.0
64.618574894
62.101129936
60.45606689
59.52137198
59.321970394000004
60.3065157
62.16344293
63.509403604
65.864834776
68.519368326
70.550771936
72.39523655800001
74.177388194
75.897226834
77.417663888
78.427134392
78.701311566
78.726236764
79.648469076
79.19981552200001
77.766616656
75.573199264
72.332923572
68.407204942
0.0
536.52734194
526.27062312
514.6679435799999
513.94511288
518.74321344
530.4580563
554.78504922
578.96249088
591.7989677400001
594.36626304
587.51183368
579.09957946
574.0896148
577.3049653
572.8682800600001
578.18980976
585.49289272
604.84730866
615.82685824
617.0232677199999
611.51479908
596.0362513
570.06419538
537.611588
0.0
575.29848686
558.29950208
549.57568292
548.1549466600001
555.2710906
572.54425254
600.4106235
629.18676418
649.1393848800001
658.44894622
658.7605111600001
654.27397564
648.87767032
645.13889066
643.63091624
645.79940838
652.08055824
673.20466324
686.02867742
686.65180738
676.55710232
655.2460583
623.00531514
587.02579238
0.0
962.2372551599999
928.8125652
910.24329288
903.7876666
912.0379070399999
939.48054972
987.53633076
1039.69230672
1072.5935674
1084.4330361999998
1082.9001368
1075.5347412
1074.3881824
1080.5945562000002
1093.7176726
1112.561122
1134.5576093999998
1167.4837948
1196.9827665999999
1193.206599
1168.3312522
1129.0865282
1070.7491028
1005.0462821599999
0.0
1066.6862958
1035.62949968
1015.3403886399999
1005.00889428
1006.75365812
1021.83340268
1050.1982774
1074.2635556
1108.8971178
1142.3093456
1169.7395256
1191.2998212
1208.3985069999999
1221.5340862
1232.6382616
1240.5520122
1243.9667637999999
1263.071928
1273.7897628
1270.0509838
1252.0923786
1222.244454
1173.2290528
1119.8018918
0.0
82.091138448
78.900713152
76.80699654600001
75.623049662
75.36133508
76.620057568
78.975488738
80.68286478
83.686351096
87.06371538
89.643473332
91.973979312
94.229709704
96.423127096
98.354829908
99.63847758
99.987430356
100.012355552
101.18383983199999
100.62302288800001
98.803483468
96.01186134
91.886741116
86.914164184
0.0
1197.9423869999998
1163.0471102
1140.2654796
1128.6627998000001
1130.6318904
1147.5560998
1179.4105018
1206.4418794
1245.3376498
1282.862535
1313.6576164
1337.872446
1357.0773112000002
1371.833028
1384.3080892
1393.1939222
1397.0199402
1418.4805354
1430.5194061999998
1426.3195098
1406.142563
1372.618172
1317.5833354000001
1257.5759218
0.0
1.8818524220000001
1.8320020270000001
1.8070768296
1.7946142304
1.8195394277999999
1.8818524220000001
1.9690906142000002
2.0687914048000002
2.1311043988000002
2.1560295964
2.1560295964
2.1435669971999998
2.1311043988000002
2.1186417998
2.1061792014000003
2.1186417998
2.1435669971999998
2.205879992
2.255730387
2.255730387
2.2183425904000003
2.1435669971999998
2.0438662066
1.9192402186
0.0
98.08065274
94.678363256
92.78404822799999
92.1235305
92.95852462
95.762609348
100.660410692
105.9819404
109.33437948
110.53078896000001
110.38123778
109.63348184
109.50885584
110.14444838
111.47794644000001
113.39718668
115.64045451999999
119.00535612
122.0088425
121.62250194
119.09259433999999
115.0921001
109.13497785999999
102.44256233600001
0.0
1602.2415548
1555.5815854
1525.0980684
1509.5821326
1512.2117409999998
1534.8562836
1577.4659087999999
1613.6074456000001
1665.6263330000002
1715.8256807999999
1757.0145698
1789.4048638
1815.0902804000002
1834.8185740000001
1851.5059938
1863.395313
1868.5174413999998
1897.2063441999999
1913.3204842
1907.699852
1880.7183260000002
1835.8778956
1762.261324
1682.0146504000002
0.0
324.72547492
315.2663624
309.08491344
305.94433848
306.46776764000003
311.06646664
319.70304756
327.01859312
337.5619517
347.74389496
356.09383614
362.64916316
367.85852944
371.85902368
375.23638796
377.64166955999997
378.68852786
384.49609892
387.7612998
386.62720328
381.15612242
372.07088788
357.1531571
340.8894656
0.0
372.93080716
359.98216698
352.7787849
350.27380248000003
353.4766904
364.10728720000003
382.73887246
402.95320774
415.7024463
420.28868272
419.70294054
416.83654282
416.40035190000003
418.80563342
423.8903738
431.19345668
439.7178743
452.47957544
463.90777856
462.4496545
452.80360306
437.59923244000004
414.97961562
389.51852618
0.0
101.171377244
98.23020392800001
96.298501096
95.326418396
95.48843218
96.92163104
99.613552384
101.894207972
105.17187148
108.34983414
110.9545173
112.99838352
114.61852139999999
115.86478124
116.91163954000001
117.67185807999999
117.98342308
119.80296252
120.81243296000001
120.46348024
118.75610422
115.92709428
111.2785449
106.2062672
0.0
76.183866606
73.92813622
72.769114524
72.582175546
73.529333056
75.80998864
79.511380492
83.31247313200001
85.954544092
87.188341372
87.225729156
86.639987016
85.917156288
85.431114932
85.231713344
85.51835312
86.35334724
89.14496938
90.839882828
90.927121024
89.59362294
86.764613016
82.502404212
77.729228858
0.0
113.95800368
112.41264142
111.92660004
112.01383826
113.27256068
115.85231864000001
120.32639166
124.95001576
126.52030322
125.33635634
123.10555115999999
120.94952154
120.23915344
120.22669085999999
120.6504192
121.34832478000001
122.33287004
124.32688590000001
127.11850797999999
127.04373244
125.73515950000001
123.35480314
119.21722034000001
115.06717492
0.0
111.80197404
108.54923576
106.41813132
105.34634784
105.5208242
107.10357431999999
110.08213544
112.59958036
116.22619662
119.72818688
122.6070472
124.86277764
126.65739188
128.04074028
129.19976198
130.03475616
130.38370886
132.39018732
133.51182116
133.12548058
131.2436282
128.11551592
122.96846258
117.37275572
0.0
638.68326446
620.0890670399999
607.93803318
601.75658414
602.80344244
611.826364
628.8128862
643.21965042
663.95741486
683.9723486
700.38559128
713.29684362
723.52863726
731.39253714
738.0475648800001
742.78335246
744.82721868
756.2678843799999
762.68612274
760.45531756
749.6876321799999
731.81626548
702.47930788
670.48781668
0.0
351.54498758
341.15118018
335.82965048
334.95726854
339.30671558
349.86253674
366.89890936
384.47117366000003
396.67205798000003
402.35500296
402.541942
399.80017025999996
396.51004414000005
394.216926
393.3071563
394.62819174
398.46667213999996
411.37792454
419.20443658
419.59077714
413.42179078
400.39837495999996
380.69500622000004
358.71098195999997
0.0
426.25826756000004
418.09526532
408.8854048
408.31212519999997
412.1256805
421.42277924
440.76473258
459.96959736
470.16400322000004
472.19540678
466.76171368
460.06929816
456.09372912
458.6485619
455.12164643999995
459.35892998
465.15403846000004
480.52042284
489.244242
490.20386207999996
485.81702736
473.5289049
452.89084119999995
427.1181869
0.0
263.82075446
256.03163022
252.03113598
251.37061826
254.63581912
262.56203196
275.34865837999996
288.53408796
297.68163552
301.95630692000003
302.0933955
300.03706668
297.56947212
295.84963342
295.16419052
296.16119844
299.04005876
308.72349806
314.60584468
314.89248444
310.25639774
300.4857202
285.70507802000003
269.2045972
0.0
706.99076866
686.4025554
672.9429486600001
666.1009819
667.26000358
677.25500784
696.0486068600001
712.00073334
734.95684036
757.10287846
775.2858102
789.58041102
800.90891332
809.60780738
816.9732032000001
822.21995736
824.4756877
837.13768814
844.2538320599999
841.77377492
829.85953044
810.08138608
777.6038536
742.18514768
0.0
526.1709223
510.61759898
502.65399828
501.34542541999997
507.85090206
523.65347738
549.13949192
575.4605006200001
593.7057453
602.21770032
602.50434008
598.40414504
593.46895592
590.04174128
588.67085538
590.65240864
596.39766668
615.71469484
627.4420003800001
628.0152798800001
618.78049418
599.28898958
569.8024808
536.8887573200001
0.0
368.99262596
358.087852
352.49214514000005
351.58237544
356.14368658
367.2229369
385.09430362
403.55141252000004
416.35050144
422.32008628
422.5194879
419.64062758
416.1760251
413.78320616
412.8111234
414.20693450000005
418.23235389999996
431.77919878
440.00451404
440.4033172
433.93522839999997
420.26375754000003
399.57584346
376.50757304
0.0
125.04971658
120.18930308
116.99887776
115.19180092
114.79299775999999
116.712238
120.31392908000001
122.89368696
127.46746078
132.61451412
136.54023271999998
140.10453594
143.54421326000002
146.88418976
149.81290044
151.78199102
152.30542018
152.35527062
154.12495968
153.26504033999998
150.49834342
146.2485972
139.96744736
132.39018732
0.0
1199.1014086
1163.6702398
1145.4997712
1142.5212096
1157.351702
1193.3561506
1251.4567862000001
1311.4268112
1353.0145034000002
1372.4063078
1373.0668252
1363.7074134
1352.4661492
1344.6770254
1341.5364504
1346.0603732
1359.1461028
1403.1764644
1429.8962758
1431.2048492
1410.1555194
1365.75128
1298.5280218
1223.5405644
0.0
391.36299088000004
379.95971296
372.5195414
368.73091138
369.36650394
374.89989776000004
385.30616782000004
394.14215038
406.84153858
419.10473584
429.16205304
437.07580329999996
443.34449054000004
448.16751628
452.24278606
455.14657162
456.39283146
463.40927466
467.34745586
465.97656996
459.38385525999996
448.42923084
430.44570074
410.8420328
0.0
916.28765324
889.6052291999999
872.1700533600001
863.30914576
864.8046575200001
877.75329776
902.1176783999999
922.7931297599999
952.5413532800001
981.2551808
1004.80949276
1023.3289145599999
1038.02231844
1049.3009704
1058.8473216
1065.6394372
1068.5681482
1084.9813912
1094.1912514
1090.975901
1075.547204
1049.911638
1007.81297896
961.91322756
0.0
76.320955188
74.065224802
72.918665714
72.719264128
73.666421646
75.95953983
79.660931674
83.47448692
86.116557868
87.362817744
87.400205548
86.802000792
86.09163268
85.593128708
85.393727128
85.680366904
86.515361036
89.319445772
91.0143592
91.101597388
89.755636716
86.926626792
82.651955394
77.878780048
0.0
595.97393834
575.2735616800001
563.77058294
559.7700887
564.8797542799999
581.87873904
611.63942506
643.94248118
664.31883024
671.65930098
670.71214348
666.13836966
665.4404641599999
669.27894462
677.404559
689.0820141
702.7036346
723.0924463199999
741.3626162
739.03211022
723.6158754600001
699.31380772
663.1847337199999
622.48188598
0.0
715.8516764
694.69018362
683.84772262
682.06557096
690.92647878
712.42446176
747.0954116400001
782.90045802
807.72595492
819.3037091799999
819.70251234
814.11926808
807.40192738
802.75337802
800.87152556
803.5759095000001
811.3899589399999
837.67357988
853.6257064399999
854.41085
841.83608786
815.32814022
775.19857198
730.43291698
0.0
113.83337768
111.66488546000001
109.1972909
109.04773974
110.06967284000001
112.54973
117.70924584
122.84383658
125.56068314
126.10903746
124.65091342
122.86876178
121.80944088
122.4948838
121.54772632
122.68182282
124.22718508
128.32738004
130.65788602
130.9196006
129.74811632
126.47045284
120.94952154
114.070167
0.0
77.629528064
75.36133508
73.890748422
73.14299249
73.26761848199999
74.364327174
76.420655982
78.177882418
80.695327378
83.125534152
85.11954996
86.689837408
87.936097296
88.89571740800001
89.705786332
90.279065884
90.528317856
91.911666312
92.696810052
92.422632864
91.114059996
88.9455678
85.38126454
81.492933706
0.0
681.30535242
654.83479256
637.43700462
627.56662636
625.43552192
635.90410494
655.4703851
669.57804698
694.4907820000001
722.50670414
743.9299115599999
763.3092527
782.06546394
800.2483956
816.23790994
826.94328228
829.80968
830.05893198
839.72990868
835.05643414
819.95176432
796.82118096
762.61134718
721.32275726
0.0
202.52969346
194.66579358
189.49381514
186.56510438
185.92951184
189.03269896
194.8527326
199.05262838
206.45541206
214.78042814
221.14881612
226.91899934
232.48978102
237.89854892
242.6467991
245.82476176
246.6846811
246.75945666
249.63831704
248.24250596
243.75597036
236.87661581999998
226.70713522
214.43147534
0.0
1402.6156474000002
1361.152581
1339.90385
1336.4267848
1353.7747226
1395.8983062
1463.844395
1533.9839014
1582.637887
1605.3322792000001
1606.0924983999998
1595.1503366
1582.0022946
1572.8796726
1569.2156682
1574.4998102000002
1589.8038812
1641.3118024
1672.5680003999998
1674.1008998
1649.4748048000001
1597.5306925999998
1518.9041566
1431.1923864
0.0
182.43998416
177.05614152
174.28944452
173.82832842000002
176.08405875999998
181.56760222
190.40358486
199.52620716
205.85720738
208.81084332
208.91054404
207.48980778
205.78243174
204.58602228
204.11244349999998
204.79788648
206.79190226
213.49678046
217.55958764000002
217.75898926
214.55610134
207.80137278
197.56957916000002
186.16630124
0.0
915.32803316
888.67053424
871.2478211600001
862.39937592
863.8948878799999
876.83106528
901.1705208000001
921.82104712
951.53188268
980.2207852800001
1003.75017172
1022.2446684
1036.92560992
1048.1917992
1057.7256876
1064.5178032
1067.4340522
1083.8348316
1093.0322296
1089.829342
1074.4131072
1048.8024668
1006.74119556
960.8912944000001
0.0
876.89337836
850.97117276
837.68604246
835.5175503199999
846.36001128
872.6934826
915.17848188
959.02190468
989.44310844
1003.62554584
1004.1115871999999
997.26962032
989.0443052
983.34889764
981.05577936
984.35836796
993.92964396
1026.12053676
1045.66189164
1046.6215118
1031.23020228
998.75266964
949.60017988
894.76474504
0.0
391.07635104
375.8844431
365.90190144
360.23141896
359.0100843
365.0170569
376.24585848
384.34654766
398.64114858
414.73036364
427.0184861
438.14758684
448.90280964
459.3464674
468.53140274
474.675464
476.32052699999997
476.45761558
482.01593465999997
479.3240133
470.66250718000003
457.3773768
437.7487837
414.04492072
0.0
33.923193993999995
33.462077842
33.312526654
33.337451852
33.723792416
34.48401094
35.817509014
37.188394886
37.661973644
37.313020878
36.64004054
36.004448
35.792583816
35.792583816
35.917209808
36.116611385999995
36.415713764
37.001455908000004
37.836450024
37.811524825999996
37.425184262
36.714816136
35.493481444000004
34.247221564
0.0
113.73367688
111.73966102
111.15391892
111.1663815
112.26309016
114.99239938
118.83087976
122.94353740000001
125.9470237
126.22120086
124.63845084
122.84383658
121.13646056
120.21422826
119.4913975
119.72818688
121.37324996
125.46098232
127.90365170000001
128.4769313
126.91910644000001
123.91562006
119.05520656
114.34434424
0.0
9.1849353332
9.0229215472
8.985533752
8.985533752
9.0727719436
9.2846361228
9.5962010928
9.9326912628
10.1819432384
10.1944058364
10.0697798496
9.9202286628
9.7831400768
9.7083644824
9.6585140872
9.6709766872
9.808065273999999
10.132092843999999
10.3314944252
10.3813448196
10.256718830799999
10.007466855199999
9.6211262908
9.2347857276
0.0
13.210354756
12.973565372000001
12.911252376
12.911252376
13.035878368
13.359905938
13.796096898
14.282138248
14.631091016
14.656016214000001
14.481539834
14.26967565
14.070274072
13.95811068
13.883335092
13.908260282
14.095199269999998
14.56877802
14.855417800000001
14.917730788
14.743254408
14.39430164
13.833484696000001
13.285130342
0.0
3.6889292516000003
3.6141536584
3.539378066
3.5269154668
3.5643032634
3.6390788566
3.8135552396
3.9755690242
4.0628072165999995
4.087732414
4.0378820181999995
3.9755690242
3.9506438268
3.9631064260000004
3.9381812276000003
3.9755690242
4.02541942
4.1500454079999995
4.2372835996
4.2372835996
4.199895803
4.1001950132
3.9132560302
3.6889292516000003
