0.0
95.10870765
93.28457851
91.22954696
91.10255062
91.95688958
94.02346626
98.34134155
102.6245815
104.8989703
105.3607752
104.1485375
102.6476717
101.7586974
102.3359535
101.5508852
102.48604
103.7790936
107.2195397
109.15912
109.3784773
108.397142
105.6494032
101.054445
95.29342958
0.0
95.95150149
94.27745893
93.78101872
93.79256384
94.72771865
97.01365263
100.2578317
103.7329131
106.2728398
106.5037422
105.1645081
103.6405521
102.2089571
101.435434
100.8119975
101.0198097
102.4052242
105.8572154
107.9237921
108.397142
107.0925434
104.5526167
100.4540987
96.47103194
0.0
186.280529
185.6917278
185.0105657
184.7450279
185.42619
186.3497997
187.2849545
188.7858203
188.8204556
188.6934593
188.4048313
188.2431996
188.3240154
188.5895532
188.9705422
189.1321739
189.5593434
189.9634226
191.7067359
191.9491835
191.1872055
189.9518775
188.5202825
187.0655972
0.0
219.1033083
212.7188563
208.5510676
206.4267653
206.7846641
209.8903017
215.7090427
220.6618996
227.7736942
234.6314962
240.2655153
244.6988418
248.2085586
250.9101169
253.1845058
254.8123679
255.5166203
259.4419614
261.6355344
260.8735564
257.1791177
251.0486584
240.9813128
230.0134477
0.0
29.59014539
28.43563328
27.6852004
27.2464858
27.15412483
27.61592968
28.45872352
29.07061494
30.15585632
31.36809404
32.30324885
33.14604269
33.95420116
34.75081452
35.44352179
35.90532663
36.03232296
36.04386808
36.45949244
36.26322538
35.60515348
34.60072795
33.11140732
31.32191355
0.0
579.7267111
562.5937513
553.8194593
552.3763192
559.5458394
576.955882
605.0451616
634.0349607
654.1465617
663.5212
663.8329183
659.3187759
653.8810239
650.1057693
648.5933584
650.7753863
657.1021127
678.391316
691.3103065
691.9452882
681.7624914
660.3001112
627.8005953
591.5489151
0.0
40.74273237
39.53049466
38.91860324
38.81469715
39.32268248
40.54646531
42.52068102
44.55262234
45.97267223
46.63074413
46.65383438
46.33057099
45.94958199
45.6840442
45.58013811
45.73022469
46.18048441
47.66980503
48.5818696
48.62805009
47.91225258
46.39984171
44.11390773
41.57398109
0.0
162.2897673
156.6442031
153.5154753
152.4302339
153.8156485
158.445242
166.549917
175.3472993
180.9005026
182.8978085
182.6322707
181.3853976
181.2006757
182.2397366
184.4563999
187.6313082
191.3488372
196.9020404
201.8779876
201.2430059
197.0405819
190.4252275
180.5887843
169.505468
0.0
202.8015973
198.9224366
194.5352906
194.2582077
196.0823368
200.5041182
209.7055797
218.8377705
223.6867214
224.6565115
222.0704044
218.883951
217.0020963
218.214334
216.5402914
218.5491425
221.3084264
228.6164881
232.7727317
233.2229914
231.1448696
225.2914932
215.4781403
203.2056765
0.0
1029.09746
998.6760656
983.0901522
980.5386804
993.2614039
1024.167693
1074.019526
1125.487676
1161.173645
1177.82171
1178.387421
1170.363562
1160.71184
1154.027215
1151.325657
1155.204818
1166.43822
1204.225402
1227.154012
1228.285434
1210.21732
1172.106875
1114.415905
1050.0634
0.0
43.37501998
42.09351154
41.43543964
41.33153355
41.86260912
43.1672078
45.26841984
47.43890261
48.95131348
49.64402074
49.66711098
49.33230247
48.92822323
48.63959521
48.53568912
48.69732081
49.17067078
50.76389749
51.72214254
51.77986815
51.01789015
49.4015732
46.97709777
44.26399431
0.0
451.5874119
450.167362
448.4933195
447.8583378
449.5208353
451.7490436
454.0118874
457.6486005
457.7525066
457.4292432
456.7480811
456.3324567
456.5287238
457.1867957
458.1104054
458.5029395
459.5304553
460.5002454
464.7373049
465.3261061
463.4788867
460.4887003
457.0136189
453.4808118
0.0
761.7701806
739.2571945
727.7120734
725.8302186
735.2394923
758.1219223
795.0316745
833.119029
859.5458112
871.8644555
872.2800798
866.3343424
859.1994576
854.2466006
852.2492947
855.1240299
863.436517
891.4103455
908.3816735
909.2129222
895.843672
867.6389411
824.9335382
777.2983685
0.0
96.14776855
95.8475954
95.48969664
95.35115519
95.70905394
96.18240391
96.667299
97.44082211
97.46391235
97.39464162
97.24455505
97.15219408
97.19837457
97.33691602
97.53318308
97.62554405
97.84490135
98.04116841
98.95323297
99.06868418
98.67615007
98.04116841
97.30228066
96.55184778
0.0
41.49316524
40.05002511
39.25341175
38.97632884
39.3342276
40.51182995
42.58995175
44.84125036
46.24975514
46.76928559
46.70001486
46.37675147
46.33057099
46.59610877
47.16181971
47.9815233
48.92822323
50.34827313
51.61823645
51.45660476
50.38290849
48.68577569
46.18048441
43.34038462
0.0
8.832017644
8.670385948
8.624205464
8.624205464
8.716566433
8.924378613
9.224551761
9.547815152
9.778717574
9.801807816
9.674811484
9.536270031
9.397728578
9.328457851
9.270732246
9.293822488
9.42081882
9.73253709
9.928804149
9.974984633
9.847988301
9.617085879
9.236096882
8.878198128
0.0
170.5560741
164.6334269
161.3430674
160.2001004
161.6663308
166.5268268
175.0471262
184.2947682
190.1250543
192.2147212
191.9491835
190.6445848
190.4367726
191.5451042
193.8656736
197.2022136
201.1044645
206.9462958
212.1646905
211.5066186
207.0848372
200.1346743
189.7902458
178.1527637
0.0
102.4514047
98.46833789
95.8475954
94.3698199
94.0465565
95.61669297
98.56069886
100.6850011
104.4256204
108.6395896
111.8606784
114.781594
117.5986036
120.3347973
122.7361824
124.3524994
124.7796689
124.8143042
126.2689895
125.5647371
123.3018934
119.8152668
114.6776879
108.4664128
0.0
68.85510226
66.17663416
64.42177575
63.42889534
63.20953804
64.27168918
66.24590489
67.66595478
70.19433631
73.02289098
75.18182862
77.14449921
79.03789907
80.87357333
82.48989028
83.57513166
83.86375969
83.88684993
84.86818523
84.39483526
82.87087928
80.52721969
77.07522848
72.89589464
0.0
466.3998023
452.6149277
445.5493136
444.3948015
450.167362
464.1715939
486.7653959
510.0865406
526.2612552
533.8117644
534.0657571
530.429044
526.0534431
523.0286213
521.8048385
523.5596969
528.6510953
545.7725099
556.174664
556.6826493
548.4971585
531.2256573
505.075958
475.9129821
0.0
139.0148032
137.1214033
136.5326022
136.6365083
138.1835545
141.3238274
146.7846697
152.4186888
154.346724
152.8920388
150.1789353
147.5466477
146.6807636
146.6576734
147.1887489
148.0315428
149.2322354
151.6682559
155.0625215
154.9817057
153.388479
150.4675633
145.4338905
140.3655824
0.0
92.3494237
91.10255062
90.71001651
90.77928723
91.80680301
93.88492481
97.52163796
101.2622572
102.5437656
101.5739755
99.77293657
98.02962329
97.44082211
97.44082211
97.77563062
98.34134155
99.14950003
100.7542719
103.0171156
102.95939
101.8972389
99.96920363
96.62111851
93.24994315
0.0
137.5485728
132.7688927
130.1135148
129.1899051
130.3675075
134.2928487
141.1621957
148.620344
153.3192082
155.016341
154.7969837
153.7348326
153.5732009
154.4621752
156.34403
159.0340432
162.1743161
166.8847255
171.0986947
170.5560741
167.0001768
161.3892479
153.0536705
143.667487
0.0
144.0253858
139.0148032
136.2439741
135.274184
136.5095119
140.619575
147.8121855
155.6166873
160.5349089
162.3128576
162.0819552
160.9736235
160.8119918
161.7356015
163.6982721
166.5268268
169.8171863
174.746953
179.1571893
178.5914783
174.8624042
168.9974827
160.257826
150.432928
0.0
187.7005789
180.4040624
175.6128371
172.8997336
172.3109325
175.1972127
180.5887843
184.467945
191.337292
199.0494329
204.9605349
210.2943809
215.45505
220.4771777
224.8758688
227.8314198
228.6164881
228.6857588
231.3526818
230.0596282
225.9033846
219.5304778
210.0981138
198.7261695
0.0
377.421554
376.2324065
374.8354468
374.3043713
375.6897858
377.5485503
379.4419502
382.4898621
382.570678
382.3051402
381.7278841
381.3815305
381.5431622
382.097328
382.8708511
383.1941145
384.0599986
384.8681571
388.4125093
388.9089495
387.3619032
384.856612
381.9587866
379.0032356
0.0
993.7347538
964.3755109
949.3206729
946.850017
959.1340259
988.9781639
1037.121319
1086.823065
1121.285252
1137.367605
1137.910226
1130.151905
1120.834992
1114.381269
1111.783617
1115.524236
1126.365105
1162.859233
1185.002775
1186.088017
1168.643339
1131.837492
1076.132283
1013.996441
0.0
56.30555562
55.54357763
55.30113008
55.34731057
55.97074711
57.24071043
59.45737368
61.73176254
62.51683077
61.9280296
60.83124309
59.75754683
59.4111932
59.39964807
59.61900538
59.95381389
60.4502541
61.43158939
62.8054588
62.77082344
62.12429665
60.9466943
58.90320787
56.84817631
0.0
1009.343758
974.2812248
954.8046055
948.0276194
956.6864602
985.4684471
1035.874446
1090.59832
1125.095142
1137.529237
1135.91292
1128.177689
1126.988542
1133.49999
1147.261774
1167.027022
1190.105719
1224.637176
1255.5781
1251.618124
1225.514605
1184.356248
1123.167107
1054.242734
0.0
181.8125671
179.3419112
178.5683881
178.7069296
180.7273257
184.8373889
191.9722737
199.3496061
201.8664425
199.9730426
196.4171453
192.9766992
191.8337322
191.8221871
192.5033493
193.6116809
195.1818174
198.3567257
202.8131424
202.6976912
200.6080243
196.7981343
190.2174153
183.5789707
0.0
31.81835376
30.5830258
29.77486732
29.31306248
29.20915639
29.69405148
30.61766117
31.27573307
32.43024518
33.74638898
34.7392694
35.65133397
36.52876317
37.37155701
38.12198988
38.61843009
38.75697154
38.76851666
39.21877639
38.99941909
38.2951667
37.20992531
35.6166986
33.68866338
0.0
253.6001301
243.7521418
237.2753289
233.6039804
232.807367
236.6980729
243.9830443
249.2360744
258.5068066
268.9435961
276.9097297
284.1254303
291.1102286
297.8756696
303.8329521
307.8160188
308.87817
308.970531
312.5726087
310.8292955
305.2068215
296.6057063
283.8714377
268.5048815
0.0
257.6755579
248.7165439
243.7521418
242.0203737
244.2254918
251.579734
264.4409989
278.4105954
287.2195228
290.3944311
289.9788067
288.004591
287.7044179
289.3669153
292.8766321
297.9218501
303.8098618
312.6303343
320.5271972
319.5227716
312.8612368
302.3436314
286.7230826
269.128318
0.0
219.553568
216.5633816
215.639772
215.8014037
218.2374242
223.2018263
231.8260317
240.7273201
243.763687
241.4662079
237.1829679
233.0267243
231.6528549
231.6297647
232.4494683
233.8002475
235.6936473
239.5266275
244.906654
244.7681125
242.2512761
237.6447728
229.6901843
221.6778703
0.0
86.26514488
84.75273402
84.31401941
84.31401941
85.15681326
87.21184481
90.13276045
93.26148827
95.53587713
95.74368931
94.54299671
93.1691273
91.88761886
91.18336647
90.62920066
90.8139226
92.06079567
95.15488813
97.01365263
97.45236723
96.27476488
93.9888309
90.30593727
86.72694973
0.0
19.6959766
19.01481446
18.63382546
18.49528401
18.66846082
19.22262664
20.21550705
21.27765819
21.94727522
22.18972276
22.16663252
22.01654594
21.9934557
22.12045203
22.38598982
22.76697882
23.21723854
23.89840068
24.49874698
24.41793113
23.9099458
23.11333245
21.91263985
20.57340581
0.0
246.6730575
239.3765409
235.6474668
235.0355754
238.0834874
245.48391
257.4446555
269.7748448
278.3297795
282.3243915
282.4513878
280.5348977
278.2143283
276.6211016
275.9745748
276.8981845
279.5881978
288.6511178
294.1465955
294.4121332
290.0827128
280.950522
267.119467
251.6951852
0.0
45.06060766
43.30574926
42.16278227
41.50471037
41.36616891
42.05887618
43.35192974
44.28708455
45.92649175
47.78525625
49.20530614
50.48681458
51.72214254
52.92283514
53.98498628
54.68923866
54.88550572
54.89705084
55.54357763
55.23185936
54.22743382
52.70347783
50.4406341
47.7044404
0.0
158.0296177
153.4346595
150.4213829
148.8974269
149.1514195
151.391173
155.5935971
159.1494944
164.2870733
169.2399302
173.3038129
176.4902663
179.0301929
180.9697733
182.6207256
183.7867828
184.2947682
187.1233228
188.7165495
188.1623837
185.4954608
181.0736794
173.8117982
165.9033902
0.0
91.13718599
88.44717277
87.06175824
86.84240094
87.96227768
90.69847138
95.12025277
99.66903048
102.8323937
104.3101692
104.3563496
103.6520973
102.7977583
102.197412
101.9665096
102.3013181
103.3057436
106.6422836
108.6742249
108.778131
107.1733592
103.8021838
98.69924031
92.99595048
0.0
43.5481968
42.95939562
42.77467369
42.80930905
43.28265901
44.27553943
45.98421735
47.75062088
48.35096718
47.90070746
47.04636849
46.2266649
45.94958199
45.94958199
46.11121369
46.37675147
46.74619535
47.50817334
48.5818696
48.54723424
48.05079403
47.13872946
45.55704787
43.97536628
0.0
253.5770399
246.0842563
242.239731
241.6162944
244.7565674
252.3648022
264.648811
277.3368991
286.1342814
290.2327994
290.3713409
288.38558
286.0188302
284.3678779
283.6982609
284.6565059
287.427335
296.7327026
302.3898119
302.6668948
298.2104781
288.8242946
274.6122506
258.7492542
0.0
43.09793708
41.59707133
40.76582261
40.47719459
40.84663846
42.08196642
44.22935895
46.57301853
48.03924891
48.57032448
48.50105375
48.17779036
48.12006476
48.39714766
48.98594884
49.82874268
50.8216231
52.28785348
53.6155424
53.44236559
52.33403396
50.56763043
47.95843306
45.01442718
0.0
9.062920066
8.889743249
8.693476191
8.670385948
8.762746917
8.959013976
9.363093214
9.778717574
9.986529754
10.03271024
9.917259027
9.778717574
9.686356605
9.744082211
9.674811484
9.755627332
9.882623664
10.20588706
10.39060899
10.41369923
10.32133827
10.0673456
9.628631
9.074465187
0.0
150.051939
144.8335442
141.9357188
140.9312933
142.2128017
146.4960417
153.9888253
162.1281356
167.2541694
169.1013888
168.8589413
167.7159743
167.5312523
168.5010425
170.5445289
173.4885348
176.9174358
182.0550147
186.6499729
186.0611717
182.182011
176.0630968
166.9655414
156.725019
0.0
73.75023361
70.88704357
69.00518883
67.93149257
67.70059015
68.84355714
70.9563143
72.48027028
75.18182862
78.21819547
80.53876481
82.62843173
84.66037305
86.63458876
88.36635692
89.52086903
89.8325873
89.85567754
90.90628356
90.39829824
88.75889104
86.25359976
82.55916101
78.09119914
0.0
694.3235831
670.2058251
656.8019395
652.1377106
658.0949931
677.8948758
712.5764196
750.2135144
773.9502834
782.493673
781.3968865
776.0745857
775.2433369
779.7228439
789.1898432
802.7899959
818.6645374
842.4243966
863.7020548
860.9889514
843.0247429
814.716106
772.6225945
725.2067821
0.0
23.45968608
23.13642269
23.04406172
23.05560684
23.32114463
23.8522202
24.76428477
25.72252982
26.04579321
25.80334567
25.34154082
24.90282622
24.75273964
24.75273964
24.83355549
24.98364207
25.17990913
25.59553349
26.16124442
26.1496993
25.88416151
25.38772131
24.54492746
23.6905885
0.0
137.8025655
132.4571744
128.9359125
126.9386065
126.4998919
128.6241942
132.5841707
135.4358157
140.4694885
146.1381429
150.4675633
154.3929045
158.1797042
161.8625979
165.0952318
167.2657145
167.8429706
167.8891511
169.8518217
168.9051217
165.8456646
161.1698906
154.2543631
145.8956954
0.0
849.0628413
846.3843732
843.2441002
842.0549528
845.1721355
849.3630144
853.6231641
860.4578758
860.6541429
860.0537966
858.760743
857.9756748
858.3566638
859.5919917
861.335305
862.0626476
864.002228
865.8263571
873.7924907
874.9008223
871.4257409
865.7917218
859.2802735
852.6302837
0.0
176.3979053
169.5401034
165.0375062
162.4860344
161.9318686
164.6334269
169.7017351
173.3615385
179.8037161
187.0655972
192.6072554
197.629383
202.4783339
207.1887433
211.3334418
214.1042709
214.8431586
214.9124293
217.4177206
216.2054829
212.2916868
206.299769
197.4446611
186.753879
0.0
239.5035373
231.1910501
226.5614565
224.9566847
227.0117162
233.8464279
245.8071734
258.7838895
266.9693804
269.9249314
269.5439424
267.7082681
267.4196401
268.9666863
272.2339556
276.9212748
282.3936622
290.5906982
297.9333952
296.9982404
290.7985103
281.0313379
266.5191207
250.1596841
0.0
503.2749191
501.6932375
499.8229279
499.1186755
500.9658949
503.4480959
505.9764775
510.028815
510.1442662
509.7863674
509.0243894
508.5625846
508.7819419
509.5208296
510.5483454
510.98706
512.130027
513.2037233
517.9372229
518.5952948
516.5287181
513.1921781
509.3245626
505.3876763
0.0
86.80776557
85.14526813
83.27495852
83.1595073
83.93303042
85.82643028
89.76331658
93.67711263
95.75523443
96.17085879
95.06252716
93.70020287
92.89204439
93.41157484
92.69577734
93.5501163
94.72771865
97.86799159
99.64594024
99.83066218
98.94168785
96.43639657
92.23397249
86.98094239
0.0
331.2410696
321.4508069
316.4286792
315.6089756
319.7074936
329.6478429
345.7071063
362.26281
373.7502055
379.1186868
379.2918636
376.7057565
373.6001189
371.4527264
370.5868423
371.8337154
375.4473383
387.6158959
394.9932283
395.351127
389.5439311
377.2714674
358.7069127
337.9949654
0.0
109.63247
105.82258
103.7098229
102.9709351
103.9060899
107.0348177
112.5072051
118.4529425
122.2051069
123.5443409
123.3711641
122.5399154
122.4013739
123.1171714
124.6064921
126.7538846
129.2591759
133.0113402
136.3709705
135.943801
133.1037012
128.6357393
121.9857496
114.5045111
0.0
428.427899
415.9476231
407.7967676
403.6520691
404.3563215
410.405965
421.8009995
431.4642659
445.3761368
458.8031126
469.8171582
478.475999
485.345346
490.6099213
495.0778831
498.2527914
499.6266609
507.2926213
511.5989514
510.0980857
502.882385
490.8985493
471.2141178
449.7517377
0.0
476.8712272
468.5471948
466.0649938
466.1111743
470.7407679
482.1473475
498.2527914
515.5242926
528.1084746
529.2629867
522.6360872
515.0624878
507.939148
504.0946227
501.0236205
502.0395912
508.9435736
526.0418979
536.3170557
538.7068958
532.1839024
519.5881752
499.2225816
479.4457892
0.0
1622.135695
1617.032752
1611.017744
1608.743355
1614.700637
1622.701406
1630.852262
1643.909794
1644.279238
1643.136271
1640.65407
1639.164749
1639.892092
1642.258842
1645.572291
1646.980796
1650.68678
1654.161861
1669.378331
1671.502633
1664.852644
1654.092591
1641.64695
1628.947317
0.0
274.6930664
266.5768463
262.4090575
261.7278954
265.1337061
273.3769226
286.6884472
300.4271413
309.9518663
314.3967379
314.5468244
312.3994319
309.8248699
308.0353761
307.3195786
308.3586395
311.360371
321.4392617
327.5581759
327.8583491
323.0440336
312.8727819
297.4715903
280.2924501
0.0
492.203148
475.1048236
465.6147341
462.3012843
466.5267986
480.5656659
505.1452287
531.8260036
548.6472451
554.7084336
553.9233654
550.1596559
549.5708547
552.745763
559.4650235
569.0936545
580.3501476
597.1944793
612.2839526
610.3559173
597.6216488
577.5446832
547.7120902
514.0926976
0.0
356.0861702
345.7186514
338.9416653
335.5012193
336.0784753
341.1121481
350.5791474
358.6145517
370.1712179
381.33535
390.4906311
397.6832415
403.3980765
407.7736774
411.4912064
414.123494
415.266461
421.6393678
425.2183553
423.9714823
417.9795644
408.0161249
391.6566883
373.8194762
0.0
464.4024964
450.6753474
443.6443686
442.4898565
448.2393268
462.1858331
484.675729
507.9045127
524.0099566
531.5258305
531.7798231
528.1546551
523.8021444
520.7888678
519.565085
521.3199434
526.3882516
543.4403954
553.7848239
554.2928093
546.1419538
528.9397233
502.9170204
473.8694957
0.0
455.7205653
439.8806591
431.094822
428.0353649
431.9376158
444.9374222
467.6928559
492.399415
507.9737834
513.5847123
512.8573696
509.3707431
508.8281224
511.7721283
517.9834034
526.907782
537.3214813
552.9189399
566.8885364
565.0990426
553.311474
534.7353741
507.1078993
475.9822528
0.0
64.67576842
62.17047714
60.51952482
59.58437001
59.37655783
60.36943825
62.22820274
63.56743679
65.93418662
68.58956447
70.62150579
72.46872516
74.24667381
75.97844198
77.49085284
78.5068235
78.78390641
78.80699665
79.71906122
79.28034661
77.8487516
75.64363347
72.39945444
68.48565838
0.0
12.51491128
12.34173446
12.28400885
12.29555397
12.43409543
12.72272346
13.20761854
13.71560387
13.88878069
13.76178435
13.51933681
13.27688927
13.19607342
13.19607342
13.24225391
13.32306975
13.42697584
13.64633314
13.95805141
13.94650629
13.80796484
13.54242705
13.09216733
12.63036249
0.0
765.5916157
743.2979869
728.728044
721.3160763
722.5744945
733.3922729
753.7578666
771.0293677
795.8860135
819.86523
839.5496615
855.0316689
867.2925875
876.7249514
884.7026301
890.3828297
892.8303954
906.5344541
914.2350499
911.5450367
898.6606815
877.2329368
842.0549528
803.7136056
0.0
1076.247734
1044.902731
1024.433231
1014.007986
1015.77439
1030.99086
1059.59967
1083.890605
1118.826141
1152.54944
1180.21155
1201.974103
1219.222514
1232.476313
1243.686626
1251.664304
1255.10475
1274.385103
1285.202881
1281.427627
1263.301786
1233.192111
1183.744357
1129.828641
0.0
722.8746676
701.8279118
688.0776726
681.0697841
682.2589316
692.4763638
711.6989904
728.0122465
751.4719326
774.1234602
792.7111052
807.3156834
818.906985
827.8082733
835.3356923
840.7041736
843.0131978
855.9552786
863.2287049
860.6887782
848.5202206
828.2931684
795.077855
758.8723552
0.0
290.579153
286.6307216
285.3953937
285.6032058
288.8358398
295.4050137
306.8115933
318.599162
322.6284092
319.5920424
313.9002977
308.4163651
306.592236
306.5691458
307.6543872
309.4323358
311.9376271
317.0174804
324.129275
323.944553
320.608013
314.5237342
303.9945838
293.3961626
0.0
134.5699316
129.3399917
125.9110907
123.9599653
123.5327958
125.6109176
129.466988
132.2609074
137.1791289
142.709242
146.9463014
150.7677365
154.4737204
158.064253
161.2276162
163.3403734
163.9060843
163.9522648
165.8687549
164.9451452
161.9549588
157.394636
150.629195
142.4783395
0.0
192.7573419
185.2761035
180.3463367
177.5524174
176.9520711
179.9191673
185.4492803
189.4438922
196.4864161
204.4179142
210.4791028
215.9630354
221.2622459
226.4113699
230.9370574
233.9618792
234.7815827
234.8508535
237.5870472
236.2593583
231.9876634
225.4415798
215.7667683
204.0831057
0.0
260.6888345
250.5637633
243.9022284
240.1269738
239.3072702
243.3134272
250.8062108
256.1977824
265.7340524
276.4594699
284.6449608
292.0684737
299.2379939
306.1997019
312.3186161
316.4171341
317.5139206
317.6062815
321.3122654
319.5227716
313.738666
304.8835581
291.8029359
275.9976651
0.0
40.4310141
39.87684829
39.70367147
39.73830684
40.18856656
41.10063113
42.68231272
44.32171991
44.88743085
44.46026137
43.67519313
42.91321514
42.65922248
42.64767735
42.79776393
43.05175659
43.39811023
44.10236261
45.09524303
45.07215279
44.61034794
43.75600898
42.2897786
40.82354822
0.0
15.920722
15.64363909
15.56282325
15.56282325
15.71290982
16.09389882
16.63651951
17.21377556
17.62939992
17.66403529
17.44467799
17.19068532
16.9597829
16.83278657
16.72888048
16.76351584
16.99441826
17.5601292
17.90648283
17.98729868
17.76794138
17.35231702
16.67115487
16.00153785
0.0
386.4960192
375.0778944
369.224518
368.2662729
373.034408
384.6487998
403.3749862
422.7015189
436.1054045
442.3628602
442.5706724
439.5573958
435.9322277
433.4153913
432.4109658
433.865651
438.0796203
452.2685741
460.8812344
461.3084039
454.5198727
440.2154677
418.5452753
394.3697918
0.0
50.38290849
49.69020123
49.48238905
49.51702441
50.08273534
51.21415721
53.19991804
55.24340448
55.93611174
55.40503617
54.42370088
53.47700095
53.15373756
53.15373756
53.3384595
53.65017777
54.08889237
54.96632157
56.20164953
56.16701417
55.58975811
54.52760697
52.70347783
50.86780358
0.0
125.7032786
121.9857496
120.0808046
119.7690863
121.3276777
125.1029323
131.1872111
137.4793021
141.8318127
143.8637541
143.9330248
142.9516895
141.7740871
140.9659287
140.6311202
141.1044701
142.4783395
147.096388
149.8903073
150.0288487
147.8237306
143.1710468
136.1285229
128.2662955
0.0
112.6572917
108.7550408
106.5730129
105.82258
106.7808251
110.0019139
115.6243878
121.7317569
125.5878274
126.9732419
126.78852
125.9226359
125.7956395
126.5229822
128.0584833
130.2636014
132.8381634
136.6942339
140.1462251
139.7075105
136.7865948
132.1916366
125.3684701
117.6794194
0.0
59.86145292
57.52933846
56.00538247
55.13949839
54.95477645
55.86684102
57.58706406
58.83393714
61.01596503
63.47507582
65.35693056
67.06560849
68.7165608
70.30978752
71.71829229
72.6534471
72.90743977
72.93053001
73.78486897
73.36924461
72.04155568
70.00961437
67.00788288
63.37116973
0.0
497.0290086
487.5273739
476.7788662
476.1092492
480.5541208
491.4065346
513.942611
536.340146
548.2316207
550.6099156
544.260099
536.4671423
531.8260036
534.8046449
530.6945817
535.6243485
542.3897894
560.3193625
570.4906142
571.5989458
566.4960023
552.1569619
528.0969295
498.0334341
0.0
532.9458804
517.1983352
509.1167504
507.8006066
514.3928707
530.3944086
556.2092994
582.866984
601.3507229
609.9749284
610.2635564
606.1073128
601.1082753
597.644739
596.2477794
598.2566304
604.0753715
623.6443517
635.5242814
636.1015374
626.7499893
607.0078322
577.1406039
543.8098393
0.0
891.3988004
860.4347856
843.2325551
837.2521824
844.8950526
870.3174092
914.8353962
963.151728
993.6308477
1004.598713
1003.178663
996.3554963
995.2933452
1001.042815
1013.199828
1030.656051
1051.03319
1081.5354
1108.862701
1105.36453
1082.320468
1045.964882
991.9221698
931.0562913
0.0
988.1584603
959.3880185
940.5925614
931.021656
932.6379729
946.6075695
972.8842651
995.177894
1027.261785
1058.214255
1083.625067
1103.598126
1119.438032
1131.60659
1141.893293
1149.224445
1152.387808
1170.086479
1180.015283
1176.551746
1159.915227
1132.264662
1086.857701
1037.363766
0.0
76.04771271
73.0921617
71.15258136
70.05579485
69.81334731
70.97940454
73.16143243
74.74311402
77.52548821
80.65421603
83.04405609
85.20299374
87.29266066
89.32460197
91.11409574
92.30324322
92.62650661
92.64959685
93.73483823
93.21530779
91.5297201
88.94361298
85.12217789
80.51567457
0.0
1109.751676
1077.425337
1056.320855
1045.572348
1047.396477
1063.074751
1092.584081
1117.625448
1153.657771
1188.420131
1216.948125
1239.380296
1257.171327
1270.840751
1282.397417
1290.629088
1294.17344
1314.054139
1325.206726
1321.31602
1302.624469
1271.568093
1220.584838
1164.99508
0.0
1.743313287
1.697132802
1.67404256
1.662497439
1.685587681
1.743313287
1.824129134
1.916490103
1.974215709
1.997305951
1.997305951
1.98576083
1.974215709
1.962670588
1.951125466
1.962670588
1.98576083
2.043486435
2.08966692
2.08966692
2.055031556
1.98576083
1.893399861
1.77794865
0.0
90.86010308
87.70828502
85.95342661
85.34153519
86.11505831
88.71271056
93.24994315
98.17970986
101.2853474
102.3936791
102.2551376
101.5624303
101.4469791
102.0357803
103.2711083
105.0490569
107.1271787
110.2443614
113.0267356
112.6688368
110.3251773
106.6191934
101.1006255
94.90089547
0.0
1484.286949
1441.062016
1412.82265
1398.448974
1400.884995
1421.86248
1461.335249
1494.8161
1543.005435
1589.509183
1627.665808
1657.671578
1681.466073
1699.742
1715.200917
1726.214962
1730.960007
1757.536876
1772.464717
1767.257868
1742.262681
1700.723335
1632.526304
1558.18727
0.0
300.8196755
292.0569285
286.3305485
283.421178
283.906073
288.1662227
296.1669917
302.9439777
312.7111502
322.1435141
329.8787453
335.951479
340.7773396
344.4833235
347.6120513
349.8402597
350.8100498
356.1900763
359.214898
358.164292
353.0959838
344.6795905
330.8600806
315.7936975
0.0
345.4762039
333.4808231
326.8077431
324.4871737
327.4542698
337.3022581
354.5622142
373.2884006
385.0990595
389.3476641
388.8050434
386.1496655
385.7455863
387.9737947
392.6842041
399.449645
407.3465079
419.1687119
429.7555879
428.4048088
419.468885
405.3838373
384.4294425
360.8427601
0.0
93.72329311
90.99864453
89.20915076
88.30863132
88.45871789
89.78640682
92.28015298
94.39291014
97.42927699
100.3732829
102.7862132
104.679613
106.1804788
107.3349909
108.3047811
109.0090335
109.2976615
110.9832492
111.918404
111.5951406
110.013459
107.3927165
103.0863863
98.38752204
0.0
70.5753253
68.48565838
67.41196212
67.2387853
68.11621451
70.22897167
73.65787264
77.17913457
79.62670025
80.76966724
80.8043026
80.26168191
79.59206488
79.14180516
78.95708322
79.22262101
79.99614412
82.58225125
84.15238772
84.23320357
82.99787561
80.37713312
76.4287017
72.00692032
0.0
105.5685874
104.1369923
103.6867326
103.7675485
104.9336057
107.3234458
111.4681442
115.7513842
117.2060694
116.1092829
114.0427063
112.0454003
111.3873284
111.3757833
111.7683174
112.4148442
113.3269087
115.1741281
117.7602353
117.6909645
116.4787268
114.2736087
110.4406285
106.5961031
0.0
103.5712814
100.5580048
98.5837891
97.59090868
97.75254038
99.21877076
101.9780547
104.3101692
107.6697994
110.9139784
113.5809014
115.6705683
117.3330658
118.6145742
119.6882705
120.4617936
120.785057
122.6438215
123.6828824
123.3249836
121.5816703
118.6838449
113.9157099
108.7319505
0.0
591.6643663
574.4390456
563.1825525
557.4561725
558.4259626
566.7846303
582.5206304
595.8667904
615.0778719
633.6193364
648.8242609
660.7850063
670.2635508
677.5485222
683.7136168
688.1007629
689.9941627
700.5925839
706.5383213
704.4717446
694.4967599
677.9410563
650.7638412
621.1275153
0.0
325.6647761
316.0361451
311.1063784
310.2982199
314.3274671
324.1061847
339.8883653
356.166986
367.4696596
372.7342348
372.9074116
370.367485
367.319573
365.1952707
364.3524769
365.5762597
369.132157
381.0929025
388.3432385
388.7011373
382.9863023
370.9216508
352.6688143
332.3032207
0.0
394.8777771
387.3157228
378.7838783
378.2528027
381.7856098
390.3982701
408.316298
426.1073297
435.5512387
437.4330935
432.3994207
426.1996906
422.516797
424.8835468
421.6162776
425.5416187
430.9101
445.1452344
453.2268191
454.1157935
450.0519108
438.6684214
419.5497009
395.6743904
0.0
244.3986686
237.1829679
233.4769841
232.8650926
235.8899144
243.2326114
255.0779056
267.2926438
275.7667627
279.7267392
279.8537355
277.9487906
275.6628566
274.0696299
273.4346482
274.3582579
277.0251809
285.99574
291.4450371
291.7105749
287.4157899
278.3644149
264.6719013
249.3861609
0.0
654.943175
635.870635
623.4019042
617.0636327
618.137329
627.3965161
644.8065587
659.5843137
680.8504268
701.366107
718.2104387
731.4526926
741.9472077
750.0057022
756.8288688
761.6893648
763.7790317
775.5088747
782.1011389
779.8036598
768.766524
750.4444168
720.3578312
687.546597
0.0
487.435013
473.0267018
465.6493694
464.4371317
470.4636849
485.1028985
508.7126712
533.0959669
549.9980242
557.8833419
558.1488797
554.3505349
549.7786669
546.6037586
545.3337953
547.1694696
552.4917704
570.3867081
581.250667
581.7817426
573.2268079
555.1702385
527.8544819
497.3638171
0.0
341.8279456
331.7259647
326.5422053
325.6994114
329.9249258
340.1885384
356.7442421
373.8425664
385.6994058
391.2295188
391.4142408
388.7473178
385.5377741
383.3211109
382.4205914
383.713645
387.4427191
399.9922657
407.6120457
407.9814895
401.9895717
389.3245738
370.1596728
348.7896536
0.0
115.8437451
111.3411479
108.3855969
106.7115544
106.3421105
108.1200591
111.4565991
113.8464392
118.0834986
122.8516337
126.4883468
129.7902514
132.9767049
136.0707973
138.7839008
140.6080299
141.092925
141.1391055
142.7785127
141.9818993
139.4188824
135.4819961
129.6632551
122.6438215
0.0
1110.825372
1078.002593
1061.169806
1058.410522
1072.149216
1105.503071
1159.326426
1214.881549
1253.407618
1271.371826
1271.983718
1263.313332
1252.899632
1245.683932
1242.774561
1246.96544
1259.087817
1299.87673
1324.62947
1325.841707
1306.341998
1265.206731
1202.932348
1133.465355
0.0
362.551438
351.9876522
345.0952149
341.5854981
342.1742992
347.300333
356.9405091
365.126
376.8904784
388.2508776
397.5677903
404.8989422
410.7061381
415.1741
418.9493546
421.6393678
422.7938799
429.2937831
432.9420414
431.672078
425.564709
415.4165475
398.7569378
380.5964623
0.0
848.8319389
824.1138346
807.9622101
799.753629
801.1390436
813.1344244
835.7051362
854.8584921
882.4166961
909.0166552
930.836934
947.992984
961.6046818
972.0530164
980.8965791
987.1886701
989.9017736
1005.106698
1013.638543
1010.659901
996.3670414
972.6187273
933.6193082
891.0986272
0.0
70.70232163
68.61265471
67.55050357
67.36578164
68.24321084
70.36751312
73.79641409
77.32922115
79.77678682
80.93129893
80.96593429
80.41176848
79.75369658
79.29189174
79.1071698
79.37270758
80.1462307
82.74388294
84.31401941
84.39483526
83.14796218
80.52721969
76.56724315
72.14546177
0.0
552.0992363
532.9227901
522.2666433
518.5606595
523.2941591
539.0417043
566.6114535
596.5364074
615.4126804
622.2127567
621.3353275
617.0982681
616.4517413
620.0076386
627.5350576
638.352836
650.9716534
669.8594715
686.7846191
684.6256814
670.3443666
647.8313804
614.3620744
576.6557089
0.0
663.1517562
643.5481405
633.5038852
631.8529328
640.0615139
659.9768479
692.0953748
725.2645077
748.2623889
758.9878064
759.3572503
754.1850361
747.9622158
743.6558856
741.9125723
744.4178636
751.6566545
776.0053149
790.7830699
791.5104126
779.8613854
755.3049128
718.1296228
676.6595478
0.0
105.4531362
103.4442851
101.1583511
101.0198097
101.9665096
104.2639887
109.0436688
113.8002587
116.3170951
116.8250804
115.4743013
113.823349
112.8420137
113.4769953
112.5995661
113.6501721
115.0817672
118.880112
121.0390496
121.2814972
120.1962558
117.159889
112.0454003
105.6724935
0.0
71.91455935
69.81334731
68.45102302
67.75831575
67.87376696
68.88973762
70.7946826
72.42254468
74.75465914
77.00595776
78.85317713
80.30786239
81.4623745
82.35134883
83.1017817
83.63285727
83.86375969
85.14526813
85.87261076
85.6186181
84.40638038
82.39752931
79.09562468
75.49354689
0.0
631.1486805
606.6268432
590.5098542
581.3661183
579.3919026
589.0898043
607.2156444
620.2847215
643.3634186
669.3168508
689.162914
707.1155773
724.4909846
741.3353163
756.1477066
766.0649657
768.7203435
768.9512459
777.9102599
773.5808395
759.5881527
738.160408
706.4690505
668.2200643
0.0
187.619763
180.3347916
175.5435664
172.8304629
172.2416617
175.1163969
180.5079684
184.3986743
191.2564762
198.9686171
204.868174
210.213565
215.3742342
220.3848167
224.7835079
227.7275138
228.5241271
228.5933978
231.2603208
229.9672672
225.8110237
219.4381168
210.017298
198.6453537
0.0
1299.3572
1260.946582
1241.26215
1238.041061
1254.11187
1293.134379
1356.07838
1421.054321
1466.126474
1487.15014
1487.854392
1477.717776
1465.537673
1457.086644
1453.692379
1458.58751
1472.764919
1520.480904
1549.436068
1550.856118
1528.042958
1479.922894
1407.084725
1325.830162
0.0
169.0090278
164.0215355
161.4585186
161.0313491
163.1210161
168.2008693
176.3863602
184.8373889
190.7023104
193.4385041
193.530865
192.2147212
190.6330397
189.524708
189.0859934
189.7209751
191.5681945
197.7794696
201.5431791
201.727901
198.7608049
192.5033493
183.0248048
172.461019
0.0
847.9429645
823.2479505
807.1078712
798.9108352
800.2962497
812.2800854
834.827707
853.9579726
881.4815413
908.0584101
929.8555988
946.9885585
960.5887111
971.0255006
979.8575182
986.1496093
988.8511676
1004.044547
1012.564846
1009.59775
995.3164354
971.5912115
932.6264278
890.1519273
0.0
812.337811
788.3239592
776.0168601
774.008009
784.0522643
808.4471052
847.8044231
888.4201591
916.6017997
929.7401475
930.1904073
923.8521358
916.2323559
910.9562355
908.8319332
911.8913903
920.7580433
950.5790911
968.681841
969.5708153
955.3125908
925.2260052
879.6920476
828.8935147
0.0
362.2859002
348.2123976
338.9647556
333.7117255
332.5803036
338.145052
348.5472061
356.0515348
369.2937887
384.1985401
395.5820295
405.8918226
415.8552621
425.5300736
434.0388279
439.7305726
441.2545286
441.3815249
446.5306489
444.0369027
436.0130436
423.7059445
405.5223787
383.5635584
0.0
31.42581964
30.99865016
30.86010871
30.88319895
31.2410977
31.94535009
33.18067805
34.45064137
34.88935597
34.56609258
33.94265604
33.35385487
33.15758781
33.15758781
33.27303902
33.45776096
33.73484386
34.27746455
35.05098767
35.02789743
34.66999867
34.01192677
32.8805049
31.72599279
0.0
105.3607752
103.5135558
102.9709351
102.9824802
103.9984509
106.5268324
110.0827297
113.8926197
116.6749939
116.9289865
115.4627562
113.8002587
112.2185771
111.3642382
110.6946211
110.9139784
112.4379344
116.2247341
118.4875779
119.0186535
117.5755133
114.7931391
110.2905419
105.9264861
0.0
8.508754253
8.358667679
8.324032315
8.324032315
8.404848163
8.601115222
8.889743249
9.201461519
9.432363941
9.443909062
9.328457851
9.189916398
9.062920066
8.993649339
8.947468855
8.959013976
9.086010308
9.386183457
9.570905394
9.617085879
9.501634668
9.270732246
8.912833491
8.554934737
0.0
12.23782837
12.01847107
11.96074546
11.96074546
12.07619667
12.37636982
12.78044906
13.23070878
13.55397217
13.57706242
13.41543072
13.21916366
13.03444173
12.93053564
12.86126491
12.88435515
13.05753197
13.49624657
13.76178435
13.81950996
13.65787826
13.33461487
12.81508442
12.3070991
0.0
3.417355846
3.34808512
3.278814393
3.267269272
3.301904635
3.371175362
3.532807058
3.682893632
3.76370948
3.786799722
3.740619237
3.682893632
3.65980339
3.671348511
3.648258269
3.682893632
3.729074116
3.844525327
3.925341175
3.925341175
3.890705812
3.798344843
3.625168026
3.417355846
