0.0
98.11043913
95.48969664
94.25436868
94.33518453
96.48257706
103.0632961
112.7611978
116.4787268
116.6288134
115.9476512
115.4973915
114.5160562
113.6732624
113.7078977
113.8464392
113.4769953
114.1466123
117.5062426
119.4227327
119.1918303
118.210495
114.7354135
109.6209249
102.8554839
0.0
98.52606349
97.22146481
96.86356605
97.36000626
99.44967318
104.6218874
113.0267356
116.4440914
116.3286402
115.5089366
114.5391465
113.2345478
111.6066857
111.4565991
110.9947943
110.8908882
111.9414942
114.5391465
116.6172683
116.6172683
115.4050305
112.0800357
106.9309117
102.2666827
0.0
187.134868
186.3959802
186.0380815
185.9688107
186.4652509
187.9430264
190.760036
192.8266127
191.5912847
190.9216677
190.5406787
189.143719
188.6010983
188.9243617
189.1898995
189.7440653
190.5175884
190.9216677
192.4687139
192.8266127
192.8843383
191.9145481
189.9172421
188.5433727
0.0
224.2986128
218.1796986
214.7507976
214.3236282
218.8146803
230.9024221
247.3311294
252.9766936
255.7475227
260.4002065
265.2260671
268.7126937
270.559913
273.792547
275.3395932
276.0669358
275.4088639
276.8173687
275.5820407
273.0767494
268.4702461
259.880676
247.0309562
233.5577999
0.0
31.54127085
30.28285265
29.50932954
29.17452103
29.40542345
30.91783431
33.95420116
34.70463404
34.71617916
35.67442421
36.6557595
37.57936919
38.36443743
39.21877639
39.78448732
40.03847999
40.08466047
39.84221293
40.03847999
39.65749099
38.98787396
37.66018504
35.60515348
33.22685853
0.0
603.2210325
585.8687155
579.0340038
580.9735841
599.0647889
644.0099454
711.5258136
740.169259
735.5627557
731.302606
727.8044343
723.1517505
717.6100924
715.7051474
713.4192134
713.8925634
724.0176346
749.1513632
764.8989084
762.3358915
751.0563082
725.1375114
682.2704767
638.6530092
0.0
42.39368469
41.16990185
40.68500677
40.82354822
42.09351154
45.25687472
50.0019195
52.01077057
51.68750718
51.38733403
51.14488649
50.8216231
50.42908898
50.29054752
50.12891583
50.16355119
50.8793487
52.64575223
53.75408386
53.56936192
52.78429368
50.96016455
47.94688794
44.87588573
0.0
173.0151848
167.1387182
164.541066
164.2408928
167.9584218
180.2077953
198.7377147
206.3228592
204.6026362
202.9170485
201.8548974
201.1044645
201.0236486
202.0627095
203.6790265
206.1496824
210.2828358
217.1983633
222.7746568
221.4469679
217.3946304
209.0013273
196.2670588
183.0940756
0.0
209.1975944
203.6097558
200.9774682
201.1737352
205.7225129
219.7613802
240.4386921
248.3701903
248.6934537
247.2387684
246.2805234
244.1793113
242.3898176
242.4706334
242.7708066
241.9741932
243.4057882
250.5637633
254.6507362
254.1658411
252.0761742
244.6526613
233.754067
219.3226656
0.0
1070.798437
1039.984509
1027.862132
1031.291033
1063.421105
1143.209437
1263.047794
1313.880962
1305.718561
1298.144962
1291.933687
1283.678925
1273.854027
1270.471307
1266.407424
1267.238673
1285.225971
1329.836319
1357.787058
1353.23828
1333.207495
1287.200187
1211.117839
1133.673167
0.0
45.14142351
43.83682483
43.3288395
43.46738095
44.82970524
48.18933548
53.23455341
55.38194593
55.0355923
54.72387403
54.45833624
54.11198261
53.69635825
53.5578168
53.38463998
53.41927534
54.16970822
56.05156295
57.22916531
57.04444337
56.20164953
54.26206918
51.05252552
47.78525625
0.0
453.6424435
451.8644948
450.9870656
450.8369791
452.0376717
455.6166592
462.4282807
467.4619535
464.460222
462.8323599
461.9087502
458.5260297
457.2098859
457.9718639
458.6299358
459.9922601
461.8394795
462.8208148
466.5845243
467.4388632
467.5889498
465.2222
460.3963393
457.0713445
0.0
792.6418344
769.8286751
760.858116
763.3980427
787.1809922
846.2342866
934.9469972
972.584092
966.5344485
960.9350648
956.3401066
950.2211924
942.9477661
940.4424748
937.4407433
938.0526347
951.3641594
984.3947508
1005.083608
1001.712432
986.888497
952.8303897
896.513289
839.1917627
0.0
96.58648315
96.20549415
96.02077221
95.98613685
96.24012951
97.00210751
98.45679277
99.53048903
98.88396225
98.53760861
98.34134155
97.62554405
97.34846114
97.51009284
97.64863429
97.93726232
98.32979643
98.53760861
99.34576709
99.51894391
99.55357927
99.05713906
98.01807816
97.31382578
0.0
44.24090407
42.74003832
42.0704213
42.00115057
42.9478505
46.07657832
50.8216231
52.76120344
52.31094372
51.88377424
51.61823645
51.42196939
51.39887915
51.66441694
52.0800413
52.71502296
53.76562898
55.53203251
56.96362752
56.61727389
55.58975811
53.44236559
50.18664143
46.81546607
0.0
9.062920066
8.947468855
8.912833491
8.959013976
9.143735914
9.628631
10.40215411
10.71387238
10.70232726
10.62151141
10.54069557
10.41369923
10.26361266
10.25206754
10.20588706
10.20588706
10.29824802
10.54069557
10.7254175
10.7254175
10.62151141
10.30979314
9.83644318
9.409273699
0.0
181.8356574
175.6705627
172.9228239
172.6226507
176.5249017
189.3977117
208.874331
216.8404646
215.0394257
213.261477
212.1531454
211.356532
211.2757162
212.3725027
214.0696355
216.6557426
221.0082533
228.2701344
234.135056
232.7380963
228.4894917
219.6574741
206.2766787
192.4340785
0.0
109.2283908
104.8874252
102.1858669
101.0428999
101.8279681
107.0809982
117.5639682
120.1616204
120.219346
123.5327958
126.9386065
130.1366051
132.8612537
135.8052595
137.7794752
138.6453593
138.8300813
137.9641972
138.6684496
137.3407606
135.0086462
130.4367782
123.2903483
115.0817672
0.0
73.41542509
70.49450945
68.68192544
67.90840233
68.4394779
71.97228496
79.01480883
80.76966724
80.8043026
83.02096585
85.31844495
87.46583748
89.28996661
91.27572744
92.60341637
93.19221754
93.30766875
92.71886758
93.20376266
92.31478834
90.74465187
87.66210453
82.85933416
77.34076627
0.0
485.2991656
471.3411141
465.8456365
467.3926827
481.9626256
518.1219449
572.4301945
595.4742562
591.7798175
588.3393714
585.533907
581.7932877
577.336871
575.8013699
573.9541505
574.3351395
582.485995
602.7015021
615.3664999
613.3114684
604.2370032
583.3749693
548.9012377
513.8040696
0.0
142.5360651
140.2616763
139.476608
139.7883263
141.9588091
147.9391818
159.0571334
164.4717952
162.832388
161.1352552
158.7454152
156.7942897
155.4435105
155.2818788
155.39733
156.0669471
158.1450689
160.5926345
163.8714489
163.6059111
162.5899405
159.0340432
152.7304071
146.6114929
0.0
94.69308329
93.18067242
92.66114197
92.86895415
94.31209429
98.28361595
105.6724935
109.2630261
108.1777847
107.0463629
105.4646813
104.1716277
103.2711083
103.1556571
103.2364729
103.6867326
105.060602
106.6884641
108.870492
108.6857701
108.016153
105.6494032
101.4700694
97.40618675
0.0
146.6345831
141.6586359
139.4535178
139.1995251
142.3628883
152.7419522
168.4433169
174.8739493
173.407719
171.9876691
171.0871496
170.452168
170.3828972
171.2603264
172.6341959
174.7238628
178.2220345
184.086956
188.8204556
187.6890338
184.2601328
177.1367931
166.35365
155.1779727
0.0
153.5385655
148.3317159
146.0226917
145.7571539
149.0590586
159.9345626
176.3748151
183.1056207
181.5816647
180.080799
179.1456442
178.4760271
178.4067564
179.3303661
180.7619611
182.943989
186.6153375
192.7573419
197.7101989
196.5210514
192.9305188
185.4839156
174.1812421
162.4860344
0.0
200.1115841
192.1685408
187.2156838
185.1144718
186.5576119
196.197788
215.3973244
220.1654594
220.2693655
226.3305541
232.5764646
238.429841
243.4173333
248.8089049
252.4340729
254.0272996
254.350563
252.7688814
254.061935
251.6374596
247.3657648
238.9724617
225.8802944
210.8370016
0.0
379.1302319
377.6524564
376.9135686
376.7865723
377.802543
380.7811842
386.484474
390.6868981
388.1700617
386.8192826
386.0457594
383.2172048
382.1088731
382.7553999
383.3095657
384.4409876
385.9880338
386.8077374
389.9480104
390.675353
390.7908042
388.8165885
384.7757961
381.9934219
0.0
1034.015681
1004.252359
992.5456063
995.8590561
1026.892342
1103.932935
1219.661229
1268.751084
1260.865766
1253.546159
1247.554241
1239.588108
1230.086473
1226.819204
1222.905408
1223.702021
1241.065883
1284.152275
1311.144768
1306.746077
1287.407999
1242.970828
1169.509223
1094.731473
0.0
57.73715064
56.81354095
56.49027756
56.61727389
57.49470309
59.91917852
64.42177575
66.61534876
65.95727686
65.26456959
64.29477942
63.50971119
62.95554537
62.89781977
62.94400025
63.20953804
64.05233188
65.04521229
66.37290122
66.26899513
65.85337077
64.41023063
61.85875887
59.38810295
0.0
1076.074558
1039.557339
1023.359535
1021.52386
1044.660283
1120.823447
1236.101481
1283.240211
1272.537883
1262.066458
1255.497285
1250.79842
1250.290435
1256.778793
1266.799958
1282.143424
1307.865954
1350.859985
1385.587709
1377.298312
1352.129948
1299.89982
1220.711835
1138.77611
0.0
186.4190704
183.4404292
182.4244585
182.8285378
185.6570925
193.4846846
208.0315372
215.1086964
212.972849
210.7446406
207.6274579
205.064441
203.2980375
203.0786802
203.2403119
204.1177411
206.8423897
210.0288431
214.3236282
213.9772745
212.6495856
207.9969018
199.7652304
191.7529164
0.0
33.9195658
32.58033175
31.73753791
31.37963916
31.6220867
33.2614939
36.51721805
37.32537653
37.33692165
38.36443743
39.42658857
40.41946898
41.26226282
42.17432739
42.78621881
43.06330171
43.12102732
42.84394441
43.06330171
42.65922248
41.93187985
40.51182995
38.2951667
35.74369493
0.0
270.3751911
259.6382285
252.9420582
250.1135036
252.064629
265.0759805
291.0178676
297.4600452
297.5985867
305.7840775
314.2351062
322.1435141
328.8743197
336.1708363
341.0659676
343.2133601
343.6520748
341.5046822
343.2595406
339.9922714
334.2081657
322.8708568
305.1837312
284.8643181
0.0
274.7046115
265.3876988
261.2430003
260.7811955
266.6807524
286.1342814
315.55125
327.5928113
324.8566176
322.1896946
320.5041069
319.3149595
319.176418
320.8389155
323.3903872
327.3157284
333.8733572
344.8527673
353.7194204
351.6066632
345.1760307
331.8414159
311.6259088
290.7061494
0.0
225.1183164
221.5162386
220.2809106
220.7658057
224.1947067
233.6386158
251.2102901
259.7536797
257.1791177
254.4775594
250.725395
247.6313025
245.4954551
245.2299173
245.4261844
246.4883355
249.7671499
253.6232204
258.8185249
258.3798103
256.7750385
251.1641096
241.2237603
231.560494
0.0
88.5741691
87.39656675
87.07330336
87.52356308
89.40541782
94.05810163
101.6086108
104.679613
104.575707
103.8368192
102.9709351
101.7933328
100.3386475
100.1885609
99.78448169
99.69212072
100.6388207
102.95939
104.8296996
104.8412447
103.7444582
100.7542719
96.13622342
91.93379934
0.0
21.00057529
20.28477778
19.96151439
19.92687902
20.37713875
21.86645937
24.11775798
25.04136767
24.83355549
24.62574331
24.49874698
24.40638601
24.39484089
24.52183722
24.71810428
25.01827743
25.51471764
26.35751148
27.03867362
26.87704193
26.38060172
25.36463106
23.81758484
22.22435812
0.0
256.6711324
249.2822549
246.3728843
247.1925879
254.8931837
274.0234494
302.7477107
314.9278134
312.976688
311.164104
309.6747833
307.6890225
305.3338178
304.5256593
303.5558692
303.7521362
308.0584664
318.7607937
325.4569639
324.3601774
319.5689521
308.5318164
290.3020701
271.7375154
0.0
48.03924891
46.13430393
44.94515645
44.43717113
44.78352476
47.1040941
51.71059742
52.85356441
52.87665465
54.33133991
55.83220565
57.24071043
58.4298579
59.73445659
60.60034067
60.98132967
61.06214551
60.68115652
60.99287479
60.40407361
59.37655783
57.36770676
54.22743382
50.61381092
0.0
161.781782
157.3715458
154.8893447
154.5891716
157.8218055
166.5383719
178.3952113
182.470639
184.4563999
187.8160301
191.3026567
193.8194931
195.147182
197.4792965
198.5876281
199.1187037
198.6453537
199.6613244
198.77235
196.959766
193.6463163
187.4465862
178.175854
168.4664071
0.0
94.83162474
92.10697616
91.0332799
91.33345305
94.17355284
101.239167
111.8606784
116.3632756
115.635933
114.9663159
114.4121501
113.6848075
112.8073783
112.5187503
112.1493064
112.2301222
113.823349
117.7717804
120.2424363
119.838357
118.0719535
113.9965258
107.254175
100.3963731
0.0
44.65652843
43.94073092
43.69828337
43.79064434
44.47180649
46.34211611
49.82874268
51.52587548
51.00634503
50.47526946
49.73638171
49.11294517
48.69732081
48.63959521
48.68577569
48.89358787
49.54011465
50.30209265
51.34115354
51.24879258
50.93707431
49.81719756
47.84298185
45.92649175
0.0
263.8521977
256.2670531
253.2768668
254.1196606
262.0396137
281.7009549
311.2333747
323.7598311
321.75098
319.8806704
318.3451693
316.313228
313.8887525
313.0575038
312.0646234
312.2608905
316.694217
327.6851723
334.5776096
333.4577328
328.516421
317.1791121
298.4298354
279.3572953
0.0
45.94958199
44.39099064
43.69828337
43.61746753
44.61034794
47.85452697
52.78429368
54.79314475
54.33133991
53.89262531
53.60399728
53.40773022
53.38463998
53.66172289
54.08889237
54.74696427
55.84375077
57.67942503
59.16874565
58.8108469
57.73715064
55.50894226
52.12622178
48.62805009
0.0
9.340002972
9.097555429
8.970559097
8.982104218
9.189916398
9.813352938
10.73696263
11.09486138
11.1064065
11.03713577
11.00250041
10.91013944
10.82932359
10.82932359
10.84086872
10.80623335
10.87550408
11.18722235
11.37194429
11.34885404
11.25649308
10.92168456
10.43678948
9.790262695
0.0
159.969198
154.531446
152.1300608
151.8529779
155.293424
166.6191878
183.7521475
190.760036
189.1668093
187.619763
186.6384278
185.9341754
185.8649046
186.8346948
188.3124703
190.5984043
194.4198394
200.8158365
205.9765056
204.7411776
201.0005584
193.242237
181.4662135
169.2861107
0.0
78.63381983
75.50509201
73.56551167
72.73426295
73.29997388
77.0867736
84.63728281
86.50759242
86.55377291
88.93206786
91.39117865
93.68865775
95.63978322
97.7640855
99.1841354
99.81911706
99.94611339
99.32267685
99.83066218
98.87241713
97.19837457
93.89646993
88.75889104
82.84778903
0.0
740.2269846
715.1048011
703.9637593
702.7053411
718.6145179
771.0062775
850.3097144
882.7284144
875.3741723
868.1700167
863.6443292
860.4232404
860.0653417
864.5333036
871.4257409
881.9779815
899.6766522
929.2437073
953.142108
947.4388182
930.1211365
894.1927197
839.7112932
783.3595571
0.0
24.04848726
23.66749826
23.54050193
23.58668241
23.95612629
24.96055182
26.84240656
27.75447113
27.47738823
27.1887602
26.78468096
26.46141757
26.23051515
26.2074249
26.21897002
26.33442124
26.69231999
27.09639923
27.65056504
27.60438456
27.43120774
26.83086144
25.7687103
24.74119452
0.0
146.9232112
141.0813799
137.4446667
135.9091656
136.9713168
144.0369309
158.1335237
161.6432406
161.7125113
166.1573829
170.7523411
175.0471262
178.7069296
182.6669061
185.3338291
186.4998863
186.7423338
185.5762766
186.5229765
184.7450279
181.6047549
175.4512054
165.8341195
154.7969837
0.0
852.9304568
849.5823717
847.9429645
847.6543365
849.9171802
856.6364407
869.4515251
878.9069793
873.24987
870.2135031
868.4586447
862.1088281
859.6266271
861.0697672
862.3166403
864.8565669
868.3431935
870.1788678
877.256027
878.872344
879.1494269
874.7045552
865.6185449
859.3610893
0.0
188.0584776
180.5887843
175.9361005
173.9734299
175.3242091
184.375584
202.4206083
206.9001153
207.0040214
212.6957661
218.5606876
224.0677104
228.7550295
233.8233377
237.2291484
238.7300142
239.0301873
237.5408667
238.7531044
236.4787156
232.4610134
224.5756957
212.2685966
198.1373684
0.0
255.3434434
246.6730575
242.8285322
242.4013627
247.8852952
265.9649548
293.3153467
304.5025691
301.9626424
299.4804414
297.9218501
296.8019733
296.6865221
298.2220232
300.6003182
304.2370313
310.3444004
320.5502874
328.7819588
326.8192882
320.8504606
308.4510005
289.6555434
270.2251045
0.0
505.5608531
503.5750923
502.6053021
502.4321253
503.7829044
507.7659712
515.3626609
520.9620446
517.6139595
515.8129206
514.7738597
510.9986051
509.5323748
510.3982588
511.1256015
512.6380123
514.704589
515.7898304
519.9807094
520.9504995
521.1005861
518.4798436
513.0882721
509.3822882
0.0
89.5555044
87.15411921
86.03424246
86.11505831
88.06618377
94.06964675
102.9247546
106.3190202
106.4575617
105.8341252
105.4300459
104.5295265
103.7560034
103.7906387
103.917635
103.5828265
104.194718
107.254175
109.0090335
108.8012213
107.9007018
104.7257935
100.0615646
93.88492481
0.0
344.6680454
334.7507864
330.8369903
331.945322
342.2897505
367.9660998
406.5498945
422.9093311
420.2770435
417.841023
415.843717
413.1883392
410.024976
408.9281895
407.6235908
407.8891286
413.6847794
428.04691
437.0405594
435.574329
429.1321514
414.319761
389.8325592
364.9066427
0.0
116.8712609
112.9112844
111.1448809
110.9486138
113.4654502
121.7317569
134.2582133
139.372702
138.2181898
137.0752229
136.3594253
135.85144
135.7937144
136.4979668
137.5947533
139.2572507
142.0511701
146.715399
150.4906536
149.5901341
146.8539404
141.185286
132.5841707
123.6828824
0.0
438.5876056
426.6268601
419.9075996
419.0763509
427.8621881
451.495051
483.625123
494.6622588
500.0769206
509.174476
518.6183851
525.4415516
529.0320843
535.3703558
538.3836324
539.8152274
538.5221738
541.2814578
538.8569824
533.9733961
524.9566566
508.1585053
483.0478669
456.6903555
0.0
489.6401311
483.151773
481.3738244
483.8444803
494.2235442
519.946074
561.7163221
578.6991953
578.098849
574.0465115
569.2206509
562.7207477
554.650708
553.8771849
551.5912509
551.1063558
556.3247506
569.1975606
579.5419891
579.5650794
573.5385262
556.9943676
531.4219244
508.216231
0.0
1629.524573
1623.128576
1619.999848
1619.434137
1623.763558
1636.601732
1661.088934
1679.145503
1668.36236
1662.543619
1659.195534
1647.050067
1642.328112
1645.087396
1647.454146
1652.314642
1658.976177
1662.485894
1675.993685
1679.099323
1679.607308
1671.133189
1653.769327
1641.820127
0.0
285.8225631
277.6024369
274.369803
275.2818676
283.8598926
305.1490959
337.1406264
350.7176889
348.535661
346.5152648
344.8527673
342.6476492
340.0269067
339.1263873
338.0411459
338.2605032
343.0632736
354.9662934
362.4244417
361.2122039
355.8668129
343.582804
323.2864811
302.6091692
0.0
524.7488444
506.9347225
499.0378597
498.1488854
509.4284687
546.5691233
602.7823179
625.768654
620.5502593
615.4473158
612.2377721
609.9518381
609.6978454
612.8727538
617.75634
625.2375785
637.77558
658.7415199
675.6782126
671.6374202
659.3649564
633.8964193
595.2779892
555.3203251
0.0
364.5371988
354.5968496
349.0090109
348.3278488
355.6243653
375.2626163
401.9664814
411.1448527
415.6359048
423.2095043
431.0486415
436.717296
439.7074823
444.9836027
447.4773488
448.6664963
447.5928
449.8902791
447.8814281
443.8060003
436.3247618
422.3551653
401.4931315
379.5804916
0.0
483.2210438
469.320718
463.8483306
465.3953768
479.8960489
515.9052816
569.9826289
592.9227845
589.2398909
585.822535
583.0170706
579.2995416
574.85467
573.330714
571.5065848
571.8760287
579.9922488
600.1269401
612.7342123
610.6791807
601.650896
580.8812232
546.546033
511.5989514
0.0
485.8417863
469.3553533
462.0472917
461.2160429
471.6643775
506.0457482
558.0911541
579.3803574
574.5429517
569.8209972
566.853901
564.7295988
564.4986963
567.4311571
571.9568446
578.8839172
590.4983091
609.9056576
625.5839321
621.8433128
610.4829137
586.8962313
551.1409912
514.1504232
0.0
68.95900835
66.22281465
64.51413672
63.78679409
64.2832343
67.60822918
74.22358357
75.86299077
75.89762613
77.98729305
80.1462307
82.16662689
83.87530481
85.73406931
86.99248751
87.5351082
87.65055941
87.0963936
87.54665332
86.7154046
85.2376291
82.35134883
77.83720648
72.6534471
0.0
12.82662955
12.61881737
12.54954664
12.584182
12.78044906
13.31152463
14.31595017
14.80084525
14.65075868
14.50067211
14.29285993
14.10813799
13.99268678
13.96959653
13.98114166
14.05041238
14.23513432
14.45449162
14.74311965
14.72002941
14.62766844
14.31595017
13.75023923
13.19607342
0.0
783.7405461
762.382072
750.3751461
748.8973706
764.5987353
806.8192432
864.2215853
883.9637424
893.6270087
909.8940844
926.7615063
938.9531542
945.3837866
956.7095504
962.0895769
964.6295035
962.3320244
967.2733362
962.9439158
954.192714
938.0988152
908.0699552
863.2056146
816.1130656
0.0
1101.762452
1071.733592
1054.854625
1052.776503
1074.850775
1134.204242
1214.904639
1242.647565
1256.236172
1279.107057
1302.820736
1319.953696
1328.993526
1344.914248
1352.476302
1356.055289
1352.822655
1359.772818
1353.676994
1341.38144
1318.753003
1276.54404
1213.461499
1147.261774
0.0
740.0191725
719.8498459
708.512537
707.1155773
721.9395128
761.804816
816.0091596
834.642985
843.7636307
859.1301869
875.0509089
886.5613946
892.6341283
903.3364556
908.4047637
910.8176941
908.6356662
913.3114402
909.2129222
900.9581606
885.7532361
857.4099638
815.0393694
770.579108
0.0
297.9333952
293.1768053
291.5489432
292.1839249
296.7211575
309.2129785
332.4648524
343.7906162
340.3732604
336.8058179
331.8298707
327.7428979
324.9143432
324.5679896
324.8219822
326.2189419
330.5714525
335.6743961
342.5437431
341.9664871
339.8421848
332.4186719
319.2572339
306.4652397
0.0
143.4712199
137.7794752
134.2235779
132.7227122
133.750228
140.6657555
154.4275399
157.8448957
157.9257116
162.2666771
166.7461841
170.9486082
174.5160506
178.3836662
180.9813184
182.1242854
182.3551878
181.223766
182.1473756
180.4156075
177.3446053
171.3295972
161.9434137
151.1602706
0.0
205.5031556
197.340755
192.2609017
190.1135092
191.5912847
201.4854535
221.2045203
226.0996517
226.2035578
232.426378
238.8454654
244.8604735
249.9749621
255.5166203
259.2341492
260.8735564
261.208365
259.5805029
260.9081918
258.4259908
254.0272996
245.4146393
231.9645732
216.5287463
0.0
277.9257003
266.8885645
260.0076724
257.0983018
259.1071529
272.4764032
299.157178
305.7725324
305.922619
314.3274671
323.0093982
331.1487086
338.0642361
345.5570197
350.5906925
352.8073558
353.2576155
351.0524974
352.8535363
349.4823609
343.5481687
331.8991415
313.7040306
292.8304517
0.0
41.44698476
40.78891286
40.55801043
40.6503714
41.28535306
43.01712123
46.24975514
47.83143673
47.35808676
46.86164656
46.16893929
45.59168324
45.19914912
45.15296863
45.187604
45.38387106
45.99576247
46.70001486
47.65825991
47.57744407
47.27727092
46.24975514
44.41408088
42.63613223
0.0
16.34789148
16.12853418
16.07080858
16.15162442
16.49797806
17.36386214
18.74927667
19.31498761
19.30344248
19.16490103
19.00326934
18.78391203
18.51837425
18.49528401
18.41446816
18.40292304
18.57609985
19.00326934
19.34962297
19.34962297
19.15335591
18.5991901
17.74485114
16.97132802
0.0
402.1627485
390.582992
386.0342143
387.3157228
399.3919194
429.3515087
474.3659359
493.4615662
490.390564
487.5389191
485.2183497
482.1127121
478.4182734
477.1483101
475.6243541
475.9360723
482.6899682
499.4419389
509.9479991
508.2393212
500.7119022
483.4288559
454.8662263
425.7725212
0.0
51.65287181
50.83316822
50.54454019
50.6599914
51.44505963
53.6155424
57.64478967
59.60746025
59.01865908
58.39522254
57.52933846
56.82508607
56.32864586
56.27092026
56.31710074
56.55954828
57.30998116
58.19895548
59.38810295
59.29574198
58.92629811
57.63324455
55.34731057
53.13064732
0.0
130.794677
127.0309675
125.553192
125.9688164
129.8941575
139.6382397
154.2774533
160.4887285
159.4843029
158.5606932
157.8102604
156.7942897
155.5935971
155.1895179
154.6930777
154.7854386
156.9905568
162.4398539
165.8456646
165.2914988
162.8439332
157.2214592
147.9391818
138.4721825
0.0
120.11544
116.0400122
114.2274282
114.019616
116.6057231
125.1029323
137.9757423
143.2287724
142.0396249
140.8735677
140.1346799
139.6151495
139.5574239
140.2847665
141.4046433
143.1133212
145.9880563
150.7792816
154.6584423
153.7348326
150.9178231
145.099082
136.2555193
127.1117833
0.0
63.82142946
61.28150281
59.69982122
59.04174932
59.49200904
62.56301126
68.69347056
70.21742655
70.24051679
72.18009714
74.16585797
76.03616758
77.6293943
79.34961734
80.50412945
81.01211478
81.11602087
80.60803554
81.0236599
80.25013679
78.8878125
76.2093444
72.03001056
67.2387853
0.0
512.7188282
499.0147694
492.5725919
493.0343967
504.1985288
538.6029897
589.2745262
608.7280553
609.5246686
605.934136
603.6020215
598.4528975
594.0542064
594.2504734
594.9893612
593.0382357
596.5479525
614.0965366
624.1061566
622.9170091
617.8025205
599.6074096
572.8919994
537.5408386
0.0
554.5468019
538.5798995
532.3108987
534.0773022
550.7253669
592.0453553
654.1003812
680.4348024
676.2092881
672.2839469
669.0628582
664.7911634
659.6997649
657.9449065
655.8436945
656.2824091
665.5877767
688.689564
703.1671459
700.8119412
690.4444224
666.6152925
627.2117942
587.1040434
0.0
950.3366436
918.0795752
903.7751702
902.1588532
922.5937176
989.8555931
1091.660471
1133.292178
1123.836724
1114.589082
1108.793431
1104.637187
1104.186927
1109.924853
1118.768415
1132.322388
1155.043186
1193.015089
1223.678931
1216.359324
1194.123421
1148.000662
1078.060318
1005.707044
0.0
1011.595056
984.0137618
968.5202093
966.6152643
986.8769519
1041.369923
1115.478056
1140.946593
1153.415324
1174.427444
1196.189997
1211.925998
1220.215394
1234.843063
1241.781681
1245.07204
1242.093399
1248.477851
1242.890012
1231.598884
1210.817666
1172.072239
1114.150367
1053.365304
0.0
81.08138551
77.86029672
75.85144565
75.00865181
75.58590786
79.48815879
87.26957042
89.19760564
89.24378613
91.70289692
94.23127844
96.60957339
98.61842446
100.8119975
102.2782279
102.9247546
103.051751
102.4052242
102.9362998
101.9549645
100.2231963
96.81738557
91.51817498
85.42235104
0.0
1136.063007
1105.087447
1087.688949
1085.541557
1108.296991
1169.509223
1252.726456
1281.32372
1295.327952
1318.92618
1343.367201
1361.031237
1370.359694
1386.776857
1394.569813
1398.264252
1394.927712
1402.097232
1395.805141
1383.128598
1359.807454
1316.282347
1251.237135
1182.970834
0.0
1.824129134
1.766403529
1.743313287
1.754858408
1.801038892
1.939580345
2.147392525
2.228208373
2.216663252
2.205118131
2.19357301
2.182027888
2.158937646
2.158937646
2.147392525
2.147392525
2.182027888
2.262843736
2.309024221
2.297479099
2.262843736
2.182027888
2.055031556
1.928035224
0.0
96.86356605
93.58475166
92.11852128
91.95688958
94.03501138
100.8928133
111.2718772
115.5204818
114.5506916
113.6155368
113.0151905
112.5995661
112.5533856
113.1306417
114.0311611
115.4165757
117.737145
121.6047606
124.7334884
123.9830555
121.7202118
117.0213475
109.8864627
102.5091303
0.0
1519.476479
1478.064129
1454.77762
1451.91443
1482.347369
1564.213823
1675.50879
1713.769322
1732.507053
1764.059869
1796.755652
1820.37697
1832.845701
1854.816066
1865.229765
1870.182622
1865.71466
1875.297111
1866.892263
1849.944025
1818.737563
1760.515517
1673.523029
1582.224212
0.0
307.9430152
299.5497121
294.8393027
294.2505016
300.4271413
317.0174804
339.5651019
347.3234233
351.1217681
357.5177652
364.1446647
368.9243448
371.4527264
375.9091431
378.0219003
379.0263258
378.1142612
380.0538416
378.3567088
374.9162627
368.6010815
356.8019677
339.1610226
320.6657386
0.0
368.3124534
355.8206324
350.2674291
349.6439926
357.5639457
383.6328291
423.0940531
439.2225872
435.5627839
431.9722512
429.7324977
428.1161807
427.9430039
430.1712123
433.6001133
438.8531434
447.6505256
462.3705551
474.2620298
471.42193
462.7977245
444.9258771
417.8179327
389.7748336
0.0
95.95150149
93.330759
91.86452862
91.67980668
93.6078419
98.76851104
105.7994898
108.2124201
109.4015676
111.3988735
113.4539051
114.9547708
115.7398391
117.1252536
117.7833255
118.0950438
117.8064157
118.4183072
117.8872316
116.8135353
114.8508647
111.1679711
105.6724935
99.91147802
0.0
73.42697021
71.31421305
70.48296433
70.72541188
72.93053001
78.39137229
86.61149851
90.09812509
89.54395927
89.02442882
88.59725934
88.03154841
87.36193139
87.11948384
86.84240094
86.90012654
88.1354545
91.19491159
93.1114017
92.79968343
91.42581401
88.27399595
83.05560121
77.74484551
0.0
108.2470555
106.5152873
105.914941
106.1573885
107.7967957
112.3455735
120.785057
124.9066652
123.6597921
122.3667386
120.5541546
119.0763791
118.0373182
117.9218669
118.0142279
118.5222132
120.1038948
121.9511142
124.4448604
124.2370482
123.4635251
120.7735119
115.9938317
111.3411479
0.0
106.0303922
103.1441119
101.5162499
101.3199828
103.4442851
109.1475749
116.9174414
119.5843644
120.9005082
123.0940812
125.3800152
127.0309675
127.8968516
129.4323527
130.1596953
130.5060489
130.1943307
130.8639477
130.2751465
129.0975442
126.9155163
122.8516337
116.7789
110.4059931
0.0
605.6916884
589.1821652
579.911433
578.768466
590.8908432
623.5289005
667.8968009
683.1479059
690.6175993
703.1902361
716.2246779
725.6454967
730.6098988
739.3726457
743.5173442
745.4915599
743.7136112
747.5350463
744.1869612
737.4215202
724.9874248
701.7817314
667.1001876
630.7099659
0.0
338.8608495
329.1167673
325.272242
326.3574833
336.528735
361.7779149
399.7036377
415.7859914
413.1998843
410.8100442
408.8473736
406.2266311
403.1209936
402.0472973
400.7657888
401.0313266
406.7230713
420.8427544
429.6863172
428.2431771
421.9049056
407.3465079
383.2633853
358.7646383
0.0
407.3349628
396.4479136
391.3334249
391.7028688
400.5695218
427.8968234
468.1546607
483.6135779
484.2485595
481.3969146
479.5381501
475.4511773
471.9530056
472.1146373
472.6918933
471.1448471
473.9387664
487.8852727
495.828316
494.8816161
490.8292786
476.3632418
455.1433092
427.0540296
0.0
254.3043825
246.9847758
244.1100406
244.9181991
252.5495241
271.506613
299.9653365
312.0415332
310.1019528
308.3009139
306.8231384
304.8604678
302.5283534
301.73174
300.7619499
300.9582169
305.2299117
315.8283329
322.4667775
321.3815361
316.6249462
305.7032617
287.6351472
269.2437692
0.0
670.4713629
652.1954362
641.9202784
640.6503151
654.0888361
690.2019749
739.3149201
756.2054322
764.471739
778.395155
792.8150113
803.2402556
808.7472784
818.433635
823.0285932
825.2106211
823.2479505
827.4734648
823.7674809
816.2862425
802.512913
776.8250185
738.4374909
698.1565633
0.0
507.1887152
492.5956821
486.8462118
488.4740739
503.6905435
541.4777248
598.2450853
622.3282079
618.4605924
614.8700597
611.9375989
608.0238029
603.359574
601.7663472
599.838312
600.2308461
608.7511455
629.8787171
643.120971
640.9620334
631.483489
609.6863003
573.6539774
536.9751276
0.0
355.6705458
345.4415685
341.4123213
342.5552882
353.2229801
379.7305782
419.5381558
436.4171228
433.7040194
431.187183
429.1321514
426.3844126
423.1171433
421.9972666
420.6464874
420.9235703
426.903943
441.7163334
450.9986108
449.4861999
442.8362101
427.5504698
402.2897448
376.5556699
0.0
123.4981604
118.6030291
115.543572
114.2505184
115.1394928
121.0852301
132.9420695
135.8745303
135.943801
139.6844202
143.5404907
147.1541136
150.2251158
153.5616558
155.7898642
156.7827446
156.9790116
155.9976763
156.7942897
155.3049691
152.6611363
147.4889221
139.4073373
130.12506
0.0
1155.839799
1122.58985
1109.497683
1113.192122
1147.885211
1234.000269
1363.363351
1418.237312
1409.428384
1401.242893
1394.546723
1385.63389
1375.023923
1371.375665
1367.000064
1367.889039
1387.296387
1435.462632
1465.630034
1460.711812
1439.099345
1389.432234
1307.311788
1223.713566
0.0
371.1410081
361.027482
355.3357373
354.64303
362.078088
382.0742378
409.2514529
418.603001
423.1748689
430.8870098
438.8762336
444.637249
447.685161
453.0536423
455.593569
456.8058067
455.7090202
458.0526798
455.9976482
451.8644948
444.2447149
430.0211257
408.7665578
386.4729289
0.0
868.9666301
845.2760416
831.9645169
830.3251097
847.7351523
894.5390733
958.1988711
980.0768756
990.7907479
1008.835772
1027.527323
1041.04666
1048.17
1060.731092
1066.699919
1069.516929
1066.965457
1072.449389
1067.646619
1057.948717
1040.09996
1006.815376
957.0559041
904.8488664
0.0
73.57705679
71.45275451
70.62150579
70.85240821
73.06907146
78.54145886
86.78467533
90.2713019
89.71713609
89.19760564
88.77043616
88.19318011
87.52356308
87.29266066
87.01557775
87.07330336
88.30863132
91.36808841
93.28457851
92.97286024
91.59899083
88.43562765
83.21723291
77.89493208
0.0
588.6049092
568.6203046
559.7651967
558.7607711
571.4142239
613.0805659
676.1284723
701.9202728
696.0668964
690.3289712
686.7384386
684.1754217
683.8983388
687.442691
692.9266235
701.3199265
715.381884
738.8992957
757.902565
753.3653325
739.592003
711.0293734
667.712079
622.8939189
0.0
690.017253
670.1711898
662.3551428
664.5602609
685.2722082
736.6826325
813.9079475
846.6730012
841.408426
836.5248398
832.5302279
827.207927
820.8696555
818.6876277
816.0784303
816.6095059
828.2008074
856.948159
874.9585479
872.0260871
859.1186418
829.4707708
780.4501866
730.540628
0.0
108.7896762
105.8803056
104.5064362
104.6103423
106.9770921
114.2736087
125.0336615
129.1552698
129.3284466
128.5664686
128.0700284
126.9732419
126.0496322
126.0842676
126.2458993
125.8302749
126.5691627
130.2982368
132.4225391
132.1685464
131.083305
127.2156894
121.5585801
114.0542514
0.0
73.61169215
71.6143862
70.48296433
70.34442288
71.82219838
75.78217492
81.17374647
83.03251097
83.93303042
85.46853153
87.05021312
88.19318011
88.80507152
89.86722267
90.36366287
90.60611042
90.38675311
90.86010308
90.44447872
89.62477512
88.11236426
85.29535471
81.08138551
76.65960412
0.0
672.8842932
646.1573379
629.5092733
622.4667494
627.3157002
659.6997649
724.2716273
740.2962554
740.6541541
761.0197477
782.0318682
801.7393899
818.4798155
836.640291
848.8088486
854.1657848
855.2625713
849.9171802
854.2696909
846.1419256
831.7567047
803.5519739
759.518882
708.9512516
0.0
200.0307682
192.0877249
187.134868
185.045201
186.4883412
196.1169722
215.3049634
220.0730985
220.1770046
226.2381931
232.4841037
238.33748
243.3134272
248.7165439
252.3301668
253.9233935
254.2466569
252.6649753
253.9580289
251.5335535
247.2618587
238.8801007
225.7879334
210.7561857
0.0
1352.014497
1313.107439
1297.798608
1302.128029
1342.697584
1443.428766
1594.750668
1658.929996
1648.620203
1639.060843
1631.221706
1620.808007
1608.385456
1604.113761
1598.999273
1600.038334
1622.747587
1679.076233
1714.358123
1708.620198
1683.336382
1625.241333
1529.185925
1431.39875
0.0
175.8552846
170.7985216
168.8127608
169.3669266
174.654592
187.7467594
207.4311909
215.7783134
214.4390794
213.2037514
212.1762356
210.8254565
209.2091395
208.6549737
207.9853567
208.1238981
211.0794491
218.3990559
222.9940141
222.2435812
218.9532217
211.4027125
198.9108915
186.188168
0.0
868.0430204
844.3870672
831.0870877
829.4476805
846.8346329
893.5923734
957.1829004
979.0378147
989.7401419
1007.762076
1026.442082
1039.938328
1047.061668
1059.611215
1065.568497
1068.385507
1065.834035
1071.317968
1066.515197
1056.828841
1039.003174
1005.74168
956.0399334
903.8906214
0.0
845.2529513
820.9389263
811.3680209
814.0695792
839.4342103
902.4128459
997.0135682
1037.144409
1030.702232
1024.721859
1019.815182
1013.303734
1005.545413
1002.866945
999.6689461
1000.327018
1014.515972
1049.740136
1071.791318
1068.200785
1052.395514
1016.074563
956.0168432
894.8969721
0.0
386.2420265
370.8985606
361.3507454
357.2984079
360.0807821
378.6684271
415.7398109
424.9412724
425.1375395
436.8327472
448.8973987
460.2000723
469.8171582
480.2308574
487.2272008
490.298203
490.9216395
487.8621824
490.3559286
485.6916997
477.4369381
461.2506783
435.9668631
406.9424286
0.0
32.222433
31.70290255
31.52972573
31.59899646
32.08389155
33.43467071
35.95150711
37.17528995
36.80584608
36.42485708
35.88223639
35.44352179
35.13180352
35.09716815
35.13180352
35.28189009
35.74369493
36.29786075
37.04829362
36.97902289
36.74812047
35.95150711
34.5199121
33.14604269
0.0
108.1777847
106.7461897
106.3536556
106.8962763
109.1937554
114.873955
124.0985067
127.8506711
127.7236748
126.8231553
125.7610042
124.317864
122.5399154
122.3667386
121.8587532
121.7548472
122.9093593
125.7494591
128.035393
128.0469382
126.7077041
123.0594458
117.4023365
112.2878478
0.0
8.739656675
8.624205464
8.589570101
8.635750585
8.820472523
9.282277367
10.02116512
10.33288339
10.32133827
10.25206754
10.15970657
10.04425536
9.905713906
9.882623664
9.847988301
9.83644318
9.928804149
10.15970657
10.34442851
10.34442851
10.24052242
9.94034927
9.490089547
9.074465187
0.0
12.56109176
12.39946006
12.35327958
12.41100519
12.67654297
13.34616
14.40831114
14.84702574
14.83548062
14.73157453
14.6045782
14.4429465
14.23513432
14.21204408
14.15431847
14.14277335
14.26976968
14.6045782
14.87011598
14.87011598
14.72002941
14.29285993
13.63478802
13.04598685
0.0
3.521261936
3.428900968
3.382720483
3.382720483
3.463536331
3.705983874
4.052337507
4.179333839
4.19087896
4.167788718
4.144698476
4.110063113
4.08697287
4.08697287
4.08697287
4.075427749
4.098517992
4.225514324
4.283239929
4.283239929
4.248604566
4.121608234
3.936886296
3.694438753
