0.0
126.042
118.698
113.012
109.158
106.644
103.652
100.11200000000001
102.994
114.79400000000001
124.71
129.52
132.364
135.286
137.368
140.08800000000002
141.166
144.526
148.15800000000002
148.146
144.986
145.776
142.464
136.758
129.822
0.0
125.84400000000001
119.216
114.764
111.6
109.954
108.49600000000001
105.15
106.952
118.376
129.338
137.242
141.518
145.596
148.412
151.278
154.728
157.544
159.08999999999997
156.59
153.068
151.27
149.574
142.04399999999998
131.062
0.0
335.71999999999997
333.84
331.498
329.91999999999996
329.202
327.33
325.596
325.208
330.594
335.316
339.17
340.206
340.886
339.562
340.31
341.25
341.306
341.184
340.962
340.414
342.128
342.734
342.07399999999996
338.6
0.0
302.442
292.072
283.644
277.554
270.2
264.7
259.55
263.62399999999997
278.866
291.38
301.81
313.15
323.724
332.438
341.522
348.022
351.002
348.56399999999996
340.634
330.084
328.652
323.18
312.754
300.18399999999997
0.0
61.976
61.134
60.57599999999999
60.006
59.635999999999996
57.922
55.196
54.798
57.47
59.998000000000005
61.812
61.916
62.586
63.314
63.574
63.656
63.914
63.894000000000005
63.854
62.092
61.818
61.79
60.974
60.528000000000006
0.0
643.806
598.854
565.162
540.79
527.61
515.496
499.794
509.58
564.756
620.576
667.934
705.024
736.666
754.706
770.0600000000001
789.894
805.764
821.198
808.926
787.344
772.84
757.874
712.5260000000001
659.2819999999999
0.0
45.239999999999995
42.086
39.714
38.006
37.078
36.226
35.118
35.808
39.684
43.614
46.936
49.542
51.766
53.036
54.112
55.510000000000005
56.626
57.706
56.844
55.326
54.308
53.26
50.07
46.326
0.0
210.066
200.124
192.026
186.196
181.066
176.358
170.18200000000002
171.56
185.514
199.83
211.588
220.64399999999998
228.68200000000002
234.616
240.87199999999999
246.162
249.19
249.964
247.266
241.02
238.226
234.89600000000002
224.076
210.978
0.0
268.76
253.104
240.98000000000002
232.766
227.394
221.028
213.476
219.612
244.778
265.928
276.188
282.238
288.474
292.918
298.71999999999997
301.01800000000003
308.18
315.926
315.9
309.164
310.846
303.786
291.614
276.828
0.0
1142.834
1063.034
1003.236
959.97
936.572
915.06
887.192
904.566
1002.5120000000001
1101.594
1185.668
1251.498
1307.672
1339.6879999999999
1366.946
1402.154
1430.3300000000002
1457.72
1435.934
1397.628
1371.886
1345.3200000000002
1264.8220000000001
1170.3
0.0
48.172
44.806
42.291999999999994
40.466
39.476
38.571999999999996
37.394000000000005
38.13
42.262
46.436
49.976
52.754
55.124
56.466
57.622
59.104
60.29
61.448
60.528
58.91
57.826
56.704
53.312000000000005
49.33
0.0
813.846
809.292
803.614
799.794
798.044
793.512
789.31
788.37
801.42
812.876
822.214
824.7239999999999
826.3739999999999
823.156
824.99
827.254
827.38
827.0939999999999
826.554
825.222
829.388
830.852
829.25
820.8399999999999
0.0
845.962
786.898
742.626
710.6039999999999
693.282
677.3639999999999
656.726
669.592
742.09
815.44
877.67
926.4079999999999
967.978
991.686
1011.858
1037.92
1058.782
1079.06
1062.926
1034.5720000000001
1015.518
995.852
936.264
866.302
0.0
173.278
172.31
171.1
170.288
169.916
168.948
168.052
167.852
170.632
173.072
175.05599999999998
175.59
175.94
175.262
175.64999999999998
176.13
176.16
176.098
175.982
175.7
176.58599999999998
176.89600000000002
176.56
174.766
0.0
53.716
51.169999999999995
49.104
47.608
46.296
45.092
43.514
43.87
47.436
51.096000000000004
54.102000000000004
56.418
58.471999999999994
59.989999999999995
61.588
62.94
63.716
63.918000000000006
63.226
61.626000000000005
60.912
60.059999999999995
57.296
53.948
0.0
11.58
10.966
10.556
10.264
10.113999999999999
9.98
9.672
9.84
10.89
11.896
12.628
13.018
13.389999999999999
13.654
13.915999999999999
14.234
14.494
14.633999999999999
14.404
14.08
13.918000000000001
13.758000000000001
13.068
12.058
0.0
220.782
210.32999999999998
201.824
195.696
190.298
185.352
178.858
180.31400000000002
194.98
210.018
222.38
231.896
240.34799999999998
246.576
253.15800000000002
258.724
261.90000000000003
262.718
259.882
253.31199999999998
250.38
246.876
235.504
221.738
0.0
214.608
211.706
209.76999999999998
207.792
206.52
200.57
191.12199999999999
189.76999999999998
199.01
207.78
214.03799999999998
214.398
216.74
219.258
220.148
220.446
221.31199999999998
221.256
221.126
215.01
214.08
213.964
211.144
209.59799999999998
0.0
144.238
142.292
140.99
139.664
138.806
134.802
128.454
127.548
133.754
139.646
143.858
144.104
145.674
147.364
147.966
148.166
148.742
148.71
148.62
144.508
143.882
143.81
141.914
140.874
0.0
517.9540000000001
481.786
454.686
435.072
424.472
414.718
402.09
409.96000000000004
454.358
499.264
537.36
567.202
592.658
607.17
619.5260000000001
635.478
648.254
660.664
650.792
633.4259999999999
621.76
609.722
573.238
530.404
0.0
183.614
177.522
171.392
166.368
164.28400000000002
163.49
162.112
162.11599999999999
174.452
181.51
185.342
186.742
190.478
193.336
196.17600000000002
198.876
201.358
203.86
202.332
199.53
197.524
196.618
190.754
184.788
0.0
121.98400000000001
117.93599999999999
113.86200000000001
110.528
109.14
108.616
107.7
107.706
115.896
120.584
123.134
124.062
126.544
128.442
130.326
132.122
133.774
135.434
134.416
132.56
131.224
130.622
126.726
122.75999999999999
0.0
178.044
169.614
162.756
157.81
153.464
149.474
144.242
145.40800000000002
157.236
169.36599999999999
179.33599999999998
187.006
193.81799999999998
198.852
204.15200000000002
208.642
211.20399999999998
211.864
209.57399999999998
204.28
201.91400000000002
199.086
189.916
178.818
0.0
186.43
177.606
170.42000000000002
165.242
160.69400000000002
156.516
151.03
152.256
164.646
177.346
187.784
195.81
202.95000000000002
208.214
213.768
218.468
221.15
221.838
219.44
213.898
211.422
208.46
198.858
187.23600000000002
0.0
393.19
387.888
384.33
380.714
378.37800000000004
367.476
350.166
347.686
364.614
380.678
392.154
392.814
397.10400000000004
401.71799999999996
403.35
403.892
405.48
405.366
405.132
393.924
392.222
392.016
386.858
384.024
0.0
680.178
676.37
671.6279999999999
668.434
666.974
663.184
659.67
658.886
669.794
679.366
687.168
689.264
690.648
687.958
689.49
691.384
691.494
691.256
690.802
689.686
693.168
694.388
693.0500000000001
686.0219999999999
0.0
1103.57
1026.518
968.768
926.99
904.394
883.622
856.71
873.488
968.072
1063.754
1144.932
1208.5040000000001
1262.7479999999998
1293.664
1319.9859999999999
1353.982
1381.192
1407.644
1386.606
1349.616
1324.756
1299.104
1221.3700000000001
1130.102
0.0
74.374
71.902
69.416
67.384
66.538
66.218
65.658
65.664
70.658
73.52
75.068
75.636
77.14999999999999
78.308
79.45599999999999
80.55
81.556
82.574
81.94600000000001
80.82000000000001
80.002
79.638
77.258
74.848
0.0
1306.548
1244.692
1194.358
1158.07
1126.158
1096.878
1058.464
1067.044
1153.856
1242.874
1316.01
1372.306
1422.314
1459.216
1498.134
1531.0600000000002
1549.884
1554.704
1537.924
1499.0459999999998
1481.69
1460.956
1393.658
1312.218
0.0
240.15
232.176
224.156
217.59199999999998
214.864
213.82999999999998
212.026
212.034
228.16
237.394
242.406
244.234
249.12199999999999
252.862
256.57
260.106
263.35400000000004
266.63
264.622
260.964
258.336
257.156
249.48
241.67999999999998
0.0
66.65599999999999
65.752
65.152
64.53800000000001
64.144
62.292
59.358
58.94
61.806
64.532
66.474
66.59
67.316
68.098
68.374
68.466
68.738
68.71600000000001
68.676
66.77799999999999
66.48400000000001
66.456
65.58200000000001
65.096
0.0
531.238
524.068
519.2620000000001
514.38
511.226
496.494
473.116
469.756
492.63
514.332
529.842
530.7239999999999
536.526
542.756
544.962
545.694
547.84
547.69
547.374
532.236
529.928
529.654
522.676
518.848
0.0
333.538
317.75
304.902
295.64
287.488
280.01599999999996
270.20799999999997
272.398
294.566
317.288
335.95799999999997
350.324
363.094
372.514
382.454
390.852
395.662
396.888
392.608
382.682
378.256
372.96
355.782
334.99
0.0
289.992
280.36400000000003
270.684
262.756
259.46
258.214
256.03
256.038
275.52
286.666
292.714
294.926
300.826
305.346
309.822
314.09000000000003
318.012
321.968
319.546
315.128
311.956
310.53
301.26800000000003
291.842
0.0
113.134
107.176
103.17399999999999
100.326
98.846
97.534
94.53
96.148
106.42
116.268
123.38
127.22
130.886
133.418
135.99200000000002
139.1
141.63
143.016
140.77599999999998
137.60399999999998
135.986
134.46200000000002
127.698
117.82000000000001
0.0
25.496
24.288
23.305999999999997
22.598
21.976
21.402
20.65
20.816
22.512
24.25
25.676
26.776
27.753999999999998
28.468
29.23
29.874
30.238
30.334
30.01
29.25
28.908
28.506
27.19
25.602
0.0
273.93199999999996
254.80399999999997
240.472
230.1
224.492
219.336
212.66
216.822
240.3
264.052
284.198
299.984
313.442
321.12
327.654
336.092
342.844
349.40999999999997
344.19
335.00800000000004
328.834
322.468
303.172
280.52
0.0
94.39
93.114
92.266
91.394
90.83200000000001
88.218
84.062
83.466
87.532
91.386
94.14
94.296
95.328
96.438
96.83
96.958
97.338
97.31
97.256
94.566
94.158
94.11
92.868
92.19
0.0
218.144
210.662
204.588
200.19199999999998
194.89000000000001
190.924
187.21
190.14600000000002
201.138
210.16400000000002
217.68599999999998
225.864
233.49599999999998
239.78
246.332
251.02
253.17000000000002
251.41
245.694
238.086
237.052
233.1
225.584
216.52
0.0
101.212
94.142
88.85
85.02
82.946
81.036
78.568
80.11
88.782
97.558
105.002
110.834
115.806
118.642
121.056
124.176
126.668
129.098
127.16999999999999
123.772
121.494
119.144
112.014
103.64
0.0
57.518
55.605999999999995
53.686
52.116
51.466
51.214
50.78
50.786
54.648
56.86
58.058
58.502
59.668
60.564
61.452
62.302
63.074
63.862
63.384
62.506
61.88
61.596000000000004
59.760000000000005
57.888000000000005
0.0
281.612
261.944
247.21
236.546
230.782
225.484
218.61599999999999
222.894
247.03
271.444
292.164
308.388
322.228
330.116
336.836
345.508
352.452
359.2
353.834
344.394
338.054
331.504
311.66400000000004
288.378
0.0
55.788000000000004
53.148
50.996
49.449999999999996
48.086
46.832
45.196
45.562
49.266000000000005
53.068
56.196
58.596
60.730000000000004
62.308
63.968
65.376
66.17999999999999
66.38199999999999
65.67
64.006
63.266
62.38
59.51
56.028
0.0
12.004
11.3
10.762
10.396
10.156
9.870000000000001
9.532
9.812
10.932
11.874
12.334
12.606
12.886
13.084
13.341999999999999
13.443999999999999
13.761999999999999
14.107999999999999
14.110000000000001
13.808
13.884
13.57
13.028
12.362
0.0
194.226
185.02800000000002
177.54999999999998
172.154
167.414
163.06
157.346
158.622
171.53
184.764
195.63
204.006
211.436
216.924
222.71
227.602
230.4
231.116
228.62
222.84
220.26000000000002
217.182
207.174
195.072
0.0
154.494
152.41
151.018
149.59
148.678
144.394
137.594
136.618
143.268
149.58
154.094
154.352
156.036
157.846
158.492
158.702
159.32999999999998
159.28
159.19
154.788
154.116
154.03400000000002
152.00400000000002
150.894
0.0
898.77
856.216
821.592
796.6279999999999
774.676
754.534
728.11
734.014
793.7339999999999
854.9680000000001
905.278
944.002
978.404
1003.784
1030.558
1053.2060000000001
1066.1580000000001
1069.472
1057.93
1031.184
1019.2460000000001
1004.982
958.69
902.666
0.0
30.982
29.958
28.924
28.072000000000003
27.722
27.586
27.355999999999998
27.356
29.44
30.63
31.278000000000002
31.514
32.144
32.624
33.102000000000004
33.56
33.976
34.402
34.144
33.67
33.332
33.18
32.186
31.18
0.0
288.67
284.774
282.164
279.508
277.798
269.788
257.086
255.262
267.686
279.48
287.914
288.396
291.546
294.93
296.126
296.524
297.69
297.612
297.436
289.21
287.956
287.808
284.016
281.938
0.0
1530.174
1521.6100000000001
1510.9399999999998
1503.7459999999999
1500.466
1491.938
1484.036
1482.2740000000001
1506.812
1528.346
1545.902
1550.62
1553.734
1547.6779999999999
1551.124
1555.384
1555.628
1555.09
1554.0700000000002
1551.56
1559.3999999999999
1562.148
1559.132
1543.3220000000001
0.0
369.50600000000003
364.52000000000004
361.178
357.776
355.588
345.338
329.074
326.744
342.65
357.748
368.534
369.152
373.182
377.514
379.054
379.562
381.05199999999996
380.94599999999997
380.73199999999997
370.19800000000004
368.592
368.404
363.55400000000003
360.884
0.0
310.028
295.35400000000004
283.41200000000003
274.798
267.226
260.28
251.162
253.198
273.798
294.92
312.274
325.636
337.498
346.258
355.49
363.30400000000003
367.772
368.912
364.932
355.706
351.58799999999997
346.67
330.7
311.37399999999997
0.0
906.992
901.924
895.594
891.328
889.39
884.3340000000001
879.6460000000001
878.602
893.148
905.908
916.322
919.112
920.958
917.368
919.4159999999999
921.942
922.08
921.766
921.162
919.676
924.318
925.944
924.16
914.792
0.0
115.046
108.34599999999999
103.152
99.64
97.33800000000001
94.61
91.386
94.012
104.784
113.836
118.224
120.816
123.488
125.38600000000001
127.868
128.86
131.92
135.238
135.22
132.338
133.062
130.04
124.83000000000001
118.502
0.0
367.846
342.164
322.916
308.988
301.458
294.534
285.56600000000003
291.158
322.686
354.57599999999996
381.636
402.83
420.908
431.216
439.988
451.314
460.386
469.208
462.19399999999996
449.86400000000003
441.574
433.028
407.11400000000003
376.692
0.0
141.908
135.19
129.722
125.782
122.318
119.134
114.96000000000001
115.894
125.32199999999999
134.994
142.938
149.048
154.484
158.488
162.716
166.296
168.336
168.85999999999999
167.038
162.81199999999998
160.932
158.676
151.368
142.522
0.0
591.386
571.1080000000001
554.638
542.72
528.336
517.5840000000001
507.51800000000003
515.4879999999999
545.284
569.7620000000001
590.156
612.33
633.004
650.042
667.802
680.514
686.342
681.568
666.074
645.442
642.64
631.948
611.554
586.976
0.0
625.406
592.468
570.338
554.606
546.452
539.202
522.564
531.51
588.296
642.746
682.058
703.308
723.558
737.538
751.788
768.9359999999999
782.93
790.61
778.204
760.684
751.7479999999999
743.326
705.914
651.314
0.0
2923.394
2907.042
2886.6459999999997
2872.9120000000003
2866.648
2850.354
2835.256
2831.886
2878.766
2919.906
2953.452
2962.458
2968.4080000000004
2956.8360000000002
2963.428
2971.572
2972.024
2971.0
2969.06
2964.262
2979.234
2984.482
2978.728
2948.52
0.0
305.05400000000003
283.754
267.79200000000003
256.24
249.99599999999998
244.256
236.816
241.454
267.596
294.05
316.484
334.064
349.05400000000003
357.598
364.87399999999997
374.276
381.79
389.106
383.29200000000003
373.068
366.194
359.10400000000004
337.616
312.388
0.0
637.1320000000001
606.97
582.426
564.732
549.164
534.8879999999999
516.16
520.336
562.674
606.084
641.75
669.2040000000001
693.588
711.58
730.56
746.614
755.802
758.144
749.962
731.008
722.544
712.432
679.616
639.896
0.0
491.534
474.682
460.99
451.086
439.132
430.198
421.82800000000003
428.45
453.21799999999996
473.564
490.51
508.94
526.126
540.284
555.05
565.612
570.454
566.492
553.6080000000001
536.4599999999999
534.1320000000001
525.2460000000001
508.296
487.866
0.0
515.732
479.72
452.736
433.21
422.652
412.942
400.372
408.21
452.408
497.126
535.0600000000001
564.7719999999999
590.1220000000001
604.57
616.87
632.758
645.47
657.838
648.004
630.7180000000001
619.102
607.114
570.782
528.1320000000001
0.0
589.9019999999999
561.976
539.25
522.86
508.454
495.234
477.896
481.762
520.958
561.152
594.174
619.592
642.17
658.826
676.4060000000001
691.2660000000001
699.768
701.942
694.37
676.81
668.976
659.616
629.23
592.462
0.0
135.492
133.66
132.436
131.19
130.386
126.62800000000001
120.67
119.81200000000001
125.646
131.178
135.138
135.35999999999999
136.844
138.428
138.996
139.178
139.726
139.688
139.608
135.744
135.15800000000002
135.088
133.308
132.332
0.0
16.526
15.976
15.426
14.97
14.784
14.716
14.59
14.59
15.701999999999998
16.338
16.682
16.806
17.144
17.4
17.656
17.896
18.12
18.348
18.21
17.956
17.774
17.694
17.169999999999998
16.632
0.0
1056.806
1020.566
991.132
969.832
944.14
924.918
906.93
921.168
974.418
1018.154
1054.598
1094.222
1131.172
1161.6200000000001
1193.356
1216.068
1226.486
1217.962
1190.268
1153.398
1148.392
1129.282
1092.842
1048.9180000000001
0.0
1485.624
1434.682
1393.308
1363.366
1327.2440000000001
1300.22
1274.94
1294.952
1369.808
1431.3
1482.526
1538.226
1590.1699999999998
1632.9660000000001
1677.59
1709.516
1724.158
1712.178
1673.24
1621.4080000000001
1614.38
1587.508
1536.278
1474.538
0.0
997.84
963.62
935.836
915.722
891.46
873.312
856.33
869.774
920.0500000000001
961.352
995.76
1033.172
1068.06
1096.806
1126.7740000000001
1148.216
1158.056
1150.008
1123.854
1089.042
1084.32
1066.27
1031.86
990.3919999999999
0.0
383.80400000000003
371.062
358.25
347.756
343.39799999999997
341.742
338.856
338.868
364.648
379.404
387.406
390.33
398.14
404.118
410.048
415.698
420.886
426.12399999999997
422.91999999999996
417.062
412.878
410.986
398.724
386.252
0.0
281.898
278.098
275.548
272.95
271.28000000000003
263.462
251.052
249.276
261.412
272.928
281.154
281.628
284.71000000000004
288.01
289.18
289.574
290.708
290.634
290.466
282.43199999999996
281.20799999999997
281.058
277.356
275.326
0.0
403.788
398.33799999999997
394.686
390.974
388.578
377.376
359.608
357.062
374.44
390.938
402.726
403.402
407.812
412.54
414.218
414.776
416.402
416.296
416.058
404.548
402.79200000000003
402.58
397.282
394.37
0.0
546.078
538.712
533.774
528.746
525.508
510.366
486.332
482.882
506.39
528.7040000000001
544.644
545.554
551.522
557.9159999999999
560.19
560.94
563.1419999999999
562.992
562.666
547.106
544.7379999999999
544.452
537.282
533.3439999999999
0.0
53.402
51.626
49.844
48.386
47.778
47.544
47.141999999999996
47.15
50.728
52.782000000000004
53.898
54.303999999999995
55.396
56.224
57.05
57.836
58.554
59.286
58.836000000000006
58.028
57.440000000000005
57.18
55.472
53.734
0.0
20.878
19.782
19.042
18.516000000000002
18.242
18.002
17.446
17.746
19.644
21.46
22.772000000000002
23.482000000000003
24.16
24.62
25.1
25.67
26.137999999999998
26.398
25.983999999999998
25.394
25.096
24.816
23.564
21.746
0.0
429.21
399.248
376.78400000000005
360.532
351.75
343.67199999999997
333.204
339.726
376.514
413.724
445.302
470.024
491.126
503.144
513.386
526.608
537.192
547.48
539.294
524.908
515.242
505.264
475.026
439.532
0.0
66.546
64.336
62.116
60.294
59.536
59.252
58.752
58.756
63.224000000000004
65.776
67.166
67.67399999999999
69.03
70.066
71.094
72.076
72.97
73.878
73.324
72.31
71.586
71.25399999999999
69.13
66.97
0.0
139.592
129.84799999999998
122.53999999999999
117.256
114.4
111.774
108.372
110.492
122.45400000000001
134.558
144.824
152.868
159.728
163.638
166.966
171.27200000000002
174.712
178.054
175.398
170.718
167.568
164.32999999999998
154.494
142.95
0.0
145.83599999999998
138.934
133.31
129.26399999999998
125.7
122.434
118.146
119.102
128.792
138.732
146.88799999999998
153.174
158.75799999999998
162.876
167.21800000000002
170.89600000000002
172.994
173.538
171.66
167.32000000000002
165.386
163.072
155.558
146.472
0.0
125.394
123.702
122.566
121.412
120.668
117.194
111.672
110.88000000000001
116.284
121.402
125.064
125.274
126.64399999999999
128.112
128.628
128.804
129.31
129.274
129.204
125.63199999999999
125.08
125.016
123.376
122.466
0.0
658.688
620.332
590.608
570.476
557.312
541.704
523.196
538.244
599.922
651.748
676.902
691.726
707.0120000000001
717.898
732.112
737.752
755.308
774.292
774.216
757.706
761.836
744.528
714.714
678.47
0.0
591.846
550.524
519.554
497.146
485.034
473.892
459.456
468.456
519.178
570.494
614.032
648.124
677.214
693.794
707.914
726.142
740.736
754.924
743.64
723.798
710.474
696.71
655.026
606.076
0.0
1153.878
1099.25
1054.796
1022.7479999999999
994.568
968.7
934.782
942.356
1019.028
1097.642
1162.234
1211.95
1256.114
1288.702
1323.076
1352.152
1368.778
1373.0339999999999
1358.214
1323.8799999999999
1308.55
1290.24
1230.808
1158.886
0.0
1364.032
1317.26
1279.272
1251.78
1218.6180000000002
1193.808
1170.594
1188.972
1257.702
1314.154
1361.196
1412.33
1460.0240000000001
1499.32
1540.286
1569.604
1583.05
1572.048
1536.3
1488.7079999999999
1482.25
1457.576
1410.548
1353.86
0.0
159.308
157.156
155.71200000000002
154.25
153.304
148.888
141.874
140.87199999999999
147.728
154.236
158.884
159.154
160.892
162.762
163.422
163.638
164.286
164.23999999999998
164.144
159.606
158.91400000000002
158.832
156.738
155.59
0.0
1531.868
1479.334
1436.674
1405.804
1368.556
1340.698
1314.626
1335.262
1412.446
1475.85
1528.672
1586.11
1639.6699999999998
1683.798
1729.808
1762.724
1777.828
1765.4679999999998
1725.322
1671.882
1664.626
1636.924
1584.1
1520.4399999999998
0.0
1.942
1.81
1.704
1.632
1.59
1.556
1.504
1.536
1.7
1.868
2.01
2.126
2.222
2.276
2.324
2.384
2.43
2.476
2.442
2.378
2.332
2.288
2.15
1.9859999999999998
0.0
117.612
112.042
107.512
104.248
101.38
98.744
95.282
96.058
103.868
111.88199999999999
118.466
123.53200000000001
128.034
131.35399999999998
134.86
137.826
139.516
139.954
138.44
134.944
133.382
131.518
125.458
118.12599999999999
0.0
2048.864
1978.6100000000001
1921.55
1880.258
1830.44
1793.1779999999999
1758.308
1785.906
1889.144
1973.944
2044.598
2121.4139999999998
2193.052
2252.076
2313.6059999999998
2357.642
2377.834
2361.3160000000003
2307.612
2236.134
2226.432
2189.38
2118.73
2033.5800000000002
0.0
415.234
401.0
389.43399999999997
381.066
370.972
363.42
356.34999999999997
361.942
382.862
400.05
414.368
429.938
444.45799999999997
456.422
468.892
477.81399999999996
481.908
478.56
467.672
453.19
451.226
443.712
429.39799999999997
412.14
0.0
447.202
426.034
408.8
396.382
385.46000000000004
375.436
362.29
365.228
394.94
425.406
450.438
469.71
486.828
499.456
512.778
524.048
530.49
532.14
526.396
513.092
507.14799999999997
500.052
477.014
449.142
0.0
129.374
124.94200000000001
121.338
118.732
115.58399999999999
113.234
111.032
112.77
119.292
124.644
129.106
133.956
138.48600000000002
142.206
146.094
148.876
150.148
149.106
145.718
141.202
140.592
138.252
133.792
128.41
0.0
78.36800000000001
72.9
68.802
65.834
64.224
62.756
60.842
62.032000000000004
68.75
75.546
81.312
85.824
89.68
91.87
93.738
96.158
98.086
99.968
98.47200000000001
95.844
94.08
92.254
86.738
80.256
0.0
139.442
134.81400000000002
130.154
126.342
124.758
124.156
123.10799999999999
123.114
132.482
137.84199999999998
140.75
141.81199999999998
144.65
146.82
148.974
151.026
152.91
154.816
153.654
151.524
150.002
149.314
144.85999999999999
140.326
0.0
142.972
138.074
134.09
131.21
127.732
125.13000000000001
122.69800000000001
124.626
131.83
137.744
142.676
148.036
153.036
157.156
161.446
164.522
165.932
164.77599999999998
161.032
156.044
155.364
152.78
147.846
141.91
0.0
816.722
788.712
765.9699999999999
749.508
729.65
714.798
700.902
711.904
753.0500000000001
786.856
815.02
845.642
874.194
897.724
922.2520000000001
939.806
947.856
941.268
919.8639999999999
891.372
887.5079999999999
872.736
844.566
810.63
0.0
361.66
336.408
317.484
303.786
296.386
289.576
280.758
286.254
317.252
348.608
375.216
396.046
413.824
423.956
432.584
443.726
452.638
461.308
454.412
442.28999999999996
434.146
425.74
400.266
370.354
0.0
523.3
492.83
469.218
453.21999999999997
442.762
430.366
415.662
427.616
476.618
517.794
537.772
549.554
561.692
570.348
581.632
586.116
600.066
615.15
615.086
601.972
605.2479999999999
591.506
567.814
539.018
0.0
271.412
252.462
238.262
227.986
222.43
217.32
210.702
214.828
238.09199999999998
261.62399999999997
281.588
297.222
310.56
318.164
324.644
333.002
339.69
346.19800000000004
341.028
331.924
325.816
319.5
300.386
277.942
0.0
904.0600000000001
873.0600000000001
847.884
829.662
807.678
791.242
775.852
788.028
833.582
871.0020000000001
902.1759999999999
936.072
967.686
993.724
1020.88
1040.306
1049.218
1041.932
1018.236
986.6899999999999
982.418
966.058
934.8860000000001
897.316
0.0
541.306
503.516
475.18600000000004
454.69
443.61199999999997
433.42400000000004
420.224
428.446
474.842
521.7800000000001
561.596
592.7800000000001
619.384
634.548
647.458
664.134
677.482
690.4599999999999
680.14
661.99
649.8
637.218
599.084
554.32
0.0
379.6
353.1
333.236
318.86
311.09000000000003
303.94399999999996
294.69
300.45799999999997
332.996
365.904
393.826
415.7
434.356
444.988
454.044
465.74
475.092
484.196
476.96
464.236
455.68399999999997
446.864
420.126
388.728
0.0
242.664
239.39000000000001
237.196
234.964
233.51999999999998
226.792
216.112
214.58
225.026
234.944
242.024
242.434
245.082
247.922
248.93800000000002
249.266
250.246
250.184
250.034
243.11800000000002
242.068
241.942
238.756
237.006
0.0
1233.6
1147.468
1082.916
1036.208
1010.9540000000001
987.742
957.6560000000001
976.4060000000001
1082.1399999999999
1189.0919999999999
1279.836
1350.902
1411.53
1446.0900000000001
1475.516
1513.518
1543.932
1573.5059999999999
1549.984
1508.63
1480.846
1452.176
1365.278
1263.258
0.0
500.45000000000005
483.292
469.352
459.27
447.10200000000003
438.0
429.48
436.222
461.442
482.15
499.41
518.172
535.668
550.086
565.114
575.872
580.808
576.7719999999999
563.65
546.1959999999999
543.8280000000001
534.772
517.518
496.71999999999997
0.0
1171.71
1131.53
1098.898
1075.29
1046.796
1025.482
1005.544
1021.33
1080.366
1128.866
1169.272
1213.202
1254.166
1287.924
1323.108
1348.29
1359.844
1350.394
1319.684
1278.806
1273.258
1252.068
1211.6660000000002
1162.97
0.0
78.524
73.036
68.932
65.954
64.35
62.876
60.952
62.152
68.88
75.69
81.462
85.988
89.85
92.05
93.91799999999999
96.33800000000001
98.27600000000001
100.158
98.658
96.024
94.25999999999999
92.434
86.904
80.40599999999999
0.0
714.664
680.834
653.2959999999999
633.45
615.9939999999999
599.9739999999999
578.9699999999999
583.66
631.144
679.84
719.838
750.6320000000001
777.992
798.174
819.462
837.474
847.768
850.404
841.224
819.96
810.464
799.124
762.316
717.766
0.0
736.442
685.022
646.48
618.604
603.528
589.664
571.708
582.9019999999999
646.02
709.872
764.042
806.4699999999999
842.666
863.298
880.864
903.548
921.706
939.356
925.318
900.628
884.044
866.922
815.052
754.142
0.0
139.756
131.622
125.312
121.042
118.25
114.934
111.006
114.202
127.286
138.286
143.622
146.76999999999998
150.01
152.32
155.334
156.53400000000002
160.262
164.288
164.27200000000002
160.76600000000002
161.642
157.972
151.64600000000002
143.956
0.0
99.264
95.862
93.098
91.1
88.67999999999999
86.878
85.188
86.522
91.524
95.636
99.058
102.78
106.252
109.11
112.09
114.226
115.206
114.404
111.804
108.34
107.872
106.074
102.65
98.526
0.0
1322.104
1304.268
1292.308
1280.146
1272.304
1235.634
1177.4479999999999
1169.098
1226.018
1280.0339999999999
1318.628
1320.832
1335.276
1350.768
1356.268
1358.086
1363.418
1363.052
1362.2720000000002
1324.588
1318.852
1318.17
1300.806
1291.272
0.0
393.026
387.72400000000005
384.176
380.556
378.224
367.322
350.02799999999996
347.544
364.462
380.52
391.996
392.65
396.942
401.55
403.18199999999996
403.724
405.308
405.204
404.96999999999997
393.766
392.06
391.858
386.7
383.866
0.0
1442.96
1342.212
1266.702
1212.072
1182.53
1155.374
1120.182
1142.116
1265.79
1390.894
1497.042
1580.17
1651.092
1691.516
1725.932
1770.386
1805.9560000000001
1840.5520000000001
1813.04
1764.668
1732.1680000000001
1698.624
1596.9859999999999
1477.648
0.0
187.68800000000002
174.584
164.762
157.65800000000002
153.816
150.286
145.70600000000002
148.558
164.646
180.92
194.726
205.536
214.762
220.024
224.498
230.28
234.90599999999998
239.406
235.82999999999998
229.538
225.31
220.944
207.726
192.20000000000002
0.0
1170.47
1130.336
1097.738
1074.146
1045.688
1024.402
1004.482
1020.2479999999999
1079.228
1127.672
1168.034
1211.914
1252.8419999999999
1286.562
1321.71
1346.866
1358.404
1348.97
1318.29
1277.452
1271.914
1250.742
1210.3799999999999
1161.738
0.0
902.116
839.134
791.9219999999999
757.774
739.3
722.32
700.326
714.038
791.356
869.568
935.9259999999999
987.9
1032.238
1057.514
1079.028
1106.816
1129.06
1150.6879999999999
1133.486
1103.2440000000001
1082.924
1061.956
998.414
923.8059999999999
0.0
758.9
748.66
741.796
734.814
730.314
709.2620000000001
675.864
671.072
703.744
734.752
756.9060000000001
758.1700000000001
766.46
775.35
778.51
779.554
782.614
782.406
781.958
760.3280000000001
757.03
756.636
746.668
741.2
0.0
41.504
40.126
38.739999999999995
37.605999999999995
37.132
36.958
36.644
36.647999999999996
39.43
41.032
41.896
42.21
43.054
43.702
44.339999999999996
44.956
45.518
46.077999999999996
45.732
45.1
44.65
44.446
43.12
41.772
0.0
138.172
130.894
126.006
122.53
120.724
119.126
115.45
117.42999999999999
129.976
142.004
150.692
155.382
159.858
162.948
166.096
169.884
172.978
174.67
171.926
168.06
166.084
164.224
155.958
143.89600000000002
0.0
11.166
10.572000000000001
10.182
9.902000000000001
9.752
9.622
9.326
9.49
10.498000000000001
11.472000000000001
12.174
12.554
12.916
13.165999999999999
13.418
13.725999999999999
13.975999999999999
14.11
13.89
13.576
13.42
13.264
12.598
11.624
0.0
16.048000000000002
15.2
14.632
14.234
14.022
13.832
13.405999999999999
13.638
15.094
16.494
17.502
18.046
18.564
18.926
19.292
19.73
20.09
20.282
19.968
19.518
19.285999999999998
19.07
18.112000000000002
16.71
0.0
4.524
4.266
4.058
3.92
3.83
3.722
3.598
3.698
4.122
4.478
4.652
4.754
4.856
4.934
5.03
5.074
5.19
5.322
5.318
5.208
5.236000000000001
5.1160000000000005
4.91
4.666
