0.0
176.1550867
167.4084737
160.30928108
155.04432953
150.45872666000002
149.08304579
149.10002946999998
151.73250525
163.17952884000002
178.0232953
193.34260573
207.88066529
221.19589749000002
232.38816533
239.33450454
244.41263515999998
246.7733715
245.38070695
239.55529285
228.90650388
223.03013864
212.73800769000002
197.97915982
183.22031186
0.0
175.84937981
168.10480597
162.60208252
158.10139814000001
155.57082472
155.26511783
155.65574331
157.456017
167.68021313
180.92751042
194.44654715000001
207.33718651
219.07293322
229.5688687
237.17757282000002
242.61236146000002
246.16195781
246.07703923000003
240.94795748
232.06547476
223.19997581
213.65512827
200.27196126
187.24545227
0.0
277.75166678
273.13209636
269.70138605
267.01795914
265.33657148
263.90993939
263.02678627
262.05871456
265.8460829
273.50573815
280.87667020000004
286.97382366
293.4446189
299.43987009
303.9915056
306.87873705
308.18648308999997
307.08254167
303.80468475
299.38891896
294.8712509
291.15181746999997
285.22450109
281.94664418
0.0
442.56163215000004
421.55277733
405.85982512000004
394.37883416
387.63629948000005
386.00586286000004
386.651244
389.91211723000004
417.03510926999996
457.23556143
497.04538821
532.03184004
558.2716789599999
576.30838375
587.415733
594.90555109
596.72280855
591.11818275
576.42726969
557.45646065
542.91840099
523.99854308
496.21318622
466.72945784
0.0
61.786753309000005
58.508896411
56.029274095999995
54.093130644
52.785384631999996
52.309840619
52.377775478000004
52.156987193
55.808485811
61.87167187599999
67.951841667
73.35266287600001
77.870330927
81.318024968
83.559875281
84.748735292
84.95253986899999
83.814631
81.385959827
78.362858649
76.494650056
74.048995166
69.98988740300001
65.574121636
0.0
1178.87359036
1107.6778591500001
1054.16217497
1015.59215889
993.22460689
989.5051735500001
994.9399622799999
1010.53101205
1083.42511496
1187.1616428900002
1298.26910279
1408.1877032
1506.5913445
1589.9983667
1657.6445014
1704.077977
1729.6554511000002
1727.2097956
1684.5127378
1613.4358924
1549.5941094
1479.2815323
1379.7060135000002
1272.28401954
0.0
82.846559274
77.836363502
74.0829626
71.36556827400001
69.80306654200001
69.53132711500001
69.92195254399999
71.00891027
76.137992053
83.424005563
91.23651422799999
98.9641043
105.876476153
111.735857623
116.491297667
119.75217081100001
121.552444599
121.382607429
118.376489949
113.383277921
108.89957731300001
103.95731641799999
96.960026007
89.402273061
0.0
345.2109807
322.55470558
305.3332191
293.03700975
285.66607769999996
283.71295051
285.47925684999996
289.35154377000003
307.52411827
335.80200287
367.10298863
397.75859334
426.10441275999995
450.83270109
471.4679142
486.78722462999997
496.82459990999996
499.64389654
491.54266467
475.34020112999997
458.40743776
438.06094777
407.38835938
374.49090444999996
0.0
375.62881332999996
356.98069486
341.81423774
330.60498622
320.83935038
317.90116780000005
317.93513526
323.55674474
347.9793261
379.58601884
412.26268546
443.2749481
471.67171874
495.53383763
510.36062031999995
521.19623022
526.2234097
523.2342759100001
510.83616438
488.11195435999997
475.57797311
453.63501395000003
422.18117470000004
390.67638441
0.0
2092.6313972
1966.2385938
1871.2656623
1802.7873255000002
1763.079401
1756.4727365
1766.1364699
1793.8199238999998
1923.2018615
2107.3562774
2304.5711702
2499.6970656
2674.3745695999996
2822.4555759
2942.49647
3024.9524033999996
3070.3498727
3065.9850576999997
2990.2037236
2864.031709
2750.6993823000003
2625.9200322
2449.153531
2258.4603853
0.0
88.21341305
82.880526699
78.87237007799999
75.98513861800001
74.32073460199999
74.032011449
74.43962060300001
75.611496897
81.063269249
88.82482677200001
97.14684683099999
105.366964642
112.737896782
118.970919955
124.03206688700001
127.513728335
129.415904388
129.229083537
126.036145207
120.720242609
115.947818794
110.68286733000001
103.244000375
95.193719708
0.0
673.30237718
662.1440766999999
653.82205662
647.31729402
643.2412024700001
639.7765248
637.63657676
635.2588567399999
644.4810137100001
663.0442136
680.89409753
695.66992917
711.37986507
725.90094096
736.92337163
743.93764575
747.09661662
744.4301734
736.48179502
725.76507124
714.8105753899999
705.79222295
691.45796791
683.47562218
0.0
1549.0336471
1455.4873475
1385.1747695
1334.47838181
1305.09655606
1300.2052460199998
1307.35539013
1327.85473362
1423.6258999
1559.9371919
1705.9292019
1850.3587096
1979.6557278999999
2089.2686211
2178.1443994
2239.1668859
2272.7776563
2269.5507506
2213.4535415
2120.060096
2036.1605462000002
1943.7861234000002
1812.9435865
1671.7919355000001
0.0
143.35953395
140.98181393000002
139.19852391
137.82284305000002
136.956673609
136.209390204
135.767813598
135.258302177
137.21142935999998
141.16863478
144.97298689
148.11497408999998
151.46076581
154.55180188
156.89555445000002
158.39012135
159.06946985
158.49202361
156.81063586
154.51783443
152.19106554
150.27190579999998
147.21483719000003
145.51646576
0.0
88.264364192
82.47291755399999
78.074135504
74.932148325
73.04695601499999
72.537444577
72.996004873
73.981060307
78.634598076
85.869660453
93.86898997899999
101.698482343
108.950528446
115.268470204
120.550405439
124.473643493
127.03818436600001
127.75150040899999
125.679487185
121.552444599
117.204613709
112.00759705899999
104.178104631
95.75418227899999
0.0
16.168496195
15.472163896000001
14.962652467
14.538059603999999
14.31727131
14.283303885
14.31727131
14.487108462
15.421212754
16.644040199
17.883851352
19.072711372
20.159669099000002
21.110757108
21.824073114
22.316600836
22.639291414
22.639291414
22.16374741
21.34852911
20.533310819
19.65015766
18.427330215
17.221486487
0.0
362.82309265000004
338.99494119999997
320.90728528
307.98267855999995
300.23810472
298.18307527
300.03430019
304.11039164
323.20008672
352.92158709
385.81904201000003
418.03714843
447.84356729
473.82865046
495.51685385999997
511.61741522999995
522.16430193
525.13645196
516.61062726
499.59294539999996
481.77702892
460.39453231
428.17642598000003
393.58059953
0.0
213.94385139
202.61571383
194.00497063999998
187.31338709
182.77873535
181.11433128
181.35210325999998
180.62180354
193.27467091
214.24955827
235.3263479
253.99145015000002
269.63345123
281.57300247
289.35154377000003
293.46160267000005
294.17491863
290.26866434
281.82775823000003
271.34880634
264.91197854999996
256.40313762
242.39157315
227.10623009
0.0
143.78412688
136.175422752
130.383976096
125.900275488
122.860190647
121.73926545
121.89211884900001
121.3995912
129.908432128
144.00491518
158.16933305
170.72029806
181.21623354
189.24953050000002
194.48051460000002
197.23187633
197.72440407000002
195.09192829
189.41936767
182.37112618999998
178.05726266
172.33375091
162.90778941
152.63264214
0.0
948.42156818
891.13549917
848.08178293
817.0525365999999
799.0667829500001
796.06066547
800.4424638099999
812.99342883
871.63819493
955.09616796
1044.46447331
1132.89867495
1212.07675154
1279.17940753
1333.5952286
1370.9594006
1391.5436625
1389.5565682000001
1355.2154977300002
1298.03133126
1246.67257817
1190.11680879
1110.00462795
1023.5745051700001
0.0
246.6205181
235.58110366
227.42892075
220.97510918999998
216.64426197999998
214.74208601
215.40445083
216.94996887000002
227.41193697999998
243.25774259999997
259.74892934999997
276.97041583
294.03904891
310.02072424
321.90932444
329.48406102999996
334.29045229
335.36042627
329.85770282
318.98812555
307.21841139
294.68443005
277.59881329
260.24145709
0.0
163.84189365999998
156.50492898
151.08712411
146.80722803999998
143.91999659
142.66320168
143.10477829
144.12380113
151.07014034
161.60004336
172.5715229
184.00156272
195.34668405000002
205.96150555999998
213.85893280000002
218.88611228
222.09603438000002
222.79236665
219.14086804000002
211.92278939
204.11028073
195.77127688000002
184.42615564
172.87722978
0.0
292.59543323
273.38685211999996
258.79784132
248.36984066000002
242.11983371999997
240.45542974
241.96698032
245.24483723999998
260.64906625000003
284.61308741
311.14164944
337.12673259999997
361.15868858
382.09960858
399.59283449
412.58537603
421.09421705
423.48892075000003
416.61051635
402.88767509
388.51945259999997
371.28098244
345.29589927999996
317.39165638000003
0.0
306.36922563
286.2605077
270.97516464
260.05463624
253.51590618
251.78356730000002
253.34606900999998
256.7937631
272.91130814999997
298.01323809999997
325.79859505
352.9895219
378.15938675
400.10234591
418.41079014
432.01474544999996
440.93119553
443.42780159
436.22670661999996
421.85848413
406.81091314
388.75722459
361.54931405
332.33732511
0.0
391.96714669
371.23003130999996
355.43517683
343.18991869
334.88488229999996
331.82781369
332.2693902
330.92767678999996
354.12743078
392.54459292
431.16555969
465.37076066000003
494.00530328
515.88032754
530.1466477600001
537.6704333
538.9781792599999
531.81105174
516.33888782
497.14729048000004
485.37757632
469.76954277
444.09016641
416.08402125
0.0
562.7214121100001
553.39735288
546.43402989
540.99924126
537.58551471
534.6982831800001
532.91499316
530.92789862
538.63850501
554.14463628
569.0563376399999
581.42048181
594.53190938
606.67526525
615.89742222
621.75680369
624.38927947
622.1644128400001
615.52378043
606.57336289
597.40215715
589.8783716099999
577.88786914
571.2132693599999
0.0
2020.7393333
1898.6943612
1806.9823027999998
1740.8477184
1702.5154748
1696.1295980999998
1705.4706416
1732.2030077
1857.1352118
2034.9716858000002
2225.3930927
2413.8104215000003
2582.4926735
2725.4785665
2841.4094008
2921.0290548999997
2964.8810057
2960.6520610000002
2887.4692347
2765.6450513
2656.2019949
2535.7025405
2365.0162097
2180.8787774
0.0
99.88122487499999
95.414507993
92.119667378
89.50417535400001
87.754852762
86.973601897
87.245341324
87.873738764
92.10268367
98.52252778399999
105.214111243
112.177434229
119.106789673
125.56060123799999
130.383976096
133.45802848
135.394171895
135.835748502
133.610881879
129.195116085
124.439676041
119.361545428
112.432189894
105.400932094
0.0
2147.1151529999997
2006.1503225000001
1899.1019704
1822.5733526
1776.7512912
1764.5400003
1775.5624308
1799.6283545000001
1912.6719586
2088.5383220000003
2283.2226408
2473.8818201
2650.2237274999998
2804.0112623
2932.3741764
3027.6358304
3090.1189161
3107.6461091
3057.2044775
2956.4570827999996
2851.0901188
2724.5274777
2533.8513156999998
2329.1466052
0.0
322.53772181
308.11854828
297.45277554
289.01186943
283.35629249
280.85968652
281.72585596
283.74691796
297.41880808999997
318.15592347
339.72524093000004
362.24564632
384.57923087
405.46919964
421.00929846
430.9277877
437.22874578
438.60442664
431.42031544
417.20494635
401.81770102999997
385.41143286
363.06086462999997
340.3536383
0.0
66.440291078
62.924662178000005
60.258219002000004
58.169222125000005
56.776557536999995
56.250062381000006
56.317997240000004
56.097208955
60.037430717
66.542193362
73.08092343999999
78.889353795
83.746696141
87.44914590100001
89.860833357
91.134611944
91.372383947
90.14955650099999
87.534064468
84.27319128799999
82.28609669400001
79.636637236
75.28880632799999
70.533366266
0.0
529.60316889
501.56305627
480.23151089
463.68937291000003
452.46313771
448.33609502999997
448.93052504
447.11326757
478.44822087
530.36743606
582.54140692
628.75409404
667.45997939
697.0116425800001
716.28815851
726.44441983
728.21072608
718.53000882
697.62305627
671.68892424
655.79216749
634.71537786
600.01764915
562.17793324
0.0
548.13240141
512.14391042
484.81711376
465.26885839
453.56707914
450.45905939
453.27835593000003
459.42646061
488.28179153
533.1697489200001
582.88108126
631.53942321
676.56325032
715.81261455
748.59118352
772.9118626200001
788.8595705
793.3432712
780.4526318400001
754.7392881100001
727.83708437
695.53405946
646.85873373
594.5998442
0.0
389.48752430999997
372.07921698
359.18857771
348.99834903
342.15391208
339.16477828
340.20078490000003
342.62945605000004
359.15461025999997
384.18860539
410.22463978
437.43255031
464.40268895
489.62350494000003
508.39050944999997
520.36402823
527.9727322699999
529.63713634
520.95845824
503.78792288999995
485.20773924
465.40472810999995
438.41760579
411.00589063
0.0
158.08441446
151.12109147
146.17883058
142.11972281
139.84390505000002
139.5721657
139.92882364000002
141.54227656999998
150.74744977
162.65303365
174.8133732
186.37928283
196.94315321
206.38609848000002
213.21355166
218.10486142000002
221.28081607000001
221.21288117
216.59331084
208.62794879
200.64560296
192.06882713
180.0443573
168.32559427
0.0
41.898823646
39.147461895
37.058465016999996
35.563898136
34.663761269
34.425989267000006
34.646777552
35.105337848000005
37.313220727
40.74393106
44.548283104
48.267716572
51.715410612999996
54.704544367
57.218134107000004
59.069358991
60.29218643600001
60.631860723
59.646805279999995
57.676694403
55.621664951
53.159026344
49.439592874999995
45.448419971
0.0
501.5970237199999
471.29807703
448.53989966
432.11664771
422.60576763
421.02628214000003
423.33606735
429.97669968
460.98896232000004
505.12963630999997
552.39531372
599.16846339
641.0333196199999
676.5292828700001
705.29969521
725.0687388800001
735.95529992
734.90230963
716.7467187999999
686.49872334
659.34176384
629.41645895
587.05907498
541.3389156
0.0
94.10676198099999
89.113549917
85.326181589
82.38799897800001
80.400904384
79.653620953
79.772506954
79.449816376
85.00349101100001
94.24263169
103.49875613100001
111.718873942
118.597278252
123.84524603599999
127.275956351
129.07623013800003
129.38193693600002
127.66658182399999
123.94714830199999
119.344561747
116.525265119
112.771864234
106.606775876
99.88122487499999
0.0
319.20891376
304.05944051000006
292.73130295
284.46023392
279.58590792999996
278.41403160000004
278.87259188
281.23332822
300.79856727
329.78976791
358.50922912
383.74702888
402.66688679
415.67641209000004
423.69272536999995
429.09354655
430.40129250999996
426.35916851
415.76133068
402.08944046
391.59350498
377.95558222
357.91479911
336.65118854
0.0
185.32629245
174.13402461
165.72708595
159.66389994
156.13128727
155.55384103999998
156.40302671
158.86566532
170.31268891
186.6340385
204.09329696
221.36573466000002
236.83789857
249.94932615000002
260.58113142999997
267.88412858
271.90926899
271.51864351
264.81007628
253.63479213
243.59741694000002
232.5580025
216.89901773
200.01720550000002
0.0
77.258917205
73.794239447
71.246682273
69.22562025399999
67.866923091
67.272493085
67.476297663
67.968825384
71.229698565
76.205926903
81.36897611
86.76979732
92.119667378
97.112879469
100.832312901
103.210032923
104.72158350400001
105.061257844
103.328918961
99.932176008
96.24671000100001
92.306488238
86.95661818
81.521829545
0.0
515.65953932
484.51140687
461.10784836
444.22603612999995
434.4434166
432.81297999
435.20768378
442.01815328
473.89658535999996
519.27707049
567.86747763
615.9483733500001
659.00208959
695.4831083199999
725.0687388800001
745.38126142
756.57352926
755.50355529
736.82146936
705.7412718200001
677.8030614700001
647.06253826
603.4993106
556.5223563
0.0
91.678090808
85.665855876
81.097236683
77.819379785
75.86625261699999
75.33975747
75.815301474
76.851308059
81.674682971
89.181484776
97.486521172
105.638704078
113.162489618
119.73518713
125.20394321699999
129.28003467000002
131.946477899
132.693761304
130.536829585
126.23994982900001
121.73926545
116.338444267
108.186261271
99.456632039
0.0
16.779909916999998
15.947707899999997
15.268359327999999
14.758847889
14.334255027
14.198385309
14.198385309
14.453141028
15.540098754999999
16.94974706
18.410346507
19.803011096
21.059805966
22.129779976000002
22.79214484
23.284672560999997
23.505460856000003
23.369591137999997
22.809128556999998
21.807089406000003
21.246626826000004
20.261571383000003
18.851923078000002
17.442274782
0.0
319.19193008
298.2340264
282.32028597
270.94119719
264.13072768999996
262.31347022
263.94390683999995
267.52747065
284.3243642
310.47928453
339.41953404000003
367.76535354000004
393.97122501
416.83130465
435.92099973
450.08541769
459.35852579000004
461.97401779999996
454.46721593999996
439.50456354
423.82859509
405.02762313
376.68180362
346.24698731
0.0
154.02530669
145.87312378
139.65708419999999
134.85069302300002
131.58981987800001
130.383976096
130.55381326600002
130.02731807499998
139.14757278
154.24609499
169.41255202
182.86365393
194.10687289999998
202.70063241
208.30525822
211.26042447999998
211.78691967
208.96762304
202.88745327
195.34668405000002
190.72711372
184.59599281
174.5076664
163.50221941
0.0
1476.98873
1380.0287043
1306.3873185100001
1253.7378038699999
1222.21602981
1213.8260742900002
1221.40081132
1237.95993271
1315.71137739
1436.6863758
1570.6199488
1701.7681919000001
1823.0658802
1928.8574380999999
2017.1557694000003
2082.695924
2125.6647216
2137.7401422
2103.0424134
2033.7318753
1961.2453817
1874.1868609
1743.0216341
1602.2096576
0.0
41.610100493
39.758875617
38.383194746
37.279253302
36.565937296
36.243246717
36.345149001
36.616888438000004
38.366211029
41.049637921
43.834967098
46.739182275
49.626413736
52.309840619
54.313918928999996
55.604681234
56.402915816
56.589736676
55.655632376
53.821391208
51.834296613999996
49.72831602
46.841084558999995
43.919885665
0.0
287.77205828
272.53766636
260.95477313
251.97038815000002
245.87323460000002
243.63138430000004
243.93709119
242.95203571000002
259.98670143
288.19665112
316.54247062
341.66138434000004
362.68722293
378.75381676
389.21578496
394.73549209
395.70356389
390.43861233999996
379.07650733
364.99700805
356.3522974
344.88829013000003
326.03636703
305.4860725
0.0
1265.94909392
1244.9402390999999
1229.31522197
1217.06996366
1209.39332454
1202.8885621099998
1198.88040529
1194.41368909
1211.73707792
1246.63861081
1280.19843109
1307.98378723
1337.50148333
1364.8282800799998
1385.5484114
1398.727774
1404.6550904
1399.6788619
1384.7162093000002
1364.57352397
1343.9722784
1327.02253145
1300.0523929
1285.0557728600002
0.0
368.35978355000003
348.86247931
334.01871286000005
322.52073813
314.72521315
311.83798171
312.26257455
310.98879595
332.79588538999997
368.90326242000003
405.18047653
437.33064805000004
464.24983555
484.80013008000003
498.21726454000003
505.28248970000004
506.50531717
499.76278248000006
485.24170660000004
467.18801813000005
456.13162001
441.47467439999997
417.34081606999996
391.01605866
0.0
509.49445097
476.03653340000005
450.64588024
432.47330574
421.60372846999996
418.71649702
421.33198903
427.0385171
453.85580224999995
495.58478877000005
541.7804922
587.02510753
628.87298007
665.3709824800001
695.8227825700001
718.42810655
733.25488933
737.41589937
725.4423806699999
701.54629432
676.5292828700001
646.50207571
601.2574603
552.68403683
0.0
750.37447354
737.92541079
728.65230268
721.40025658
716.8656048400001
712.9933179200001
710.6155979
707.96613844
718.2412857
738.92744995
758.81537956
775.30656641
792.79979232
808.9852721899999
821.2644977699999
829.07700643
832.59263533
829.63746898
820.77197003
808.83241879
796.62112802
786.58375283
770.6020775
761.7026111
0.0
160.78482505
152.80247922
146.31470030000003
141.5252928
137.34729908
136.090504167
136.090504167
138.50219163999998
148.94717606999998
162.48319648
176.47777727
189.75904201
201.90239788
212.12659392
218.46151945
223.09807353999997
225.25500526
223.98122666999998
218.66532407
208.95063936
203.58378554
194.19179148999999
180.72370589
167.23863653
0.0
673.5741166099999
632.88113671
602.31045059
580.26558916
567.49383593
565.37087157
568.47889132
577.3953414
619.03940933
678.31257298
741.7807139399999
804.58649017
860.8195688
908.47587168
947.11382213
973.65936766
988.26536214
986.8726975899999
962.46710001
921.85903869
885.3780199600001
845.21153516
788.3160916300001
726.95393125
0.0
233.20338364
217.90105689
206.26721245000002
197.96217605
192.96896402
191.64423428999999
192.85007799
195.46557008000002
207.74479558000002
226.83449066
247.99619896000002
268.69934688999996
287.8399931
304.55196816
318.49559781
328.83867989
335.63216570000003
337.53434176
332.04860199
321.11108982
309.66406622
295.92424128
275.20410958
252.97242731
0.0
865.3712043099999
824.30458271
793.59802686
771.16254005
757.96619389
754.8072230199999
756.03005039
762.41592705
815.4730511199999
894.07368174
971.91004492
1040.33743073
1091.62824909
1126.9034238600002
1148.60861049
1163.26555601
1166.8151525399999
1155.8776403699999
1127.1411953900001
1090.04876315
1061.6180253399998
1024.61051151
970.2965924299999
912.63688172
0.0
873.91401269
835.42891564
808.0851353
785.6836159400001
773.11566724
771.58713289
773.55724375
782.4736939300001
833.3229350500001
899.13482867
966.35637061
1030.36799017
1088.67308229
1140.88102033
1178.6697852900002
1205.6908748800001
1223.30298719
1222.92934531
1197.38583866
1153.27913267
1109.2233768199999
1061.75389479
995.2796368
930.50374934
0.0
2418.5828458
2378.4673121
2348.5929578
2325.2063831
2310.5664213
2298.1173588
2290.4577033
2281.9148947
2315.0331384
2381.7112014
2445.8077396000003
2498.9158145
2555.3187308
2607.4927014
2647.0817402000002
2672.2855723000002
2683.6137099999996
2674.0688624000004
2645.5022541999997
2607.0171575
2567.6658912000003
2535.2779476
2483.7663413
2455.0808473999996
0.0
558.57738576
524.8477288400001
499.49104305000003
481.21656628
470.61872844000004
468.85242210999996
471.43394675
478.82186257
513.34975412
562.51760758
615.15013873
667.23919109
713.85948736
753.3975747000001
785.4288601799999
807.43975416
819.56612634
818.39425001
798.1666460499999
764.4879402700001
734.23994472
700.9348806400001
653.75412181
602.85392946
0.0
1047.04599823
978.2959215799999
926.08798363
888.77476283
866.4241946
860.4798945499999
865.84674828
877.58249499
932.71163228
1018.4624063800002
1113.41835413
1206.3872076
1292.3757537800002
1367.37583674
1429.9608246
1476.4282676
1506.880068
1515.4398603000002
1490.8474416
1441.7135552
1390.3208356999999
1328.61900106
1235.63316391
1135.80288981
0.0
719.26030854
685.12304247
659.61350328
640.9653848099999
629.99390518
627.36142949
628.38045234
633.67937125
677.78607779
743.10544367
807.81339586
864.67487204
907.32097912
936.63487033
954.6715751199999
966.8488983499999
969.8040646899999
960.7177774400001
936.82169118
905.99624939
882.37190248
851.6143956
806.47168245
758.54364013
0.0
944.3624604
887.31416338
844.4642517599999
813.55389138
795.63607263
792.66392261
797.0117535
809.51176738
867.9017777299999
951.0030927299999
1039.9977571099998
1128.05831596
1206.8797352499998
1273.71065144
1327.88870098
1365.0830353000001
1385.5823787999998
1383.6122682
1349.40706712
1292.47765586
1241.32270785
1185.00471091
1105.2491873600002
1019.1927064600001
0.0
969.41343922
905.77546109
857.43980961
822.8779506200001
802.19178637
796.68906293
801.66529127
812.5348685399999
863.55394684
942.96979577
1030.86051872
1116.95096698
1196.5706201799999
1266.00004496
1323.94847888
1366.96822839
1395.1781775000002
1403.092589
1380.3174278000001
1334.83504001
1287.24667221
1230.11345678
1144.02300762
1051.59763374
0.0
135.071481326
127.921337489
122.486548855
118.257604002
115.404339922
114.351349629
114.50420311799999
114.028659059
122.027988567
135.275285858
148.57353437
160.36023222
170.22777033
177.76853954999999
182.69381676
185.27534131
185.7339016
183.25427931
177.92139294999998
171.31472807
167.2556203
161.88876648
153.04025121
143.37651772
0.0
22.197714835
21.195675684
20.46537596
19.887929663
19.497304234
19.327467091
19.378418232999998
19.531271658999998
20.46537596
21.892007973
23.369591137999997
24.932092868999998
26.460627175
27.904242905
28.974216915000003
29.653565497
30.095142076000002
30.180060642999997
29.687532922
28.702477488
27.649487186
26.528562034
24.983044011
23.42054228
0.0
1546.4011711
1473.0315251000002
1418.1571438
1378.0585936999998
1354.46821397
1348.82962107
1351.0205204200001
1362.4165928799998
1457.2366703
1597.6919894999999
1736.8055943
1859.0713551
1950.7324623999998
2013.7590269000002
2052.5498308
2078.7387182
2085.0736438000004
2065.5253883
2014.1836198
1947.8961823
1897.1148762
1830.9802918
1733.9183630999999
1630.878167
0.0
2173.898471
2070.7393892
1993.6163416
1937.2473926999999
1904.0781989
1896.1298199999999
1899.2378399
1915.2534826
2048.541674
2245.9943391
2441.5448275
2613.4200178
2742.2924431
2830.8964816
2885.4142056
2922.2348981
2931.1513486
2903.6716987
2831.4739285
2738.3012709
2666.9017346
2573.932882
2437.4857197
2292.6316190000002
0.0
1460.1239024
1390.8473307000002
1339.03001732
1301.17331764
1278.90766863
1273.55779831
1275.64679558
1286.41447004
1375.9186453999998
1508.5444723
1639.8965196
1755.3348271
1841.8838366
1901.4117554999998
1938.0286438000003
1962.756932
1968.7351994
1950.2908858
1901.8023811
1839.2173933000001
1791.2553836
1728.8232489
1637.1621415
1539.879425
0.0
515.4897021500001
492.44280157000003
475.39115226
461.88909921
452.83677941
448.87957391000003
450.25525476999996
453.48216055
475.32321735999994
508.45844435000004
542.93538476
578.92387575
614.6236436199999
648.01362629
672.86080057
688.6896225099999
698.76096515
700.98583177
689.48785704
666.7636471200001
642.18821218
615.96535703
580.24860548
543.9544076
0.0
281.0295236
266.15178978
254.84063591000003
246.06005554
240.09877172
237.90787254999998
238.23056312
237.26249141
253.88954788
281.43713276
309.12058735
333.64507115
354.17838191
369.87133413000004
380.09553026000003
385.47936776
386.43045579
381.28439027
370.1940247
356.43721599
347.99630987
336.80404203
318.39369554
298.31894498
0.0
402.53101707
381.23343914000003
365.01399182
352.44604303
343.92021842
340.77823122
341.21980773999996
339.84412687
363.67227832000003
403.12544707
442.78242044999996
477.90474199999994
507.32053547999993
529.78998974
544.42995166
552.1575417299999
553.4992551400001
546.1453067699999
530.2485500299999
510.54744126
498.45503653000003
482.43939374
456.0636851
427.29327277
0.0
544.39598421
515.57462074
493.64864535000004
476.64794708
465.116005
460.87007637
461.46450638000005
459.59629778
491.81440411
545.1942187500001
598.81180537
646.31525486
686.1080978599999
716.47497937
736.2949741699999
746.7399586
748.5572160700001
738.60475938
717.1203605
690.45592875
674.11759549
652.4463757599999
616.78057534
577.87088546
0.0
71.722226286
68.512304247
66.13458421600001
64.266375624
63.009580754
62.449118173
62.635939033
63.094499321
66.13458421600001
70.737170843
75.54356203799999
80.536774102
85.51300245
90.14955650099999
93.614234259
95.82211713800001
97.214781735
97.520488624
95.924019431
92.76504853499999
89.351321919
85.69982331
80.723594963
75.679431756
0.0
29.178021492
27.887259188
26.970138605
26.222855173
25.815246019
25.764294877
25.832229736
26.12095288
27.819324329
30.0102235
32.26905753
34.392021842
36.345149001
38.094471593
39.351266472
40.251403339
40.845833344
40.828849627
39.979663902
38.50208074700001
37.024497583
35.445012135
33.220145539
31.063213802
0.0
785.9383716
738.4688896600001
702.78610547
677.07276174
662.1610604699999
659.68143809
663.31595303
673.70998633
722.30039347
791.45807882
865.5240577100001
938.80878573
1004.4168751799999
1060.02155572
1105.11331791
1136.0916132799998
1153.14326232
1151.49584256
1123.03113648
1075.64657375
1033.08538453
986.21033313
919.83797669
848.21765264
0.0
89.368305636
85.37713273099999
82.421966412
80.07821380600001
78.515712075
77.819379785
78.057151787
78.617614368
82.404982695
88.16246190800001
94.14072940599999
100.373752614
106.555824653
112.347271309
116.66113483699999
119.412496561
121.144835444
121.535460918
119.54836627899999
115.608144544
111.345232149
106.79359672700001
100.611524598
94.310566549
0.0
255.60490307999999
240.16670653
228.56682954
220.21084201000002
215.3534997
214.55526516
215.7271414
219.10690058
234.91873884
257.40517678000003
281.48808389
305.3332191
326.66476449000004
344.75242041
359.40936601
369.48070865
375.03438333
374.50788812999997
365.2517638
349.83055102000003
335.98882372
320.75443179
299.15114697
275.8664744
0.0
239.65719511
223.93027553
211.97374052
203.43093214
198.31883406999998
196.96013689
198.18296435
200.86639127
213.48529109999998
233.11846505
254.85761959
276.13821384
295.82233893
312.97589059
327.31014563
337.94195091
344.92225758
346.87538467
341.23679151
329.99357254
318.24084204999997
304.11039164
282.82979739
259.98670143
0.0
125.00013859500001
118.39347372
113.349310469
109.443056186
106.79359672700001
105.82552493
105.96139464800001
105.536801812
112.941701315
125.186959446
137.50015248
148.4036972
157.54093559
164.52124225
169.07287777
171.46758147
171.89217430000002
169.59937287
164.67409565
158.54297474999998
154.78957386000002
149.81334551999998
141.62719515999999
132.693761304
0.0
920.60224378
874.89906817
837.75568453
810.25905079
786.32899708
779.1448858800001
779.19583701
792.98661318
852.8372229700001
930.33391226
1010.3951425999999
1086.39726454
1155.99652703
1214.47145597
1250.81660444
1277.3621500600002
1289.6753431000002
1282.35536218
1251.97149744
1196.29888128
1165.57534203
1111.80490173
1034.6988378300002
957.49087166
0.0
1083.73082122
1018.27558589
969.09074865
933.6287528500001
913.06147456
909.64774801
914.64096004
928.99219876
995.9929523000001
1091.3565092899998
1193.47958483
1294.53268577
1385.0049327000002
1461.6864037
1523.8637823
1566.560841
1590.0663014
1587.8074673
1548.5581031000002
1483.2217535
1424.5260366999998
1359.90300269
1268.36078202
1169.61746531
0.0
1896.2317229
1771.7241116999999
1677.1927569
1609.5975733
1569.1253813
1558.3577068
1568.089375
1589.3360022
1689.1662754
1844.4823443
2016.4254701999998
2184.8020159
2340.5426777000002
2476.361442
2589.727736
2673.8650582
2729.0281622
2744.5173099
2699.9690273
2610.9913469000003
2517.937575
2406.1677498
2237.7742212999997
2056.9825805
0.0
1995.9770776999999
1901.2758860999998
1830.4537968
1778.6874344
1748.2356341
1740.9496214
1743.8028852
1758.5107818000001
1880.8784447
2062.1626131
2241.7314262
2399.5271179
2517.8526566
2599.2046489000004
2649.2556557999997
2683.0702313
2691.2563818
2666.0185814
2599.7481276
2514.1841743
2448.627036
2363.2668869
2237.9950092
2104.9955413
0.0
158.81471417999998
150.40777552000003
144.00491518
139.04567051
135.682895013
134.44308386900002
134.62990472
134.069442166
143.47841999
159.05248617
174.69448725
188.55319823
200.15307522
209.01857417
214.79303715
217.83312199
218.37660086
215.47238574
209.20539502
201.42685382
196.65443009
190.33648825
179.92547126
168.58035003
0.0
2241.5615894000002
2135.1925855
2055.6748344
1997.5395791
1963.3513626
1955.1482285
1958.3581505
1974.8663208
2112.2985385
2315.8993078999997
2517.5469494999998
2694.7720100999995
2827.6356084999998
2919.0079924
2975.2240882
3013.1996736
3022.387863
2994.0420436
2919.6194067
2823.5425333
2749.9181312
2654.0450629
2513.3519722
2363.997187
0.0
3.5495963277
3.3457917541
3.1759546091999997
3.0570686081
2.9891337499
2.9891337499
3.0061174642
3.0400848937
3.2608731816
3.5835637572
3.9062543319
4.2459286218
4.5346517687
4.7894074852
4.9932120597
5.1460654894
5.2140003476
5.2140003476
5.0781306322
4.8573423434
4.6705214841
4.4667169105
4.1610100493
3.8383194746
0.0
193.27467091
180.58783617
170.95807005
164.06268197
159.93563928999998
158.84868164
159.83373702
162.00765250999999
172.18089751
188.00971936000002
205.53691272
222.69046439
238.57023737000003
252.41196474999998
263.97787429000005
272.53766636
278.17625961
279.75574501000006
275.20410958
266.13480601
256.65789337999996
245.26182092
228.09128557
209.66395531
0.0
2998.0841677999997
2855.8285748
2749.4595709
2671.7081262
2625.9709833
2615.0164874
2619.2963830999997
2641.3921953
2825.189954
3097.5068318000003
3367.2082182
3604.2499212000002
3781.9675094
3904.1653355000003
3979.352239
4030.1505297000003
4042.4297552999997
4004.5221045999997
3904.9805539999998
3776.464786
3678.0101936
3549.7831490999997
3361.6035926
3161.8411423
0.0
607.6093695
578.7710223500001
557.21868867
541.45780154
532.2016772100001
529.97681059
530.84298003
535.32668064
572.57196654
627.76903865
682.4226318799999
730.45257638
766.47503482
791.23729052
806.4886661300001
816.78079717
819.2604194500001
811.58378052
791.40712769
765.3710934
745.41522887
719.43014571
681.284723
640.79554764
0.0
734.90230963
686.66856042
650.01770461
623.8288168199999
608.1358647
603.95787089
607.74523922
615.9823408
654.6712423900001
714.86152652
781.5056221299999
846.7570532
907.1171745
959.7497057300001
1003.6865750999999
1036.29530654
1057.67780324
1063.67305434
1046.41760113
1011.92367659
975.8672507
932.54179511
867.2733803599999
797.21555803
0.0
189.31746541
180.33308042
173.62451319
168.71621975
165.81200453
165.13265594
165.40439537999998
166.79706001
178.396937
195.6014398
212.61912166000002
227.59875783
238.80800943999998
246.53559951
251.27405588
254.48397788999998
255.26522874
252.87052504
246.58655065
238.4683351
232.25229561
224.15106383999998
212.27944741
199.66054748
0.0
143.51238744
134.833709342
128.328946643
123.624457733
120.90706345999999
120.448503173
121.110867992
123.013044046
131.878542995
144.5144266
158.03346333000002
171.41663033999998
183.40713270999998
193.54641035
201.78351184000002
207.43908878
210.54710852
210.25838532
205.06136876000002
196.39967434
188.63811680999999
180.07832474999998
167.95195257
154.87449245
0.0
187.27941963
178.90644842
172.70739261
167.81608285000002
164.52124225
163.07762649
163.58713791
164.75901424
172.69040893
184.73186244
197.2488601
210.32632021999999
223.30187808000002
235.42825026
244.46358637999998
250.20408181
253.87256420000003
254.67079873999998
250.49280502
242.23871975999998
233.3052859
223.77742213
210.80186419
197.6225018
0.0
209.20539502
199.28690577999998
191.8650226
186.43023396
183.23729563
182.47302846
182.77873535
184.32425338
197.14695774
216.15173433
234.96968997000002
251.51182785999998
263.90993939
272.43576408999996
277.68373187
281.23332822
282.0825139
279.45003821
272.50369899
263.53629769
256.65789337999996
247.70747583999997
234.5790645
220.63543493999998
0.0
1195.09303723
1138.38441472
1095.99306321
1064.99778416
1046.7742584300001
1042.3924606300002
1044.10781601
1052.90537988
1126.17312377
1234.73302702
1342.23993934
1436.7203431
1507.5763998
1556.2856933
1586.2619496
1606.506537
1611.3978470000002
1596.2823412
1556.6083841
1505.3855014
1466.1361371
1415.0151565
1340.01507352
1260.3784357499999
0.0
662.2289952900001
622.23234766
592.17117304
570.49995332
557.9489883900001
555.8430078
558.9170601000001
567.6636730099999
608.61140866
666.88253306
729.2976838200001
791.05046967
846.33246036
893.19052862
931.1830979299999
957.27008336
971.63830602
970.26262498
946.28162014
906.35290733
870.48330237
830.99616616
775.05181065
714.70867312
0.0
731.38668073
695.0754991700001
665.55780334
643.71674653
624.7119700400001
619.00544197
619.03940933
629.99390518
677.5483058
739.1142708
802.73526525
863.11237023
918.39436092
964.8618038
993.7341182199999
1014.81090776
1024.61051151
1018.7850972199999
994.6512387999999
950.40866273
926.00306505
883.28902306
822.02876495
760.68358817
0.0
496.99443708
466.96722983
444.41285698
428.14245853
418.71649702
417.15399521999996
419.44679675
426.01949417
456.74303369999996
500.47609853000006
547.3171831
593.66573994
635.1399707
670.31324338
698.82890005
718.41112287
729.19578156
728.14279126
710.15703761
680.18078149
653.2785777500001
623.64199597
581.6582538
536.3626872499999
0.0
1322.8954888600001
1260.12368053
1213.1976771900001
1178.89057404
1158.7139204999999
1153.87356241
1155.7587546
1165.5074064
1246.62162712
1366.781407
1485.7862948
1590.3720085999998
1668.7858185999999
1722.709112
1755.8952895
1778.2968089
1783.7146139
1767.0026394000001
1723.0657693
1666.3571468
1622.9128053
1566.3400522
1483.3066719
1395.1611938
0.0
991.1865615700001
931.31896765
886.32910799
853.8902133500001
835.08924139
831.96423787
836.54984084
849.64428473
910.93851029
998.16686797
1091.57729715
1183.98568824
1266.7303450499999
1336.85610255
1393.7345619
1432.7801218999998
1454.2815044
1452.2094908
1416.3229026000001
1356.5572112300001
1302.88867303
1243.76836331
1160.0556339999998
1069.7362410599999
0.0
695.09248285
653.10874067
621.55299916
598.81180537
585.6154593000001
583.42456013
586.63448214
595.83965534
638.808453
699.98379261
765.4899794300001
830.2998338900001
888.3162025400001
937.50103978
977.37880101
1004.77353248
1019.85507092
1018.3944716600001
993.22460689
951.30879962
913.67288833
872.21564126
813.5029402499999
750.17066892
0.0
241.91602919
229.11030841000002
219.36165634
211.80390335
206.69180528
204.806613
205.06136876000002
204.22916668000002
218.54643803
242.27268721
266.10083856
287.21159573
304.8916425
318.39369554
327.19125958999996
331.82781369
332.64303199
328.21028251999996
318.66543498
306.82778591
299.55875613
289.92899
274.08318439
256.7937631
0.0
2258.8510109
2122.4208322
2019.8901474
1945.9770227
1903.1101272
1895.9769668000001
1906.4219513
1936.2963048000001
2075.9533890999996
2274.7307831999997
2487.6046614
2698.2197045000003
2886.7729028000003
3046.6236234999997
3176.2093653
3265.2040293
3314.2190290000003
3309.4975567
3227.7039869
3091.5115806999997
2969.1778851
2834.4800455000004
2643.6680131000003
2437.8423779
0.0
732.3038013
697.55512146
671.5700382900001
652.58224548
641.4069613199999
638.74051818
639.7765248
645.17734598
690.08228705
756.59051303
822.47034147
880.3678241599999
923.77819843
953.61858474
971.9949642199999
984.3930756700001
987.3991926
978.1430684500001
953.82238936
922.43648502
898.38754527
867.06957574
821.0946606
772.30044893
0.0
1714.5569289
1633.187953
1572.3692707
1527.9059065
1501.7509864
1495.4839955
1497.9296501
1510.565534
1615.6777428
1771.4184046
1925.6475161
2061.2115252
2162.8420722
2232.7300582
2275.7158394000003
2304.7749743000004
2311.789249
2290.1180288
2233.1886185000003
2159.7000858
2103.382088
2030.063393
1922.437594
1808.2051305
0.0
143.78412688
135.088465007
128.566718718
123.86222971699999
121.144835444
120.68627515700001
121.348639977
123.25081603
132.133298751
144.78616603999998
158.33917022
171.75630458999998
183.74680705
193.92005204999998
202.17413722
207.82971416
210.95471768
210.64901079
205.45199414
196.77331604
188.99477484000002
180.417999
168.27464314
155.18019925
0.0
1174.44084061
1097.33477671
1038.79191305
996.9270565499999
971.8590938799999
965.18449437
971.2137131
984.37609198
1046.21379606
1142.4095552200001
1248.89744488
1353.17745151
1449.6449504999998
1533.7652881
1603.975964
1656.082
1690.2532337
1699.8490324000002
1672.2504958
1617.1553256999998
1559.5125990000001
1490.2869792
1385.989988
1274.0163586
0.0
1348.48994655
1267.05303589
1205.84372891
1161.72003833
1136.12558065
1131.8796522900002
1138.09569124
1155.94557509
1239.31862989
1357.98384314
1485.0729784
1610.8034172999999
1723.3714765
1818.7859845
1896.1468036
1949.2888468
1978.5348030999999
1975.7155066999999
1926.8873274999999
1845.5862863
1772.5563139
1692.1384259000001
1578.2286523
1455.3514781
0.0
195.32970036
185.63199934
177.75155586
171.90915808
166.83102737000002
165.31947678999998
165.31947678999998
168.25765945999999
180.9444942
197.38472982
214.38542798999998
230.50297304999998
245.2788046
257.67691622
265.38752261
271.02611577
273.64160787
272.07910606999997
265.64227827
253.82161298000003
247.29986669
235.90379423
219.53149351
203.1591927
0.0
145.26171
138.36632192
133.20327272499998
129.432888069
127.225005218
126.698510116
126.90231464800002
127.97228862199998
136.871755024
150.06810117999999
163.14556138999998
174.62655235
183.23729563
189.14762824000002
192.79912685
195.26176546
195.85619547
194.02195432
189.19857937
182.9655562
178.19313237999998
171.97709289
162.87382196
153.1931047
0.0
1318.02116251
1248.2520641
1195.16097195
1153.99244817
1126.07122169
1115.79607487
1117.25667414
1112.72202231
1190.7452067899999
1319.9573066399998
1449.7808198999999
1564.7945345
1661.1091795
1734.6656467999999
1782.6276565
1807.8994234000002
1812.3321730999999
1788.1983147
1736.1941808
1671.6390824
1632.084011
1579.6213169
1493.2761125
1399.0844322
0.0
391.8142932
371.07717782
355.29930711
343.05404898
334.74901258
331.69194397
332.13352048
330.79180707
353.97457737999997
392.39173952
430.97873884
465.18393981
493.80149875000006
515.676523
529.92585946
537.449645
538.75739095
531.59026344
516.13508329
496.94348595
485.17377178000004
469.58272183
443.92032932999996
415.91418408
0.0
2642.2074138
2482.6114492
2362.6894409
2276.2253508
2226.0894254
2217.7504218000004
2229.9617119
2264.9141966999996
2428.2805466
2660.7875978
2909.7858355999997
3156.1515984
3376.7021147
3563.6758271
3715.2554790000004
3819.3656488
3876.6856856
3871.1659785
3775.4797307
3616.1894723
3473.0846944
3315.5267751
3092.3437828
2851.5826465
0.0
343.68244633999996
322.92834728
307.32031365
296.07709467999996
289.5553483
288.46839056
290.06485971999996
294.59951146
315.86312203
346.09413382
378.48207732000003
410.53034658
439.21584033
463.53651951
483.25461205
496.79063246000004
504.26346686
503.53316713999993
491.08410439
470.36397278
451.74982167
431.26746195
402.22531018
370.92432442
0.0
1712.7396715
1631.4725976
1570.7048672
1526.2924532000002
1500.1545168
1493.9045105
1496.3501651000001
1508.9690653
1613.9623874
1769.5332124000001
1923.6094707
2059.0206259
2160.5492708
2230.3693211
2273.321135
2302.3293198
2309.3435934999998
2287.6893579
2230.8278813999996
2157.4072843999998
2101.1572213
2027.906461
1920.4165324
1806.285971
0.0
1651.8700381
1552.0907158999999
1477.1246004
1423.0654366
1391.7304838999999
1386.5164829999999
1394.1421710999998
1416.0002118
1518.1232873
1663.4868993
1819.1596264
1973.1849327999998
2111.0757108000003
2227.9576339
2322.7267612
2387.8083546
2423.6439927
2420.1962982
2360.3796558
2260.7871541
2171.3339298
2072.8283855
1933.2901878
1782.763526
0.0
756.55654558
716.50894682
686.0401630499999
662.39883246
646.38318967
640.47285707
641.3220427399999
638.70655073
683.49260586
757.66048701
832.18502618
898.2007244199999
953.4996987899999
995.7042297200001
1023.2518143300001
1037.75590671
1040.28647968
1026.4447526600002
996.5873820300001
959.5459011099999
936.82169118
906.7095653499999
857.1510864999999
803.0919232699999
0.0
55.740550952
53.260928637
51.409703752
49.949104305
48.964048870999996
48.539456009
48.692309435
49.03198373
51.409703752
54.993267511
58.712700988
62.60197159900001
66.474258503
70.07480597899999
72.758232862
74.47358802800001
75.56054575499999
75.798317757
74.558506604
72.11285171400002
69.446408539
66.610128221
62.754825034999996
58.831586989
0.0
193.07086629
184.57900904
178.53280672
173.57356206
170.80521656
170.46554231
170.90711892000002
172.87722978
184.10346507
198.64152464
213.50227487
227.63272528000002
240.52336455
252.05530673
260.41129426
266.372578
270.26184869
270.17693010000005
264.53833685
254.78968478000002
245.05801638
234.5790645
219.88815144
205.57088018
0.0
15.591049897000001
14.911701324
14.419173602999999
14.028548166
13.807759880999999
13.773792447
13.807759880999999
13.960613307
14.87773389
16.049610193
17.255453920999997
18.393362789999998
19.429369375
20.363473667
21.042822249
21.518366253
21.841056831
21.824073114
21.365512827
20.584261961000003
19.803011096
18.953825371
17.764965351
16.610072764999998
0.0
22.41850312
21.433447686
20.737115387000003
20.159669099000002
19.836978521
19.803011096
19.853962238
20.074750523000002
21.382496544000002
23.063884276
24.796223151
26.443643458
27.93821033
29.279923777
30.247995502
30.944327801
31.385904371000002
31.385904371000002
30.723539506999998
29.585630638
28.464705486
27.241878041
25.543506591
23.879102567
0.0
6.3179417897
6.0122349284
5.757479211
5.570658351800001
5.4008212068
5.349870063899999
5.349870063899999
5.451772350700001
5.8593814986999995
6.3858766478
6.9463392256
7.4728343748
7.948378380099999
8.3390038138
8.5937595312
8.7805803905
8.865498962899999
8.814547819100001
8.6107432455
8.220117811800002
8.016313238199999
7.6426715197
7.1161763706
6.5726975071
