0.0
165.37199999999999
164.92600000000002
170.084
177.228
187.578
196.62
212.76
215.20999999999998
220.636
235.404
211.412
182.59
165.97199999999998
162.07
150.66
146.028
151.434
161.834
190.972
203.494
196.98600000000002
189.922
191.822
188.698
0.0
156.982
162.02800000000002
165.796
170.714
174.578
177.88400000000001
178.446
181.49800000000002
186.186
182.024
176.252
166.374
158.764
154.644
147.97
148.642
149.54
159.49800000000002
172.174
171.202
171.392
162.464
156.37
156.532
0.0
364.266
365.304
363.626
363.46999999999997
366.566
369.594
371.992
371.988
373.676
373.026
370.36600000000004
366.194
364.676
360.082
356.50800000000004
354.986
351.288
354.2
362.95599999999996
369.53999999999996
370.276
370.05199999999996
368.97999999999996
369.42400000000004
0.0
319.678
316.65799999999996
322.772
331.038
340.146
345.97
378.71000000000004
411.43
409.52
414.824
404.438
377.65000000000003
365.464
353.64
343.12800000000004
333.728
332.214
355.002
380.686
383.682
390.222
383.596
369.386
336.024
0.0
69.2
69.60600000000001
68.674
69.806
69.684
74.698
77.522
78.152
81.84599999999999
81.81
80.388
80.26
77.228
71.044
71.188
67.776
67.854
72.034
83.83
83.002
81.866
85.478
86.04599999999999
85.726
0.0
1133.6399999999999
1158.9199999999998
1213.074
1248.2839999999999
1317.65
1393.606
1483.678
1503.124
1566.834
1536.006
1396.7740000000001
1250.0240000000001
1106.154
998.702
942.96
942.152
972.706
1061.7540000000001
1142.71
1127.766
1117.44
1138.588
1099.296
1158.536
0.0
79.66799999999999
81.44
85.242
87.716
92.596
97.93199999999999
104.258
105.63
110.11
107.93599999999999
98.15400000000001
87.842
77.73
70.18
66.26400000000001
66.206
68.352
74.614
80.302
79.254
78.522
80.014
77.24600000000001
81.414
0.0
284.186
289.304
298.29200000000003
308.5
326.518
349.808
374.156
390.572
409.332
400.954
371.818
336.196
301.896
278.058
262.758
258.83599999999996
263.35200000000003
287.356
333.336
333.462
327.49
316.128
301.628
290.83
0.0
352.628
351.676
362.69
377.918
399.976
419.25800000000004
453.668
458.912
470.472
501.96000000000004
450.812
389.35200000000003
353.906
345.584
321.25600000000003
311.39
322.91200000000003
345.086
407.22
433.922
420.054
404.99
409.044
402.366
0.0
2012.35
2057.222
2153.354
2215.844
2338.982
2473.81
2633.696
2668.2160000000003
2781.326
2726.58
2479.4339999999997
2218.942
1963.546
1772.808
1673.858
1672.426
1726.672
1884.74
2028.452
2001.9160000000002
1983.5919999999999
2021.124
1951.374
2056.536
0.0
84.822
86.712
90.768
93.406
98.59
104.276
111.018
112.472
117.24000000000001
114.934
104.51
93.53
82.77
74.72800000000001
70.56
70.498
72.78
79.44800000000001
85.50399999999999
84.38199999999999
83.614
85.192
82.256
86.692
0.0
883.06
885.562
881.502
881.12
888.62
895.962
901.7819999999999
901.77
905.86
904.284
897.85
887.714
884.04
872.912
864.238
860.556
851.592
858.6500000000001
879.878
895.8320000000001
897.626
897.082
894.478
895.5600000000001
0.0
1489.612
1522.828
1593.9920000000002
1640.248
1731.3919999999998
1831.196
1949.554
1975.104
2058.83
2018.308
1835.366
1642.538
1453.484
1312.296
1239.052
1237.99
1278.138
1395.156
1501.524
1481.884
1468.3220000000001
1496.1019999999999
1444.474
1522.3200000000002
0.0
188.014
188.54399999999998
187.678
187.598
189.198
190.762
192.0
192.0
192.87
192.528
191.164
189.006
188.22199999999998
185.854
184.006
183.222
181.31
182.818
187.338
190.73000000000002
191.114
190.996
190.446
190.67399999999998
0.0
72.662
73.974
76.272
78.884
83.492
89.448
95.674
99.86800000000001
104.668
102.526
95.07
85.966
77.19
71.09400000000001
67.192
66.18
67.334
73.48
85.23
85.262
83.742
80.836
77.122
74.364
0.0
14.438
14.902000000000001
15.254
15.704
16.056
16.368
16.418
16.692
17.125999999999998
16.742
16.214
15.302
14.604
14.224
13.61
13.672
13.758000000000001
14.674
15.838000000000001
15.748000000000001
15.766
14.947999999999999
14.388
14.404
0.0
298.682
304.06
313.512
324.22999999999996
343.172
367.644
393.24
410.49399999999997
430.20799999999997
421.404
390.786
353.344
317.298
292.236
276.16200000000003
272.03000000000003
276.78000000000003
302.014
350.332
350.466
344.198
332.25
317.01
305.664
0.0
239.636
241.03400000000002
237.81400000000002
241.726
241.296
258.678
268.464
270.622
283.44
283.30400000000003
278.386
277.942
267.434
246.016
246.516
234.704
234.97
249.446
290.302
287.418
283.502
296.02000000000004
297.97200000000004
296.856
0.0
161.062
161.998
159.83599999999998
162.466
162.182
173.86
180.43800000000002
181.888
190.50199999999998
190.40800000000002
187.108
186.808
179.75
165.35
165.686
157.748
157.924
167.656
195.118
193.178
190.546
198.956
200.272
199.51600000000002
0.0
912.034
932.366
975.936
1004.2560000000001
1060.0639999999999
1121.174
1193.636
1209.282
1260.5439999999999
1235.734
1123.72
1005.6600000000001
889.912
803.47
758.624
757.976
782.558
854.198
919.332
907.3
899.0020000000001
916.01
884.398
932.058
0.0
326.71999999999997
332.33599999999996
338.13599999999997
345.0
352.408
369.53200000000004
396.34999999999997
418.626
425.97400000000005
389.448
366.79999999999995
327.33
300.558
280.42400000000004
267.616
263.32800000000003
264.442
278.488
306.336
316.602
306.06
315.10999999999996
317.178
303.718
0.0
217.054
220.786
224.642
229.2
234.114
245.496
263.314
278.112
282.99
258.724
243.68
217.466
199.672
186.29999999999998
177.78799999999998
174.946
175.684
185.01
203.51399999999998
210.332
203.328
209.34
210.71599999999998
201.77599999999998
0.0
240.86599999999999
245.202
252.824
261.474
276.746
296.484
317.12
331.03200000000004
346.93199999999996
339.83
315.14
284.94599999999997
255.87199999999999
235.674
222.70600000000002
219.374
223.202
243.554
282.51599999999996
282.62600000000003
277.574
267.936
255.646
246.49200000000002
0.0
252.202
256.752
264.728
273.784
289.776
310.44
332.054
346.62600000000003
363.274
355.83599999999996
329.97799999999995
298.36199999999997
267.92199999999997
246.764
233.19400000000002
229.702
233.712
255.024
295.824
295.942
290.644
280.558
267.682
258.104
0.0
439.05
441.61
435.70799999999997
442.874
442.098
473.94
491.864
495.822
519.302
519.056
510.048
509.23
489.98400000000004
450.746
451.664
430.00600000000003
430.506
457.01800000000003
531.888
526.5939999999999
519.422
542.346
545.932
543.8820000000001
0.0
738.022
740.11
736.72
736.4
742.668
748.802
753.6659999999999
753.664
757.072
755.758
750.384
741.916
738.846
729.544
722.298
719.218
711.726
717.622
735.366
748.6959999999999
750.2
749.7460000000001
747.572
748.472
0.0
1943.222
1986.55
2079.378
2139.726
2258.63
2388.826
2543.22
2576.55
2685.776
2632.9139999999998
2394.254
2142.71
1896.094
1711.904
1616.358
1614.9779999999998
1667.352
1819.9959999999999
1958.7620000000002
1933.134
1915.446
1951.686
1884.338
1985.888
0.0
132.336
134.604
136.958
139.736
142.734
149.676
160.532
169.554
172.534
157.73600000000002
148.564
132.584
121.736
113.58
108.394
106.66
107.11
112.796
124.076
128.238
123.962
127.628
128.464
123.01599999999999
0.0
1767.518
1799.3600000000001
1855.29
1918.752
2030.836
2175.668
2327.102
2429.2239999999997
2545.8979999999997
2493.788
2312.58
2091.014
1877.682
1729.408
1634.282
1609.838
1637.9279999999999
1787.258
2073.206
2074.0099999999998
2036.884
1966.194
1876.002
1808.848
0.0
427.31
434.65200000000004
442.25
451.22
460.906
483.302
518.378
547.512
557.124
509.35
479.726
428.116
393.098
366.764
350.012
344.406
345.864
364.236
400.654
414.08
400.294
412.132
414.83
397.228
0.0
74.42399999999999
74.858
73.86200000000001
75.076
74.938
80.338
83.382
84.05199999999999
88.03
87.98400000000001
86.46
86.322
83.06
76.408
76.564
72.89
72.976
77.474
90.162
89.266
88.054
91.93599999999999
92.546
92.2
0.0
593.206
596.6519999999999
588.686
598.3720000000001
597.314
640.338
664.548
669.9060000000001
701.6279999999999
701.294
689.126
688.0200000000001
662.018
609.0
610.236
580.98
581.6479999999999
617.478
718.6320000000001
711.478
701.796
732.764
737.608
734.842
0.0
451.222
459.35
473.632
489.832
518.4399999999999
555.418
594.074
620.144
649.928
636.6239999999999
590.362
533.804
479.346
441.488
417.20799999999997
410.962
418.14
456.262
529.254
529.466
519.986
501.94
478.918
461.76800000000003
0.0
515.998
524.8679999999999
534.038
544.87
556.564
583.61
625.97
661.152
672.752
615.068
579.304
516.97
474.68
442.89
422.66
415.892
417.648
439.832
483.812
500.02
483.37
497.668
500.928
479.678
0.0
141.122
145.658
149.048
153.466
156.94400000000002
159.912
160.422
163.16
167.38
163.634
158.446
149.566
142.724
139.02
133.02
133.622
134.436
143.384
154.78
153.906
154.078
146.05
140.574
140.71800000000002
0.0
34.482
35.106
36.202
37.44
39.624
42.449999999999996
45.402
47.394000000000005
49.674
48.658
45.117999999999995
40.796
36.632
33.744
31.887999999999998
31.412
31.958
34.873999999999995
40.452000000000005
40.466
39.744
38.36
36.606
35.29
0.0
482.35
493.11
516.15
531.134
560.642
592.96
631.29
639.564
666.674
653.552
594.314
531.868
470.656
424.932
401.216
400.87600000000003
413.87800000000004
451.762
486.216
479.85200000000003
475.462
484.46
467.74199999999996
492.942
0.0
105.4
106.014
104.596
106.322
106.132
113.774
118.074
119.02799999999999
124.668
124.602
122.446
122.25
117.626
108.206
108.426
103.22800000000001
103.35
109.71
127.684
126.418
124.696
130.196
131.056
130.56799999999998
0.0
230.57600000000002
228.398
232.80599999999998
238.768
245.344
249.536
273.156
296.75399999999996
295.38
299.2
291.71
272.388
263.596
255.076
247.49
240.712
239.616
256.058
274.58
276.738
281.462
276.678
266.43
242.366
0.0
178.21200000000002
182.19
190.70000000000002
196.24
207.142
219.082
233.242
236.302
246.318
241.466
219.58200000000002
196.51000000000002
173.89600000000002
157.004
148.238
148.114
152.916
166.918
179.642
177.294
175.67000000000002
178.994
172.818
182.124
0.0
102.346
104.108
105.924
108.078
110.398
115.75800000000001
124.158
131.142
133.438
122.0
114.902
102.54400000000001
94.15400000000001
87.848
83.83200000000001
82.49600000000001
82.84
87.238
95.96199999999999
99.182
95.874
98.712
99.35600000000001
95.14
0.0
495.872
506.922
530.616
546.008
576.3580000000001
609.576
648.976
657.484
685.35
671.862
610.9639999999999
546.7719999999999
483.846
436.844
412.46
412.106
425.474
464.426
499.838
493.298
488.782
498.032
480.846
506.754
0.0
75.474
76.828
79.22200000000001
81.926
86.71199999999999
92.902
99.366
103.724
108.704
106.482
98.74199999999999
89.28399999999999
80.174
73.848
69.786
68.738
69.94
76.316
88.526
88.556
86.97200000000001
83.956
80.104
77.234
0.0
15.75
15.706
16.198
16.882
17.866
18.721999999999998
20.266000000000002
20.5
21.012
22.414
20.130000000000003
17.386
15.806
15.432
14.35
13.908
14.42
15.412
18.19
19.382
18.764
18.084
18.266
17.974
0.0
262.756
267.488
275.804
285.232
301.89799999999997
323.428
345.94
361.12
378.462
370.718
343.782
310.844
279.13
257.08799999999997
242.95
239.31
243.492
265.69
308.196
308.31800000000004
302.794
292.286
278.88
268.896
0.0
172.52200000000002
173.524
171.202
174.02
173.71800000000002
186.23000000000002
193.266
194.83
204.054
203.95
200.416
200.096
192.534
177.10999999999999
177.47
168.96599999999998
169.16
179.578
208.992
206.914
204.102
213.108
214.518
213.712
0.0
1215.866
1237.77
1276.244
1319.896
1396.996
1496.632
1600.8
1671.048
1751.304
1715.46
1590.812
1438.39
1291.6499999999999
1189.652
1124.2140000000002
1107.398
1126.72
1229.4460000000001
1426.142
1426.694
1401.158
1352.532
1290.49
1244.296
0.0
55.128
56.077999999999996
57.059999999999995
58.216
59.464
62.354
66.878
70.636
71.884
65.71600000000001
61.896
55.233999999999995
50.716
47.324
45.162
44.434
44.626
46.99
51.694
53.426
51.646
53.17
53.522000000000006
51.25
0.0
322.338
324.21200000000005
319.888
325.15
324.574
347.952
361.11
364.026
381.262
381.076
374.466
373.86
359.73199999999997
330.928
331.598
315.698
316.06399999999996
335.534
390.494
386.61
381.348
398.18
400.812
399.302
0.0
1660.3000000000002
1665.002
1657.384
1656.654
1670.7640000000001
1684.556
1695.5
1695.484
1703.166
1700.208
1688.108
1669.0600000000002
1662.156
1641.22
1624.926
1617.9879999999998
1601.1499999999999
1614.414
1654.322
1684.326
1687.69
1686.6680000000001
1681.78
1683.808
0.0
412.6
415.004
409.46
416.202
415.462
445.38800000000003
462.23
465.954
488.02
487.786
479.318
478.552
460.466
423.594
424.454
404.106
404.574
429.49199999999996
499.844
494.872
488.134
509.676
513.044
511.124
0.0
419.416
426.968
440.242
455.302
481.894
516.268
552.2
576.432
604.114
591.754
548.748
496.178
445.55600000000004
410.374
387.796
381.998
388.66
424.1
491.948
492.14
483.33000000000004
466.558
445.158
429.21999999999997
0.0
984.132
986.912
982.394
981.968
990.3299999999999
998.506
1004.992
1004.982
1009.5319999999999
1007.784
1000.612
989.322
985.23
972.818
963.158
959.046
949.0640000000001
956.9259999999999
980.584
998.3679999999999
1000.364
999.7560000000001
996.8620000000001
998.066
0.0
150.946
150.54
155.256
161.772
171.21200000000002
179.468
194.198
196.44
201.39
214.87
192.978
166.66400000000002
151.498
147.934
137.514
133.294
138.224
147.72
174.316
185.752
179.812
173.358
175.096
172.236
0.0
647.7299999999999
662.166
693.108
713.224
752.858
796.262
847.726
858.832
895.238
877.616
798.07
714.22
632.02
570.6260000000001
538.774
538.312
555.7719999999999
606.6519999999999
652.91
644.3679999999999
638.4680000000001
650.548
628.096
661.952
0.0
191.972
195.436
201.508
208.39999999999998
220.576
236.302
252.75400000000002
263.846
276.51599999999996
270.86
251.18
227.106
203.94
187.83999999999997
177.502
174.848
177.896
194.12
225.18
225.268
221.232
213.558
203.75799999999998
196.468
0.0
625.092
619.1959999999999
631.138
647.298
665.1179999999999
676.496
740.516
804.502
800.7719999999999
811.132
790.82
738.45
714.614
691.5060000000001
670.932
652.5640000000001
649.6
694.168
744.376
750.242
763.034
750.078
722.288
657.0500000000001
0.0
780.144
805.206
823.932
848.3820000000001
867.602
884.032
886.826
901.964
925.274
904.61
875.8919999999999
826.798
788.98
768.5260000000001
735.36
738.68
743.164
792.6260000000001
855.6239999999999
850.8100000000001
851.7479999999999
807.37
777.112
777.914
0.0
3172.0119999999997
3180.996
3166.4339999999997
3165.0460000000003
3191.992
3218.3520000000003
3239.254
3239.2380000000003
3253.902
3248.246
3225.132
3188.75
3175.554
3135.564
3104.424
3091.174
3059.002
3084.344
3160.58
3217.902
3224.3399999999997
3222.3880000000004
3213.0499999999997
3216.926
0.0
537.156
549.126
574.79
591.468
624.342
660.33
703.01
712.2180000000001
742.4159999999999
727.8
661.8299999999999
592.298
524.126
473.214
446.79999999999995
446.416
460.894
503.086
541.448
534.364
529.48
539.496
520.876
548.948
0.0
861.9259999999999
877.456
904.728
935.678
990.3340000000001
1060.96
1134.8039999999999
1184.606
1241.5
1216.0880000000002
1127.7259999999999
1019.678
915.644
843.346
796.958
785.03
798.73
871.548
1010.994
1011.386
993.28
958.812
914.828
882.082
0.0
519.55
514.65
524.5740000000001
538.006
552.818
562.276
615.488
668.664
665.5699999999999
674.1759999999999
657.3000000000001
613.7679999999999
593.96
574.7560000000001
557.6519999999999
542.38
539.92
576.966
618.698
623.572
634.2040000000001
623.4340000000001
600.338
546.114
0.0
908.124
928.372
971.76
999.958
1055.524
1116.372
1188.524
1204.106
1255.142
1230.44
1118.91
1001.352
886.106
800.0260000000001
755.3720000000001
754.726
779.202
850.5360000000001
915.394
903.418
895.1460000000001
912.088
880.6120000000001
928.07
0.0
798.028
812.4060000000001
837.656
866.304
916.914
982.306
1050.676
1096.784
1149.46
1125.938
1044.116
944.082
847.7660000000001
780.82
737.872
726.83
739.518
806.936
936.0419999999999
936.406
919.644
887.726
847.0079999999999
816.684
0.0
151.298
152.17600000000002
150.14000000000001
152.60999999999999
152.34400000000002
163.316
169.49
170.85999999999999
178.948
178.864
175.758
175.48000000000002
168.84799999999998
155.322
155.638
148.178
148.35
157.484
183.28
181.464
178.99
186.888
188.12199999999999
187.418
0.0
29.404
29.914
30.432
31.048
31.714000000000002
33.26
35.668
37.674
38.338
35.048
33.01
29.458000000000002
27.052
25.238
24.084
23.698
23.802
25.06
27.574
28.494
27.55
28.362
28.548000000000002
27.336
0.0
1117.036
1106.4979999999998
1127.8339999999998
1156.71
1188.554
1208.882
1323.3
1437.634
1430.974
1449.484
1413.192
1319.6
1277.0140000000001
1235.716
1198.958
1166.124
1160.822
1240.468
1330.198
1340.672
1363.538
1340.378
1290.7259999999999
1174.144
0.0
1570.3039999999999
1555.484
1585.476
1626.074
1670.836
1699.416
1860.264
2020.98
2011.626
2037.654
1986.628
1855.056
1795.184
1737.136
1685.462
1639.298
1631.856
1743.82
1869.9560000000001
1884.684
1916.822
1884.266
1814.468
1650.576
0.0
1054.712
1044.7559999999999
1064.91
1092.174
1122.246
1141.438
1249.47
1357.418
1351.134
1368.618
1334.346
1245.972
1205.758
1166.7740000000001
1132.058
1101.056
1096.054
1171.256
1255.984
1265.872
1287.464
1265.592
1218.712
1108.634
0.0
682.924
694.658
706.794
721.13
736.61
772.4100000000001
828.472
875.03
890.39
814.038
766.7
684.21
628.244
586.162
559.3879999999999
550.4259999999999
552.758
582.118
640.3280000000001
661.776
639.742
658.664
662.98
634.848
0.0
314.78
316.616
312.382
317.52200000000005
316.962
339.798
352.642
355.48199999999997
372.322
372.136
365.684
365.096
351.298
323.164
323.82
308.298
308.65000000000003
327.66
381.34200000000004
377.54200000000003
372.404
388.838
391.406
389.94
0.0
450.886
453.508
447.452
454.81600000000003
454.00800000000004
486.714
505.11400000000003
509.188
533.302
533.042
523.794
522.956
503.192
462.894
463.834
441.596
442.106
469.342
546.218
540.7860000000001
533.422
556.968
560.646
558.54
0.0
609.776
613.322
605.1320000000001
615.0880000000001
614.004
658.226
683.1220000000001
688.626
721.234
720.88
708.3779999999999
707.244
680.516
626.018
627.284
597.2139999999999
597.9019999999999
634.7320000000001
738.702
731.36
721.398
753.2339999999999
758.216
755.3720000000001
0.0
95.014
96.64399999999999
98.338
100.332
102.48
107.464
115.26400000000001
121.74000000000001
123.876
113.25399999999999
106.67
95.188
87.408
81.552
77.824
76.582
76.902
80.984
89.09
92.072
89.004
91.64
92.236
88.32600000000001
0.0
26.046
26.884
27.51
28.322000000000003
28.964
29.512
29.612000000000002
30.114
30.887999999999998
30.204
29.244
27.604
26.34
25.656
24.552
24.664
24.810000000000002
26.466
28.564
28.401999999999997
28.44
26.954
25.942
25.970000000000002
0.0
755.778
772.6320000000001
808.736
832.202
878.4559999999999
929.092
989.138
1002.102
1044.582
1024.028
931.206
833.368
737.448
665.818
628.656
628.118
648.4839999999999
707.856
761.824
751.8580000000001
744.9799999999999
759.076
732.882
772.376
0.0
118.404
120.442
122.544
125.032
127.71
133.92
143.638
151.708
154.376
141.136
132.93
118.624
108.926
101.626
96.99
95.434
95.834
100.926
111.018
114.738
110.91999999999999
114.196
114.948
110.07000000000001
0.0
245.802
251.286
263.026
270.658
285.7
302.166
321.7
325.91400000000004
339.728
333.04
302.858
271.036
239.844
216.54399999999998
204.45399999999998
204.282
210.904
230.22
247.77
244.524
242.294
246.878
238.35399999999998
251.2
0.0
197.292
200.842
207.09
214.166
226.678
242.846
259.748
271.15
284.174
278.356
258.13
233.394
209.59
193.03799999999998
182.42000000000002
179.692
182.822
199.49
231.40800000000002
231.498
227.354
219.46800000000002
209.40200000000002
201.902
0.0
140.01999999999998
140.834
138.95
141.24
140.98999999999998
151.144
156.862
158.126
165.612
165.53
162.65800000000002
162.396
156.264
143.748
144.04
137.136
137.29
145.75
169.61999999999998
167.94
165.65200000000002
172.96
174.1
173.44799999999998
0.0
864.232
861.908
888.892
926.226
980.2860000000001
1027.55
1111.886
1124.716
1153.056
1230.228
1104.872
954.24
867.368
846.978
787.338
763.16
791.402
845.7679999999999
998.0419999999999
1063.484
1029.484
992.568
1002.502
986.138
0.0
1042.154
1065.388
1115.174
1147.542
1211.31
1281.132
1363.9379999999999
1381.81
1440.388
1412.044
1284.046
1149.142
1016.8820000000001
918.102
866.858
866.1179999999999
894.204
976.07
1050.49
1036.744
1027.256
1046.694
1010.572
1065.04
0.0
1560.986
1589.104
1638.496
1694.546
1793.53
1921.436
2055.174
2145.366
2248.408
2202.388
2042.346
1846.676
1658.276
1527.328
1443.314
1421.726
1446.536
1578.41
1830.9479999999999
1831.6599999999999
1798.868
1736.442
1656.788
1597.482
0.0
1441.7839999999999
1428.174
1455.722
1492.9859999999999
1534.094
1560.3339999999998
1708.0079999999998
1855.578
1846.982
1870.88
1824.036
1703.23
1648.26
1594.9679999999998
1547.51
1505.1319999999998
1498.294
1601.096
1716.916
1730.434
1759.938
1730.056
1665.962
1515.488
0.0
177.88799999999998
178.92600000000002
176.53
179.434
179.122
192.022
199.28
200.892
210.404
210.298
206.64999999999998
206.32
198.524
182.62
182.994
174.224
174.426
185.164
215.496
213.358
210.454
219.738
221.19400000000002
220.36
0.0
1619.182
1603.8980000000001
1634.834
1676.688
1722.844
1752.3139999999999
1918.162
2083.886
2074.2380000000003
2101.076
2048.46
1912.796
1851.066
1791.204
1737.922
1690.324
1682.644
1798.1
1928.166
1943.348
1976.488
1942.924
1870.946
1701.952
0.0
3.42
3.498
3.6599999999999997
3.7680000000000002
3.972
4.202
4.47
4.528
4.72
4.63
4.216
3.77
3.334
3.012
2.842
2.842
2.936
3.1999999999999997
3.448
3.402
3.366
3.434
3.314
3.4939999999999998
0.0
159.112
161.98000000000002
167.012
172.722
182.81
195.85399999999998
209.48399999999998
218.676
229.178
224.49
208.178
188.234
169.032
155.68
147.118
144.91400000000002
147.446
160.88400000000001
186.62800000000001
186.704
183.35600000000002
176.992
168.87800000000001
162.83599999999998
0.0
2165.654
2145.21
2186.58
2242.566
2304.3019999999997
2343.7180000000003
2565.544
2787.192
2774.288
2810.18
2739.81
2558.362
2475.794
2395.7360000000003
2324.464
2260.808
2250.538
2404.9500000000003
2578.9100000000003
2599.2200000000003
2643.5499999999997
2598.654
2502.382
2276.358
0.0
438.904
434.764
443.148
454.49199999999996
467.006
474.996
519.952
564.8679999999999
562.256
569.528
555.266
518.496
501.75600000000003
485.534
471.09
458.188
456.106
487.406
522.66
526.77
535.7579999999999
526.662
507.14799999999997
461.342
0.0
604.982
615.884
635.03
656.746
695.106
744.68
796.512
831.472
871.402
853.572
791.546
715.71
642.688
591.94
559.378
551.012
560.63
611.738
709.614
709.888
697.1800000000001
672.9820000000001
642.112
619.13
0.0
136.75199999999998
135.45999999999998
138.076
141.606
145.506
147.99599999999998
162.004
175.996
175.184
177.454
173.006
161.548
156.334
151.28400000000002
146.78
142.76000000000002
142.10999999999999
151.858
162.846
164.126
166.92600000000002
164.098
158.014
143.746
0.0
138.004
141.076
147.666
151.952
160.39600000000002
169.642
180.606
182.978
190.73000000000002
186.98000000000002
170.034
152.164
134.656
121.574
114.78999999999999
114.688
118.41000000000001
129.24800000000002
139.104
137.28799999999998
136.02800000000002
138.6
133.818
141.032
0.0
248.116
252.374
256.788
261.994
267.614
280.622
300.988
317.908
323.486
295.748
278.546
248.576
228.24200000000002
212.96200000000002
203.232
199.972
200.822
211.48600000000002
232.638
240.434
232.422
239.302
240.868
230.646
0.0
151.126
149.69400000000002
152.588
156.49
160.802
163.552
179.028
194.494
193.598
196.1
191.18800000000002
178.528
172.768
167.18
162.206
157.764
157.048
167.824
179.964
181.37800000000001
184.46800000000002
181.334
174.618
158.84799999999998
0.0
863.276
855.128
871.62
893.932
918.548
934.2560000000001
1022.68
1111.034
1105.8880000000001
1120.2
1092.1480000000001
1019.818
986.9019999999999
954.99
926.582
901.202
897.11
958.666
1028.012
1036.102
1053.77
1035.878
997.504
907.4
0.0
636.828
651.022
681.442
701.22
740.192
782.854
833.452
844.376
880.172
862.85
784.6419999999999
702.2
621.3820000000001
561.0179999999999
529.708
529.2539999999999
546.4200000000001
596.4399999999999
641.92
633.52
627.726
639.6
617.528
650.806
0.0
686.6
684.752
706.194
735.852
778.806
816.354
883.356
893.546
916.0640000000001
977.372
877.7819999999999
758.1120000000001
689.096
672.892
625.516
606.3059999999999
628.74
671.932
792.9119999999999
844.898
817.8919999999999
788.562
796.45
783.45
0.0
477.916
488.578
511.406
526.2520000000001
555.4879999999999
587.5120000000001
625.488
633.684
660.544
647.546
588.846
526.98
466.326
421.03
397.532
397.194
410.07
447.614
481.738
475.44
471.09200000000004
480.0
463.434
488.416
0.0
955.5920000000001
946.572
964.828
989.532
1016.77
1034.164
1132.038
1229.85
1224.156
1239.9940000000001
1208.9440000000002
1128.878
1092.438
1057.118
1025.672
997.582
993.048
1061.186
1137.942
1146.904
1166.464
1146.652
1104.178
1004.438
0.0
953.154
974.408
1019.942
1049.546
1107.866
1171.734
1247.46
1263.814
1317.386
1291.46
1174.392
1051.008
930.046
839.698
792.834
792.1560000000001
817.846
892.716
960.78
948.214
939.538
957.3100000000001
924.278
974.092
0.0
668.42
683.324
715.256
736.016
776.916
821.702
874.804
886.274
923.8439999999999
905.662
823.564
737.0440000000001
652.208
588.8580000000001
555.988
555.516
573.53
626.036
673.7660000000001
664.952
658.8679999999999
671.332
648.172
683.1020000000001
0.0
270.966
272.548
268.906
273.332
272.848
292.498
303.56
306.008
320.494
320.346
314.78200000000004
314.278
302.402
278.186
278.75
265.386
265.694
282.058
328.266
324.99399999999997
320.57599999999996
334.72
336.934
335.672
0.0
2172.18
2220.618
2324.384
2391.836
2524.754
2670.296
2842.878
2880.138
3002.224
2943.144
2676.366
2395.1760000000004
2119.508
1913.612
1806.806
1805.258
1863.8120000000001
2034.442
2189.556
2160.914
2141.136
2181.65
2106.3579999999997
2219.88
0.0
528.9780000000001
523.98
534.086
547.768
562.844
572.468
626.652
680.796
677.646
686.406
669.222
624.902
604.728
585.18
567.7660000000001
552.216
549.714
587.426
629.922
634.884
645.706
634.74
611.226
556.018
0.0
1238.494
1226.804
1250.47
1282.486
1317.788
1340.334
1467.186
1593.946
1586.5700000000002
1607.094
1566.846
1463.084
1415.8600000000001
1370.082
1329.322
1292.916
1287.04
1375.352
1474.83
1486.446
1511.796
1486.124
1431.064
1301.806
0.0
138.266
141.348
147.954
152.244
160.702
169.97
180.95600000000002
183.32600000000002
191.1
187.334
170.36
152.458
134.912
121.808
115.00999999999999
114.908
118.64
129.5
139.37
137.546
136.28400000000002
138.86800000000002
134.078
141.302
0.0
966.8140000000001
984.2280000000001
1014.822
1049.538
1110.844
1190.064
1272.8980000000001
1328.758
1392.578
1364.078
1264.9540000000002
1143.762
1027.074
945.966
893.934
880.562
895.924
977.61
1134.02
1134.456
1114.152
1075.4840000000002
1026.154
989.414
0.0
1296.7559999999999
1325.674
1387.622
1427.888
1507.2379999999998
1594.124
1697.1599999999999
1719.396
1792.288
1757.0140000000001
1597.75
1429.882
1265.308
1142.398
1078.638
1077.716
1112.664
1214.526
1307.136
1290.032
1278.226
1302.414
1257.47
1325.2359999999999
0.0
183.374
182.878
188.598
196.522
207.992
218.02200000000002
235.918
238.64
244.64800000000002
261.024
234.43
202.46800000000002
184.038
179.708
167.056
161.922
167.914
179.45000000000002
211.764
225.648
218.43200000000002
210.60399999999998
212.71
209.234
0.0
104.92399999999999
103.934
105.938
108.652
111.64
113.55199999999999
124.3
135.034
134.408
136.152
132.738
123.95
119.94800000000001
116.07
112.616
109.53399999999999
109.038
116.518
124.948
125.928
128.07399999999998
125.904
121.24000000000001
110.288
0.0
1476.316
1484.91
1465.076
1489.184
1486.548
1593.626
1653.888
1667.21
1746.162
1745.32
1715.0359999999998
1712.286
1647.582
1515.6380000000001
1518.712
1445.906
1447.568
1536.742
1788.4679999999998
1770.6779999999999
1746.564
1823.654
1835.704
1828.816
0.0
438.876
441.428
435.534
442.698
441.916
473.744
491.658
495.62399999999997
519.092
518.84
509.842
509.026
489.782
450.56
451.476
429.832
430.332
456.83
531.668
526.382
519.21
542.13
545.708
543.664
0.0
2540.828
2597.488
2718.868
2797.77
2953.244
3123.482
3325.3540000000003
3368.942
3511.75
3442.636
3130.582
2801.676
2479.214
2238.382
2113.4500000000003
2111.644
2180.128
2379.712
2561.156
2527.648
2504.52
2551.906
2463.842
2596.626
0.0
330.492
337.866
353.65000000000003
363.918
384.14
406.282
432.538
438.208
456.788
447.796
407.208
364.42
322.48199999999997
291.158
274.90200000000004
274.67
283.574
309.538
333.142
328.782
325.776
331.936
320.484
337.752
0.0
1237.192
1225.508
1249.148
1281.126
1316.392
1338.912
1465.6319999999998
1592.26
1584.888
1605.396
1565.1960000000001
1461.538
1414.3680000000002
1368.634
1327.914
1291.546
1285.68
1373.896
1473.276
1484.8780000000002
1510.2
1484.5539999999999
1429.55
1300.428
0.0
1588.492
1623.91
1699.796
1749.124
1846.322
1952.754
2078.968
2106.212
2195.496
2152.284
1957.196
1751.566
1549.97
1399.402
1321.298
1320.1699999999998
1362.984
1487.764
1601.202
1580.2520000000002
1565.79
1595.416
1540.36
1623.372
0.0
847.422
852.3480000000001
840.9739999999999
854.804
853.29
914.758
949.344
956.9960000000001
1002.314
1001.83
984.442
982.87
945.7280000000001
869.988
871.758
829.964
830.92
882.1
1026.598
1016.386
1002.548
1046.788
1053.706
1049.756
0.0
73.85
75.12
76.434
77.988
79.66
83.53
89.594
94.628
96.292
88.03
82.91
73.996
67.942
63.386
60.496
59.524
59.772
62.956
69.248
71.56800000000001
69.188
71.226
71.698
68.654
0.0
172.358
177.898
182.036
187.43599999999998
191.68200000000002
195.314
195.928
199.274
204.42000000000002
199.854
193.51600000000002
182.664
174.31
169.796
162.46200000000002
163.202
164.194
175.12
189.034
187.972
188.182
178.37400000000002
171.688
171.86599999999999
0.0
13.922
14.37
14.708
15.144
15.484
15.778
15.832
16.098
16.518
16.15
15.638
14.76
14.086
13.719999999999999
13.128
13.182
13.262
14.144
15.272
15.182
15.208
14.412
13.872
13.884
0.0
20.02
20.663999999999998
21.142
21.766
22.264000000000003
22.682
22.758
23.148
23.744
23.212
22.472
21.212
20.244
19.718
18.869999999999997
18.956
19.066
20.336
21.951999999999998
21.832
21.854
20.714
19.938000000000002
19.962
0.0
5.934
5.924
6.104
6.362
6.732
7.064
7.64
7.7299999999999995
7.926
8.452
7.594
6.56
5.96
5.816
5.414000000000001
5.248
5.442
5.814
6.8580000000000005
7.312
7.07
6.82
6.892
6.78
