0.0
94.61312812
89.822446622
85.92647869700001
84.49946718999999
82.86859688999999
84.907184759
86.039733575
89.95835248399999
95.858931814
103.07326777
107.68274147
112.86981506000001
117.50193967999999
121.11477042
122.3152722
124.94278539000001
125.96207937
126.56233021
124.42181298999999
120.35596271
118.63448853
113.24355616
107.95455315000001
100.083338913
0.0
94.499873235
90.558603356
87.987717543
86.413474687
85.733945394
86.458776641
87.444094112
89.743168211
95.247355452
100.321174142
104.42100088
107.98852968
110.66134480999999
113.5833208
115.814442
117.46796325
118.84967279
119.37064526
117.96628473
114.97635585
112.92644251
110.32158024
104.28509499
97.39919820600001
0.0
167.99096591
165.43140558
163.51739813
162.10171205999998
161.34290438
160.98048872
160.98048872
160.98048872
163.27956285
166.54130344
169.35002452999998
172.61176512
175.34120777
178.04799943
180.32442254
181.94396736
183.33700241
183.48423374
182.27240652
180.0186344
177.65160731
176.38315267
173.50647869
169.803044
0.0
253.72491129000002
242.51267803
234.18844423000002
228.14063357
225.18468112
225.4225164
226.4984378
231.88937017
248.17542211
266.25090126000003
283.02394921
297.78106028
309.03859547999997
317.19294702999997
322.1421853
325.10946322999996
326.83093741
325.78899254000004
319.49202109
310.03523844
305.05202367000004
297.09020553
282.93334526
266.10366986
0.0
34.689970247999995
32.685358843
31.224370869
30.205076931
29.593500569
29.502896667999998
29.570849592
29.831335819
32.01715504
34.757923172
37.589295216
40.194157496
42.447929638
44.339286158
45.788948645000005
46.728964162000004
47.181983687999995
46.944148438
45.67569376
43.806988217
42.957576605
41.960933644
39.741137966000004
37.011695321
0.0
607.31797724
570.57809368
544.29163563
527.17882301
519.89653418
522.85248653
533.53242188
554.43927307
596.52478706
643.31037863
684.71636341
720.9012980399999
750.3588928
771.07321065
786.23803929
800.04380934
810.84832507
814.12139117
801.14238169
776.53209595
759.4759107799999
736.4172168599999
689.6542762400001
634.4311959300001
0.0
42.674439401
40.092228098
38.246173525
37.045671778
36.536024814
36.739883607
37.487365821
38.959679282
41.915631697
45.211348747
48.121999205
50.658908554
52.731472890000006
54.181135374
55.257056745999996
56.219723243
56.978530947
57.20504071
56.299001664
54.566201973
53.365700226
51.746155416
48.461763853
44.588446898
0.0
179.71284616
168.21747568
159.79131252
154.16254487
151.38780028000002
151.47840416
154.67219186
159.91589290000002
171.23005555
183.81267287
195.27406692
205.71616702
215.24090253
224.0861088
232.52359747
240.17962746999999
247.17877915
251.44848818
250.39521777
243.57727391999998
237.49548683
229.03534714
213.15701273
194.80972187
0.0
201.74092062
191.5366558
183.22374751
180.18851665
176.70026632
181.04925379
183.47290823
191.81979302
204.3910849
219.79374875000002
229.61294706
240.67794895
250.55377461
258.26643210000003
260.81466695
266.40945806999997
268.60660273999997
269.87505748
265.31088572
256.64688728
252.96610361
241.47073313
230.19054691000002
213.41749893
0.0
1078.0618925
1012.849732
966.17739525
935.8024360000001
922.88005394
928.1124295
947.0826222200001
984.19624688
1058.9104923
1141.9489718
1215.4400644
1279.6895587
1331.9793373
1368.7418716
1395.6738831
1420.1822391
1439.3449653
1445.1662665000001
1422.1188975
1378.4364902999998
1348.1521348
1307.2331460999999
1224.2173176000001
1126.183892
0.0
45.43785851
42.697090378
40.726455437
39.446675272
38.903051841
39.118236114
39.922345772
41.485263141000004
44.633748852
48.133324695
51.236508449
53.943300124
56.140444824999996
57.692036707
58.83591101
59.866530431
60.670640089
60.919800833
59.945808849
58.099754276
56.831299605000005
55.098499917
51.598924074
47.476446378999995
0.0
407.24190338
401.04686139
396.4147367
392.98311379
391.12573369
390.24234563
390.25367114
390.24234563
395.81448582999997
403.71967652
410.53762044
418.45413664
425.05689623
431.62567939
437.14119214
441.07113653
444.4574575
444.80854765
441.85259523
436.40503541
430.66301289
427.58248013
420.59465396
411.62486728
0.0
798.01654699
749.74731642
715.20457753
692.71215805
683.15344601
687.02676295
701.07036828
728.5346770900001
783.8370358
845.31178555
899.71943066
947.2751554600001
985.97434851
1013.1894963
1033.1223555
1051.2657878
1065.4566245
1069.7603097
1052.7041244
1020.3585304
997.94538967
967.66103418
906.20893542
833.63520721
0.0
86.707937378
85.38285526599999
84.39753779200001
83.67270655499999
83.276314466
83.08378117000001
83.08378117000001
83.08378117000001
84.27295742700001
85.960455161
87.410117648
89.097615382
90.501975915
91.895010958
93.07286172799999
93.91094785
94.62445360699999
94.703732021
94.069504689
92.914304896
91.691152172
91.034273856
89.550634905
87.63662740800001
0.0
45.947505481
43.014204046
40.862361292
39.424024295
38.710518545
38.733169522
39.548604667
40.896337756
43.78433724
47.000775879
49.934077314
52.595567028
55.041872473
57.295644618000004
59.458812859
61.41812231
63.207549442
64.294796304
64.02298459
62.278859412
60.72726753
58.564099296
54.509574532
49.809496941999996
0.0
8.6979749095
8.335559288399999
8.0977240367
7.9504926906
7.8825397613
7.9504926906
8.041096595900001
8.2562808709
8.765927838500001
9.230272853399999
9.6040139627
9.9324531205
10.181613861
10.453425578000001
10.657284361
10.80451571
10.929096078
10.985723519
10.849817657000001
10.578005943
10.385472647
10.147637397
9.5926884742
8.9584611372
0.0
188.87516610999998
176.80219567999998
167.93433849
162.02243368999999
159.11178321
159.20238709
162.5547316
168.08156979
179.96200695000002
193.19017708
205.22917105
216.20356903
226.22662602
235.51352635
244.38138361
252.4338057
259.78404746
264.28026626
263.17036843
256.00133443
249.6137591
240.72325089
224.02948135
204.75350049000002
0.0
120.11812746
113.17560320000001
108.13576098
104.5908832
102.4730169
102.17855420000001
102.40506397
103.28845203
110.88785458000001
120.36728821999999
130.15250993
139.16759854999998
147.00483635
153.55096852
158.54550880000002
161.79592392
163.40414323
162.54340612000001
158.1717677
151.70491393
148.74896158
145.3173386
137.62733217
128.17054955
0.0
80.72807963
76.061978504
72.675657546
70.297305029
68.88161900899999
68.677760226
68.824991568
69.42524243999999
74.53303760200001
80.897961949
87.47807057200001
93.537206738
98.803558736
103.19784815
106.5615181
108.74733736
109.82325869
109.24565884
106.31235741
101.96336993999999
99.970084013
97.67100992
92.50658732
86.14166297
0.0
488.59288483
459.04468622
437.88867433999997
424.11688072
418.2616034
420.6399559
429.23600138
446.0543513
479.91756088
517.55215811
550.86041879
579.97824888
603.67117007
620.34228866
632.5398394
643.6501433
652.3367927300001
654.97563143
644.53353136
624.7252525900001
611.01008642
592.4589368100001
554.83566509
510.40577503
0.0
140.54930809
134.97716796
131.03589809
128.06862016
126.86811845
126.85679293999999
127.93271427
130.61685498
136.90250092
142.9389861
148.29594204
153.24518038
158.67008918
164.15162543
169.08953826
173.38189828
177.10798388999999
179.01066593
177.19858777
172.48718471
168.37603252000002
164.91043318
156.21245821
146.31398156
0.0
93.37864990599999
89.66388979
87.05902751299999
85.077067085
84.284282914
84.27295742700001
84.98646317699999
86.775890309
90.954995438
94.95289275799999
98.520421532
101.8048131
105.40631832999999
109.05312550000001
112.33751708
115.19154011
117.66049649
118.92895123000001
117.72844945
114.59128927
111.86184662000001
109.56277249
103.78677350999999
97.19533942
0.0
152.31649027999998
142.57657051
135.43018743
130.66215692
128.30645544
128.38573381
131.09252554
135.54344229999998
145.12480533
155.7934152
165.49935854
174.35589025
182.43096333
189.92843649
197.08614501
203.57564969999999
209.49888008
213.12303623
212.22832273
206.45232375
201.28790115
194.11886715
180.66418718
165.11429193
0.0
159.48552431000002
149.29258497
141.80643732
136.81189704
134.35426610000002
134.43354447000002
137.26491651
141.91969222
151.96540019999998
163.13233151999998
173.2912944
182.56686922
191.02700884
198.87557215
206.3617198
213.15701273
219.36338023000002
223.1574188
222.21740329
216.1695926
210.76733472
203.26986156
189.18095431999998
172.89490231
0.0
220.07688597
207.34703725
198.12808991
191.62725974999998
187.75394277
187.22164483
187.62936236
189.24890718
203.15660669000002
220.52990551
238.46947877
254.98204052
269.33143399
281.32512595000003
290.48744587
296.44465268
299.37795408
297.81503671
289.79659115
277.95013049
272.52522169
266.23957575
252.16199392
234.8226716
0.0
340.35357024
335.17782223
331.30450522
328.43915675
326.88756486
326.15140809999997
326.15140809999997
326.15140809999997
330.7948583
337.4089434
343.10566391000003
349.71974901
355.2465872
360.73944896
365.33759719
368.6219887
371.45336074
371.74782347
369.27886709
364.72602084
359.92401383
357.35312799
351.52050159000004
344.02302843
0.0
1041.0275466
978.0578323100001
932.99371488
903.64937509
891.1800125999999
896.2311803
914.5558201399999
950.37833921
1022.5330240000001
1102.7174806
1173.6943145999999
1235.7353386
1286.2243649000002
1321.7184451
1347.7330914
1371.3920363
1389.8978839000001
1395.5153263
1373.2720669999999
1331.0846238
1301.8422136000002
1262.3275848
1182.1657799
1087.4960243
0.0
56.933228993
54.668131364000004
53.071237535
51.870735788000005
51.383739801
51.383739801
51.814108347
52.901355209
55.449590052000005
57.89589549
60.070389221
62.075000626
64.26081984
66.480615518
68.485226923
70.22935209799999
71.73564202600001
72.50577522
71.769618493
69.866936483
68.202089719
66.797729186
63.275502366
59.254954069
0.0
1117.7124267
1046.2485966
993.82291197
958.8498044099999
941.57843495
942.13338388
961.9982901000001
994.64967258
1065.0036051000002
1143.262728
1214.5113739
1279.4517234999998
1338.7293280000001
1393.7372247
1446.2308621
1493.8658652
1537.3670651999998
1563.9366604
1557.3905285
1514.9879008
1477.1381192
1424.531227
1325.7956211
1211.6686767
0.0
183.82399838
176.53038397
171.38861239
167.50396994000002
165.92972706
165.91840155
167.31143659999998
170.83366346
179.05596787
186.93850763999998
193.94898483
200.42716401
207.5169196
214.6859536
221.15280737
226.77024951
231.6288839
234.13181678
231.75346428
225.60372423
220.21279186
215.68259656
204.31180645999999
191.35544797
0.0
37.306158012
35.154315258
33.580072402
32.48150005
31.824621740999998
31.734017836
31.801970764
32.085107968
34.440809501000004
37.385436426
40.420667256
43.229388319
45.65304279
47.691630652
49.243222534
50.251190985
50.749512462
50.489026235
49.129967656
47.114030764
46.196666221
45.132070329
42.742392332
39.809090894
0.0
297.35069173
280.14727523
267.68923825
258.91198491
253.67960935
252.94345262
253.49840152000002
255.68422078
274.48453115
297.95094259999996
322.18748731
344.51002447
363.88793472
380.10603377
392.4734668
400.51456341000005
404.48980978
402.37194348
391.54477679999997
375.53053653
368.20294569
359.72015505
340.69333491
317.2722254
0.0
285.33434878
267.08898738
253.71358587999998
244.77777563
240.37216078
240.5080666
245.58188535
253.91744463
271.87966881
291.85783
310.04656395
326.62707866
341.7579308
355.80153613
369.19958862
381.36316293
392.46214132
399.24610874
397.58126197999997
386.7540953
377.0934539
363.66142494999997
338.4508883
309.3217327
0.0
221.97956800999998
213.16833824
206.95064523
202.26189312
200.37053659
200.34788557
202.04670883
206.28244143
216.21489454000002
225.73963005000002
234.21109525
242.02568206
250.58775111
259.25174955
267.04368544
273.82765279
279.7055812
282.72948651
279.86413804
272.4232923
265.92246209999996
260.45225129
246.71443417
231.07393497
0.0
84.952486713
81.41893440300001
79.097209337
77.68152331
77.069946955
77.726825264
78.61021334
80.671452186
85.620690516
90.184862244
93.876971386
97.082084535
99.483088029
102.11060126999999
104.11521267
105.59885167
106.84465532
107.30900037
106.05187113999999
103.35640499
101.52167591
99.165974358
93.752391018
87.55734899
0.0
21.812890202
20.408529669
19.389235738
18.709706445
18.3699418
18.381267287
18.766333889
19.411886715
20.782270781
22.311211686
23.692921239
24.96137591
26.116575703
27.192497082
28.223116503
29.151806533
30.001218145
30.510865112
30.386284747
29.559524105
28.823367375
27.792747957
25.867414962999998
23.636293798
0.0
258.41366343
242.77316430000002
231.59490747
224.31261857
221.20943482
222.46656398
227.00808472
235.90991844
253.81551524
273.7257234
291.3368575
306.73952141999996
319.26551132000003
328.08806657
334.54359486
340.41019769
345.00834595000003
346.401381
340.87454274
330.40979172
323.15015374
313.34228104
293.44339829
269.94301034
0.0
52.833402285
49.775520475
47.567050287
46.004132918
45.075442892000005
44.939537033
45.041466428
45.42653302
48.767552034
52.935331673
57.250342664
61.214263527
64.657211926
67.53388592
69.731030621
71.169367618
71.87154788800001
71.497806776
69.572473792
66.729776255
65.42734512
63.909729705
60.534734234
56.378280075
0.0
183.00856325
174.91083921999999
168.91965593999998
164.54801752
162.41882571
162.58870806
163.37016673
167.25480918
178.99934042
192.04630279
204.14192414000001
214.78788299
222.8969325
228.78618635
232.35371515
234.49423244
235.74003612
234.98122841
230.43970769999999
223.62176374999999
220.02025852
214.27823607
204.07397118
191.93304792
0.0
95.473865219
89.697866257
85.564063075
82.879922377
81.736048074
82.189067604
83.876565338
87.160956908
93.775041995
101.1366093
107.63743953
113.33416004
117.96628473
121.21669978
123.60637779
125.76954603
127.46836929
127.98934172
125.93942835
122.07743692
119.39329621
115.76913999
108.4188982
99.732248754
0.0
44.033497977
42.278047312
41.054894595
40.114879075
39.741137966000004
39.741137966000004
40.080902611
40.918988733000006
42.889623674
44.780980201
46.457152448
48.008744322999995
49.707567554
51.417716265
52.96930814
54.317041236
55.483566509
56.083817380999996
55.506217486
54.033904025
52.742798377
51.655551515
48.937434353
45.834250599
0.0
265.65065038999995
249.57978267000001
238.08441216
230.59826451
227.40447681
228.69558247
233.3730091
242.51267803
260.92792182
281.39307891
299.50253449
315.33556693
328.21264698000005
337.27303751
343.90977353
349.94625878
354.66898735
356.10732434
350.43325475
339.66271552
332.19921879
322.11953435
301.6657027
277.50843646
0.0
47.725607119
44.679050806
42.436604151
40.94163971
40.205482976
40.228133953
41.077545565
42.470580614999996
45.471834974
48.812853988
51.859410301
54.634154897
57.159738763
59.515440295999994
61.757886958
63.785149340000004
65.64252939299999
66.775078209
66.50326649499999
64.691188393
63.07164358
60.829196925
56.604789845
51.734829925999996
0.0
9.015088578
8.5507435631
8.188327942299999
8.0524220844
7.8938652498
8.0863985485
8.1996534301
8.5620690516
9.1283434596
9.8191982374
10.249566784999999
10.747888269
11.189582305
11.52934695
11.642601834999999
11.903088062
11.993691963
12.050319404
11.846460621
11.461394019
11.30283719
10.781864733
10.283543249000001
9.5360610334
0.0
166.15623683
155.53292893
147.74099311
142.54259401000002
139.97170824
140.05098661
143.00693903
147.86557342
158.31899903000001
169.95027539999998
180.5396068
190.2002482
199.01147804
207.18848044
214.99174181
222.07017189
228.53702565999998
232.48962104
231.51562903
225.20733214
219.58989
211.76397768
197.08614501
180.12056375999998
0.0
86.481427615
81.47556184700001
77.851405636
75.3031708
73.774229895
73.559045622
73.72892794399999
74.36315528
79.83336606399999
86.651309937
93.707089064
100.196593776
105.82536137
110.54808994
114.13826972999999
116.4826458
117.63784557
117.01494371
113.86645802
109.21168238
107.0824906
104.61353415
99.086695946
92.26875207
0.0
768.86474047
719.71212184
683.65176749
659.58510513
647.70466804
648.08973465
661.74827337
684.20671642
732.61185281
786.44189807
835.44728537
880.1263361499999
920.90941904
958.73654951
994.85353136
1027.6181689
1057.5514341
1075.8194457999998
1071.3232271
1042.1487696
1016.1114726
979.9265378499999
912.00758532
833.49930139
0.0
23.715572215999998
22.775556696
22.107352892999998
21.609031416
21.40517263
21.40517263
21.586380439
22.039399968999998
23.103995854
24.123289785
25.029328841
25.856089476
26.773454019
27.702144049
28.528904684
29.253735924
29.88796326
30.205076931
29.89928875
29.106504579
28.415649799
27.826724414
26.365736447
24.689564193000002
0.0
161.58073966
152.2258864
145.45324449
140.68521398000001
137.84251643
137.44612434
137.75191255000001
138.94108878
149.15667911
161.90917882
175.08072149999998
187.21031935
197.73169786
206.54292763
213.27026763
217.64190602
219.79374875000002
218.64987449
212.76062063999998
204.06264577
200.07607385999998
195.46660018999998
185.12642955
172.40790634
0.0
765.68227828
754.03967647
745.3190505800001
738.8748478
735.37527196
733.72175064
733.74440163
733.73307615
744.18650173
759.0568676700001
771.87732027
786.75901172
799.19439771
811.53917982
821.8906760399999
829.28621981
835.65114415
836.31934795
830.75853323
820.52029191
809.71577625
803.92845179
790.80221105
773.92723361
0.0
206.81473934
194.85502380999998
186.19102537
180.08658726
176.4511056
175.94145861
176.32652522
177.84414064999999
190.92507945
207.24510788999999
224.09743431
239.62467854
253.10200949999998
264.38219564999997
272.98956667000004
278.58435786
281.34777697
279.87546345
272.33268835
261.19973353
256.10326386
250.20268453
236.97451433
220.67713684
0.0
265.22028177000004
248.26602606
235.83064007000002
227.52905719
223.42923051
223.55381089
228.27653945999998
236.02317331
252.71694292
271.27941797
288.18837181000004
303.60236117
317.66861749000003
330.71557986
343.17361687
354.47645401
364.80529921
371.10227066
369.5506788
359.49364528
350.51253319
338.02051968
314.5994102
287.52016801
0.0
453.84628719
446.94906487000003
441.78464227
437.95662727
435.88406291
434.91007097
434.92139648
434.91007097
441.11643847000005
449.92766824
457.51574535
466.33830063
473.71119340999996
481.02745874
487.16587335
491.54883728
495.32022483
495.71661692
492.42089983
486.36176366
479.95153741
476.51991449999997
468.73930412
458.73889808
0.0
86.356847243
81.996534301
78.429005534
77.137899879
75.631609958
77.500315501
78.54226040900001
82.109789183
87.489396059
94.092155659
98.293911772
103.02796583
107.25237292
110.54808994
111.64666233
114.04766578
114.97635585
115.51997927
113.57199529
109.86856069999999
108.28299231
103.36773050000001
98.531747022
91.351387527
0.0
347.00163184
326.01550228
310.98657946
301.21268316
297.05622903
298.7324013
304.84816492
316.78522942999996
340.84056631
367.56871832
391.21633764
411.89667899
428.72635442
440.56148953999997
449.23681349000003
457.11935326
463.2917443
465.16044984
457.74225512
443.68732431
433.93607896
420.76453628
394.04770968
362.49489967
0.0
121.39790761
113.63994825
107.94322767
104.13786366
102.26915815
102.32578553
104.48895384
108.03383162
115.67853611
124.17265223
131.90796064
138.96373977000002
145.40794255
151.37647477000002
157.08452079
162.24894339
166.98299747
169.85967145
169.15749119
164.54801752
160.4368653
154.7174938
143.99225648
131.60217243
0.0
496.12433452
474.19818938000003
457.92346288
446.09965324
440.32365429
440.7766738
442.89454010000003
453.43856959
485.27451682000003
520.62136543
553.41997912
582.2886484200001
604.27142094
620.22903379
629.92365162
635.71097608
639.0746461
637.0360582
624.7252525900001
606.2307304
596.4794851199999
580.9182643900001
553.2274457799999
520.3269027
0.0
469.61136669999996
450.06357413
437.24312153
429.43986015999997
426.05353919000004
429.65504441999997
434.58163181
445.97507293
473.3261268
498.57063995
518.9451931599999
536.65825665
549.96570519
564.46233006
575.54998294
583.74963643
590.64685872
593.24039548
586.25256931
571.37087786
561.2119149800001
548.2329055
518.26566385
484.04003861
0.0
1462.8340277
1440.6020944
1423.9423011000001
1411.6088444
1404.9381324
1401.7783209
1401.8122976
1401.8009716000001
1421.7791332
1450.183457
1474.6691626
1503.1074638
1526.8570121
1550.4480042999999
1570.2336317
1584.3565157
1596.5087646
1597.7885444
1587.1652369
1567.617444
1546.9597538
1535.8947519
1510.8314464
1478.5991075
0.0
287.76932873
270.36205345
257.90401644
249.79496693
246.34069303
247.74505356
252.8075468
262.70602345000003
282.65020814
304.81418838999997
324.44125943
341.58804848
355.54104989999996
365.36024814
372.54060765
379.08673979
384.20586045
385.75745234
379.60771229
367.94245946
359.85606086999996
348.93829031
326.77430999
300.61243232
0.0
545.05044338
510.20191625
484.64028945
467.58410435
459.15794109
459.4297528
469.11304522
485.03668154
519.34158525
557.50848032
592.2550780299999
623.9211429
652.83511421
679.65387017
705.24947343
728.47804967
749.690689
762.64704746
759.45325976
738.77291837
720.32369819
694.67146751
646.51549184
590.87336849
0.0
412.34969853
394.12698808
380.60435524999997
370.7738315
365.98314999999997
366.3568911
368.11234181
376.87826964
403.33460994
432.71292623
459.97337629
483.97208565
502.25142355
515.51357025
523.56599234
528.37932479
531.1767203300001
529.47789711
519.2509812999999
503.87096837
495.77324437
482.83953686999996
459.82614492000005
432.47509102000004
0.0
486.50899505999996
457.07405131999997
436.0199688
422.30480266
416.47217623
418.83920324999997
427.4012723
444.14034384999997
477.8563221
515.33236242
548.50471721
577.4979669200001
601.08895882
617.6807989399999
629.83304774
640.8980497
649.53939712
652.16691041
641.77011225
622.05243736
608.39389864
589.92202747
552.45731259
508.21995587
0.0
504.64110156
472.37478578
448.70451550999996
432.91678505
425.11352367999996
425.37400994999996
434.34379656
449.07825668
480.84625098000004
516.18177398
548.3461604
577.66784924
604.42997775
629.26677333
652.9710200300001
674.47812206
694.11651858
706.11021054
703.15425812
684.01418308
666.92402148
643.1631473
598.58602591
547.06638022
0.0
75.835468744
71.45250482200001
68.270042647
66.038921482
64.702513873
64.509980577
64.657211926
65.212160847
70.002842338
75.994025573
82.177742114
87.863137171
92.812375501
96.946178683
100.094664379
102.15590327999999
103.16387165
102.62024823
99.856829143
95.7796534
93.91094785
91.747779613
86.889145187
80.920612926
0.0
12.650570279
12.152248801999999
11.789833177
11.52934695
11.416092064999999
11.416092064999999
11.518021463
11.755856713
12.322131121
12.865754552
13.341425059
13.794444582
14.281440572000001
14.768436566
15.221456089
15.606522691
15.934961849
16.116169655
15.946287336000001
15.52724427
15.153503161
14.84771498
14.054930809
13.171542733
0.0
886.55921342
847.38434988
818.31182173
797.16713536
786.86094115
787.67637628
791.44776383
810.28205066
867.18130317
930.34355067
988.95295195
1040.5405505
1079.8399944
1108.346248
1125.6629192
1136.0030898
1142.0282502
1138.3814426
1116.3873449
1083.3395702
1065.9096439
1038.0942453
988.62451279
929.83390368
0.0
1246.3020194
1191.2261707
1150.363809
1120.6344027
1106.1491036999998
1107.2816524
1112.5933058
1139.0722979
1219.052895
1307.8560473
1390.2376482
1462.7547493
1518.0004805
1558.0813828
1582.4198573
1596.9731097
1605.4332493
1600.302803
1569.3842206
1522.9157426000002
1498.4187115999998
1459.3344519
1389.7733038000001
1307.131216
0.0
837.10080662
800.10043679
772.6587789399999
752.6919433600001
742.963349
743.72215668
747.28968548
765.0707019
818.7874922899999
878.43883844
933.77517358
982.47477267
1019.5883977
1046.5090825
1062.8517622
1072.6256586
1078.3110537
1074.8681053
1054.09716
1022.89544
1006.4395059000001
980.17569861
933.45805993
877.9518424
0.0
293.79448847
282.12923564
273.90693123
267.70056373
265.18630534
265.16365435
267.40610103
273.01221766
286.16110939
298.76637773
309.97861099
320.3187817
331.65559537
343.11698942
353.43450911
362.41562120000003
370.18490610000003
374.18280342
370.38876492
360.54691569
351.95087018000004
344.70255774000003
326.53647471
305.82215686
0.0
157.78670109
148.65835762999998
142.04427253
137.38949689
134.6147523
134.22968572
134.52414842
135.67934818999998
145.65710324
158.10381474
170.96956928
182.81602991
193.0995732
201.69561868
208.26440183999998
212.53411087
214.64065166
213.51942832
207.76608036
199.27196424000002
195.38732181999998
190.87977751
180.78876759
168.36470701000002
0.0
226.01144176
212.94182847000002
203.46239483
196.79168235
192.81643598
192.26148705
192.68053016000002
194.34537692
208.63814294000002
226.4644613
244.89103053
261.85661182
276.57974646
288.91320306
298.31335819
304.42912180999997
307.45302719
305.83348237
297.61117796
285.43627817000004
279.86413804
273.41993526
258.95728685
241.15361948
0.0
305.65227454
287.97318755000003
275.16406039
266.14897186999997
260.76936501
260.01055723
260.58815718
262.83060379
282.16321207
306.2751764
331.19125032
354.13668937
374.0468976
390.71801618999996
403.43653937
411.70414572
415.79264692
413.6181532
402.48519838
386.01793854
378.48648895
369.76586306
350.20674498
326.14008262
0.0
40.873686782
39.254141976
38.110267672999996
37.238205084
36.898440436
36.887114949
37.204228617
37.985687298
39.809090894
41.564541562
43.127458924
44.565795921
46.140038777
47.736932605999996
49.175269603
50.421073304
51.508320166
52.063269084000005
51.530971142999995
50.160587077
48.96008533
47.952116886
45.42653302
42.549859026
0.0
15.674475622000001
15.028922793
14.59855424
14.338068013000001
14.224813135
14.349393503
14.507950339
14.893016934
15.799055987000001
16.648467599
17.327996892
17.916922276999998
18.358616310000002
18.845612307
19.219353412
19.491165126
19.717674896000002
19.808278797
19.570443547
19.072122067
18.732357422
18.301988869
17.305345915
16.161471609
0.0
404.88620180000004
380.4004964
362.86864074
351.46387414
346.60523975
348.57587465
355.69960674000004
369.62995717
397.69451685
428.88491123
456.48512589
480.61974121000003
500.24681215
514.06390775
524.1775686200001
533.37386507
540.5768755
542.7626947599999
534.1100218
517.69938944
506.32859934
490.95991191999997
459.78084298
422.96168095
0.0
50.942045758
48.914783376
47.487771869
46.411850494
45.981481941
45.970156451
46.366548540000004
47.340540524
49.616963645999995
51.802782857000004
53.739441338
55.54019395
57.499503401
59.492789326
61.282216451000004
62.83380833
64.181541419
64.87239620199999
64.215517886
62.516694662
61.021730224
59.76460104
56.616115332
53.025935581
0.0
131.68145087
123.71963269
118.01158667
114.30815204999999
112.72258366
113.36813654000001
115.67853611
120.22005682000001
129.33707483
139.4847122
148.46582436
156.3143876
162.70196292999998
167.18685629
170.48257331
173.47250216
175.81687823
176.51905856
173.71033744000002
168.37603252000002
164.6725979
159.67805762
149.53042025
137.55937924
0.0
124.76157762999999
116.77710843
110.93315659000001
107.02586315
105.10053019
105.15715764000001
107.3769533
111.02376047
118.87232378
127.60427511
135.56609332
142.81440572
149.42849079
155.56690543000002
161.42218277999999
166.74516226
171.60379665
174.57107458
173.83491782
169.10086377000002
164.87645668
159.00985382000002
147.97882832
135.24897966999998
0.0
70.184050144
66.12952539
63.184898464999996
61.112334129
59.877855918
59.707973599
59.832553964
60.353526425000005
64.79311778099999
70.331281496
76.050653017
81.317005015
85.892502233
89.720517234
92.642493179
94.533849699
95.473865219
94.975543735
92.415983412
88.644595852
86.91179616400001
84.907184759
80.410965959
74.88412773399999
0.0
494.42551126
469.44148437999996
449.04428015
441.62608546
433.05269087
443.72130074
449.66718204
470.12101365999996
500.94899245
538.685519
562.74085585
589.87672546
614.06796823
632.9702079900001
639.21055192
652.9370435999999
658.31665046
661.43115972
650.24157745
629.01761261
619.979873
591.8020584899999
564.15654192
523.05634535
0.0
558.3012645
524.5286588
500.36006702
484.62896403999997
477.93560049999996
480.65371763999997
490.47291585
509.69226929
548.39146231
591.39434089
629.44798116
662.72226538
689.80150754
708.83965315
722.79265457
735.47720135
745.40965446
748.42223433
736.48516979
713.85684442
698.1823687899999
676.9923804499999
634.00082738
583.22866393
0.0
987.10689736
924.00127728
877.70268171
846.80674996
831.55131744
832.04963892
849.59282006
878.41618745
940.5591410000001
1009.6672698
1072.5916819
1129.9439536999998
1182.301686
1230.8767046
1277.2319275
1319.3061159000001
1357.7221717
1381.1885831
1375.4012589000001
1337.959195
1304.5376800000001
1258.0692012999998
1170.8742681
1070.088749
0.0
1144.3046728999998
1093.7363682
1056.2150259
1028.9205994
1015.6131508
1016.6664214
1021.5363811
1045.8522046
1119.2753438
1200.8075336
1276.4504688
1343.0443392000002
1393.7598753999998
1430.5677114
1452.9129001000001
1466.2656504000001
1474.0349354
1469.3235325
1440.9418587
1398.2787451
1375.7863256
1339.8958533999999
1276.0314260999999
1200.1506550000001
0.0
89.165568313
84.01247119300001
80.2750601
77.636221363
76.073303994
75.858119721
76.01667655
76.673554866
82.313647969
89.34677612200001
96.617739525
103.31110305
109.12107845999999
113.97971288999999
117.69447302
120.10680194999999
121.29597824999999
120.66175088
117.4113358
112.60932878999999
110.41218412
107.87527478
102.16722869
95.145426061
0.0
1285.1031419
1228.3058186
1186.1636775
1155.5169062999998
1140.5785876
1141.7564383
1147.2153232
1174.5324007
1256.9932800000001
1348.5598525
1433.5123387
1508.2832118000001
1565.2504169
1606.5771233
1631.6744055
1646.6806773
1655.4013031
1650.1122997
1618.2310511
1570.3242358
1545.0570718
1504.7496593
1433.0366683000002
1347.8123698
0.0
1.8347290823
1.7214742007
1.6421957836
1.5855683428
1.5629173668
1.5742428546
1.6082193191
1.6761722484000001
1.8007526182
1.9366584761
2.0612388454999997
2.1744937278
2.2650976324
2.3217250732
2.3670270262
2.4123289785
2.4463054433
2.4576309318000003
2.4123289785
2.3443760502
2.2877486094
2.2197956801
2.0838898221999997
1.9140074998
0.0
100.61563683
94.18275956699999
89.460031007
86.311545289
84.759953417
84.805255371
86.594682493
89.53930941799999
95.870257301
102.91471096
109.32493721
115.18021463
120.51451955
125.46375789
130.18648646
134.47884648000002
138.39746536
140.78714337
140.19821800999998
136.38152845
132.97255656
128.23850248
119.34799426999999
109.07577652
0.0
1718.812711
1642.8639871999999
1586.4970333
1545.4987655
1525.5206046
1527.0948472999999
1534.3997872
1570.935812
1681.2347413
1803.6972448
1917.3145424
2017.3299278
2093.5278125
2148.7961944
2182.3649415
2202.4223812
2214.0989593000004
2207.0205293
2164.3800664
2100.3004546
2066.5165236000003
2012.6071999
1916.6803145
1802.7006019
0.0
348.34936495
332.94670103
321.53060891999996
313.21770063
309.17450137000003
309.49161502
310.97525395
318.37079775
340.72731140999997
365.55278148
388.57749887
408.85012269
424.28676304
435.48767082
442.29428926
446.36013951
448.72716653
447.28882954
438.64748209000004
425.6571471
418.8165523
407.88745616
388.44159305
365.34892263
0.0
382.56366463999996
358.11193574
340.161037
328.18999603000003
322.27809119
322.47062443
329.26591736
340.44417419
364.52216202
391.30694152
415.70204307
437.92265084
458.21792558
477.04088690000003
495.01443666
511.31181411
526.20483104
535.29919803
533.0567514200001
518.54880107
505.59244258
487.58491639
453.78965974
414.72805102999996
0.0
108.5321531
103.74147157
100.18526828
97.591731502
96.33460232099999
96.425206219
96.889551239
99.19995081600001
106.16512601000001
113.90043444999999
121.06946848
127.38909085
132.20242337
135.69067370000002
137.80854
139.07699467
139.81315132999998
139.36013189
136.67599115000002
132.62146638
130.4922746
127.08330271
121.03549201999999
113.83248152
0.0
73.932786727
69.459218907
66.254105755
64.170215932
63.286827853
63.649243478
64.95167462
67.48858396600001
72.61903010500001
78.315750649
83.355592884
87.761207776
91.340062037
93.865645896
95.711700469
97.387872716
98.701629341
99.109346908
97.52377857799999
94.533849699
92.449959876
89.641238813
83.955843759
77.22850378700001
0.0
106.74272592999999
102.49566785
99.517064487
97.251966861
96.345927808
96.33460232099999
97.150037466
99.18862535
103.96798134
108.54347858
112.62065430000001
116.38071634
120.49186853
124.65964819999999
128.4083848
131.67012538999998
134.49017192
135.9511599
134.56945036
130.99059608
127.86476137999999
125.23724811999999
118.63448853
111.10303884
0.0
119.93691962999999
114.63659121
110.70664682
107.85262379
106.44826323000001
106.5615181
107.07116509
109.61939991
117.32073185
125.86014998
133.78799169
140.77581786
146.08747186
149.94946328999998
152.29383936
153.68687441
154.50230954
154.01531354000002
151.03671013000002
146.56314232
144.20744077
140.4473787
133.75401523
125.79219702
0.0
685.15805744
654.87370207
632.4152590900001
616.0725796300001
608.09943594
608.73366331
611.64431379
626.20889152
670.1744366
718.98729059
764.27791772
804.15496153
834.5185953
856.55799531
869.93339684
877.92919148
882.58396709
879.76392056
862.76436281
837.225387
823.7593815500001
802.26360503
764.0287569999999
718.5908985
0.0
341.15767996
320.52264055
305.7542039
296.13886451
292.05036323999997
293.71521
299.71771875
311.45092451
335.09854376
361.38500181
384.636229
404.96548024000003
421.51201845
433.15462026
441.6713874
449.42934676
455.48848293000003
457.33453752
450.04092311
436.21250206999997
426.63113911
413.68610613
387.41097358999997
356.39046153
0.0
392.80190596
372.95965069
356.75287712
350.85229779
344.04567942
352.51714455
357.2511986
373.49194867
397.97765407
427.96754674
447.08497076
468.63737473000003
487.85672817
502.86299993
507.82356375
518.7413343100001
523.01104341
525.47999979
516.60081709
499.72583975
492.55680572
470.16631559999996
448.20619403
415.54348623
0.0
256.03531093
240.54204313
229.46571566
222.25137972
219.1821724
220.41665064
224.92419492
233.73542469
251.48246468
271.20013957000003
288.6640423
303.91947489
316.33220989
325.06416129
331.4630621
337.28436302
341.83720924
343.21891881
337.74870797
327.36323535
320.1715504
310.45428155
290.74793214
267.46272848
0.0
758.4226403700001
724.91052087
700.03974889
681.9529443
673.13038895
673.8325692799999
677.06033341
693.176503
741.84212566
795.8760297
846.01396578
890.14939321
923.76344203
948.15854355
962.9609566
971.81748831
976.9705854
973.84475073
955.03311485
926.75337095
911.84902851
888.0655033400001
845.73082863
795.43433567
0.0
510.6322848
479.73635312
457.64032573000003
443.24563028
437.12986666
439.61014852
448.59126071000003
466.16841827999997
501.56056883
540.89398915
575.69721434
606.12880104
630.8976436300001
648.30491891
661.06874413
672.6773695100001
681.74908548
684.51250456
673.594734
652.90306717
638.55367363
619.17576338
579.85366847
533.41916701
0.0
358.08928475
336.42362588
320.93035808
310.83934812999996
306.54698811000003
308.2797878
314.58808468999996
326.91021588
351.72436041000003
379.31324956
403.71967652
425.05689623
442.43019508
454.63907137
463.58620703
471.729233
478.09415731
480.01949034
472.37478578
457.85550999
447.7984765
434.20789074000004
406.64165251000003
374.06954852
0.0
135.82657952
127.96669077
122.26997019000001
118.27207287
115.88239486
115.54263028999999
115.80311649000001
116.79975945
125.38447945
136.09839123
147.1747187
157.36765801
166.22418979
173.63105907000002
179.28247764
182.9519358
184.76401389
183.80134736000002
178.85210912000002
171.53584369
168.19482469
164.31018224
155.62353288
144.93227202
0.0
1163.693909
1093.2946745
1042.9189033
1010.1316149
996.17861342
1001.83003203
1022.3065148000001
1062.3647664
1143.0135671
1232.6548062000002
1311.978525
1381.3358149
1437.7707222
1477.4552328
1506.5277612
1532.9727756
1553.6644425
1559.9500888
1535.0793165
1487.9199842
1455.2232995
1411.0652209
1321.4579592
1215.6325976
0.0
419.83584621
401.28469657
387.51290298
377.5011715
372.61988601999997
373.0049527
374.79437977
383.707539
410.65087534
440.56148953999997
468.32026101
492.74933899
511.35711605
524.85709793
533.0567514200001
537.9606877499999
540.81471078
539.0819110900001
528.66246201
513.01063737
504.76568194
491.59413922
468.16170420000003
440.32365429
0.0
982.96176864
939.5171961
907.28485675
883.84109625
872.4136787
873.31971778
877.4988228599999
898.39434854
961.4659921599999
1031.5028107
1096.4771367
1153.670852
1197.2513301
1228.8607678
1248.05747
1259.5301896
1266.2009022999998
1262.157703
1237.7739271
1201.1246469
1181.8033642
1150.9753859
1096.1147207000001
1030.9365361999999
0.0
74.068692589
69.595124762
66.378686127
64.294796304
63.411408228
63.77382385
65.076254985
67.624489821
72.754935964
78.462981998
83.514149716
87.919764612
91.521269846
94.046853712
95.892908278
97.580406012
98.894162644
99.29055471699999
97.716311874
94.703732021
92.631167692
89.822446622
84.114400588
77.37573512899999
0.0
611.3725020100001
572.2882423799999
543.61210639
524.48335686
515.02657421
515.33236242
526.20483104
544.05380042
582.5491346199999
625.34815445
664.3191592100001
699.84721555
732.27208814
762.35258476
791.0740227599999
817.12264553
840.91749611
855.4594229200001
851.8692432
828.67464346
807.98297653
779.20491111
725.19365809
662.76756732
0.0
694.70544394
652.6765574000001
622.60738629
603.02561729
594.70138349
598.0763789499999
610.30790619
634.21601164
682.36066183
735.87359344
783.23678493
824.63144413
858.32477146
882.01769268
899.36834055
915.16739652
927.51217863
931.26091519
916.41320024
888.25803668
868.74422054
842.3784841199999
788.8882035
725.71463056
0.0
104.90799685
99.60766838800001
95.281331916
93.707089064
91.88368546800001
94.1487831
95.405912288
99.74357425000001
106.28970642
114.29682654
119.40462172000001
125.15796968
130.28841582
134.29763864999998
135.62272077
138.53337125
139.67724551
140.33412383
137.96709684
133.45955253
131.54554498
125.56568727999999
119.69908442
110.97845853
0.0
83.276314466
79.595530814
76.86608816200001
74.872802247
73.91013575699999
73.989414171
74.340504303
76.10728045799999
81.45291087
87.387466671
92.89165391899999
97.738962851
101.43107203
104.10388716
105.73475748999999
106.7087495
107.27502387
106.92393376
104.86269491
101.75951116
100.11731537099999
97.512453091
92.85767745199999
87.342164717
0.0
740.00739658
697.20837685
666.18786472
644.36364904
631.3393376600001
629.5159340900001
630.8976436300001
636.34520345
683.13079502
741.52501201
801.84456199
857.39608139
905.60868451
945.97272436
976.76672665
996.77886418
1006.6660151000001
1001.38833791
974.4450016
934.59060871
916.35657279
895.23453734
847.88267136
789.60170924
0.0
219.98628209
207.26775888
198.03748603
191.54798130999998
187.68598981
187.14236639
187.55008399
189.16962881
203.07732822000003
220.43930163
238.36754937999999
254.88011116
269.21817912
281.21187108000004
290.374191
296.32007226999997
299.25337377
297.6904564
289.67201074
277.83687562
272.41196679
266.12632085
252.06006453
234.73206765
0.0
1361.1877715
1278.8401466
1219.9249574
1181.565529
1165.2455006999999
1171.859586
1195.8129931
1242.6665375
1336.9965288
1441.8478982
1534.6489481
1615.7620942
1681.7783651
1728.2015411
1762.2006566
1793.14189
1817.3444584
1824.6947
1795.5995209
1740.4330684
1702.1982201
1650.5426684
1545.7252757
1421.93769
0.0
177.05135647
166.34877017
158.68141469
153.68687441
151.56900811
152.42974518
155.54425440999998
161.63736711
173.90287078
187.55008399
199.61172891
210.16708388
218.75180388
224.78828903000002
229.21655497
233.23710321000001
236.38558897
237.34825543
233.56554237
226.38518293
221.41329357
214.69727910999998
201.06139138
184.95654722999998
0.0
981.91982374
938.5318786500001
906.33351573
882.91240625
871.49631421
872.39102771
876.57013286
897.44300752
960.44669821
1030.4155641
1095.321937
1152.4590249
1195.9828756
1227.5583366
1246.7323878
1258.1937821
1264.8644944
1260.8212951
1236.4601706
1199.8561924
1180.5575608
1149.7522328
1094.959521
1029.8379639
0.0
850.99718062
799.5115114299999
762.68102389
738.6936399699999
728.50070059
732.62317829
747.6067991299999
776.8945115399999
835.8776538899999
901.42957943
959.43872977
1010.1542658999999
1051.4243446
1080.4402453
1101.7095117000001
1121.0534456999999
1136.1729723
1140.7711204
1122.5823871
1088.0962755
1064.1881697000001
1031.8992031
966.35860301
888.97154242
0.0
424.77375904
400.20877523999997
382.40510783
369.86779245
362.39297028000004
361.35102531
362.14380949
365.26964426
392.12237665000004
425.64582165999997
460.26783895
492.14908812
519.82858122
543.0005300099999
560.66829149
572.16366197
577.83773156
574.8025007699999
559.33188389
536.46572331
526.0009722899999
513.8713744400001
486.69020288999997
453.24603632
0.0
31.767994299999998
30.510865112
29.616151546
28.94794775
28.676136026000002
28.676136026000002
28.913971283000002
29.525547645
30.941233665
32.311617731
33.523444965
34.644668294
35.867821018
37.102299222
38.223522548
39.197514534999996
40.035600657
40.465969210000004
40.058251634
38.993655749
38.064965719
37.272181548
35.31287209
33.070425435
0.0
103.75279708
99.437786075
96.606414035
94.873614347
94.12613212299999
94.91891630100001
96.01748865
98.531747022
104.56823220999999
110.15169792
114.64791672
118.56653557
121.499837
124.70495020999999
127.15125557
128.97465924
130.4922746
131.06987451999998
129.51828266
126.23389108
123.99144439999999
121.1260959
114.50068532
106.9352592
0.0
8.3808612407
8.0297711077
7.8032613445
7.6673554866
7.5994025573
7.6673554866
7.7579593922
7.9618181791
8.44881417
8.9018336964
9.2642493179
9.5813629867
9.8191982374
10.079684466
10.272217762
10.419449110999999
10.544029476
10.58933143
10.464751065
10.204264838
10.0230570234
9.7852217729
9.2529238297
8.6413474687
0.0
12.050319404
11.551997927
11.223558769
11.019699986
10.929096078
11.019699986
11.155605838
11.438743042
12.140923312
12.797801628
13.318774082000001
13.771793605
14.11155825
14.485299362
14.768436566
14.983620839
15.153503161
15.221456089
15.040248283
14.666507171
14.394695453999999
14.066256299
13.296123105
12.424060516
0.0
3.3976464491
3.2277641267000003
3.0805327803
3.035230828
2.9786033872
3.0465563158
3.0918582688000003
3.2277641267000003
3.4429484021
3.7034346290999998
3.8619914637
4.0545247624
4.2244070848
4.3489874546
4.3942894076
4.4848933125
4.518869777000001
4.5415207532999995
4.4735678247
4.3263364786
4.2583835492999995
4.0658502506000005
3.8733169522
3.5901797475
