0.0
109.50535823748477
103.69657478652928
100.19825126653944
98.60573085788846
99.55863241295427
103.81405580471593
112.70345250541058
117.5723878507169
122.3499490235446
128.01514464441235
133.60201951686284
138.875611641952
143.339890212305
148.58737545787918
151.28943882183916
153.2735625463677
154.9835639937309
153.40409704053346
150.68898029114854
146.10722072071977
144.26668487578195
139.41080291952278
129.47713058546003
118.40780839966993
0.0
106.04619505608551
102.1301612670524
99.59779275275228
98.30550159495795
98.89290667019505
102.6653525530749
109.25734277463533
113.16032311425191
116.54116561726252
120.31361154360837
124.72567624747388
128.4720152834383
131.77453706942387
135.87331912131174
138.91477201555688
141.42103363223126
143.30072983870008
143.0005005733548
141.49935425870217
138.10545835215575
135.62530361499628
131.73537669581899
123.26369030521876
114.43956082142223
0.0
188.883363144398
186.5337429134782
185.09786383987154
184.19717605590952
183.8055726700034
184.91511558667594
187.12114793800498
188.24374436084142
189.50992855460356
191.48099889370712
194.3658105108627
197.56390477878855
200.500930046309
204.1297880737459
207.15818758256611
209.3903268134101
210.9175800075777
210.68261799535216
209.02483029494496
206.37498079867987
203.54238304921915
201.93680910784178
197.8641340441339
193.26932107620624
0.0
287.78932334128257
275.79320643889037
268.1569405887915
264.42365504329484
266.56442014150406
277.6337423804193
291.9925329112301
299.61574537590405
310.52842613247356
325.6443165676557
342.1830326789457
357.27281622253895
369.89549842647165
382.0874169795583
389.8803242033379
394.64483203903626
394.9059009307767
389.1754381666615
376.93130586661886
365.65312848291916
360.43175012893386
349.3232676250787
329.3776022097435
308.0352180098892
0.0
39.199498243410616
37.071786558396276
35.60980060527466
34.696059388799505
34.42193702590952
35.531479926886036
38.024688113462055
38.886215540722624
40.087132570711724
42.48896662827516
45.269350627157735
47.91920015964449
50.21660665085265
52.435692463672176
54.17180077968379
55.24218334086229
55.73821428829419
54.90279375020765
53.07531131725735
51.012866850348566
50.38630144617998
49.146224077600245
46.09171771582768
42.47591318972507
0.0
673.3359034805071
633.3401450472597
608.2253149283039
595.5765258448563
602.0510350192528
637.0342702191515
697.4325646946861
730.0661796636651
753.6929168533931
785.7652336652865
822.8892339633942
857.2067433915563
888.9396705765731
920.8814528822269
946.714222423284
966.3466051878489
984.8433381441527
990.7434956673734
976.528293028227
946.1920845432121
926.3377932605115
894.422117822299
825.3041214595077
747.9755074747031
0.0
47.31874164464994
44.512250756593325
42.736982101991096
41.84934777468998
42.30621839439775
44.76026623030927
49.01568962207093
51.30004266265512
52.957830300278104
55.21607645168825
57.826765644377005
60.24165315256439
62.47379241600789
64.71898511800148
66.5334141111943
67.90402593651073
69.20937053285512
69.62708080189837
68.62196546848453
66.4942537726037
65.0975350484541
62.85234234646054
57.99646043970433
52.56622692040888
0.0
200.3573421667183
187.44748408286526
179.77205785916144
175.68632930136354
176.4042688321299
186.5337429134782
204.3647500859714
213.0713985998769
218.35804421905598
226.1901118164405
235.9671427647486
246.00524272553605
255.69089964987444
265.70289273114696
274.4356481124935
281.7064174562011
287.9459646062982
290.45222622297257
287.6065750880869
280.1269505030037
274.4617549920084
264.11037228385953
243.55119485581767
220.49880931726523
0.0
233.50004152167912
221.11232132997188
213.6588036364775
210.2649077178572
212.30124520141555
221.3733902217123
240.31394033502582
250.71753679013062
260.8861711364188
272.97366217144577
284.891458338702
296.1435287221479
305.6464374053645
316.8462940297805
322.6028636734105
326.84523361696307
330.48714502982494
327.10630261736844
321.3366794796484
311.5465949285853
307.61750774446807
297.27917853040924
276.0934357042357
252.47975199652367
0.0
1195.2387802595842
1124.2671945577652
1079.6766230479252
1057.2246960279895
1068.7117284357348
1130.8069709732079
1238.0279762860175
1295.9461159760974
1337.8998917252402
1394.825969076137
1460.7197639292708
1521.6532496220068
1577.9788696737498
1634.669985241825
1680.5397949707685
1715.379441796047
1748.221911776997
1758.6907755455914
1733.4454116206816
1679.599946632093
1644.3686960707655
1587.7036864283682
1465.0012945120536
1327.7443107764507
0.0
50.38630144617998
47.38400887362199
45.50431265145709
44.564464545807894
45.04744204261583
47.671184685928544
52.18767698995623
54.62867138731767
56.390886592503314
58.79272065006674
61.57310463808282
64.14463349218096
66.52036066177774
68.90914128079109
70.84105128130406
72.3030372223518
73.6867024970848
74.1305196661686
73.07319054354018
70.80189094150604
69.31379810041777
66.92501749106353
61.7558528840341
55.97317632225266
0.0
457.9018311435466
452.18442188559544
448.69915173774916
446.54533313337606
445.5924315903842
448.26838807482926
453.6072474530382
456.335417696513
459.4160309522892
464.19359217341247
471.17718574586485
478.94398609012956
486.0581141567476
494.85613669462265
502.1791198939514
507.59630000729635
511.290425179188
510.7291270221024
506.7347725848652
500.28637030205766
493.4333111151061
489.5433841959287
479.66192562089583
468.5273362375259
0.0
884.7625678861407
832.2224477788403
799.2102829180452
782.5932462768756
791.1040930314216
837.0652762410094
916.4302278059637
959.2977443622768
990.3518922693931
1032.5014693070136
1081.2821968806375
1126.3818527764597
1168.0745591629802
1210.0413884786562
1243.9934010623583
1269.7870106644707
1294.0925263110744
1301.8462732336925
1283.1537390975761
1243.2885145910218
1217.2077303043043
1175.280061362233
1084.4411308836236
982.846160816869
0.0
97.49618794604547
96.26916402808972
95.53817105635844
95.0682469981006
94.87244531359924
95.44679692855327
96.58244672957031
97.15679835539083
97.80947065839256
98.82763944243038
100.31573228472604
101.97351992114164
103.48771965261136
105.35436242415226
106.92077594483656
108.06947918440369
108.86573939476611
108.7352049271629
107.88673093965978
106.51611911434338
105.05413316122176
104.23176607375918
102.1301612670524
99.75443409745561
0.0
51.23477543489046
47.93225359940195
45.96118325909097
44.91690758708651
45.112709271587875
47.69729157510258
52.252944217720895
54.48508348116439
55.829588416099384
57.83981909500097
60.33302727071048
62.90455613446773
65.37165742100322
67.94318627510134
70.17532553854484
72.02891486066919
73.62143526932013
74.27410757232188
73.5431145909315
71.62425804104251
70.17532553854484
67.52547600605808
62.27799072064002
56.37783314187934
0.0
9.750924139546205
9.398481098629812
9.16351907070828
9.046038057713423
9.098251841374015
9.437641436616737
10.051153396922741
10.40359643783913
10.716879141855252
11.069322182771643
11.473979007348625
11.813368602591346
12.126651308780763
12.505201238871196
12.779323601761178
13.014285635719661
13.183980431046981
13.15787354187294
13.014285635719661
12.701002934239058
12.479094349697153
12.113597858760492
11.343444547714189
10.534130897473567
0.0
210.57819036862742
197.00260662170285
188.9355770120929
184.64099320084551
185.41114659930682
196.04970497004595
214.79445343266502
223.9318655974165
229.49263359035209
237.72935797114164
248.00241993208067
258.5496042909239
268.7312922278933
279.2523695985566
288.4419956189291
296.0652080956769
302.63109139063425
305.26788750147443
302.2786483662591
294.40742039526975
288.45504900435407
277.58152852479833
255.96502203570483
231.7378263152861
0.0
135.729731241721
128.38064115080357
123.2897971835263
120.14391667221554
119.20406859916585
123.02872829299329
131.67010955136416
134.6724020720044
138.81034449749717
147.13844299884755
156.77188606756494
165.93540522049648
173.89800721545555
181.59954031867426
187.60412545654592
191.28519724301268
193.02130556989079
190.12344056731027
183.7794657904884
176.63923084435544
174.4854122520562
170.20388204356382
159.60448382909956
147.08622914322657
0.0
91.21748043683213
86.28327786496857
82.86327502215994
80.74861676603658
80.12205136186797
82.69358021596612
88.50236367778811
90.5125943554823
93.29297834349839
98.89290667019505
105.36741587477623
111.52864236580294
116.88055521878366
122.04971986927909
126.08323467649886
128.56338941607308
129.72514609177549
127.78018263218685
123.51170581153421
118.72109110115053
117.27215859865288
114.38734703220764
107.27321898490779
98.8537463316044
0.0
541.7049543027479
509.54126346688497
489.33452906321827
479.15284122284
484.36116620347445
512.5043957225853
561.1023750430135
587.3398014761407
606.3586722038511
632.1522814920424
662.0316192293664
689.6396574709067
715.1721978552836
740.8613795167498
761.6424654629275
777.4371350552709
792.3311169602438
797.069517807762
785.6216456770305
761.2247551975062
745.260390725318
719.5712090638517
663.9635293035301
601.7508057539075
0.0
156.58913781436934
150.71508717066348
147.0731757578016
144.55386064703725
144.26668487578195
148.0260773007935
157.29402395971078
162.4240281931353
165.54380183459025
169.8253320310087
174.89006913205233
179.91564585949104
184.70626045396537
190.09733368779533
195.63199470462484
200.957800685335
205.1087964962527
205.38291888208306
203.0855124101932
198.00772192372457
194.23527600462305
189.71878368731413
178.68862191859492
166.67945163077778
0.0
104.02291093863386
100.13298403877475
97.70504307996339
96.03420200379036
95.8384003084225
98.34466193354857
104.49283498602519
107.91283783970033
109.97528229574262
112.82093352359725
116.18872257598392
119.53040475006301
122.70239215175522
126.29208981041678
129.97316148942593
133.510645396302
136.2649225072179
136.4476707724874
134.92041757831984
131.5395750571984
129.033313440524
126.04407430410133
118.70803765173396
110.73238216630703
0.0
169.8253320310087
158.8734909129082
152.35982136490685
148.90065820524057
149.51417012135613
158.10333762311194
173.21922805829408
180.59442501665254
185.0717569724305
191.7029075205077
199.99184575691814
208.50269252353806
216.71331001273876
225.19804989984365
232.5993537377171
238.76058026134334
244.0472258684485
246.1749375933067
243.773103494692
237.4160753203714
232.62546061723205
223.85354495887177
206.4141411722848
186.8861859257795
0.0
177.81404101414782
166.3531154979914
159.53921668464474
155.91035865720784
156.56303093485442
165.54380183459025
181.37763180053884
189.09221827710854
193.7784054742621
200.7358921671995
209.416433692925
218.31888384545107
226.90805134720688
235.81050149973296
243.55119485581767
249.99959725936418
255.54731177028373
257.7663976157028
255.2470825049384
248.6028784627713
243.57730184399756
234.38767582362507
216.13895837363694
195.68420857231973
0.0
248.6681457158911
235.22309635446726
225.88988255109516
220.1333127988001
218.41025796601195
225.4199584179792
241.25378838392768
246.74928913581738
254.32028784146146
269.5928196503243
287.22802507553183
304.01475658447225
318.62156273026346
332.71928436933393
343.7233392464643
350.45891742126616
353.643958195102
348.34425920257195
336.700585312481
323.6210324695223
319.69194528540504
311.8337708085056
292.4102431766512
269.4753386381746
0.0
382.6878754981751
377.9103142891257
374.99939579245523
373.1980203211222
372.414813537236
374.64695276808
379.1112313384331
381.38253094288183
383.9540598006022
387.9614676232641
393.7833046166052
400.2839206705166
406.2362920614322
413.57232864618584
419.7074482902971
424.22394061968
427.3176072608811
426.84768323643016
423.5060010889136
418.11492785508364
412.38446509096843
409.1341570640128
400.8713257071172
391.5772721566112
0.0
1154.1856926566204
1085.6420479329308
1042.5917831234221
1020.9100092846178
1032.0054384030477
1091.9599157336468
1195.4998491513247
1251.4208116710815
1291.9387075135191
1346.9067684782103
1410.5423176918666
1469.374198611703
1523.7679079614402
1578.5140607098426
1622.804403135446
1656.4431329476386
1688.163006831748
1698.279427322415
1673.8955906991976
1621.8906618090984
1587.87338182739
1533.1663896578482
1414.6802609746057
1282.1225163968622
0.0
63.426693971073675
61.05096680268428
59.575927409805196
58.544705176350796
58.42722415937156
59.95447734025784
63.713869784587615
65.78936769004648
67.05555194780024
68.79166026381185
70.84105128130406
72.8773888481723
74.80929885955177
77.00227777233076
79.23441703456686
81.40128906903831
83.07213015728527
83.189611163398
82.26281650837278
80.2003720402566
78.67311885937033
76.84563642642001
72.38135790074041
67.5124225566415
0.0
1246.1863803542574
1165.8424199321364
1118.0929145400492
1092.6778552644128
1097.194347581722
1160.164170927051
1271.1054080739377
1325.1988882428464
1358.0935722484523
1406.8090326776214
1467.6119834294577
1530.0466155092895
1590.2621624077667
1652.592366559027
1706.9077549925196
1752.0857317321424
1790.9197334534658
1806.5316552272739
1788.8442356928938
1742.2695404947472
1707.0513433792137
1642.6586938265255
1514.7610312084698
1371.395033150739
0.0
204.79551385755633
197.1200876338526
192.35557979815425
189.0530580121687
188.67450801168752
193.60871060649146
205.72230852103328
212.43177970765527
216.51750826545316
222.1174366319936
228.7485871921447
235.3014171016771
241.56707114336297
248.6289853422862
255.86059442105397
262.8441880900975
268.2613680947773
268.61381111915244
265.6115185985122
258.96731455634506
254.0331120702061
248.13295443832035
233.70889665438972
217.99254770059085
0.0
42.14957703762052
39.87827743558639
38.285757026935464
37.31980203211222
37.0195727691817
38.207436359413336
40.89644621962422
41.82324088551595
43.115532043310246
45.70011433595846
48.68935346996636
51.53500468574709
54.01515942290654
56.40394004191989
58.27058281346081
59.40623261447787
59.941423890841264
59.05378957440666
57.082719224436566
54.86363341040965
54.19790766765043
52.86645618213201
49.56393434664351
45.674007446784415
0.0
335.98264578171455
317.81224906686236
305.2026202604285
297.42276640999995
295.0992530465212
304.549947970708
325.95759931501715
333.38501003240543
343.6058582463885
364.24335630090127
388.0658952499889
410.7658377641661
430.47654116727597
449.5345722685913
464.3893938120331
473.50069909726966
477.795282799852
470.64199446829406
454.9256455024212
437.23822620951887
431.9385271083237
421.3130221230095
395.0755956898823
364.0867150358857
0.0
318.1255317176326
297.61856815728555
285.42664961627275
278.93908694778634
280.10084362348874
296.1696356016628
324.4956133739694
338.3061592417844
346.69952499625464
359.1394589469918
374.66000626217
390.5982637341043
405.9752231696919
421.88737376211134
435.75013338895616
447.27632615823234
457.19694510687026
461.17824615868227
456.6617538292994
444.7700645536319
435.789293762561
419.3419517839059
386.69528342950196
350.09342091487497
0.0
247.3105873894942
238.04264073057692
232.28607108694683
228.29171654104482
227.84789939610877
233.80027078702446
248.42013020957566
256.52632019279054
261.44746929350447
268.20915434782137
276.22397019840145
284.14741192842064
291.7053571399748
300.22925729201967
308.9750660587911
317.39453880144123
323.9473686143826
324.36507887980366
320.74927433438273
312.7083516042877
306.7559803220371
299.62879876132905
282.215501854257
263.2357914880775
0.0
95.34236936099057
91.8048855024101
89.53358591124248
88.37182922105141
88.89396705765732
92.28786301008454
98.21412747801926
101.72550444742569
104.76695735978167
108.16085331220887
112.1291008807975
115.49688994405066
118.46002217801802
122.14109388962667
124.88231762477675
127.14056373392827
128.82445830781347
128.5503359219831
127.20583098342593
124.15132459992037
121.93223875450134
118.42086183822
110.81070284469564
102.8872611376168
0.0
24.318569845809144
22.752156325124854
21.81230822068305
21.316277273251163
21.40765139018986
22.634675308145614
24.80154734261707
25.858876466452887
26.498495320038053
27.451396875103825
28.639260454468964
29.85323093387464
31.028041073482317
32.242011542021494
33.299340664649925
34.18697499195104
34.94407486251544
35.24430411457947
34.90491452392484
33.99117330744968
33.3123941140665
32.04620985752013
29.553001681810613
26.759564243170573
0.0
286.49703215934045
269.48839202359954
258.7976197972394
253.40654667207448
256.17387716841534
271.05480559137203
296.7570406382634
310.6328537591983
320.68400720200185
334.33791157539736
350.132581276406
364.73938731353223
378.2366504219121
391.8252876629265
402.8162891667059
411.17049465623626
419.0417225185606
421.54798413523497
415.5042387203496
402.59438064857045
394.14880102640547
380.57321727948073
351.1507500725176
318.25606622387227
0.0
59.693408417125326
56.469207269684546
54.22401455682447
52.84034928329886
52.435692463672176
54.119586990469195
57.91813977338959
59.23653780828405
61.05096680268428
64.71898511800148
68.94830160851521
72.98181641573495
76.49319338514141
79.87403588815205
82.51083198088133
84.12945927991369
84.89961259023558
83.62037488306524
80.82693744442518
77.69411041513051
76.74120885885735
74.86151263789985
70.20143242771888
64.69287822882742
0.0
207.5758978479872
198.92146309311158
193.41290896787086
190.72389909800086
192.26420566551946
200.25291464865856
210.60429724814242
216.09979800003205
223.9840793564464
234.88370683625598
246.81455637686332
257.70113036258294
266.79938215372954
275.5843513061798
281.2103865522352
284.6564962178115
284.83924447100713
280.70130215417936
271.8641192547732
263.7318223920434
259.9724299670318
251.95761410437783
237.57271670612593
222.18270388511348
0.0
105.85039337158416
99.57168586357824
95.61649173474707
93.63236794622692
94.65053672905732
100.14603747732484
109.63589270508797
114.76589697352681
118.48612906719205
123.52475919695915
129.35964957331035
134.76377620463919
139.75019254639906
144.7627157797478
148.83539096419466
151.91600421997083
154.82692260797631
155.75371727145324
153.5085245585932
148.7440168315599
145.62424320217883
140.6117199688301
129.73819947720048
117.58544130013348
0.0
49.05484996066154
47.21431407829467
46.07866427727761
45.28240406691519
45.191029949976496
46.37889352934164
49.27675853433695
50.88233239361186
51.861340837851664
53.20584577399404
54.7853127332284
56.364779703329276
57.865925984175014
59.54982050976464
61.28592882577626
62.956769912815815
64.24906105974362
64.34043518754882
63.62249565557503
62.029975246924096
60.84211166755895
59.4323395036519
55.97317632225266
52.213783879130276
0.0
294.52490140741935
277.0332838618026
266.0422823580233
260.5076212446026
263.34021899406326
278.6388576824411
305.07208575418883
319.3395022610299
329.6778313664238
343.6972323669493
359.935719224968
374.94718203342524
388.83604852771134
402.803235781281
414.1075199237566
422.6966874255125
430.78982391463734
433.36135278443146
427.14791250177547
413.8725579115312
405.1920163858056
391.2248291443098
360.9930482739456
327.1715697497493
0.0
53.20584577399404
49.78584293118542
47.7364519136932
46.65301590189073
46.84881758639209
49.53782745746946
54.276228346039055
56.586688277004676
57.98340700115425
60.07195835723707
62.66959410050926
65.33249708241259
67.90402593651073
70.56692891841408
72.89044229879626
74.80929885955177
76.46708649717476
77.13281223993395
76.37571236816217
74.391588579642
72.89044229879626
70.13616519874682
64.67982477820345
58.55775862697477
0.0
10.429703330152384
9.881458599180641
9.542069003937922
9.38542765199023
9.476801774724398
9.881458599180641
10.729932587408184
11.199856642406079
11.656727251730308
12.191918537028378
12.7271098234131
13.223140770844985
13.653904489304827
14.149935425870213
14.411004350210126
14.593752594954022
14.763447390281343
14.606806045577986
14.345737121238079
13.914973402778235
13.732225156826951
13.275354549193068
12.335506443302396
11.278177318379925
0.0
185.25450522562613
173.3106021788549
166.20952749766178
162.43708168722532
163.1028073623707
172.4621281539228
188.9616838916078
197.00260662170285
201.88459534881196
209.12925792166973
218.17529595378647
227.45629601020258
236.3979065242597
245.66585319525086
253.7459361902858
260.4554074855727
266.23808400871775
268.5485439746976
265.9248013579475
258.993421544525
253.75898968437576
244.19081376011312
225.1849964057537
203.86871918200552
0.0
97.71809653058736
92.43145091623781
88.76343260092062
86.4921329988865
85.8264072561273
88.56763090555276
94.79412463521062
96.96099667088946
99.93718234340689
105.92871404997278
112.86009386218785
119.46513752229836
125.19560027313221
130.73026139379724
135.06400545791058
137.70080158082462
138.95393238916176
136.87843442333346
132.2966749615697
127.16667061223583
125.61331054217548
122.53269728036238
114.8964314290561
105.88955371138219
0.0
857.2459037651614
801.9776135230512
769.1351434213618
751.6435258757446
754.7502460231098
798.0746331097839
874.3850782984771
911.6004527292196
934.2220746169259
967.730270381687
1009.5665647685372
1052.512402059986
1093.9309860727503
1136.8115561231532
1174.1705184334867
1205.250773763443
1231.958123569031
1242.7011095544212
1230.5352982189183
1198.48908828654
1174.2749460602113
1129.9715504302917
1041.9913245927316
943.3725402757675
0.0
26.42017464164943
25.428112746785654
24.814600793241024
24.396890513331268
24.34467673498318
24.98429558856835
26.537655658628676
27.41223653651321
27.93437437191175
28.652313903885542
29.513841342012608
30.362315330723106
31.171628979635596
32.07231674669418
33.01216486200248
33.91285262906106
34.61773871041088
34.656899050208885
34.26529567033967
33.416821681629166
32.777202828044004
32.020102968346094
30.153460195597777
28.13017606727961
0.0
182.5654953557561
172.6970901661482
165.8440310999356
161.614714541808
160.34853034804587
165.4915879668954
177.12220836289634
181.15572316166438
186.71649116667388
197.92940128517984
210.87841963397278
223.20087268122518
233.9177517991741
244.26913439865797
252.34921750235785
257.2964734825868
259.63304032808156
255.7431134089043
247.1931063894184
237.59882358564093
234.71401195641144
228.9313354453403
214.67697243258917
197.83802716461895
0.0
860.9269755516281
850.1839894575731
843.631159644632
839.5845913517738
837.7962692658658
842.8218459933046
852.859945942018
857.9899501754427
863.7726266985877
872.7795044657645
885.8851641882382
900.4919702253644
913.8848058277584
930.4104684449586
944.1949073245936
954.3635417674728
961.3210284604103
960.2636992906935
952.7449144527444
940.6182631527776
927.7345119484394
920.4245822432009
901.8364751542625
880.9118013284942
0.0
233.69584316029972
221.04705408892593
212.28819181599067
206.87101170264575
205.25238438791732
211.8313211769646
226.71224959992128
231.89446770104067
238.99554227356876
253.35433280437962
269.9191557951845
285.7007720021031
299.4199436286185
312.66919133934783
323.0075205534067
329.3384418482125
332.3407343567788
327.354318015019
316.4155302702694
304.11918421119697
300.43811242473015
293.04986208094675
274.80114452229355
253.23685179222994
0.0
295.6997115772118
276.64168046382247
265.31128933316694
259.2805973157803
260.350979858848
275.29717553492446
301.6259759799475
314.45751342525585
322.2634741431254
333.81577380399034
348.2528850699371
363.06854623977404
377.34901613204005
392.1385704223619
405.03537501212486
415.75225411800005
424.9679870299613
428.67516569594295
424.4719560173304
413.4156872725052
405.0614818916399
389.7889500827771
359.439688212337
325.4224080495202
0.0
510.3114167566813
503.9413351003444
500.05140816909324
497.64957417914354
496.59224502150096
499.5814841446423
505.52080204146796
508.5622550443781
511.99531132452944
517.3341706906647
525.1009710470031
533.7554056932137
541.6919009173229
551.495038745146
559.6534424873907
565.6841345047771
569.8090234482539
569.1824580380484
564.7312329617853
557.5387842566224
549.9025184065235
545.5687743424103
534.5516659711899
522.1508922853926
0.0
99.95023579282348
94.65053672905732
91.46549591054809
90.00350995863384
90.8780908461775
94.76801774724397
102.87420768820022
107.32543276325583
111.67223027195621
116.85444831874312
121.9583457414739
126.76201383607514
130.83468891185697
135.62530361499628
138.09240496673075
139.90683393215366
141.47324737918723
140.02431493222946
137.557213580495
133.3670575046374
131.68316293678913
127.25804474004102
118.18589981512804
108.08253263502766
0.0
384.7242130903985
361.8676291904665
347.52189204508073
340.29028296631304
343.99746163229463
363.98228740916096
398.4955985846087
417.1359194325769
430.6331825409566
448.96022073815453
470.1720704438431
489.7783462081542
507.90958265806654
526.1583002167197
540.9217475188616
552.1346576373676
562.707948863652
566.0757379027573
557.9564945341175
540.6215182535163
529.2780737374358
511.0424097815375
471.54268225225604
427.36982101991094
0.0
135.35118122916592
126.63147933707982
121.43620785053545
118.68193076255992
119.16490825936785
126.00491393291125
138.0532445931259
143.9403487309217
147.50393940864765
152.80363850984287
159.395628696389
166.18342061814687
172.72319704566317
179.49793558199607
185.39809310521687
190.2931353264159
194.5224518845434
196.20634634372664
194.28748976365293
189.2358062774382
185.41114659930682
178.4144995448384
164.52563303847856
148.95287196427043
0.0
562.747109237257
539.2639599271195
524.3569246367217
517.060048316908
521.2371510073406
542.8928178579652
570.9577267385314
585.8517085469131
607.2071462408572
636.7601478333211
669.1065870310445
698.6073748644786
723.2914412239231
747.1270335584359
762.3604049936937
771.6805654116408
772.1896498096968
760.989793173207
737.0367198506925
714.9894496020879
704.7816547735296
683.0476672964343
644.0570241652086
602.3251574050831
0.0
527.0328810125017
507.5310327541764
494.9475108151836
488.56437577342194
491.44918728191254
510.1939357445315
542.9319782315702
562.3555058513507
579.1683442398061
597.8869858229101
619.82982844479
638.4832027747741
654.8522240182936
675.228653181066
690.357597001673
702.8236379285161
712.1307448644471
710.6426520438846
703.1891344469811
686.297975311316
674.0277361317586
654.6564222710078
612.5460056069923
568.7386408931123
0.0
1644.8125126240814
1624.2794425102143
1611.7611878726366
1604.0204945165517
1600.613544681256
1610.2208811481576
1629.3833399365672
1639.199531173963
1650.2557998825664
1667.4341343065312
1692.4967514391865
1720.4050183061559
1745.9767195833144
1777.5530050807297
1803.8818057310089
1823.3053334353067
1836.5937408917985
1834.5835104809373
1820.2247198656094
1797.054853701272
1772.4491076543763
1758.4688672085645
1722.9634944062934
1682.993841934945
0.0
319.03927299568454
300.098722894445
288.19398011261364
282.202448468832
285.2700082305182
301.84788460674804
330.46103815031
345.9293715977934
357.1161748488583
372.3103859105113
389.90643108285286
406.17102480831244
421.2085946049497
436.33753842555683
448.5816707255994
457.87572426403176
466.64764003105705
469.4410774189867
462.70549935284987
448.3336553279491
438.92212077736707
423.8062303542589
391.05513437313033
354.41411148489834
0.0
607.7031771448231
568.5167323749769
545.22938470346
532.8416645238267
535.0476968751558
565.749401757897
619.8559353243048
646.2369496370227
662.266581241592
686.0238529254858
715.6812821446745
746.121918256414
775.4921715956824
805.8805938276535
832.3790891525209
854.4002525216107
873.3408026228501
880.9509615934343
872.3226338267385
849.6096378063975
832.444356405641
801.0377653654842
738.668400550846
668.7541438980045
0.0
467.73107597162357
448.2161743278733
435.81540064207604
429.75860162443564
433.23081827819186
451.21846683643963
474.5580282669862
486.9326950732686
504.68538151062575
529.2389133638309
556.1290120746046
580.6564370603686
601.1764541027318
620.9785317350673
633.640374312605
641.3941211627796
641.8118314402747
632.5047245043436
612.5982193660222
594.2711812774893
585.7864414024582
567.7204720970007
535.3087657668962
500.62575982026885
0.0
539.3814409392692
507.34828450098087
487.23292432653994
477.10345025726554
482.28566824971995
510.3114167566813
558.7005409443988
584.8335397508013
603.7610364666159
629.4502181280824
659.1859680824069
686.6895787092961
712.1046379849323
737.6893921283389
758.3791039418817
774.1085063897705
788.9372209450322
793.6625684071257
782.2669101320153
757.9613936764605
742.0622964573923
716.4905958080756
661.1178780479055
599.1792768961872
0.0
562.642681622606
526.3671553494302
504.8159160047916
493.34193699454516
495.3782745746947
523.8086798650611
573.8947521147169
598.3177494737562
613.1725710171979
635.1676275067725
662.6190243625582
690.801414146609
717.9917421227282
746.1349716418391
770.6623966155291
791.0518792844655
808.5957105770383
815.6445714026104
807.6558625281363
786.6267610877173
770.7276638686491
741.6445861919711
683.9091947067915
619.1771561550694
0.0
85.69587278852408
81.06189947838368
77.83769832128381
75.85357453155625
75.26616946718565
77.68105696450655
83.13739738504994
85.03014704576488
87.64083623845364
92.90137496362915
98.97122734858365
104.76695735978167
109.79253404979133
114.64841595534016
118.44696872739405
120.77048207517673
121.8669716136687
120.03948913725237
116.03208123007317
111.51558892604548
110.17108399111049
107.45596721999256
100.75954944294335
92.86221463590503
0.0
14.097721647522132
13.562530361499629
13.236194209395062
13.014285635719661
12.988178735679117
13.327568338407652
14.162988876494179
14.619859484128064
14.893981847018047
15.28558522688727
15.742455835728544
16.18627300481235
16.61703672327219
17.11306767070408
17.60909861813597
18.09207611494389
18.457572606846465
18.483679496020503
18.274824360895177
17.817953753261293
17.478564150532762
17.07390733211346
16.081845437249683
14.998409414580712
0.0
1005.6244240903301
963.6706487034039
937.0155121135207
923.9751195355019
931.4416906144212
970.1321044803017
1020.2834438744121
1046.9124736934457
1085.0676962817552
1137.868885172131
1195.6825974045203
1248.4054655476862
1292.5261125742677
1335.1064539630197
1362.3359423731133
1378.9921392067793
1379.8797735207993
1359.894947768081
1317.0796447172459
1277.6843448267632
1259.4356273043318
1220.6146790529504
1150.9223311355747
1076.3479943944988
0.0
1413.6751451654807
1354.6996758589503
1317.22323310394
1298.8961946048948
1309.391165265078
1363.7848747355536
1434.2865364370698
1471.723819820608
1525.34737526478
1599.5953765129866
1680.8530776698346
1754.9835964570236
1817.0005188751293
1876.8505679632349
1915.1363250819318
1938.5542076822744
1939.8073385992766
1911.7032694416969
1851.513829555547
1796.1280589291293
1770.4780377016377
1715.9015793863455
1617.935467491914
1513.1032429888853
0.0
949.5207133053036
909.9035047759463
884.7364610066257
872.4270614534631
879.4759222669614
915.9994640464528
963.3573660526336
988.4983029424393
1024.5258138179647
1074.3899774408198
1128.966435019605
1178.752278015989
1220.405824246235
1260.6104373775331
1286.3257260634007
1302.0551290908363
1302.8905495009399
1284.0152663992685
1243.588743856367
1206.3994768484645
1189.168927856519
1152.514851582862
1086.7124304880724
1016.2890894371751
0.0
327.31515775007904
315.04491846185647
307.4347594791986
302.14811387209335
301.54765534140273
309.41888331239215
328.77714369112675
339.5070761824267
346.03379922451813
354.975409750649
365.5748078564484
376.0697784441878
386.08177141679533
397.35994878842115
408.9253019313023
420.05989131467237
428.7404328403978
429.3017310940747
424.51111639093534
413.8725579115312
405.9882765551168
396.5636886191099
373.5113029718925
348.3834194554379
0.0
178.28396503859875
168.6374684757914
161.95410416868438
157.8292152372816
156.58913781436934
161.614714541808
172.97121255197862
176.91335323018578
182.33053334353065
193.28237446163118
205.93116365374385
217.9664408210759
228.43530443270942
238.5386716345428
246.4360064850471
251.26578145312632
253.55013455166517
249.73852825895878
241.39737637218343
232.02500208654143
229.20545783117066
223.56636909102534
209.65139570515052
193.2040538351603
0.0
255.37761701117807
241.56707114336297
231.98584182160155
226.0595773102008
224.29736211588167
231.48981080897062
247.75440453443025
253.40654667207448
261.17334701633916
276.85053559653306
294.9687185523555
312.21232070032187
327.19767662926427
341.6870016663148
352.9782325320305
359.896558851363
363.17297374575975
357.7296867649738
345.7727303327776
332.3407343567788
328.30721955801073
320.2271365629759
300.29452453306556
276.7330545964573
0.0
345.36807345278146
326.6885923398735
313.7265204003994
305.7247580318354
303.3359774273107
313.06079473732785
335.0558511061638
342.70517045035257
353.213194544256
374.4250442499445
398.91330886210363
422.23981678648636
442.511818334608
462.0919873280693
477.3645191369321
486.7238399405579
491.148958028641
483.7868145522986
467.62664845356375
449.4562516421204
444.0129646492606
433.0872303986012
406.1188110492826
374.25534938217385
0.0
45.54347299004771
43.833471564417536
42.776142441789105
42.03209602064127
41.95377535311915
43.0502648034717
45.73927467454907
47.24042096746871
48.14110873331989
49.38118610189962
50.856225504437816
52.31821144669294
53.714930170842514
55.2813436806603
56.88691753872782
58.440277608788136
59.65424808819382
59.73256875571594
59.05378957440666
57.57875017066106
56.482260709442016
55.17691611309763
51.96576840541432
48.46744488542446
0.0
17.59604516871939
16.943372864510255
16.52566259546699
16.31680746034166
16.40818158935425
17.034746992315455
18.131236454741895
18.770855308327064
19.33215348352361
19.958718887692203
20.689711858216064
21.316277273251163
21.864521997823736
22.54330119120692
23.05238558805538
23.47009585709865
23.770325109162666
23.73116477057205
23.47009585709865
22.908797681902104
22.504140852616302
21.85146855927367
20.45474983512409
18.992763882002468
0.0
448.89495348503476
422.23981678648636
405.49224565115094
397.05971952307584
401.38041010517315
424.69386464413094
464.96374546320874
486.7238399405579
502.4793491592967
523.847840238666
548.6102272366554
571.4929180161021
592.6395004686708
613.9296708129042
631.1602195754455
644.2397724184043
656.5752788510817
660.5174195292889
651.0275643401621
630.8077765510704
617.571582334431
596.2944653756227
550.2158010572939
498.65468948116535
0.0
56.74332963257453
54.61561793790109
53.29721989093274
52.38347867445759
52.27905110689493
53.649662932211356
57.004398556914445
58.85798787903879
59.99363767884846
61.54699775011618
63.38753363248305
65.20196261480939
66.938070930821
68.89608783137452
70.89326505965214
72.82517506982421
74.33937480129393
74.43074891823262
73.5953283801461
71.7547924977792
70.38418067246279
68.75249992401385
64.75814545659208
60.398294498475146
0.0
145.98973970857008
137.3222515682695
131.87896468407473
129.13774094650984
130.53445975517664
138.1185118462457
151.22417156871933
158.29913926173253
163.4160901097321
170.3735768026695
178.42755293026335
185.86801712966778
192.74718318406036
199.66550950339294
205.27849137609732
209.53391469300078
213.54132262432785
214.8205603121799
211.73994704432988
205.16101025528258
200.85337317934915
193.93504675135162
178.94969081033534
162.17601268681986
0.0
139.0975202687525
130.12980286310662
124.8039968823965
121.9583457414739
122.46743013832237
129.503237464975
141.87790427125725
147.92164978273377
151.58966807511055
157.0329550679704
163.8207468931371
170.77823358607455
177.50075825471254
184.45824494764994
190.52809733864137
195.5667275601701
199.90047162428343
201.64963333658648
199.66550950339294
194.47023801684858
190.54115083273138
183.34870213964243
169.0812856207274
153.07776089567324
0.0
79.29968426353891
75.01815399346971
72.04196831008578
70.20143242771888
69.65318769107242
71.88532695330852
76.93701054335871
78.6861723099943
81.10105980731517
85.96999516228058
91.59603036728477
96.96099667088946
101.60802343044645
106.11146229592408
109.60978581591392
111.76360439976142
112.78177318379925
111.08482520758562
107.37764655247044
103.2005438403048
101.96046647172507
99.441151395975
93.25381800490776
85.94388826224002
0.0
572.2761247999885
541.9007560500335
523.6389851059554
515.3369934841198
520.3364632113048
542.5664817131051
588.971482176294
614.4648621991399
639.3969439441612
669.0021594043199
698.2418783580874
725.7977028405976
749.0981038975395
776.549500753325
790.6602758864855
801.0377653654842
809.9793758916152
801.6773842697796
787.5405022571043
763.548268548911
753.9278788656188
728.5911402285273
676.6645322425987
618.7986062632532
0.0
618.9944079018738
582.2359040014921
559.1443580893348
547.5137378019989
553.4661090842496
585.6167465346875
641.1461056564642
671.142924514603
692.8638586183472
722.3515930663563
756.473300855898
788.0365331610701
817.1979314762929
846.5681849121522
870.31240311403
888.3522655399727
905.3739590611385
910.7911390658185
897.7115862228595
869.829425704154
851.5807081455009
822.2365616857478
758.6923867013169
687.6033198786831
0.0
1100.5621366208275
1029.6166577864492
987.4409738813879
965.0021002468769
968.9834012986892
1024.6041345651743
1122.5702464837532
1170.345858767429
1199.4028295645921
1242.413933783166
1296.115810288469
1351.2535666521821
1404.4333055430386
1459.4796874239742
1507.4641544057006
1547.3424313076212
1581.6468883041955
1595.4313262179194
1579.806352205706
1538.6749431793944
1507.5816359008056
1450.7077713671754
1337.7563033385459
1211.137877575244
0.0
1297.9824532785476
1243.8237056512626
1209.4148229597856
1192.5889307633192
1202.2223741459577
1252.164858624688
1316.9099502841354
1351.2666200979759
1400.504218117444
1468.682366709033
1543.2828100277766
1611.3434771242603
1668.2826091283407
1723.2376166472368
1758.4035997381143
1779.8895717571902
1781.0382748663592
1755.2316127722897
1699.9763761208606
1649.120150339931
1625.5717340060773
1575.459554031734
1485.5213113008654
1389.2652015299357
0.0
100.74649599231937
95.30320902239995
91.51770969976268
89.19419630972136
88.48931022716414
91.33496145501876
97.7442034197614
99.97634268199751
103.04390248352753
109.2312358745948
116.37147082193519
123.17231617741356
129.0855271995539
134.8029365661702
139.26721502785816
141.99538527133305
143.27462295918517
141.13385786097595
136.42156378430747
131.1218647797034
129.5293443444899
126.34430356703189
118.4730756274346
109.17902209624671
0.0
1457.6783119043457
1396.862306499326
1358.224107189352
1339.322717075353
1350.1440240011352
1406.2346810626675
1478.9423744997437
1517.5283609924513
1572.8358116685363
1649.38121913508
1733.1712881723493
1809.599215230438
1873.5480471431606
1935.2647392213444
1974.7514134738658
1998.9002883142623
2000.179526364331
1971.2008763385254
1909.1447933415589
1852.0359681117573
1825.5766325205782
1769.316280060024
1668.2956626948737
1560.200075656592
0.0
2.0363375716978003
1.9058031120633627
1.840535881763188
1.8013755437762657
1.814428989329197
1.918856557737033
2.101604801032064
2.2060323694398996
2.271299598653424
2.3757271670612594
2.4801547342617067
2.5845823015828926
2.6759564243170573
2.7803839916382427
2.8587046676120886
2.910918451272681
2.9631322349332736
2.989239127246526
2.950078789259603
2.8587046676120886
2.7934374371911743
2.702063315543659
2.4932081799353765
2.2582461529797535
0.0
112.1813146688047
104.94970559486647
100.6551218753807
98.35771538417255
98.76237221466573
104.44062120767713
114.42650737079826
119.29544271610455
122.25857500440442
126.6445328299624
132.1139266963002
137.72690846033953
143.15714195910937
148.77012371107483
153.6521125468489
157.72478761055686
161.22311114382796
162.6198299524948
161.0273095052074
156.8371533206848
153.66516593227388
147.8694359150389
136.35629663985267
123.44643856203653
0.0
1949.649636849
1868.300561209374
1816.6219687056137
1791.350497647637
1805.82676867142
1880.8318692927462
1978.0800423929181
2029.693367426229
2103.654191901047
2206.0454228856934
2318.1092555136534
2420.343844665812
2505.870022959648
2588.4200156123593
2641.2342577794957
2673.5154297120253
2675.2384843154096
2636.48280351033
2553.4759407377696
2477.0871742585423
2441.7123362764323
2366.446166859957
2231.343000835259
2086.7630332845592
0.0
395.1278095575771
378.6413072053171
368.1724435936835
363.04243936025904
365.9794646277794
381.18672918352235
400.8843792012072
411.3532428007668
426.3385988383742
447.0935779050368
469.8065739253779
490.5223926184355
507.85736889903666
524.5918866489473
535.2826588873812
541.8354887969136
542.1748783271988
534.3297573323155
517.503865461844
502.0224785081968
494.85613669462265
479.59665836777606
452.2235821384614
422.9185959436479
0.0
426.5344004890688
399.0438433562694
382.70092899226506
373.9942804904334
375.547640552042
397.0988798966807
435.0713542317947
453.5811405735232
464.8462644510591
481.51551495992373
502.3357612676321
523.7042523590751
544.315643534073
565.6449742519112
584.2330813287757
599.7014147762591
612.9898227640023
618.3417356242272
612.2849367152519
596.3336256405624
584.2852950878055
562.238024839201
518.4698204989259
469.4019170453818
0.0
123.1070489267085
117.97704468000272
114.71368318431222
113.1211627744539
114.03490399092902
118.77330487949862
124.90842450308429
128.171786018093
132.8318662270666
139.30637540146304
146.38134309447625
152.82974538935778
158.2338720086127
163.44219698924704
166.78387914883749
168.82021672898702
168.92464424704667
166.48364988349215
161.23616463791794
156.41944305526366
154.1873038244197
149.43584948281134
140.89889584875044
131.77453706942387
0.0
81.96258724544226
77.09365190013595
74.0391455383634
72.49883891771965
73.29509911721556
77.55052250897724
84.89961259023558
88.8678601684833
91.75267172406205
95.65565207454509
100.17214437736537
104.34924707987192
108.21306709055698
112.10299399162345
115.24887447033471
117.63765507848157
119.88284779134163
120.60078731244893
118.8777324470613
115.18360724257006
112.76871973438264
108.8787928333162
100.45932019087932
91.0477856415048
0.0
118.91689278565191
114.4526142599723
111.68528372258018
109.77948061124127
109.55757202669933
112.41627669310407
119.45208407288179
123.34201094014138
125.71773816407068
128.9680461874042
132.81881273297662
136.630418917018
140.25927694445494
144.3580590084167
148.5612685783643
152.60783687122228
155.7667707655432
155.9625724162377
154.22646408935958
150.36264414628832
147.50393940864765
144.07088312849638
135.7036242535411
126.57926558046474
0.0
136.0430138804174
130.37781836942207
126.76201383607514
124.99979863209687
126.0179674257938
131.25239917727805
138.02713771361093
141.6298887649418
146.79905337197124
153.93928831810425
161.75830242139875
168.89853736753182
174.8639622525374
180.62053189616748
184.3146570680592
186.5598497929932
186.67733079306893
183.975267537774
178.17953753261293
172.8537315398289
170.38663029675945
165.13914494252023
155.70150352449727
145.62424320217883
0.0
777.1630126694406
744.7382529418373
724.1399151522644
714.0626549386109
719.832278064257
749.737722681096
788.5064572941862
809.0786880955792
838.5664225556621
879.3714946402367
924.0534402706377
964.7932451141664
998.888845915528
1031.7965832582634
1052.8517915902714
1065.7224893005196
1066.4012685663458
1050.9590418897124
1017.8685563903726
987.4148670018728
973.3171452662114
943.3203265167376
889.461808360054
831.8308444895252
0.0
378.24970391600203
355.78472340197635
341.6739482808898
334.5728736962878
338.20173162713354
357.8471678737146
391.7861272893217
410.1131654865197
423.38852007676394
441.4022755145266
462.2616820992488
481.5416218394387
499.35957562650674
517.3080638232235
531.823495727715
542.8406040989354
553.244200566114
556.5467223400258
548.5580134776255
531.5232664623696
520.3756235849097
502.44018878569176
463.6061870281468
420.1773723147481
0.0
454.65152312866485
430.5287550228969
416.01332300974036
409.4213328352681
413.38958039299024
431.05089280637776
467.91382422481917
488.1727723875157
507.97484989911254
531.4971595828547
554.7322933866767
576.6229222495267
595.1327086999203
616.9319634422094
628.1448735607154
636.3946514355948
643.4957260081229
636.9037357249857
625.6777722089809
606.6197410955916
598.9704217514027
578.8420080949458
537.5800653592711
491.605828667667
0.0
283.8602360485003
267.0082372864401
256.4218926747308
251.08303319993075
253.8112034434056
268.56159736012256
294.02887050345356
307.7741491181488
317.7469818258164
331.2572984282862
346.90838012896523
361.3846516719257
374.7644337681558
388.2225366236697
399.10911050072417
407.3849952430448
415.19095597298815
417.6711107101476
411.679579054292
398.8872019825887
390.5199431076334
377.0748937462095
347.92654892507693
315.33209432970295
0.0
860.2743031653164
824.3903802780469
801.586010137145
790.4253138742599
796.8215023014467
829.9119879094516
872.8186648393693
895.5969280041652
928.2305429610702
973.4215728808622
1022.8680262382962
1067.9676820254533
1105.7182478424318
1142.1373619951983
1165.4377630521399
1179.6921260648912
1180.4492259692624
1163.3492117008868
1126.7212423067447
1093.0172448912892
1077.4053234555502
1044.1973569440609
984.5822691437471
920.7770252675759
0.0
566.1279517704521
532.5153283789665
511.3948527938388
500.7562943265085
506.1995813193684
535.6089950201675
586.3999533064999
613.8252432948444
633.7056415657248
660.6610074088795
691.8848501958406
720.732965751628
747.4142093296911
774.26514766686
795.9860817706043
812.4986910023794
828.0583985824975
833.0187080447427
821.0486980218654
795.5422646135946
778.8599607313788
752.022075779635
693.9081342819001
628.8889199709967
0.0
397.00750576404596
373.43298233334775
358.63037454893583
351.16380345794266
354.988463136074
375.61290780516185
411.222708415266
430.463487781851
444.39151464974185
463.3059577628015
485.19658674639044
505.4294279209071
524.1480695040111
542.9711385931012
558.2045100404329
569.782916568739
580.6825439398835
584.1678140756559
575.7744483211857
557.8912272809977
546.195339740542
527.372270651452
486.6194123138333
441.0237255140454
0.0
153.46936429365329
145.16737265974396
139.41080291952278
135.86026562722176
134.7898830720802
139.12362714826745
148.8876047111506
152.28150073843594
156.95463433283447
166.37922236543244
177.26579624248708
187.63023233606086
196.63711011531166
205.3437585084782
212.13155044230996
216.29559974731762
218.25361659233124
214.9902550712856
207.79780636612273
199.73077675651277
197.30283588704816
192.446953930789
180.46389051041288
166.31395512438652
0.0
1290.176492452013
1213.5527651800223
1165.4247096667152
1141.1975139462963
1153.5982876320936
1220.6146790529504
1336.359585000761
1398.8725369101871
1444.1549415783822
1505.6105648614166
1576.738792081803
1642.5020530806873
1703.3180573990571
1764.5126129735925
1814.0112797882093
1851.618257484119
1887.0714163824737
1898.3757004404322
1871.1201061046615
1812.9931105332898
1774.9684231756532
1713.81302805924
1581.3597124967184
1433.2031007983508
0.0
476.2158158466546
456.348471081938
443.7257888780053
437.5515089689542
441.0889927671652
459.4029774581992
483.160249154167
495.7698779726748
513.8358471694672
538.8462496616984
566.219325891013
591.1905680217131
612.0760815825414
632.2436555039382
645.1404602023664
653.0247415587806
653.4424518362756
643.9787035266639
623.7067018698773
605.053327648558
596.4119463877723
578.0196410461197
545.0205295707494
509.71095822599057
0.0
1114.9600875131691
1068.4506595439943
1038.8976578428656
1024.4344396853298
1032.7103244397242
1075.6170013696424
1131.2246812386286
1160.7385225782266
1203.0447409774538
1261.6024996201247
1325.6818653750229
1384.1482506577881
1433.0595124116562
1480.2738264537293
1510.4664470591536
1528.9370729789816
1529.9160816550402
1507.7513302131777
1460.2890008217496
1416.5991169026895
1396.366275921355
1353.3290645334932
1276.065718151951
1193.3851909205564
0.0
82.11922860101211
77.2502932460467
74.18273344451667
72.64242682508032
73.42563358481877
77.69411041513051
85.05625394580542
89.03755496381062
91.92236651938934
95.8384003084225
100.36794606186673
104.54504877523978
108.4219222256823
112.31184912554139
115.4707830548766
117.85956366302347
120.11780979390802
120.83574932588178
119.0996410316032
115.40551581624547
112.9775748683006
109.08764796844152
100.6551218753807
91.23053388745609
0.0
681.6509485964325
637.699995990888
611.5800505699104
597.6781305815346
600.158285318694
634.5932758555967
695.2787461023869
724.8709081771208
742.8585567353686
769.5006399398268
802.7738736923623
836.9216883614188
869.8555325836691
903.9511333850305
933.6607764598401
958.3709496987998
979.6089062840032
988.1589134121542
978.4732564878158
952.9929299590598
933.7390970983848
898.5078465008359
828.5544294864635
750.1293260790761
0.0
770.218579470593
724.4793047912146
695.748670235503
681.2723985959515
688.6867559279148
728.6955678431783
797.7874573385284
835.107259395996
862.1409459863604
898.8211291516062
941.2970423099392
980.5487543329051
1016.8503875942607
1053.386982867842
1082.9399845689709
1105.3919115889066
1126.5515475355653
1133.3001790957921
1117.0355854789973
1082.3264726649293
1059.626530030013
1023.1160417446117
944.0513194329288
855.6011695709178
0.0
121.42315446631791
114.97475210744471
111.09787864613571
109.34871689157404
110.40604601420246
115.11834001359802
124.96063825969934
130.37781836942207
135.66446398860117
141.9431715123032
148.15661179495925
153.99150207713413
158.93875816602804
164.76059505070404
167.76288757134427
169.9558665372484
171.86166962323216
170.0994544168391
167.09716189619888
162.0063179277142
159.96998033549082
154.59196059575083
143.57485222453047
131.29155955088294
0.0
94.45473503368946
90.5125943554823
88.0193861797728
86.79236225095053
87.4841948937503
91.12610631989344
95.8384003084225
98.33160849499852
101.92130613192704
106.88161560503855
112.31184912554139
117.2591051492363
121.41010097222792
125.40445540705018
127.96293088538246
129.5293443444899
129.60766507962583
127.72796876449198
123.70750745256959
120.01338224807833
118.30338082124078
114.64841595534016
108.10863952420172
101.098939033598
0.0
836.1645884570472
790.9343981636508
759.5669674970991
740.1956537450134
734.4129771132035
757.9613936764605
811.2063998204374
829.703132776741
855.157352425982
906.4965553632362
965.7983604161882
1022.2675677076057
1071.348524546575
1118.7586403117857
1155.7521062243927
1178.412888377039
1189.1167141095632
1171.285706924996
1132.1645292996045
1088.1744164291201
1074.9773825740117
1048.531101020248
983.2508176968652
906.1049519773298
0.0
248.57677158325635
235.1186688484815
225.79850841846041
220.0419386782392
218.31888384545107
225.3285842853444
241.149360865868
246.65791500318258
254.21586021473675
269.4753386381746
287.110544075456
303.8972755843964
318.49102823609775
332.5756963810782
343.57975136687355
350.3153295416754
353.50037031551136
348.2006712022423
336.57005091490635
323.4904980719477
319.5614107791654
311.70323630226596
292.2927621765754
269.3709110235238
0.0
1509.1349951051682
1419.5230885191593
1363.223576687133
1334.8714921801982
1349.3869235413647
1427.7728671063985
1563.163208938573
1636.275559436754
1689.2464424704674
1761.131770150624
1844.334434247883
1921.2583918839432
1992.3866189835906
2063.971716323826
2121.87680247152
2165.8669156438523
2207.3377132949067
2220.560854367599
2188.671286171118
2120.6889389042285
2076.2027951539267
2004.6699118383465
1849.7385609275077
1676.4279585796182
0.0
196.2977204763614
184.64099320084551
177.31801011018194
173.63693832371516
175.51663453018398
185.71137586465215
203.32047442241867
212.8364365876514
219.72865602746893
229.074923324931
239.8962300575308
249.90822313880335
259.16311630363066
268.4702232274878
276.00206157160096
281.7194709502911
287.110544075456
288.8335990169092
284.6956565914164
275.8454201979202
270.0627436747752
260.7556367509181
240.6011160942072
218.05781495371065
0.0
1113.7852773433767
1067.3150097357327
1037.7881149141192
1023.3510037568374
1031.6268884991578
1074.481351561381
1130.0237641893216
1159.5114986494043
1201.7655029636069
1260.2579941358276
1324.285146916499
1382.6862647288142
1431.545312578766
1478.7074127169228
1508.873926310019
1527.3184452175192
1528.310507460111
1506.1588094640429
1458.7486939765315
1415.1110240821265
1394.8912365465865
1351.9062391833804
1274.7212127521711
1192.1190066181293
0.0
943.4900212879171
887.4646311414356
852.2725407967525
834.5459612389102
843.6181061505418
892.62074236304
977.2723394385084
1022.9855072383723
1056.102099617227
1101.0320606452783
1153.050042860433
1201.1519909509
1245.6120277371706
1290.3592414175682
1326.5694996890427
1354.0731103400794
1379.9972548951657
1388.2600858415492
1368.3274741134862
1325.825453761717
1298.008560290875
1253.2874547094557
1156.4308853815544
1048.087283863238
0.0
479.9621548862412
453.9988508389443
435.9981488952717
424.87661289732654
421.56103762932497
435.0713542317947
465.64252462037024
476.25497622025944
490.86178225738576
520.3364632113048
554.3798503623016
586.79155670448
614.9608931031057
642.1773279466659
663.4152845318694
676.4165167362831
682.5646897658194
672.3307881784854
649.8788610498846
624.6204431479292
617.0494444422852
601.868286766057
564.391843443574
520.1145546931693
0.0
35.40094547135672
34.0694939858383
33.24712688630185
32.67277526048134
32.60750803271668
33.455982020219786
35.557586826926574
36.71934351711768
37.42422959967489
38.39018459329073
39.53888784493175
40.67453764594881
41.74492020712733
42.97194413715697
44.22507494428677
45.42599197306848
46.36584008958417
46.43110731734883
45.90896948195028
44.76026623030927
43.89873879218219
42.88057000814438
40.38736183243486
37.67224507339083
0.0
116.43673804969985
112.1291008807975
109.34871689157404
107.938944727667
108.57856358245955
112.71650595603457
119.9481150203137
124.24269872772558
127.96293088538246
132.08781981678527
136.9437016764533
141.05553711376612
144.67134164711305
149.17478059107097
152.51646275066142
155.27073986157737
157.3331842246507
157.00684807979044
155.3621138855471
151.62882834005046
148.91371159066554
144.63218139424708
135.32507434965098
125.65247091336563
0.0
9.411534544303484
9.059091503387092
8.83718292210514
8.719701908023632
8.771915691684226
9.111305287047687
9.68565691033268
10.038099951249071
10.338329208504867
10.677718803868327
11.069322182771643
11.395658332340693
11.682834142956906
12.048330630633622
12.322452993402864
12.544361577944766
12.714056373392827
12.687949484339525
12.5574150278443
12.244132315134978
12.035277180613347
11.682834142956906
10.938787723137201
10.155580965209838
0.0
13.523370022909013
13.027339075477126
12.701002934239058
12.531308127924497
12.609628806071644
13.09260630324178
13.92802685219481
14.4240577996267
14.854821519293932
15.337799016101854
15.899097191298399
16.382074689313708
16.799784958356977
17.321922805829406
17.71352618569863
18.039862326936696
18.274824360895177
18.235664022304558
18.039862326936696
17.60909861813597
17.295815905788864
16.799784958356977
15.716348946554502
14.593752594954022
0.0
3.929087237121582
3.720232101513298
3.6027510874317925
3.537483858218268
3.5766441962051903
3.73328554706623
4.046568251082349
4.216263048703708
4.39901129199874
4.594812980967441
4.8036681165757225
4.986416360957403
5.143057711939182
5.338859401873795
5.430233523521311
5.508554199495155
5.560767983155746
5.508554199495155
5.4171800779683785
5.24748528022628
5.182218049926105
5.012523252304744
4.647026765714684
4.25542338681137
