0.0
88.72547665
86.50306586
85.52007648
85.15679779
86.35348052
89.91147471
94.66615162
98.69427117
102.42322
103.2779934
100.8312046
99.15371186
96.89924707
95.23243899
92.72154219
92.96728953
93.67247757
96.34364438
101.044898
101.8676173
102.8612914
101.012844
97.33731843
92.93523553
0.0
96.43980638
95.38202433
95.31791632
95.93762702
97.63648911
100.7350426
104.8593242
109.101137
111.7723039
111.6440878
109.4964697
106.6329789
103.6733261
101.5363927
99.66657589
98.60879383
99.05754985
101.4616
104.8379548
106.4513396
106.7291409
105.2973955
101.6432393
98.20277648
0.0
151.3055726
150.7392852
150.7072312
150.9743479
151.7222746
152.7907413
154.0835861
155.7610788
155.8892948
155.6649168
155.0238368
153.9446854
152.8548493
151.839806
151.2200953
150.7179159
150.5790152
150.6324386
152.3313006
154.3613874
155.0665755
155.0452061
153.9340007
152.5236247
0.0
196.5230843
191.7684074
188.8087546
187.4518018
188.2317825
191.5974527
197.6342897
203.3185326
209.9430263
215.5631613
218.4907601
218.7044535
216.72779
215.0289279
213.1911652
212.0799598
211.6739424
213.9711459
220.3285229
222.5188797
221.9525923
218.2450128
210.723007
201.6730939
0.0
27.03220808
26.02784936
25.44019267
25.17307598
25.21581465
25.76073268
26.75440673
27.71602678
28.91270951
29.9598069
30.4833556
30.68636427
30.78252628
30.90005762
30.91074229
30.86800362
30.70773361
30.55814827
31.31675964
31.79756967
31.73346166
31.22059763
30.01323024
28.35710682
0.0
571.8006513
558.5302946
552.9742676
555.9659744
566.8215963
588.1268228
620.8966972
653.7947876
677.7818655
687.0347873
681.8206697
667.941287
650.6107567
633.2802265
619.5397444
613.0648361
615.8642189
632.3613451
657.2459351
666.2424249
668.9883844
656.7117017
629.2200529
599.4205161
0.0
40.18503344
39.24478272
38.8601347
39.07382805
39.83243942
41.32829283
43.63618095
45.94406907
47.63224649
48.2840112
47.91004784
46.93774312
45.71969106
44.501639
43.54001895
43.08057826
43.28358693
44.43753099
46.18981642
46.82021179
47.0125358
46.14707775
44.21315298
42.11895821
0.0
148.2070191
143.4843962
141.0162381
140.63159
142.4907221
147.4697771
155.9427182
164.971262
171.5316476
174.4699311
174.0532291
171.264531
167.4928434
163.6891019
161.0286198
160.2700084
161.8513391
166.4350614
174.3096611
177.6753313
177.4723226
173.6151578
165.83672
156.8295455
0.0
189.2040872
184.460095
182.3659002
181.5752348
184.139555
191.714984
201.8547332
210.4558904
218.4159674
220.2216762
215.0182433
211.4388797
206.6200948
203.0727853
197.719767
198.2433157
199.7498538
205.4447814
215.4563146
217.2192847
219.3241642
215.4028913
207.5603455
198.168523
0.0
1015.022017
991.4516412
981.6003781
986.899973
1006.164428
1043.998835
1102.155478
1160.557869
1203.146953
1219.579971
1210.316365
1185.677522
1154.90568
1124.144524
1099.762113
1088.265411
1093.233781
1122.520454
1166.690868
1182.664446
1187.536654
1165.739933
1116.953742
1064.04327
0.0
42.78140757
41.78773352
41.3710315
41.59540951
42.40744422
44.0101443
46.4569331
48.92509123
50.72011532
51.40393403
51.019286
49.98287328
48.67934388
47.38649915
46.36077109
45.8692764
46.08296975
47.31170648
49.18152324
49.85465728
50.05766595
49.13878457
47.0766438
44.85423302
0.0
366.7832565
365.4263038
365.3515111
365.9925912
367.7982999
370.3839894
373.5359662
377.5961398
377.9059951
377.3503924
375.8011157
373.1833722
370.5549441
368.0867859
366.5695632
365.3728805
365.0309711
365.1698718
369.2941533
374.1984156
375.9079624
375.8652237
373.1726875
369.753594
0.0
751.3457993
733.9084224
726.6107947
730.5427523
744.7960983
772.8006111
815.8598201
859.0899837
890.609752
902.7689033
895.9200316
877.6813046
854.9015941
832.1218836
814.0861653
805.5704855
809.246011
830.9252008
863.6309672
875.4482092
879.0596267
862.9257792
826.8009193
787.6416139
0.0
78.09423276
77.80574674
77.78437741
77.92327808
78.3079261
78.8635288
79.52597816
80.39143621
80.45554421
80.33801287
80.01747286
79.45118549
78.8955828
78.3720341
78.05149409
77.79506207
77.7202694
77.7523234
78.62846612
79.66487884
80.03884219
80.02815752
79.45118549
78.72462812
0.0
37.89851465
36.69114725
36.06075189
35.95390522
36.43471524
37.70619064
39.87517809
42.18306621
43.86055896
44.60848567
44.501639
43.79645096
42.82414624
41.85184152
41.17870749
40.98638348
41.38171617
42.55702956
44.565747
45.43120505
45.37778171
44.39479232
42.40744422
40.0995561
0.0
8.868273798
8.772111793
8.772111793
8.825535129
8.985805137
9.263606485
9.648254505
10.03290253
10.27864987
10.2679652
10.07564119
9.808524514
9.541407833
9.338399156
9.16744448
9.071282475
9.114021144
9.338399156
9.648254505
9.797839846
9.819209181
9.690993174
9.349083823
9.039228473
0.0
155.7610788
150.8033932
148.2070191
147.8010017
149.7562958
154.9917828
163.8921106
173.3907797
180.2717054
183.3595743
182.9215029
180.0045888
176.0405772
172.033827
169.2451289
168.4437788
170.1105869
174.9186872
183.1993043
186.7359291
186.5222358
182.4620622
174.2989765
164.8323613
0.0
93.60836957
90.13585272
88.09508128
87.16551523
87.31510057
89.195602
92.65743419
95.99105036
100.1046472
103.7481188
105.5645122
106.2697002
106.6009249
107.0069423
107.0603656
106.8787263
106.3231236
105.7995749
108.460057
110.1161804
109.9024871
108.1288323
103.9190734
98.21346114
0.0
62.91132063
60.58206317
59.21442577
58.5840304
58.68019241
59.95166781
62.28092526
64.51402071
67.28134952
69.72813832
70.94619038
71.42700041
71.64069375
71.9184951
71.9505491
71.83301776
71.45905441
71.10646039
72.90148448
74.01268988
73.86310453
72.67710647
69.84566966
66.00987412
0.0
460.0283474
449.3436802
444.8774893
447.2815394
456.0109125
473.1598034
499.5188775
525.9847982
545.2813072
552.7285203
548.5401307
537.3746535
523.4204781
509.4769873
498.4290414
493.2149238
495.4693886
508.7397453
528.7628117
536.0070161
538.2080575
528.335425
506.2181638
482.2417706
0.0
128.1305294
126.50646
126.2607126
126.730838
128.7075014
132.2013876
137.1590732
143.2600182
146.732535
146.315833
143.1318022
139.0823133
135.6845891
132.6928823
130.5452642
129.4767974
130.1071928
132.2441263
137.2659199
139.862294
140.63159
139.4028533
135.3213104
130.9833355
0.0
85.12474379
84.0455924
83.88532239
84.19517774
85.50939181
87.8279646
91.1188421
95.16833098
97.4762191
97.19841776
95.09353831
92.40100217
90.14653739
88.14850462
86.72744387
86.01157117
86.42827319
87.84933393
91.19363478
92.9138662
93.42673023
92.61469552
89.90079004
87.01592989
0.0
125.6089479
121.6128824
119.5186876
119.1874629
120.7687937
124.9892372
132.1693336
139.83024
145.3755823
147.8651097
147.5125157
145.1618889
141.9564888
138.7297193
136.4859391
135.8448591
137.1804425
141.0589767
147.7368937
150.5896999
150.4187452
147.149237
140.5567974
132.927945
0.0
131.5282536
127.339864
125.1495072
124.8075979
126.4530366
130.8764889
138.3984946
146.411995
152.224454
154.8315128
154.4682341
152.000076
148.6450905
145.2687356
142.9074241
142.2342901
143.6446662
147.7048397
154.6926121
157.6843189
157.5026796
154.0729014
147.181291
139.18916
0.0
171.5102783
165.1422166
161.4132678
159.7144057
159.9708377
163.4113006
169.7579929
175.8696225
183.4023129
190.0909146
193.4031615
194.7066909
195.3050322
196.0529589
196.1491209
195.8178963
194.8028529
193.8519175
198.7134411
201.7585712
201.3525539
198.104415
190.40077
179.9404808
0.0
306.5431027
305.410528
305.34642
305.8806534
307.3871914
309.5561789
312.184607
315.5716465
315.8387632
315.3793225
314.0757931
311.8854363
309.6950796
307.6329388
306.372148
305.3571047
305.0793033
305.1968346
308.6372975
312.7402097
314.1719551
314.1292164
311.8747517
309.0219455
0.0
980.1472633
957.3889221
947.8795683
952.9975239
971.5995295
1008.130407
1064.289018
1120.693376
1161.807976
1177.674706
1168.73164
1144.947571
1115.222826
1085.519452
1061.98113
1050.87976
1055.677176
1083.948805
1126.612682
1142.041341
1146.742595
1125.6938
1078.574418
1027.491024
0.0
51.89542872
51.24366402
51.13681734
51.32914135
52.1304914
53.54086747
55.54958491
58.02842771
59.42811911
59.25716444
57.97500437
56.32956562
54.96192821
53.74387615
52.8784181
52.44034675
52.69677876
53.5622368
55.59232358
56.65010563
56.95996098
56.46846629
54.81234287
53.04937278
0.0
921.7662416
892.4368301
877.0402246
874.6468591
886.2183537
917.1825194
969.9113521
1026.091332
1066.831969
1085.113434
1082.51706
1065.229268
1041.755055
1018.056463
1001.537967
996.8473982
1006.677292
1035.141246
1084.151814
1105.083077
1103.811602
1079.79247
1031.476405
975.4460097
0.0
167.5783208
165.4627567
165.131532
165.740558
168.3369321
172.8992851
179.3848781
187.3663245
191.907308
191.36239
187.2060545
181.9064595
177.461638
173.5403651
170.7409823
169.3412909
170.1640102
172.9527084
179.5237787
182.9215029
183.9258616
182.3231615
176.9915126
171.3179543
0.0
29.07297952
27.99382813
27.36343277
27.07494675
27.11768542
27.70534212
28.77380884
29.81022156
31.09238163
32.22495635
32.78055905
33.00493706
33.11178373
33.22931507
33.25068441
33.19726107
33.0263064
32.85535172
33.68875576
34.20161979
34.12682712
33.58190909
32.27837969
30.50472493
0.0
231.7183781
223.117221
218.0847428
215.7875393
216.1294487
220.7879636
229.3677513
237.6056298
247.7988023
256.8273461
261.3042217
263.0671918
263.8685418
264.8835852
265.0118012
264.5630452
263.2060924
261.902563
268.4843181
272.5872303
272.0423122
267.650914
257.2440481
243.1082334
0.0
235.3084263
227.8291593
223.8972017
223.2881757
226.2371438
234.1437976
247.6064783
261.9453017
272.3414829
277.0106825
276.3482331
271.9354656
265.9413673
259.8938456
255.6734021
254.4767193
256.9876161
264.2531898
276.7649352
282.1072688
281.7867288
275.6537298
263.3236238
249.0168544
0.0
202.3675973
199.8032771
199.4079444
200.1451865
203.275794
208.7890823
216.6209433
226.2478285
231.7397475
231.0772981
226.0555045
219.6660735
214.3023706
209.569063
206.1820235
204.4831614
205.4768354
208.8531903
216.7812134
220.8948102
222.1021776
220.1682529
213.7253985
206.8765268
0.0
86.69538987
85.74445449
85.68034649
86.24663385
87.77454126
90.55255474
94.26013427
98.07456047
100.4786106
100.3610793
98.43783915
95.85214969
93.20235221
91.27911211
89.60161936
88.63999931
89.04601666
91.21500411
94.2494496
95.70256434
95.94831169
94.65546696
91.37527412
88.28740529
0.0
17.98229494
17.41600758
17.1168369
17.06341356
17.28779157
17.8968176
18.92254566
20.02306638
20.81373176
21.17701044
21.12358711
20.78167775
20.32223706
19.86279637
19.54225636
19.44609435
19.63841836
20.19402106
21.15564111
21.56165846
21.54028913
21.07016377
20.12991305
19.02939233
0.0
243.3005574
237.6483684
235.287057
236.5585324
241.1743086
250.2455911
264.1783972
278.1859959
288.3898531
292.3324953
290.1100845
284.2014635
276.8290432
269.4566228
263.6121098
260.8554657
262.0414637
269.0612901
279.6497953
283.4855908
284.6502196
279.4254173
267.7257067
255.0430067
0.0
41.16802282
39.64011541
38.75328803
38.33658601
38.40069401
39.23409805
40.7513208
42.21512021
44.03151364
45.63421372
46.4248791
46.74541911
46.88431979
47.06595913
47.08732847
47.0125358
46.76678845
46.53172577
47.70703916
48.43359654
48.33743453
47.55745382
45.70900639
43.1981096
0.0
141.7427954
138.3130172
136.1760838
135.2037791
135.7700664
138.1954859
142.5548301
146.6470577
151.4231039
155.4832775
157.5988416
157.7484269
156.3273662
155.0879448
153.7737307
152.9723807
152.67321
154.3293334
158.9130557
160.5050711
160.088369
157.4172022
151.9893913
145.4610596
0.0
89.89010537
87.80659526
86.93045255
87.40057791
89.11012467
92.45442551
97.60443511
102.775814
106.5475016
108.011301
107.1885816
105.0089095
102.2736347
99.55972921
97.39074177
96.37569838
96.81376974
99.41014387
103.3207321
104.7417928
105.1691795
103.2352547
98.91864918
94.22808027
0.0
40.14229477
39.62943074
39.55463807
39.70422341
40.32393411
41.41377017
42.96304692
44.87560235
45.96543841
45.8372224
44.84354835
43.57207295
42.50360623
41.56335551
40.89022147
40.55899679
40.7513208
41.42445484
42.99510092
43.81782029
44.05288297
43.66823495
42.39675955
41.02912215
0.0
250.1173751
244.3049161
241.8794967
243.1830261
247.9270183
257.2547328
271.5828716
285.9751183
296.4674615
300.5169504
298.2411163
292.1615406
284.5861116
276.9999978
270.9952149
268.163778
269.3818301
276.6046652
287.4923411
291.4242986
292.6209813
287.2572784
275.2263431
262.1910491
0.0
39.36231406
38.10152333
37.44975863
37.34291196
37.84509132
39.15930538
41.41377017
43.81782029
45.54873639
46.32871709
46.22187042
45.48462838
44.48026966
43.46522628
42.76003824
42.56771423
42.98441625
44.20246831
46.29666309
47.18349047
47.13006713
46.10433908
44.04219831
41.64883285
0.0
8.451571776
8.237878431
8.141716426
8.109662425
8.227193764
8.558418448
9.017859139
9.402507159
9.755101177
9.829893848
9.605515836
9.445245828
9.231552483
9.071282475
8.825535129
8.85758913
8.921697134
9.178129147
9.626885171
9.701677841
9.797839846
9.616200504
9.274291152
8.846904463
0.0
137.0308572
132.6715129
130.3743095
130.0217155
131.7419469
136.3470385
144.1788995
152.5343093
158.5925156
161.3064211
160.9217731
158.357453
154.8635668
151.3376266
148.8801531
148.1856498
149.6494492
153.8805774
161.1675204
164.2767586
164.0844346
160.5157557
153.3356594
145.0016189
0.0
67.3881962
64.88798406
63.42418465
62.75105062
62.85789729
64.21485003
66.70437749
69.09774295
72.06808044
74.69650858
75.98935331
76.51290201
76.73728002
77.0364507
77.0685047
76.9402887
76.54495601
76.17099266
78.08354809
79.28023082
79.11996081
77.83780074
74.81403992
70.70044304
0.0
634.0708919
613.9089248
603.3097349
601.6642962
609.6243733
630.9295997
667.1933603
705.8398016
733.8656838
746.4415371
744.6571977
732.765163
716.6099462
700.3158287
688.9473427
685.7205732
692.4839676
712.0689626
745.7790877
760.1820191
759.3058764
742.7873809
709.5473812
670.9971018
0.0
21.62576647
21.34796512
21.30522645
21.38001912
21.72192847
22.30958517
23.14298921
24.16871727
24.75637396
24.69226596
24.1580326
23.4742139
22.89724187
22.39506251
22.03178382
21.85014448
21.95699115
22.30958517
23.16435855
23.6024299
23.73064591
23.52763723
22.83313386
22.10657649
0.0
125.9188033
121.238919
118.5036442
117.2535381
117.4458621
119.9781283
124.6366432
129.1135188
134.6481764
139.5631233
141.9885428
142.9501628
143.3882342
143.9331522
144.0079449
143.7621975
143.0249555
142.3197675
145.8884463
148.1215418
147.8223711
145.4396903
139.7875013
132.1052256
0.0
689.6097921
687.0668413
686.9279406
688.1246234
691.5223475
696.3945558
702.3031768
709.9427138
710.5196859
709.4939578
706.566359
701.6407274
696.7150958
692.0672656
689.2251441
686.9599946
686.3189146
686.5860313
694.332415
703.5532828
706.7800523
706.694575
701.6193581
695.1978731
0.0
161.1782051
155.1947915
151.6902206
150.0875205
150.3332679
153.570722
159.5327664
165.2704327
172.354367
178.6369514
181.7568742
182.9749262
183.5412136
184.2464016
184.331879
184.0220236
183.0710883
182.1735762
186.7466138
189.5994199
189.2254566
186.1696417
178.9254374
169.0955435
0.0
218.7258228
211.7701044
208.1159482
207.5496609
210.2849357
217.6359867
230.1477321
243.4821967
253.1518206
257.4897955
256.8700848
252.7671726
247.2004609
241.580326
237.6483684
236.5371631
238.8771052
245.6298149
257.2547328
262.2231031
261.9239324
256.2290048
244.7536721
231.4619461
0.0
408.7633141
407.256776
407.1712987
407.8764867
409.8958888
412.7807489
416.2853198
420.804934
421.1575281
420.548502
418.8175859
415.8899871
412.973073
410.2164288
408.5282514
407.1819833
406.80802
406.96829
411.5626969
417.0225618
418.9351173
418.8923786
415.8793024
412.0755609
0.0
80.98977757
78.9596908
78.06217875
77.7202694
78.82079013
82.06892896
86.40690386
90.09311405
93.49083823
94.27081894
92.03772349
90.50981607
88.4476753
86.93045255
84.6332491
84.85762711
85.50939181
87.94549594
92.2300475
92.98865887
93.88617092
92.20867816
88.85369265
84.82557311
0.0
326.7050698
319.118956
315.9562945
317.6551566
323.8629483
336.0327843
354.7523212
373.5573356
387.2657636
392.5546739
389.5736517
381.6456287
371.7302575
361.8362556
353.9830252
350.2861303
351.8888304
361.3127069
375.533999
380.6733239
382.24397
375.2241436
359.5176828
342.4863233
0.0
100.1153319
96.93130108
95.25380832
94.99737631
96.25816704
99.61315255
105.3401342
111.4517638
115.8752161
117.8518795
117.5740782
115.6935767
113.1506259
110.5756211
108.780597
108.267733
109.3361997
112.4240686
117.7557175
120.020867
119.8926509
117.2749075
112.0287359
105.9491602
0.0
384.2740568
374.9783963
369.1873067
366.5375092
368.0547319
374.636487
386.4537289
397.5657828
410.5155995
421.5101221
427.2371037
427.6538057
423.7966409
420.45234
416.8622918
414.703989
413.8919543
418.3901992
430.8164672
435.1117035
434.0004981
426.745609
412.0435069
394.349698
0.0
479.2500638
474.0145768
473.6726675
476.7605363
485.2227927
500.6087135
521.0912206
542.1720691
555.4531104
554.8013457
544.1701018
529.8953864
515.2253383
504.5834098
495.2984339
490.030893
492.2639884
504.2308157
520.9950586
529.0299284
530.3868811
523.2708927
505.1496971
488.0328602
0.0
1317.504946
1312.643423
1312.386991
1314.67351
1321.148418
1330.454763
1341.748456
1356.343712
1357.454917
1355.488938
1349.900857
1340.49835
1331.074474
1322.195515
1316.767704
1312.429729
1311.222362
1311.724541
1326.522805
1344.131137
1350.306875
1350.146605
1340.455612
1328.178929
0.0
270.9311069
264.6485225
262.0200944
263.4304705
268.5697954
278.6668059
294.1916274
309.7805569
321.1490428
325.540441
323.0615983
316.4905279
308.2740188
300.0681944
293.561232
290.4840479
291.8089466
299.630123
311.4259956
315.6891779
316.9820226
311.1695636
298.1449543
284.0198242
0.0
449.4932655
435.1971808
427.6858597
426.521231
432.1627353
447.2601701
472.9781641
500.3736509
520.2364472
529.1474597
527.886669
519.4564665
508.0025033
496.452378
488.3961389
486.1096201
490.896351
504.7864184
528.6773344
538.8918762
538.2721655
526.5617702
502.9913943
475.6707002
0.0
319.3967574
311.6610583
306.8529581
304.641232
305.9127074
311.383257
321.2024662
330.4340186
341.2041632
350.3395537
355.1049153
355.4468246
352.2414244
349.463411
346.4823888
344.6873647
344.0142307
347.7538642
358.0752528
361.6546163
360.7250502
354.6882132
342.4756386
327.7628518
0.0
458.051684
447.4204401
442.9756185
445.368984
454.0556184
471.1297167
497.381944
523.7303334
542.9520498
550.3672088
546.1895039
535.0667654
521.176698
507.2973152
496.292108
491.1100444
493.3538245
506.5600732
526.4976622
533.7098126
535.9108541
526.0702755
504.0491764
480.1796298
0.0
416.1677885
402.9294858
395.9844521
394.894616
400.1194183
414.1056477
437.9110863
463.2764863
481.6754832
489.9240463
488.7487329
480.9489259
470.349736
459.6543841
452.1858017
450.0702376
454.5043745
467.3580291
489.485975
498.9419055
498.3649334
487.5199962
465.7019057
440.4112984
0.0
59.09689443
56.90653765
55.62437758
55.03672088
55.12219822
56.30819628
58.49855306
60.60343251
63.19980664
65.50769476
66.64026949
67.09971018
67.30271886
67.55915087
67.59120487
67.47367353
67.13176418
66.8005395
68.47803225
69.52512964
69.38622897
68.26433891
65.61454144
62.00312391
0.0
11.52875594
11.38985526
11.36848593
11.40053993
11.58217927
11.90271929
12.34079065
12.89639334
13.20624869
13.16351002
12.88570867
12.52242999
12.21257464
11.94545796
11.75313395
11.65697194
11.71039528
11.90271929
12.35147531
12.58653799
12.66133066
12.54379932
12.18052064
11.78518795
0.0
686.692878
670.0782204
659.7247779
654.9914703
657.7160604
669.4798791
690.5927815
710.4448932
733.5878824
753.2369854
763.4728966
764.2101387
757.3078437
751.3457993
744.934999
741.0671495
739.6247194
747.6702738
769.8623276
777.555288
775.5572553
762.5860693
736.3124726
704.6965422
0.0
965.3383145
941.981632
927.4291152
920.7725675
924.5976784
941.1268586
970.8088642
998.7278996
1031.262711
1058.882576
1073.274823
1074.311236
1064.609558
1056.222094
1047.204235
1041.776424
1039.735652
1051.050715
1082.249943
1093.062827
1090.263444
1072.024717
1035.087822
990.6502912
0.0
648.3776613
632.6925698
622.9160993
618.4499084
621.0249132
632.1262824
652.0638715
670.8047778
692.6656069
711.2141892
720.8838131
721.5783165
715.0606694
709.4298498
703.3716435
699.728172
698.3605346
705.9466483
726.9099654
734.1648544
732.284353
720.0397244
695.2299271
665.3769668
0.0
267.8325534
264.4348292
263.9219652
264.8942699
269.0292361
276.3268638
286.690991
299.437799
306.7033727
305.82723
299.1920517
290.7297952
283.6244915
277.3632765
272.8757163
270.6319362
271.9461502
276.4123411
286.915369
292.34318
293.9458801
291.3922446
282.8658801
273.7945977
0.0
122.9591504
118.3967975
115.7256307
114.5075787
114.689218
117.1573761
121.7090444
126.0897579
131.4961996
136.2829305
138.6656113
139.5951773
140.022564
140.5567974
140.63159
140.3965274
139.66997
138.9754666
142.4693528
144.6490249
144.3605389
142.0312814
136.5073085
129.0066721
0.0
176.1260546
169.5870382
165.7619273
164.0096419
164.2767586
167.8133835
174.3417151
180.6029301
188.3493139
195.2088702
198.6172791
199.9528625
200.5618885
201.3311845
201.4273465
201.0961219
200.0597091
199.0767198
204.0664594
207.1863822
206.7803648
203.4467487
195.5294102
184.7913197
0.0
238.1932865
229.3570667
224.1750031
221.8136916
222.1662856
226.9530166
235.7785517
244.2514928
254.7224667
264.0074425
268.6018494
270.4182428
271.2409622
272.2880596
272.4162756
271.9568349
270.5571435
269.2215601
275.9849545
280.205398
279.6497953
275.1301811
264.4348292
249.9036818
0.0
37.25743462
36.78730926
36.72320126
36.85141726
37.42838929
38.44343268
39.88586276
41.65951751
42.6745609
42.54634489
41.62746351
40.45215012
39.45847607
38.59301802
37.96262265
37.6527673
37.83440665
38.45411735
39.91791676
40.67652813
40.90090614
40.53762746
39.35162939
38.09083866
0.0
15.99494684
15.82399216
15.81330749
15.92015417
16.19795551
16.71081954
17.39463824
18.09982628
18.5485823
18.52721297
18.16393428
17.69380893
17.20231423
16.84972022
16.53986487
16.35822552
16.43301819
16.83903555
17.39463824
17.66175492
17.70449359
17.46943091
16.86040488
16.29411752
0.0
381.2075573
372.3606528
368.663758
370.6511061
377.8846258
392.0952332
413.934693
435.8703148
451.8652617
458.0409993
454.5577978
445.304876
433.744066
422.1939408
413.037181
408.7205754
410.5903922
421.5849147
438.1782029
444.1723013
445.9993794
437.8149243
419.49072
399.6279236
0.0
46.43556376
45.84790707
45.76242973
45.92269974
46.63857244
47.91004784
49.70507194
51.91679805
53.17758878
53.02800344
51.87405938
50.41025997
49.17083857
48.09168718
47.31170648
46.92705846
47.15143647
47.92073251
49.74781061
50.68806132
50.96586267
50.51710665
49.04262257
47.47197649
0.0
123.9848785
121.1000183
119.9033356
120.5444156
122.9057271
127.5215033
134.626807
141.7534801
146.956913
148.9656305
147.8330557
144.8306643
141.0696614
137.3086585
134.3276364
132.927945
133.536971
137.1163345
142.5120915
144.4567009
145.0550423
142.3945601
136.4325158
129.9682921
0.0
102.8826607
99.61315255
97.89292113
97.62580445
98.91864918
102.3804814
108.2570483
114.528948
119.0806162
121.1213877
120.8329017
118.8989769
116.2812334
113.631436
111.7936732
111.2701245
112.3599606
115.5439914
121.014541
123.3437985
123.2048978
120.5230463
115.1272894
108.876759
0.0
54.69481153
52.66472476
51.4787267
50.93380867
51.019286
52.10912206
54.13920883
56.08381827
58.4878684
60.62480184
61.6825839
62.09928592
62.28092526
62.52667261
62.54804194
62.45187994
62.13133992
61.82148457
63.37076132
64.34306604
64.21485003
63.17843731
60.72096385
57.38734767
0.0
463.7145576
452.0896397
446.9503147
445.01639
451.2989743
469.8582413
494.7107772
515.7916257
535.2911434
539.7145956
526.9784723
518.2063605
506.4104879
497.7024841
484.5817127
485.8638728
489.5714523
503.514943
528.0576237
532.3742292
537.5456081
527.9080383
508.7076913
485.6822334
0.0
525.6535735
513.4516836
508.3444126
511.0903721
521.0698513
540.665531
570.7856079
601.0339008
623.0763693
631.5920491
626.7946335
614.0371408
598.0956173
582.1647785
569.5461865
563.5841422
566.159147
581.3313744
604.207247
612.4771794
614.9987609
603.7157523
578.4465143
551.0403429
0.0
814.0541113
788.1544779
774.5635812
772.4480171
782.662559
810.0153071
856.5684022
906.1879968
942.173956
958.3078035
956.0212847
940.7528953
920.0246408
899.0933777
884.4981223
880.3631561
889.0391059
914.1801279
957.4637148
975.9481891
974.826299
953.6172346
910.9426737
861.4619798
0.0
886.3358851
864.8810733
851.5252393
845.4136096
848.9288651
864.1010926
891.3576787
916.9901954
946.8645249
972.2192402
985.4361736
986.387109
977.4760965
969.7724514
961.502519
956.5127794
954.6429627
965.0284592
993.674052
1003.600108
1001.025103
984.2822295
950.3690958
909.5643516
0.0
69.49307564
66.90738617
65.40084809
64.70634472
64.81319139
66.2128828
68.77720293
71.25604573
74.31186056
77.01508137
78.36134944
78.88489813
79.13064548
79.42981616
79.47255483
79.33365415
78.9276368
78.54298878
80.50896755
81.73770428
81.57743427
80.2632202
77.14329737
72.90148448
0.0
995.3835988
971.3003589
956.2884014
949.428845
953.3821719
970.4242161
1001.025103
1029.809597
1063.359452
1091.844775
1106.685777
1107.754244
1097.742711
1089.098815
1079.803155
1074.204389
1072.099509
1083.756481
1115.938699
1127.082807
1124.197947
1105.392933
1067.302094
1021.486241
0.0
1.720231423
1.688177422
1.666808087
1.677492755
1.709546756
1.77365476
1.869816765
1.976663437
2.04077144
2.072825442
2.051456107
2.019402106
1.96597877
1.912555433
1.869816765
1.84844743
1.859132097
1.901870766
1.976663437
2.008717439
2.019402106
1.976663437
1.901870766
1.805708761
0.0
82.97712568
80.33801287
78.94900613
78.73531279
79.77172551
82.56042366
87.31510057
92.36894817
96.03378903
97.67922778
97.4441651
95.89488835
93.77932424
91.6423908
90.15722205
89.74052003
90.61666275
93.18098288
97.59375044
99.47425188
99.3674052
97.19841776
92.8497582
87.80659526
0.0
1331.330906
1299.105949
1279.040144
1269.862015
1275.140241
1297.941321
1338.874281
1377.371137
1422.246739
1460.337578
1480.179005
1481.61075
1468.233547
1456.672737
1444.235784
1436.745833
1433.935765
1449.524695
1492.562534
1507.467645
1503.61048
1478.458773
1427.524965
1366.227029
0.0
269.8199015
263.2808851
259.2207116
257.3615795
258.4300462
263.0458224
271.3478089
279.147616
288.2402678
295.9652822
299.982717
300.2712031
297.5572976
295.2173555
292.695774
291.1785512
290.6122639
293.7749254
302.4936138
305.5173747
304.7267093
299.630123
289.3087345
276.8931512
0.0
315.4968539
305.4639513
300.1964104
299.373691
303.3270179
313.9368924
331.9832954
351.2050117
365.1485025
371.4097174
370.5228901
364.6035844
356.5687147
348.4590522
342.8068633
341.1934785
344.5591487
354.3035652
371.0784928
378.2479045
377.8098331
369.593324
353.0534592
333.8744815
0.0
84.06696174
82.03687496
80.76539956
80.18842753
80.51965222
81.96208229
84.54777176
86.97319122
89.80462804
92.21936283
93.46946889
93.55494623
92.71085752
91.98430015
91.19363478
90.72350942
90.55255474
91.53554413
94.2494496
95.18970032
94.94395297
93.36262222
90.14653739
86.26800318
0.0
69.61060698
67.98653756
67.31340352
67.67668221
69.00158095
71.59795508
75.58333596
79.59008617
82.50700032
83.63957505
82.99849501
81.31031759
79.19475348
77.08987404
75.42306595
74.63240057
74.97430993
76.98302736
80.00678819
81.10730891
81.4385336
79.94268019
76.59837934
72.96559249
0.0
97.30526443
96.0765277
95.88420369
96.23679771
97.74333578
100.3931333
104.1541361
108.7912817
111.4303945
111.1098545
108.6951197
105.6179355
103.0429307
100.7670966
99.14302719
98.32030782
98.80111784
100.4251873
104.2396135
106.2162769
106.7932489
105.8636829
102.7651294
99.47425188
0.0
92.90318153
90.65940141
89.24902534
88.60794531
88.98190866
90.57392408
93.42673023
96.11926637
99.24987386
101.8996713
103.2886781
103.3848401
102.455274
101.653924
100.7777813
100.2542326
100.0619086
101.1517446
104.1541361
105.1905488
104.9234322
103.1711467
99.61315255
95.33928566
0.0
530.6967365
517.8537665
509.8509507
506.1967945
508.301674
517.3836411
533.6991279
549.0529948
566.9391277
582.1220398
590.0286936
590.6056656
585.263332
580.6582404
575.7005548
572.7195327
571.5976426
577.8161189
594.9650098
600.9056848
599.3670927
589.3448749
569.0440071
544.6081732
0.0
321.2131508
313.7552531
310.6353303
312.312823
318.413768
330.3805953
348.7902769
367.2640666
380.7481166
385.9408649
383.0132661
375.213459
365.4797271
355.7459953
348.0316656
344.388194
345.9588401
355.2331313
369.208676
374.2625236
375.8011157
368.9095053
353.4701612
336.7272876
0.0
368.407326
359.1757735
355.0835459
353.5449538
358.5346934
373.2902189
393.0354839
409.7783575
425.2711249
428.7863805
418.6680006
411.6909129
402.3204597
395.40748
384.9792448
385.9942882
388.9432564
400.0232563
419.522774
422.9525521
427.0554644
419.4052426
404.1475378
385.8553875
0.0
241.0567773
235.4580117
233.1180695
234.3788603
238.9625825
247.937703
261.7529777
275.6216758
285.7400556
289.6399592
287.4389177
281.5944047
274.2860924
266.97778
261.1866903
258.4514155
259.6374136
266.593132
277.0854752
280.878532
282.0324761
276.8504125
265.2682332
252.7030646
0.0
587.4430041
573.2323967
564.3748076
560.3253187
562.6545761
572.7195327
590.7766203
607.7652412
627.5639295
644.3709111
653.1323382
653.7627336
647.8541126
642.7575263
637.2656074
633.9640452
632.7246238
639.6055495
658.5922032
665.1739582
663.4644114
652.3630422
629.893187
602.8502942
0.0
480.7672865
469.6018093
464.9432943
467.4541911
476.578897
494.4970839
522.042156
549.7047595
569.8774112
577.6558489
573.2751354
561.6074787
547.022908
532.4490219
520.9095813
515.460401
517.8110278
531.6797258
552.6109889
560.1757333
562.4836215
552.1622329
529.0512977
503.9850684
0.0
337.1439897
329.3228132
326.0426204
327.8055905
334.2057062
346.7708748
366.0887532
385.4921089
399.6386083
405.0984732
402.0212891
393.836834
383.6116074
373.3970656
365.2980878
361.4729769
363.1291003
372.8521475
387.5328803
392.8324752
394.4565447
387.2123403
371.0037001
353.4274225
0.0
105.8529982
101.9210407
99.61315255
98.56605516
98.72632517
100.8525739
104.7738468
108.5348497
113.1933646
117.3176461
119.3584176
120.1704523
120.533731
120.9931717
121.0572797
120.854271
120.2238756
119.6362189
122.6386104
124.5191119
124.2626798
122.2646471
117.5099702
111.0564311
0.0
1095.637831
1070.197639
1059.566395
1065.282692
1086.085739
1126.911852
1189.694957
1252.734494
1298.699932
1316.43648
1306.446316
1279.852179
1246.633549
1213.425603
1187.109267
1174.693684
1180.057387
1211.673317
1259.358987
1276.60404
1281.860896
1258.333259
1205.65785
1148.558988
0.0
325.187847
317.3132473
312.4196697
310.1758896
311.4687343
317.0354459
327.0256098
336.428117
347.3905855
356.6969307
361.5477696
361.9003636
358.6308554
355.7994186
352.7649731
350.937895
350.2540763
354.0578179
364.5715304
368.2150019
367.2640666
361.1203829
348.6834303
333.7142115
0.0
761.3573325
742.9369662
731.4616336
726.2047774
729.2285382
742.2638322
765.6739381
787.6950372
813.3596079
835.1349597
846.492761
847.3047957
839.654574
833.040765
825.9354612
821.6509097
820.0482096
828.9592221
853.5766954
862.0923751
859.8913337
845.4990869
816.3726841
781.3269756
0.0
69.73882299
68.12543823
67.44161953
67.80489822
69.12979695
71.72617109
75.72223663
79.73967151
82.66727033
83.78916039
83.15876502
81.4705876
79.35502349
77.23945938
75.56196662
74.77130125
75.1132106
77.12192804
80.15637353
81.25689425
81.58811894
80.09226553
76.74796469
73.10449316
0.0
504.1880771
488.1503916
479.7308738
478.4166597
484.7526674
501.6878649
530.5257818
561.2548847
583.5431006
593.5439491
592.1228883
582.6669578
569.8239878
556.8634865
547.824258
545.2599379
550.6343255
566.2125703
593.0204004
604.463679
603.7691756
590.6377196
564.2038529
533.5602273
0.0
654.0725889
638.8896768
632.5429845
635.962078
648.3776613
672.7493872
710.2311999
747.8625978
775.3008233
785.9000132
779.9272842
764.0498687
744.2191263
724.3990686
708.6819231
701.2774487
704.4828489
723.3519712
751.8159247
762.1159439
765.2465514
751.2068987
719.761923
685.6671499
0.0
98.38441582
95.92694236
94.82642163
94.42040428
95.75598768
99.68794522
104.9661708
109.4430464
113.5780126
114.5182633
111.8150425
109.9452258
107.4450136
105.5965662
102.8185527
103.0856694
103.8763348
106.8359876
112.0394205
112.9583019
114.0588226
112.0073665
107.9365083
103.0536154
0.0
64.50333604
62.94337463
61.97106991
61.52231389
61.7787459
62.87926663
64.86661473
66.73643149
68.90541894
70.75386637
71.71548642
71.77959443
71.13851439
70.57222703
69.97388566
69.61060698
69.4717063
70.23031768
72.31382779
73.02970049
72.84806115
71.63000908
69.16185095
66.19151347
0.0
576.6942289
555.2821557
542.7490411
537.0220595
537.8875175
549.4803814
570.8283466
591.3429076
616.7083076
639.1781628
650.3222707
654.713669
656.7117017
659.2225985
659.5324539
658.4319331
655.0448936
651.8074395
668.1763497
678.4015762
677.0446235
666.1248935
640.2038909
605.040651
0.0
171.4354856
165.0781086
161.3491598
159.639613
159.9067297
163.3471926
169.6938849
175.7948299
183.3275203
190.016122
193.3283688
194.6318982
195.2195549
195.9674816
196.0636436
195.7324189
194.7280602
193.7664401
198.6279637
201.6730939
201.2670765
198.0189377
190.3152926
179.8656881
0.0
1281.583095
1251.826297
1239.389344
1246.077946
1270.406933
1318.167396
1391.603114
1465.338002
1519.113932
1539.863556
1528.163845
1497.060779
1458.200644
1419.361879
1388.579353
1374.05889
1380.341474
1417.310423
1473.084386
1493.257038
1499.411406
1471.887703
1410.279912
1343.479372
0.0
166.7021781
162.8343285
161.2102591
162.0864018
165.2490633
171.456855
181.0089475
190.6037786
197.591551
200.2947718
198.7775491
194.7280602
189.6742126
184.620365
180.6136148
178.7331134
179.5451481
184.3532483
191.6081374
194.2365655
195.0379155
191.458552
183.4450516
174.7477325
0.0
760.5559825
742.1569855
730.6816529
725.446166
728.4592421
741.4838515
764.8725881
786.8616332
812.4941499
834.258817
845.5952489
846.4072837
838.7677466
832.1646222
825.0593185
820.774767
819.1720669
828.0830794
852.6684986
861.1841784
858.983137
844.6122596
815.507226
780.4935715
0.0
801.221826
782.6198203
774.8413826
779.0297721
794.2447383
824.0976985
870.0097136
916.1140526
949.7280157
962.6992017
955.3908894
935.944795
911.6478617
887.3616131
868.1185275
859.047245
862.9685179
886.0794531
920.9542069
933.5621142
937.4085944
920.2062802
881.6880548
839.9216906
0.0
331.03236
318.7449927
311.543527
308.2526495
308.7548288
315.4006918
327.6560052
339.4411931
353.9937099
366.8901032
373.2902189
375.8118003
376.9550597
378.3974898
378.5791292
377.9487338
376.0041244
374.1449923
383.5368148
389.4026971
388.633401
382.3615014
367.4884446
347.2944235
0.0
28.96613285
28.5921695
28.53874616
28.64559283
29.09434886
29.88501423
31.00690429
32.38522636
33.16520707
33.06904506
32.35317236
31.44497565
30.67567961
29.9918609
29.51105088
29.26530353
29.40420421
29.8956989
31.02827362
31.61593032
31.786885
31.50908365
30.59020227
29.60721288
0.0
105.8850522
104.7204235
104.6456308
105.3294495
107.1992663
110.5969905
115.1272894
119.7858043
122.7134031
122.5745024
120.2238756
117.0718988
113.8344446
111.4838178
109.4323617
108.267733
108.7592277
111.3983405
115.10592
116.8795748
117.1787455
115.6080994
111.6013492
107.818977
0.0
8.558418448
8.462256443
8.451571776
8.504995112
8.66526512
8.932381801
9.306345154
9.680308507
9.915371186
9.904686519
9.712362509
9.455930495
9.199498482
9.007174472
8.836219796
8.750742458
8.78279646
8.996489804
9.295660487
9.445245828
9.466615162
9.338399156
9.017859139
8.708003789
0.0
12.29805198
12.1591513
12.1591513
12.23394397
12.44763732
12.84297001
13.3665187
13.91143673
14.25334608
14.23197675
13.96486006
13.60158138
13.21693336
12.94981668
12.70406933
12.57585333
12.62927666
12.93913201
13.3665187
13.56952738
13.61226605
13.4306267
12.96050135
12.52242999
0.0
3.184030833
3.109238163
3.066499494
3.055814827
3.098553496
3.226769502
3.397724178
3.547309519
3.675525526
3.707579527
3.62210219
3.557994186
3.483201516
3.419093512
3.333616175
3.333616175
3.365670176
3.461832181
3.632786857
3.654156191
3.69689486
3.632786857
3.493886183
3.333616175
