0.0
152.5739018401576
148.49832219259153
146.57723400385217
146.70291270069205
150.04237441780728
160.27620875083926
175.35764876065625
181.13886744740685
181.3722707389151
180.3129791422748
179.61276931365217
178.08667128700256
176.7760222783215
176.82988463991876
177.04533381089468
176.4708027188938
177.5121402409039
182.73678200208832
185.71716178746803
185.35807986644303
183.83198173268832
178.42779904159292
170.47413486116733
159.953034963774
0.0
153.2202492964725
151.19143649929407
150.63485955230678
151.40688567026993
154.65657691324915
162.70001161065275
175.77059293617336
181.08500519291468
180.90546420180078
179.63072343418455
178.1225794209623
176.09376667733642
173.56223920143353
173.3288360629325
172.6106722208826
172.44908535030106
174.08290799304004
178.1225794209623
181.3543166183827
181.3543166183827
179.46913667070814
174.2983571640159
166.29083072909813
159.03737611718282
0.0
291.0179307367333
289.86886864453595
289.3122916118646
289.20456705697814
289.9765931535202
292.274717383817
296.6555165663296
299.86929964321763
297.94821145447827
296.90687397837036
296.3143888117393
294.14194331806425
293.2981008464976
293.8008154104666
294.21375969308883
295.0755562851879
296.2784806318773
296.90687397837036
299.3127227176514
299.86929964321763
299.9590701387746
298.45092612555237
295.34486766475374
293.2083303509406
0.0
348.8121634531054
339.2964929590633
333.9641266888946
333.29982514723895
340.28396822658124
359.0819059843603
384.6305835299733
393.4101361685382
397.71911908313143
404.95461946740915
412.459431338358
417.88156810408356
420.75422331927615
425.7813700300171
428.1872187692982
429.31832678686516
428.29494332418454
430.485342999595
428.5642548108556
424.66821607177945
417.5045321084284
404.1466851298023
384.163777099964
363.21134790783947
0.0
49.05058835712394
47.093591971691815
45.89066758675056
45.36999882268536
45.729080723819386
48.081067208608324
52.8029942711773
53.97001046401607
53.98796456312744
55.478154475708266
57.00425256968107
58.44058019716828
59.66145867510063
60.990061730870586
61.869812396069804
62.26480249542663
62.33661887963162
61.9595828793862
62.26480249542663
61.672317351746656
60.630979819026045
58.56625886187665
55.37042990399101
51.671886270441014
0.0
938.0835253108498
911.0985199740318
900.4696956288572
903.4859835940987
931.6200509160091
1001.5153439180212
1106.510893246656
1151.0550037075964
1143.8913196371402
1137.266258432921
1131.826167653768
1124.590667162385
1115.9727014403038
1113.0102757754566
1109.4553648980757
1110.1914828606582
1125.937224305026
1165.0232898662812
1189.5126758152537
1185.5268666877257
1167.985715531128
1127.6787716097563
1061.0152157592622
993.1846436960384
0.0
65.9274379368741
64.02430383653558
63.270231836044736
63.485680979479284
65.46063145790251
70.38005357550514
77.75918673890347
80.88319931717434
80.38048465222056
79.91367817324895
79.53664216841331
79.03392750804973
78.42348826066814
78.20803912335388
77.95668178781683
78.01054406832021
79.1236979806556
81.87067456480136
83.59426771380784
83.30700218616828
82.08612370211563
79.24937665148428
74.5633577703073
69.78756842723494
0.0
269.06007215655836
259.9214376428706
255.88176621494839
255.414959677834
261.1961783645846
280.24547353440437
309.0617964572997
320.8576371223092
318.18247685045503
315.5611789861003
313.9094021769267
312.7423860713021
312.6167072887781
314.2325759639919
316.74614921225725
320.58832558973603
327.0158917435121
337.77039482530853
346.44222284778414
344.3775018630934
338.0756144918414
325.02298717974816
305.2196200798209
284.7339973789085
0.0
325.328206846281
316.638424703273
312.54489091375353
312.85011058028635
319.9240241551855
341.75620399873867
373.91198868924164
386.24645220518715
386.7491668762613
384.48695077992426
382.99676088723436
379.7291155558542
376.94623077501575
377.0719094045324
377.53871594164673
376.29988335389254
378.5261911632625
389.6577302866163
396.0134800653679
395.2594079822531
392.0097167714053
380.4652334725344
363.51656752847015
341.07394839775355
0.0
1665.2243851062854
1617.3049050956943
1598.4531045478975
1603.7854709710734
1653.7517177540187
1777.8324702334253
1964.1959797174293
2043.2478616749775
2030.5543156259776
2018.7764291733051
2009.1171257609058
1996.2799482471182
1981.001012880843
1975.7404633376161
1969.4206216622226
1970.7133166268752
1998.6857969710989
2068.060421487519
2111.527286001776
2104.453372518681
2073.3030170020184
2001.755947206133
1883.4384592164406
1763.002387115424
0.0
70.20051261958287
68.17169984994577
67.38171966194263
67.59716879466666
69.71575204302997
74.94039377055273
82.78633342210307
86.12579514380852
85.58717229134243
85.10241171478951
84.68946752703181
84.15084465926499
83.50449723049142
83.28904808705688
83.01973665852874
83.07359894974262
84.2406151425814
87.1671326765291
88.99845039725288
88.7111848696133
87.40053591295478
84.38424790640117
79.39300940459354
74.31200044548076
0.0
705.47026653175
702.705335871444
701.3408246082709
701.1074213626648
702.974647296912
708.540416858589
719.1333330239017
726.9613186819158
722.2932538462975
719.7617264774998
718.3253988393021
713.0648488982558
711.0180819728946
712.203052352059
713.2264357076346
715.3450190080202
718.2176742232127
719.7437723569674
725.5968074187426
726.9254104408509
727.1588137323591
723.4782241183569
715.973412354513
710.8026328478209
0.0
1232.6563667719563
1197.179074495581
1183.2287424574288
1187.1786434509972
1224.1640796793918
1315.9992771869488
1453.9585455895956
1512.488895993137
1503.0809500539813
1494.3732139740496
1487.2274837946145
1477.711813346475
1466.4007335227209
1462.5046950284564
1457.8366301928381
1458.788196959179
1479.4892688310674
1530.8559357302795
1563.0296745260143
1557.7870787973047
1534.7340204406275
1481.7694389408316
1394.1893622769846
1305.047279054709
0.0
150.20396126696778
149.61147613246823
149.3242105864678
149.27034831055465
149.66533840838142
150.85030872328264
153.11252468803346
154.7822555748974
153.77682624345974
153.23820339558387
152.93298375047206
151.81982986720806
151.3889315711585
151.6402888837445
151.85573805472035
152.30459043917077
152.9150296620712
153.23820339558387
154.49499002889698
154.764301475786
154.81816376240968
154.04613764444656
152.43026909010848
151.33506929524538
0.0
68.80009317960794
66.4660607939304
65.42472326580001
65.31699868949251
66.78923451367244
71.65479434006117
79.03392750804973
82.05021551001312
81.35000580073617
80.6857042728512
80.27276008050329
79.96754046446286
79.93163227236035
80.34457646470827
80.99092389348185
81.97839913039834
83.61222180679893
86.35919838023418
88.58550620490495
88.04688333713813
86.44896886355056
83.10950714184513
78.04645226042271
72.80385643378857
0.0
14.093964809163182
13.914423856301058
13.860561570595427
13.932377951893285
14.219643476778696
14.9737154783406
16.176639864352914
16.66140043631561
16.643446337204217
16.51776767249584
16.39208900778746
16.19459396346431
15.961190716328147
15.943236627927263
15.871420243722264
15.871420243722264
16.01505300754204
16.39208900778746
16.679354529306718
16.679354529306718
16.51776767249584
16.033007100533144
15.296889193798433
14.632587669126618
0.0
282.7770009491043
273.18951408003755
268.9164394065092
268.44963286939486
274.51811710214594
294.53693337304895
324.8254921293047
337.21381789974237
334.41297899837144
331.6480483380654
329.92445515386726
328.68562267321806
328.5599438906941
330.2655830614649
332.90483498514914
336.92655235374195
343.6952463080105
354.98837219484085
364.1090525879961
361.9366071402233
355.3295001024384
341.59461718936
320.7858207472846
299.2588604631593
0.0
169.86369557400386
163.11295578616986
158.91169748766615
157.1342420489758
158.35512056209987
166.52423386759918
182.82655239054014
186.8662239255675
186.95599431401936
192.1088197001792
197.40527783638814
202.378562231434
206.61572866389744
211.19402300395862
214.26417328489538
215.61073042753608
215.8979959735365
214.55143883089576
215.64663866860096
213.5819177298124
209.9551904774073
202.84536866144325
191.73178365862177
178.96642199963406
0.0
114.1700920022933
109.62770589564659
106.80891293800637
105.6059885423546
106.4318769224602
111.92583008922163
122.87782822605179
125.60685071108612
125.66071299617975
129.10789928960247
132.68076426303426
136.0202259847397
138.85697303537103
141.94507743224992
144.00979838939935
144.9254572620018
145.10499818885268
144.18933934532157
144.94341135040267
143.5609460049489
141.1191890475541
136.32544560537033
128.8565419540654
120.27448440113558
0.0
754.7003958876384
732.993894673602
724.4477453265453
726.8535940658263
749.5116623216165
805.7438888773796
890.1999530976025
926.0363273409047
920.2910167881139
914.9406964586158
910.5778512895304
904.7607243158129
897.8304436439699
895.4425488722139
892.5698937029237
893.1623788083516
905.8379700788876
937.2755909732429
956.9712334570806
953.7754045007252
939.6634855919916
907.2204354625932
853.6095069241924
799.029057177603
0.0
221.66126053975472
218.1243037829066
216.90342531568467
217.38818586622637
220.7635558136959
230.06377713676224
247.35357098842414
255.77404159885896
253.22456006362663
250.58530807873944
246.86881033077736
243.8345682450033
241.73393906515
241.48258176021434
241.6621226901254
242.7034602733384
245.9351973636537
249.74146560717278
254.84042863173534
254.42748445621822
252.84752406797145
247.31766274735926
237.51472675321884
227.99905615207155
0.0
147.2594896476793
144.90750316289038
144.09956886200519
144.42274258174723
146.66700451317976
152.8432132870466
164.33383425339176
169.91755793560108
168.22987293126488
166.470371613107
164.0106606193338
161.99980188913523
160.59938238489727
160.4198415008884
160.5455201304051
161.24572985192265
163.3822671657357
165.91379468754076
169.30711864843758
169.0198531024372
167.97851562632928
164.2979260123269
157.79854359063145
151.47870204529448
0.0
228.03496443903856
220.29674927658152
216.86751707461988
216.47252701963518
221.3919491142867
237.5326807666462
261.9502504476995
271.9506814463811
269.6705113825189
267.4621576477791
266.0617382506462
265.0742630290304
264.9665383670389
266.33104963021196
268.46758698992727
271.717278200775
277.15736913293523
286.2780495260905
293.63922864699015
291.8797272217272
286.5473609515586
275.46968418980197
258.7005591297466
241.3209948896328
0.0
238.7715133544004
230.67421642392574
227.08339730548033
226.67045317586545
231.80532444149281
248.71808214449223
274.2847138106376
284.75195139233585
282.3820108941196
280.04797852986314
278.59369677113295
277.5523592491229
277.4446346330335
278.88096227123117
281.1072701265034
284.50059408740026
290.2099963991264
299.76157513423334
307.46388200972336
305.6146101960085
300.0308865137992
288.45049512687063
270.87343572920844
252.6859372585928
0.0
311.1983337711128
298.8459162876421
291.14360936624996
287.8759640348698
290.12022590356935
305.1118955249344
334.96955603104277
342.38459729932947
342.546184169911
351.97208422959915
361.6852497281826
370.7879761538128
378.54414528379493
386.9287077602701
392.5662936969716
395.0439588571794
395.5466735282535
393.08696248857814
395.0978211116716
391.3274611092173
384.68444589157053
371.6318186253794
351.27187455398376
327.87768833561114
0.0
589.5945355377045
587.2964113074078
586.1473491693082
585.9498541647671
587.5298145530138
592.1619711475671
601.0312941745838
607.5665849444493
603.6525921919459
601.5519629661903
600.3490386195009
595.9502852705538
594.2266920863556
595.232121474406
596.0939180206028
597.8534193387607
600.2592680780418
601.5340088456579
606.4175228063499
607.5486308239169
607.7281717079258
604.658021426989
598.3740881303672
594.0471510952416
0.0
1608.0226365925982
1561.7369793165503
1543.5315266795
1548.6843522492688
1596.9449603204648
1716.7526389678835
1896.7244894375247
1973.0653031116642
1960.8026557412318
1949.4197597566638
1940.1015836551335
1927.7132577775908
1912.937037357803
1907.8560290199
1901.769590176993
1903.008422443432
1930.0113826352174
1997.01606556707
2038.9927409536735
2032.1522303030652
2002.0791214063179
1932.9738079328472
1818.7318990001133
1702.4432248250973
0.0
89.78843058984621
88.35210296847929
87.84938829281498
88.04688333713813
89.41139458960077
93.18175460276555
100.18385177050864
103.59512987641908
102.57174643668958
101.49450072716722
99.98635671547501
98.76547824213284
97.9036816653345
97.81391118201812
97.88572756622311
98.29867175857105
99.60932071522956
101.15337291902426
103.21809387617367
103.05650700865228
102.4101595798787
100.16589767139726
96.19804260931915
92.35586622265993
0.0
1673.4294069894656
1616.6406025135889
1591.451007332722
1588.596305901446
1624.5763133538194
1743.0194803096442
1922.2911205987455
1995.5976920953065
1978.9542465675113
1962.669881308262
1952.454001322213
1945.1466843946023
1944.3567043764376
1954.446906467405
1970.0310604750634
1993.892053092844
2033.8937779750133
2100.7548288300486
2154.7607476835465
2141.8697064004946
2102.7297788754613
2021.5054520974704
1898.3583121720674
1770.9380979556545
0.0
289.90477677849566
285.27262018394237
283.69265979569553
284.3210532033914
288.71980650643644
300.8926831058983
323.51484316652585
334.5207036144609
331.19919592148347
327.73405558556203
322.8864498200329
318.90064069250496
316.1536641527313
315.8125362451337
316.0638936571744
317.42840492034753
321.66557135281107
326.62090168852745
333.29982514723895
332.76120229630305
330.69648125040936
323.46098091203373
310.659710966079
298.199568866519
0.0
52.74913199067391
50.666456929822914
49.35580797316437
48.799231016996664
49.17626701724209
51.7257485509444
56.78880343236679
58.04559009781145
58.06354419692285
59.66145867510063
61.313235450612616
62.857287643696814
64.16793660035535
65.58631012873117
66.5378771781354
66.96877546959472
67.0585459422006
66.62764764615106
66.96877546959472
66.34038212922202
65.20927412848576
63.00092040751659
59.55373410950366
55.585879047425536
0.0
420.4669577732756
403.76964919535
393.356273914046
388.9575206110011
391.99176265087283
412.22602804684965
452.5688802551886
462.5872653744029
462.8027144994765
475.5321680704067
488.6745658780569
500.97312110703547
511.4403586428315
522.7873469371613
530.3998833170942
533.739345023499
534.4216006244841
531.0821388721772
533.8111613985236
528.7301523873882
519.7351507308548
502.10422907870026
474.5985551032831
442.9993473995492
0.0
427.1997435476823
412.7107885973914
406.2652684760903
405.5471046340403
414.72164732758995
444.9742978427808
490.72133269631297
509.4474540790676
505.19233352607165
501.04493748206
498.4236396177053
496.5743678039904
496.3589186330146
498.94430840931176
502.91216341630735
509.01655578301796
519.2144819392482
536.2888265587314
550.0775717875049
546.7919723355922
536.7915412298055
516.0545611168524
484.6169403296023
452.084119597542
0.0
350.08690417481944
344.48522647918276
342.56413829044345
343.31821026645304
348.65057653662177
363.3370265373562
390.6631596287646
403.9491901252611
399.9454268312985
395.74416853279473
389.90908759155207
385.09739006708764
381.7758823741103
381.36293819859316
381.668157865126
383.31993467429953
388.41889765295997
394.41556551068646
402.49490847363603
401.81265276554575
399.3170335307077
390.5913432537401
375.1328672023657
360.1052894470409
0.0
137.74381913374614
135.91250141302243
135.40978673735813
136.10999645734557
139.0365139912933
146.27201441535303
158.0139927616073
162.78978210620974
162.62819523562823
161.4791330975287
160.13257595488798
158.30125826170556
156.0390422541127
155.80563899473597
155.17724567272415
155.03361288748337
156.50584873767454
160.11462183435557
163.0231852906129
163.04113941114534
161.33550034747958
156.68538967523594
149.5037515699314
142.9684608612689
0.0
32.658499344746254
31.545345432410873
31.042630772047286
30.988768491543908
31.688978196230636
34.0050564935073
37.50610508273411
38.94243270410103
38.619258984358986
38.29608527532746
38.09859023100431
37.954957462594315
37.937003363482916
38.13449840780608
38.43971803914723
38.90652451199853
39.67855061160078
40.989199568259316
42.04849118938081
41.79713385384377
41.02510776036181
39.44514736446461
37.0392985991723
34.56163344967499
0.0
399.15544661422405
387.6648257228524
383.14039363728347
384.41513440489956
396.39051595391794
426.14045195104205
470.8102409802964
489.75181159522975
486.7175694482527
483.89877653345457
481.5826981826254
478.4945938423591
474.8319583488892
473.57517170180535
472.0670276885831
472.37224735511603
479.0691248884578
495.7125712118914
506.1259464931953
504.4203074295295
496.9693578130728
479.805242743935
451.45572625104893
422.5855410736614
0.0
74.70699053412707
71.74456481266705
69.89529299895221
69.10531280635888
69.64393566341516
73.25270881364877
80.41639284432306
82.19384827383288
82.2297564659354
84.49197247811846
86.82600486379597
89.01640448565375
90.86567631007911
92.89448907512597
94.24104622388703
94.83353136756699
94.9592100322754
94.3667248885954
94.8514854605581
93.93582660325639
92.3379121189583
89.21389954068741
84.33038561518728
78.71075378830768
0.0
251.59073742088765
244.73227297106206
240.87214258015598
240.40533604304161
245.4324826925796
258.987824675747
277.42668051250104
283.7644761707201
286.85258057218925
292.0772223333735
297.49935914500145
301.41335189750475
303.4780728821955
307.1048001346006
308.82839316579145
309.65428162393073
308.9181636613484
310.4981240954974
309.11565871179187
306.29686579699364
301.14404041083384
291.50269128727496
277.0855527120085
261.98615858165914
0.0
147.47493877275298
143.23777228520686
141.56804143200452
142.0348479048558
146.4515553422039
157.43946171550868
173.95722936352334
180.95932656339798
179.82821843872583
178.78688096261791
177.92508437051885
176.79397639885397
175.42946513568077
174.98061282620395
174.4060817801053
174.531760409622
177.00942552392766
183.14972617760543
186.9919025550842
186.36350920859124
183.61653260761466
177.27873694939564
166.79354529306713
156.12881272824868
0.0
69.44644061909203
68.33328670675664
67.95625070651121
68.09988347033098
69.15917509145248
72.0677385324091
77.48987531496553
80.12912731668351
79.32119302497878
78.49530464028292
77.34624255114576
76.37672140263015
75.73037397385659
75.64060349054019
75.71241987474518
76.03559359448722
77.04102293051511
78.22599321175478
79.84186178904396
79.6982290359347
79.21346846397199
77.47192121126392
74.40177091808664
71.42139109292502
0.0
410.32289397864275
398.5270533136332
393.87694270565254
395.18759160722857
407.5041009567393
438.0799253048977
484.00650104243874
503.48669446240586
500.36268192697713
497.4541184095168
495.066223744866
491.9063029683722
488.135942965918
486.84324807776943
485.2991959305875
485.604415551218
492.4987881350033
509.59108682911665
520.3096817769534
518.568134518125
510.8837817172653
493.252860111013
464.09540938762507
434.43524393196026
0.0
71.45729928502752
69.0334964267441
67.95625070651121
67.83057204180282
69.37462423488702
74.41972501719803
82.08612370211563
85.21013629109703
84.49197247811846
83.80971685112208
83.36086446667166
83.05564485063125
83.01973665852874
83.45063494998804
84.11493646716251
85.13831990689202
86.84395895678708
89.69866011724032
92.01473839921626
91.45816145375906
89.78843058984621
86.3232901927219
81.06274027309662
75.6226494021393
0.0
14.524863098480395
14.147827094868813
13.95033204748551
13.968286142618716
14.291459857617532
15.260981002766988
16.69730862841811
17.253885584585806
17.271839672986687
17.164115101269413
17.11025282076603
16.966620056946258
16.840941392237884
16.840941392237884
16.858895480638765
16.805033200135384
16.91275777644288
17.397518348405576
17.68478386533461
17.648875673232112
17.50524292012285
16.984574156057654
16.230502144856295
15.225072815254709
0.0
248.77194450608943
240.31556554748465
236.58111378609522
236.15021549004572
241.50053588074678
259.11350330526363
285.757380734484
296.6555165663296
294.177851452024
291.7720027127429
290.24590457898825
289.150704802486
289.0429801863966
290.5511241996189
292.8492484299157
296.40415930729625
302.34696475752327
312.29353365472014
320.3190142101703
318.3979260214309
312.5807991548184
300.51564706434084
282.2024698571035
263.26089934927535
0.0
122.2853430777816
117.41978325139283
114.40349523871893
113.1108003811718
113.99055104637104
119.87949431248927
131.62147263120224
134.53003607215888
134.6018524563639
138.30039608991385
142.1246183881722
145.69748332335217
148.7317254519683
152.03527898157122
154.24363271631105
155.23110795934784
155.4286029853101
154.45908184138472
155.2490620477487
153.75887214434835
151.15552831178178
146.02065705686488
138.03108465067518
128.83858786566452
0.0
1151.1447742031535
1112.076662808333
1094.7509608227115
1092.79396445411
1117.5347077080182
1199.0103922499663
1322.3370727992656
1372.752172488416
1361.3154136985297
1350.1120582001508
1343.0740528663166
1338.064860276108
1337.5082833505417
1344.456518250022
1355.1751130907537
1371.5851562297842
1399.1087843716364
1445.0892224095714
1482.254199674982
1473.3848766020633
1446.4537336268424
1390.5805890380068
1305.8552133923158
1218.2212742291647
0.0
37.39838051101684
36.80589536274665
36.60840031842349
36.68021669803827
37.254747742606845
38.816754039392656
41.74327156875017
43.161645101716196
42.73074681025688
42.28189442580646
41.653501090023994
41.15078642507019
40.79170451322565
40.755796321123164
40.773750424824776
40.95329138074704
41.50986833232451
42.1382616619867
43.00005823419481
42.92824185458004
42.65893042605189
41.72531746963877
40.073540704837306
38.475626231249734
0.0
228.48381670261324
219.39904455052272
213.74350449328884
211.3556098745402
213.00738663781158
223.99529290401125
245.9172433502264
251.3752882499118
251.48301291190333
258.3953395703188
265.5410694590397
272.21999287184906
277.91144117014784
284.06969579135074
288.21709183536234
290.03045540801236
290.4074914495698
288.59412787691974
290.0663636490772
287.3014329887712
282.4179190280793
272.848386279545
257.89262489924477
240.72850983010684
0.0
1326.412652468253
1321.205964827601
1318.6564832923684
1318.2076308757864
1321.7266336192074
1332.1759170344712
1352.104962809817
1366.8093668851818
1358.0118601260842
1353.2899331430792
1350.560910616733
1340.6861582475678
1336.8260277495565
1339.0702896182563
1341.009331927528
1344.9592329210961
1350.381369732724
1353.2360708885872
1364.2419312753193
1366.7555046306898
1367.186402926739
1360.2740762224216
1346.1442031931554
1336.4130835740398
0.0
292.4542582678259
280.8379585939303
273.6024582555547
270.5502620492482
272.65089116789864
286.72690194267255
314.7891528895582
321.755341848368
321.9169287189495
330.76829762543383
339.88897806449137
348.45308153208055
355.7424442779556
363.6242920374544
368.92075021956555
371.2547825838221
371.7215891209364
369.40551077010724
371.29069082488684
367.75373396093363
361.5057088441737
349.24306174915495
330.1039961908834
308.1281834901761
0.0
397.09072567543546
383.6072001743978
377.6284864372037
376.9641848955481
385.4923801220723
413.60849343055526
456.1417451000944
473.5392634607406
469.5893625742775
465.72923207626627
463.30542921645275
461.56388191172226
461.38434098181125
463.77223564646215
467.47077922798957
473.12631933112567
482.6240357658383
498.49545599272983
511.2967258927824
508.2445297323781
498.96226242273906
479.67956411441827
450.4502969089007
420.23355458887255
0.0
786.2098331570182
783.1217287096467
781.6135846964246
781.3442732709565
783.4449024967118
789.6390653589798
801.4528600374165
810.1605963009569
804.9539086603049
802.153069758934
800.5372012367275
794.6662120085177
792.3860418987534
793.7325990413942
794.8637070130591
797.2156934978478
800.429476574736
802.1171615178692
808.6344981672022
810.1426421804246
810.3760453648276
806.3004658029457
797.9159032193655
792.1526386531472
0.0
139.26991723842946
135.535465412777
133.79391816006893
133.9195968354878
136.9538389411528
146.2899685037539
160.06075957986343
165.33926359553993
165.55471276651582
164.58519155832732
163.95679825773652
162.55637886060364
161.35345446801202
161.40731672250416
161.6048117729476
161.08414304254399
162.03571002309496
166.79354529306713
169.5225677735113
169.19939413945332
167.79897463521533
162.86159848123427
155.60814396877367
146.0027029577535
0.0
536.0015610127309
520.5789932024214
514.492554849138
516.2161480333361
532.3030173853012
572.2329253722211
632.2355118233331
657.6764648599617
653.5829311775474
649.7946170545606
646.6885585325591
642.5591166090799
637.6396944685263
635.9340554507627
633.9052427071368
634.3181868826539
643.331142766825
665.6660372814522
679.652277560669
677.3721074509048
667.3537222245855
644.3186180343429
606.2379818152359
567.4750900410459
0.0
181.74930678047252
175.59105200626237
172.84407551239087
172.53885584585805
176.45284859836138
189.3079807988083
208.78817421877537
216.741838399201
214.94642888588044
213.16897344719015
212.05581955015552
211.2658393789832
211.17606883752407
212.27126872113138
213.97690773889494
216.56229751519217
220.90718856374502
228.16064306855526
234.03163225086286
232.63121274662487
228.37609219362892
219.5606314211043
206.18483036784795
192.34222294578527
0.0
682.0581262999502
663.4576835467124
653.0084001314486
651.7157052433001
665.3787717813539
702.1308048253454
752.0970520979138
769.2611672129538
777.6816378233888
791.8294649731872
806.5159149280195
817.1267852597667
822.7105088348709
832.5673071906087
837.2533260396541
839.4796338949265
837.468775164728
841.7598040046909
837.9894440022364
830.3948615898286
816.3727131766519
790.2495045849403
751.1993472647499
710.2101477423928
0.0
761.4511356754723
751.3609341353314
748.5960034750253
752.4381798984064
768.5789115048638
808.5806359127104
873.5385526995386
899.9490268372505
899.015413870127
892.7135264988751
885.2087146279262
875.100558967253
862.5506463262337
861.3477219795443
857.7928111021637
857.0387390190489
865.1539901159584
885.1728063409593
901.2596758459317
901.2955839798915
891.9235462818004
866.1953276991713
826.4270065828332
790.3392750804975
0.0
2534.1128272743467
2524.1662577192183
2519.300698185074
2518.42094679921
2525.153733583465
2545.1186872785606
2583.1993232834575
2611.279528565086
2594.510403459128
2585.461539930621
2580.254852014556
2561.367143868325
2554.0239182712294
2558.3149472029963
2561.9955362508717
2569.5542106517264
2579.9137242446645
2585.3717685629226
2606.3780608204775
2611.2077122971664
2611.9976923153313
2598.819386419624
2571.8164272988893
2553.233937794042
0.0
444.4895372922392
431.7062214056139
426.67907475607575
428.0974482737411
441.43734113183484
474.544692848791
524.2954909503835
545.4095069518867
542.0161829909898
538.8742162891264
536.2888265587314
532.8595943108675
528.7840147948878
527.3835952906497
525.6959103475165
526.037038148009
533.5059417778929
552.0166139896716
563.6149596501398
561.72977959536
553.4170334939096
534.3138760695977
502.7505765457258
470.59479191642566
0.0
816.0495395425942
788.3463704708312
776.06576925528
774.6833039786795
792.2244550281717
849.9827795646821
937.4012696027596
973.147873350505
965.0326222535958
957.0969121937025
952.1056737240264
948.5507628466459
948.155772684556
953.0931489456423
960.687731205043
972.3219849994709
991.8201324328653
1024.4247695858523
1050.7634273485398
1044.479493990715
1025.3942906869356
985.787556487081
925.731107674372
863.5919838023417
0.0
566.9005591020524
551.442083050678
542.75230090767
541.6930092039246
553.039997452352
583.5799135594455
625.1077359480395
639.3812417732568
646.3653848525989
658.1432713970761
670.3341020099652
679.1495628895949
683.7996734975756
692.0046950441397
695.8827797085855
697.7320515223003
696.0623205925942
699.6351855905073
696.5111730091763
690.1733773968593
678.5391236024315
656.8146682678627
624.3716181384643
590.2947452133199
0.0
751.4686586902178
729.8519279717385
721.3416867586416
723.7475356050278
746.2978792906308
802.296702508983
886.3936848540832
922.068472180902
916.3411158557487
911.0267035990072
906.6638584911249
900.8826398043742
893.9703131000565
891.600372494735
888.7636254594046
889.3381565055033
901.9598855215469
933.2718276792804
952.8776997746663
949.6818708183107
935.6417682846018
903.3423507981474
849.9468714307225
795.5998249756414
0.0
755.5442383133027
729.9057902721328
718.5408479643758
717.2481530762271
733.4966093446759
786.9639050871257
867.900966762837
901.0083184338908
893.4855525495148
886.1423275950499
881.5281251210289
878.224571548584
877.865489627559
882.4258298470878
889.4638351809223
900.236292383251
918.2981121784476
948.4789464716213
972.8606078045048
967.0434809378919
949.3766511976801
912.696434482811
857.0926013806463
799.5676799826368
0.0
107.23981121875515
102.98469062903749
100.32748452361793
99.19637652288166
99.9684026224839
105.13918206950328
115.42687867844845
117.97636020756056
118.03022248806391
121.27991374175367
124.63732956716076
127.77929624454303
130.4365023499626
133.32711168721764
135.28410807264973
136.127950556457
136.30749150166875
135.44569492946061
136.14590464944806
134.85320979190092
132.5550855876154
128.06656176147206
121.04651050532804
112.98512172105364
0.0
19.946999877517662
19.62382616236584
19.516101586058344
19.569963877272237
19.875183497902885
20.70107188259873
22.263078174794316
23.017150175285163
22.783746928149004
22.55034369172335
22.227169982691816
21.939904455052275
21.760363499130005
21.724455307027508
21.74240941072912
21.850133982446398
22.13739949937543
22.47852731210857
22.927379691968774
22.891471499866274
22.74783874675702
22.263078174794316
21.383327498884583
20.52153092667646
0.0
1218.8137593957958
1185.5986830627503
1166.9264239344882
1164.6282997041912
1189.0458693852445
1254.7039958476882
1343.9717576994806
1374.6732606771554
1389.7008384324804
1414.9981586119545
1441.2290918656583
1460.1886166776271
1470.1890475080008
1487.8020152538331
1496.1686233496637
1500.1185243279313
1496.5456595748296
1504.2300125133956
1497.4972266930872
1483.8880224095255
1458.8600133342036
1412.1614115766242
1342.3917973112334
1269.1570425569143
0.0
1713.377268561392
1666.6786661764827
1640.42977886345
1637.198042063848
1671.5262716818993
1763.8282762620966
1889.3274022132662
1932.4710929863602
1953.6030637510264
1989.1701260945383
2026.047838502481
2052.691715212567
2066.7497714230876
2091.508468996438
2103.2684014203824
2108.8341717470958
2103.807025036355
2114.6153902655383
2105.135628058463
2086.014516008695
2050.8244896455376
1985.1843168752062
1887.0831406658817
1784.1343578800904
0.0
1150.8216004160884
1119.4557958967578
1101.8248743976105
1099.6524287968302
1122.7054872147105
1184.7009782295866
1268.9954556863327
1297.9733654798097
1312.1571007635678
1336.0540016530144
1360.8126990274554
1378.7129321050777
1388.1567861781932
1404.8002325628295
1412.6820803682308
1416.4344862501525
1413.041162289256
1420.3125709145984
1413.9388670153144
1401.1016889354
1377.4561453508886
1333.3788414270625
1267.4873116731105
1198.3460907083108
0.0
463.3233833369852
455.9262959750207
453.3947685603207
454.38224378193655
461.4382032822055
480.86453434057535
517.0240823250408
534.6370497495578
529.3226375999216
523.774822158777
516.0366071034251
509.6808573705759
505.2821040216286
504.7434811094897
505.1384712715796
507.3109167652545
514.0796106736208
522.0153208406192
532.698007547391
531.8003027142272
528.4967492488873
516.9522659500163
496.4845972625313
476.591459667047
0.0
223.11554229848485
214.26417328489538
208.7343119642832
206.40027949292158
207.99819404760305
218.75269712939956
240.153978738106
245.46839093364443
245.59406956316116
252.34480939689735
259.3109984169101
265.8462890796703
271.3941045208149
277.40872649907374
281.448397926996
283.22585336568625
283.5849352408091
281.82543396855334
283.261761499646
280.5686472143645
275.79285786976214
266.43877429220356
251.84209467992108
235.07296977287297
0.0
319.582896354693
306.88935096362474
298.9895490376913
295.65008722418145
297.94821145447827
313.33487113082805
344.0004659286411
351.6130023544764
351.77458922505787
361.4518465896816
371.43432357493606
380.78840715249447
388.7420714400252
397.3600372080087
403.14125578765413
405.69073738408935
406.21140606859086
403.67987869979305
405.74459963858146
401.88446914057033
395.0439588571794
381.6502037445936
360.7336827476317
336.7290573492006
0.0
432.20893607668796
415.04482096164793
404.34418024144867
399.81974820178175
402.94376073721065
423.73460310465583
465.2265174051921
475.5142139498743
475.74761719548036
488.81819862810613
502.3196782496761
514.9773153996797
525.7318184814761
537.3840263964365
545.2120119473453
548.6591982698395
549.359407991357
545.9301757434931
548.731014644864
543.4884187631473
534.2600138151055
516.1443316124094
487.84867741991764
455.3876731699869
0.0
64.4552021172844
63.431818688265395
63.07273677642085
63.21636954483085
64.20384479245784
66.89695908538971
71.92410576858933
74.38381682509554
73.6476989175958
72.87567281340333
71.79842710388095
70.90072233957032
70.29028309218876
70.21846670798375
70.27232899919764
70.5775486198283
71.52911566464229
72.6243154885768
74.11450539044709
73.98882672573873
73.52202025288742
71.92410576858933
69.06940461884659
66.30447394170974
0.0
25.4229989451677
25.081871132434554
24.992100649118164
25.117779324537047
25.656402181593354
27.00295932576417
29.157450766229946
30.03720143142917
30.01924734302829
29.80379819500352
29.552440859466476
29.21131305132355
28.798368858975625
28.762460666873135
28.63678200216475
28.61882790305336
28.888139342292018
29.552440859466476
30.091063722643067
30.091063722643067
29.78584409589213
28.924047519093786
27.59544447403436
26.392520089093093
0.0
625.4129556145724
607.4049980738678
600.3310844530664
602.3239890627325
621.1039728070843
667.694850132183
737.6978676431798
767.3939412787065
762.6181518882021
758.1834903440923
754.5747172122194
749.745065613125
743.9997550603339
742.0248045712004
739.6548639658789
740.1396246235258
750.6427703391837
776.694162601773
793.0323893198765
790.3751832144571
778.6691131521096
751.791832431381
707.3734005999571
662.1290805705061
0.0
80.32662236100666
79.05188159645061
78.6030292120002
78.78257016792246
80.00344865197513
83.37881857037326
89.64479782602643
92.69699403080286
91.7813351627906
90.8118140188652
89.46525687010418
88.37005705688017
87.59803095727793
87.50826048467205
87.58007686428684
87.95711286453226
89.12412905737104
90.50659439823457
92.35586622265993
92.21223345424993
91.63770239897083
89.62684373303532
86.07193286330514
82.6247465652922
0.0
203.40194569411463
197.54891058643722
195.25078635614042
195.89713382316583
202.00152618987659
217.1547825747181
239.92057549249992
249.57987873659127
248.01787242297468
246.58154478477695
245.41452867915228
243.8345682450033
241.96734231075604
241.33894901016524
240.56692291362316
240.71055570957446
244.13978791153613
252.6141208835682
257.9105789126721
257.04878236647517
253.24251418415906
244.49886983256116
230.06377713676224
215.34141900206814
0.0
186.7944075046408
180.4566118923239
177.63781887042063
177.31464519046045
181.33636249785027
194.5505766805251
214.5693929514282
222.73850625692748
220.88923444321262
219.07587076345752
217.92680877836528
217.11887444075836
217.02910394520143
218.16021191686625
219.90175922159685
222.5589653729186
227.02953505098822
234.4804845603397
240.513060659131
239.07673302093326
234.69593373131556
225.64706966728264
211.894232679574
197.67458926185608
0.0
99.25023881409554
95.3003378404183
92.84062679462262
91.81724335489311
92.51745307488058
97.29324241795291
106.82686702640724
109.19680760418728
109.23271579169958
112.24900380896369
115.33710819513207
118.24567163608869
120.72333678558601
123.398496990117
125.19390652332844
125.98388671133155
126.14547356814246
125.35549337554909
126.00184080432267
124.79891641938138
122.6803331710181
118.51498306461683
112.01560057253802
104.56465102493469
0.0
797.3413721732668
776.0298611213203
766.011475895001
766.7296396911489
784.0912498107301
837.5944538401467
916.3949781102407
946.6476286713339
947.8864613049902
942.3027376227808
938.6760103703758
930.668483935458
923.8279736061647
924.1331931655926
925.2822552577899
922.2480132179181
927.7060581176034
954.9962830138492
970.5624836813129
968.7132118675983
960.7595475800675
932.4638934946809
890.9181169396524
835.9426771380782
0.0
862.3890594556523
837.558545706187
827.8094719665387
830.5564485063124
856.4462539595231
920.7039610248338
1017.2072232609039
1058.1605146033992
1051.589315699574
1045.4849233328632
1040.4757306967526
1033.8327154179028
1025.9149594785422
1023.1859369980981
1019.918291666718
1020.6005472218008
1035.0715480515594
1070.9976927904188
1093.51212829616
1089.84949280269
1073.72671520966
1036.6694625603386
975.3921352804074
913.0196082698764
0.0
1477.8913543375886
1427.7276122440878
1405.4824881638149
1402.968914762542
1434.74766345739
1539.3482226851374
1697.6674355876003
1762.4099023313117
1747.705498179443
1733.3242682277596
1724.3113122976863
1717.8478376274325
1717.1476289769657
1726.0708135393404
1739.8236511084767
1760.9017581038786
1796.2354180739262
1855.2864376668929
1902.972514844998
1891.5896188604295
1857.0100306980842
1785.2834207679257
1676.5175107942061
1563.9991956423985
0.0
1573.155784429626
1530.26345038004
1506.1690546390591
1503.206628913009
1534.7160660905843
1619.4593963464308
1734.7067330300376
1774.3134683621456
1793.7038903838131
1826.3803447686655
1860.2238145400083
1884.6952455116082
1897.5862857236086
1920.334125653112
1931.1245363945457
1936.2414534019345
1931.6092967002755
1941.5379116146464
1932.8481294257363
1915.289023842592
1882.9716529394389
1822.7177082194453
1732.6420126879773
1638.1137010481461
0.0
126.09161128763905
121.08241869743055
117.95840610844915
116.6477571517906
117.5454619161012
123.61394612743125
135.71500636869925
138.71334028226178
138.78515666187656
142.60937896013488
146.54132581633988
150.23986944376955
153.3638820465216
156.7751601386614
159.05533023771525
160.06075957986343
160.25825463030685
159.25282524225648
160.07871370039584
158.55261556664112
155.85950128135966
150.56304317728225
142.32211343249534
132.8423511152549
0.0
1766.7188852918064
1718.548047807972
1691.4912264480463
1688.1517647110397
1723.5392858492273
1818.7318990001133
1948.1450183617173
1992.6173127689488
2014.3956299448903
2051.093801147509
2089.102621343509
2116.5723867412453
2131.0792956590612
2156.610019221848
2168.72903298539
2174.4743434463767
2169.2856106300906
2180.4351031701435
2170.650121862662
2150.936525028781
2114.66925250473
2046.982313421066
1945.828940546414
1839.6663749897489
0.0
2.836747057363661
2.746976580932598
2.7110683902071666
2.7290224853403715
2.800838866638228
3.0162880106848062
3.339461725683622
3.4651403922280863
3.4471862977069114
3.4292322021146844
3.4112781065224573
3.39332401093023
3.357415821275849
3.357415821275849
3.339461725683622
3.339461725683622
3.39332401093023
3.519002678545746
3.5908190598436027
3.5728649642513752
3.519002678545746
3.39332401093023
3.1958289635469304
2.998333915092579
0.0
150.63485955230678
145.5358964849022
143.25572638890847
143.0043690487812
146.23610622784076
156.90083875746757
173.0415705169321
179.64867755471698
178.14053354149468
176.68625188986965
175.75263892274603
175.10629145572065
175.03447508069607
175.93217980675487
177.33259931099286
179.48709068413544
183.0958638772111
189.11048574836482
193.9760456344264
192.80902937579452
189.29002678538095
181.9827099189735
170.88707903668447
159.4144121587402
0.0
2362.9743899993823
2298.5730510255626
2262.3596401286736
2257.9070246323395
2305.2340204708466
2432.5465097498545
2605.623988400747
2665.123860241988
2694.263357043753
2743.3318994831575
2794.1778971929443
2830.911975993997
2850.302399086715
2884.4690425992208
2900.663636490772
2908.365943427465
2901.417707839452
2916.3196078374012
2903.249025808047
2876.8924141696393
2828.3624942751558
2737.819991395635
2602.535884136984
2460.554898763564
0.0
478.88958389734375
465.8369565852506
458.5116857054157
457.59602685882453
467.2014678484238
493.00150280607744
528.0658509528378
540.1310029362102
546.0379002524775
555.9844691496744
566.2901198148887
573.723115310813
577.6550621838488
584.5853429015938
587.8709423535063
589.4329486212207
588.0145751035554
591.0308631759021
588.3916111451128
583.0412907544119
573.220400639739
554.8713151455345
527.437457652247
498.67499687673865
0.0
572.771548223157
553.345217118885
544.7092972762713
543.7397761292858
556.0562855246988
596.596632691677
657.9637304059622
683.0456015215659
677.3541533303722
671.7704296481629
668.2873351917092
665.7737617904364
665.5044504108705
668.9695908538972
674.301957169968
682.4710704754673
696.1520910881513
719.0435626354498
737.5362807725982
733.1195733031186
719.7078641159026
691.9149246556877
649.7587088134959
606.148211426784
0.0
149.21648602393097
145.1409063763649
142.86073628496146
142.5734707680324
145.57180467241446
153.59728525999617
164.53132930383518
168.28373529286213
170.13300710657697
173.2390655214734
176.43489447782895
178.7689268420855
179.98980535520954
182.144296789555
183.1676802981378
183.6524408486795
183.20358843209755
184.1551555197536
183.32926706161425
181.6595362390133
178.60734007860904
172.8799836463506
164.33383425339176
155.37474070939695
0.0
114.18804610140468
110.90244666020264
109.609751791945
109.98678779219043
113.41602000180247
121.90830707753616
134.69162292896974
140.1137597115262
139.25196313472784
138.44402884302312
137.77972732584865
136.8999766499389
135.85863912180852
135.4816031215631
135.05070483622407
135.14047530882993
137.0615635128701
141.81939876754154
144.79977860035353
144.31501800543973
142.1784806686756
137.27701265018433
129.16176158081635
120.90287774150825
0.0
168.33759754735425
165.64448326207275
164.71087029494913
165.08790622940143
167.6373878258367
174.71130133953304
187.8357450266508
194.24535701399225
192.30631470472045
190.2954561275292
187.47666310562587
185.17853887532905
183.56267030722034
183.3831294232115
183.5267621732606
184.31674228323
186.77645338410835
189.64910866050377
193.52719321784448
193.20401953788434
192.0010951452927
187.81779090611843
180.38479551729935
173.14929502591642
0.0
164.89041122486015
160.401887380356
157.8703600115582
157.56514034502536
160.86869391747035
169.73801694448713
181.82112304839197
185.9685190924036
188.01528601776482
191.42656409919405
194.98147497657462
197.54891058643722
198.89546772907795
201.28336234782665
202.41447036539373
202.95309327753262
202.46833272699095
203.5096702030989
202.59401135650765
200.76269366332522
197.36936959532326
191.04952805763668
181.6056739845212
171.6950133742914
0.0
941.9257016883288
916.2513453601916
901.8342068920302
900.0567513462347
918.9085515115136
969.664778848149
1038.662367170005
1062.3797270224354
1073.996026696331
1093.5480364301197
1113.818210067161
1128.468751826831
1136.1890128228533
1149.81617107394
1156.2616913482486
1159.3318416750874
1156.5669109076762
1162.5097164650083
1157.3030288243565
1146.781929034068
1127.4453683182478
1091.3576368159124
1037.4235345363484
980.8322262125677
0.0
526.9706511151326
511.81739468438894
505.83868094719475
507.5263658903282
523.3439238627275
562.6095303079916
621.5887333576259
646.5987880982051
642.5770707296124
638.8605729816502
635.8083767753438
631.732797152259
626.9031455072621
625.2334147305635
623.2405101208973
623.6534542964145
632.504823310004
654.4626817830738
668.2155188166845
665.971256947985
656.1144585922473
633.4743444110873
596.0221016455783
557.9235114589461
0.0
633.4563902905549
616.5256784670231
608.5720142865974
609.1465452255911
622.9352905002667
665.432634035846
728.0385643378855
752.0790979773814
753.0665731989973
748.6319116548874
745.7413023191624
739.385552586313
733.945461654153
734.1968190661935
735.0945237922524
732.688675007069
737.0335661015242
758.722113256231
771.0745307856039
769.6022949675443
763.3004074891873
740.8039261039784
707.8042988960066
664.1219851342702
0.0
395.474857153229
384.0919607249395
379.6213910468699
380.87817764805146
392.74583462688264
422.2264591985387
466.48330400637377
485.2632877507255
482.2469997242809
479.44616082291003
477.1480366997184
474.095840432209
470.46911317980386
469.23028065325246
467.72213664003027
468.0273563065631
474.67037147830763
491.1522309923626
501.47583577810957
499.78815088087845
492.3910636260191
475.4064893949877
447.3083302070372
418.7074564551179
0.0
1042.66613031096
1014.2447974430493
998.2656527071737
996.290702263942
1017.1892691403715
1073.3496792752076
1149.7264005783832
1175.9932420731511
1188.8483742735982
1210.50101318724
1232.9256781974243
1249.1382263319135
1257.7023297995026
1272.7658156887871
1279.9115456387108
1283.3048696455098
1280.2526734392034
1286.8238723430286
1281.0606077768102
1269.4263539823826
1248.0071183143464
1208.0592563139994
1148.361889422315
1085.7200508792107
0.0
788.7413605258159
766.0473841360658
757.1062446269194
759.6377721028222
783.301269746663
842.0650236253214
930.3453101483927
967.7975530210069
961.7829310427479
956.1992073605387
951.638867186912
945.5524289407336
938.2989744359237
935.8213092145128
932.8229753698035
933.433414595764
946.6835369123986
979.5395313244192
1000.1328786414208
996.7754628144836
982.0351506051595
948.1378186711289
892.1030871658094
835.0629264254468
0.0
553.1118138732788
537.2044854053225
530.938506122128
532.7159615608183
549.3055456909626
590.5281485048281
652.43386908535
678.6827563524805
674.4635439334444
670.549551180941
667.3537222245855
663.0806475510572
657.999638647027
656.2580913422964
654.1574622695482
654.5883605196955
663.8885818427617
686.9236861860118
701.3587787288033
699.0067922440143
688.665233337735
664.8940112308122
625.6104506650157
585.590772243742
0.0
192.05495744568705
184.44242101985182
179.6845856886767
177.67372711148545
179.05619238808592
188.30255156376523
206.7414074005193
211.30174762004802
211.4094721290323
217.22659894974262
223.22326680746912
228.8428986236382
233.61868796824064
238.8074215342624
242.2725619772889
243.81661412447087
244.12183379100372
242.595735657249
243.8345682450033
241.5184898941741
237.4070021371295
229.36356741524475
216.79570065369313
202.36060811090155
0.0
1797.474250799387
1745.766456803516
1725.4065120282864
1731.1518229482947
1785.1038795626014
1919.0234755886804
2120.199114161958
2205.5349291254142
2191.8359542544904
2179.1065001480347
2168.693125386956
2154.8325639514655
2138.332749888458
2132.659255695391
2125.854653714268
2127.2371189755677
2157.4179532687413
2232.32243944239
2279.2364901720357
2271.588045933556
2237.9779785356777
2160.73946097702
2033.0319806178777
1903.0263775432109
0.0
577.170301526202
561.4425140493597
552.5911450357701
551.5138994257024
563.0763367380008
594.1728298318635
636.4367701218368
650.9795873266199
658.089409035479
670.0827447509319
682.5069787165321
691.4660722391058
696.2059533426435
704.5546076851589
708.5045087246293
710.3896886723038
708.684049608638
712.3287309815755
709.1329020252201
702.705335871444
690.8556329519424
668.7361876082911
635.6826981458271
601.0133401611566
0.0
1351.3508908338074
1314.509087248357
1293.8080154223708
1291.2585339330406
1318.3333095512057
1391.1192119501459
1490.1180936046628
1524.1411038009921
1540.802504428567
1568.8647550388366
1597.9324355726822
1618.9566813999436
1630.0343576720766
1649.568413300634
1658.8506807326785
1663.2314799610938
1659.263625382518
1667.7918203948327
1660.3229169026556
1645.2414767704327
1617.484445229967
1565.7227885358827
1488.34063812007
1407.1522190476185
0.0
114.42144933783035
111.11789580822742
109.82520093996975
110.18428285181429
113.63146914523699
122.14171031396182
134.96093435290769
140.38307113546412
139.52127456325601
138.71334028226178
138.04903874978658
137.15133398547596
136.10999645734557
135.75091455621154
135.3200162647522
135.40978673735813
137.33087494139824
142.08871019606968
145.06909000134038
144.5843294339679
142.4477920926135
137.52836998572138
129.4131189102331
121.13628097793394
0.0
915.3536406341326
884.2751016608026
870.5043105066593
868.9423042389451
888.6199927093555
953.4163225797001
1051.4636370700573
1091.5730859868881
1082.470359668363
1073.547174279749
1067.9634505975396
1063.9776414700118
1063.546743173962
1069.058650481147
1077.586845707671
1090.6394730197646
1112.5075610584802
1149.0800532643652
1178.6324941039404
1171.5765346495737
1150.1572988744326
1105.7388671501137
1038.3751016240042
968.6773036265332
0.0
1073.0624137292073
1042.1993238809507
1030.0444014020213
1033.4736336498852
1065.6832804877752
1145.6328668959686
1265.7278103549527
1316.6815328491368
1308.494465423105
1300.8998830106973
1294.6877660278972
1286.4109281675114
1276.5541298117737
1273.1608058508768
1269.1031803024223
1269.9290686534564
1287.9549803605958
1332.6606775850125
1360.669066277406
1356.1087260578777
1336.036047532482
1289.9299308038271
1213.6968421435954
1136.081288206764
0.0
169.1814400189209
164.6570079333519
162.52047057363663
162.68205749012037
166.36264710412274
177.70963524544518
194.44285206443567
200.8524640517771
201.12177558435022
199.93680520518586
199.164779154546
197.45914009088023
196.02281245268253
196.07667470717467
196.32803211921538
195.68168465218994
196.83074679028948
202.6299194904674
205.93347306291238
205.5384830079277
203.85079800359142
197.83617613243763
189.0386693733403
177.36850744495263
0.0
114.47531161833372
111.36925313305395
109.609751791945
109.39430265922093
111.69242685279599
117.85068153673188
126.23524404074831
129.12585339330406
130.5262728225685
132.9141674994599
135.3738785452556
137.15133398547596
138.10290103488015
139.75467779968164
140.5267038992839
140.90373989952928
140.5626120913864
141.29873000347635
140.65238256399226
139.37764179943622
137.0256553253578
132.64485607093175
126.09161128763905
119.21519278460434
0.0
1046.4185362999872
1004.8548056244261
978.9650002783205
968.0130020848775
975.553722196891
1025.9149594785422
1126.3322144671156
1151.2524987121378
1151.8090756836061
1183.4800998235676
1216.156553244474
1246.8041939676573
1272.8376320638117
1301.0794240477135
1320.003040435009
1328.3337406569922
1330.039379720658
1321.7266336192074
1328.4953275275736
1315.8556443909977
1293.4848416353057
1249.6229868824553
1181.1460673522058
1102.5071299526933
0.0
311.0726551415961
298.7202375510203
291.0179307367333
287.76823941878047
290.01250139458506
304.9862167883126
334.8259232809936
342.24096454928036
342.4025514198619
351.82845147955
361.5416169781335
370.6443433578615
378.3825584132134
386.78507501022096
392.40470682639
394.88237194069563
395.3850866117698
392.92537561799656
394.9362343022929
391.1658742998387
384.522859020989
371.4881858294282
351.12824180393466
327.7520097060945
0.0
2102.550237670137
2042.0449365479508
2018.2378066283836
2024.9705923415875
2088.0612833930777
2244.710764248882
2480.035091693908
2579.8419079767455
2563.808900190739
2548.9429099333256
2536.752078830814
2520.557484480241
2501.238878726493
2494.595863309937
2486.6421989
2488.258067605816
2523.5737724760843
2611.171803627681
2666.0395192262854
2657.11633359286
2617.7968644034804
2527.4518578290626
2378.073784160333
2226.002597307975
0.0
273.476779626038
265.6128858340643
262.524781493798
263.38657797879205
271.6095536917907
291.9694977172842
322.5812301994022
335.5620410905688
333.4793660312478
331.5582778425084
329.9603633949321
327.85973421507873
325.3461609668134
324.48436437471435
323.44302679150127
323.65847591657496
328.25472437716854
339.6376207595559
346.78335070947963
345.61633449674997
340.499417351655
328.75743904824265
309.33110783686556
289.5456948574707
0.0
1349.9145631956098
1313.1266219717563
1292.4435041591976
1289.8940226698674
1316.9328901540725
1389.646976070883
1488.5381328951003
1522.5252354164923
1539.1686816940235
1567.1950247364603
1596.2447505989473
1617.2330877567233
1628.310765099908
1647.826866699737
1657.0911790320029
1661.471979331469
1657.5041241408644
1666.0323186941564
1658.5634156610013
1643.4999290984845
1615.7788062275047
1564.0530576673798
1486.7606774105082
1405.6620291549289
0.0
1314.473179114397
1276.6618543207578
1261.7779093613847
1265.9791676598884
1305.4243150962664
1403.363904924632
1550.4797615177777
1612.8881971977942
1602.8698124457976
1593.5695903729954
1585.9390997042217
1575.8129895557984
1563.7478382762597
1559.5824881729188
1554.609203594264
1555.6325870875464
1577.6981697635858
1632.4761155245646
1666.7684375441816
1661.1847131887396
1636.605556820714
1580.121972516294
1486.724769276548
1391.675788875712
0.0
600.6542582401316
576.7932655917498
561.9452287204338
555.6433413491818
559.9702782772022
588.8763716956546
646.5269717231805
660.8363856823576
661.1416053029883
679.3291037736038
698.0911333974232
715.6681926879804
730.6239540682806
746.8185480822372
757.6987297935503
762.4745191381528
763.4440402392363
758.6862050151663
762.5642896337098
755.3108351748019
742.4736569877822
717.3020153766214
677.9825466309632
632.8459511104965
0.0
50.10987997365522
49.301945692660986
49.03263426413283
49.140358829729806
49.89443084093118
51.995059990183066
55.90905275645707
57.8121868613858
57.23765581681723
56.64517066854703
55.801328184739795
55.11907256386372
54.63431199190102
54.58044971139764
54.63431199190102
54.86771522832668
55.585879047425536
56.44767562422388
57.61469181706264
57.50696724075515
57.14788533350083
55.90905275645707
53.682744947087016
51.546207605732654
0.0
168.22987293126488
166.00356518309778
165.39312589593425
166.2369683215987
169.8098333195117
178.64324821256878
192.98857041281065
198.82365135405342
198.62615634951217
197.22573684527418
195.5739600361006
193.32969816740106
190.56476750709498
190.2954561275292
189.50547591045463
189.3438890398731
191.13929859909584
195.55600602267327
199.11091690005384
199.12887102058625
197.04619591536314
191.3727017375968
182.57519508560455
174.621530905179
0.0
13.591250141302243
13.411709187981096
13.357846901663436
13.429663283573325
13.716928807846708
14.435092619754226
15.584154718224825
16.068915292635637
16.050961199644536
15.943236627927263
15.799603864107493
15.620062910327325
15.404613764444658
15.368705578003429
15.314843287554574
15.296889193798433
15.440521956547155
15.799603864107493
16.086869391747033
16.086869391747033
15.925282524225649
15.458476050303295
14.758266338119201
14.111918904755406
0.0
19.534055689759963
19.282698349632696
19.21088197001792
19.3006524426238
19.713596630381502
20.75493416310211
22.40671092790358
23.088966559490157
23.071012455788548
22.909425603567893
22.711930559244735
22.460573219117475
22.13739949937543
22.10149131186315
22.01172083925727
21.993766735555656
22.19126179058932
22.711930559244735
23.124874747002444
23.124874747002444
22.891471499866274
22.227169982691816
21.203786542962312
20.288127690250807
0.0
5.475999065660941
5.33236630352425
5.260549922685414
5.260549922685414
5.38622859030093
5.763264590546353
6.301887449591748
6.4993824985051205
6.517336593638324
6.481428402912893
6.4455202117284385
6.391657926481832
6.355749735297377
6.355749735297377
6.355749735297377
6.337795640776202
6.373703830889605
6.571198879343955
6.660969355775018
6.660969355775018
6.607107070528409
6.409612021615035
6.122346496729624
5.7453104949541265
