0.0
141.06311266
134.05891834
128.3739607
124.15784372
120.48574187999999
119.38411132
119.39771172
121.50577018
130.67242444
142.55915412000002
154.8266944
166.46861728
177.1313131
186.09396164
191.65651594000002
195.72302872
197.61348121999998
196.49825026000002
191.83332086
183.3058843
178.60015382
170.35832524
158.53959737999998
146.72086956
0.0
140.81830586
134.61653382
130.21001162
126.60591165999999
124.57945545999999
124.33464866
124.64745732
126.0890973
134.2765244
144.88481864
155.71071890000002
166.03340526
175.43126592
183.83629904
189.92926802
194.28138874
197.12386762
197.05586574
192.94855181999998
185.8355545
178.73615756
171.0927456
160.3756483
149.94415894000002
0.0
222.42056922
218.72126664
215.97399044
213.82513083999999
212.47869352
211.33626182
210.6290422
209.85382066
212.88670480000002
219.02047492
224.92303868
229.8055741
234.98731784
239.78825098
243.43315208
245.74521621999997
246.7924452
245.90842070000002
243.28354794
239.74744984
236.12974948
233.15126686000002
228.4047352
225.77986244
0.0
354.3986299
337.57496322
325.0082147
315.8143597
310.4150099
309.10937372
309.62618806
312.23746048
333.95726290000005
366.14935582
398.02864008
426.04541716
447.05800002
461.50160058
470.3962473
476.39401368000006
477.84925404
473.36112957999995
461.59680324
446.40518188
434.763259
419.61243876000003
397.36222154
373.75196672
0.0
49.478172367999996
46.853299564
44.867644488
43.317201482
42.269972433999996
41.889161873999996
41.943563378
41.766758478
44.690839581999995
49.546174256
54.415109304
58.740029262
62.357729606
65.118606186
66.913855978
67.865882384
68.02908691
67.117861636
65.17300769399999
62.752140544
61.256099047999996
59.29764473
56.04715457
52.511056494
0.0
944.0293842000001
887.01660306
844.16181436
813.27535772
795.36366088
792.38517826
796.73729898
809.22244528
867.59526436
950.6663683200001
1039.6400360799998
1127.6616779199999
1206.4622638
1273.2537161999999
1327.4240186000002
1364.6074496
1385.0896182
1383.1311636
1348.9398154
1292.0222368
1240.898419
1184.5928568
1104.8538453200001
1018.831459
0.0
66.34264013399999
62.330528852
59.324845483999994
57.148785128
55.89755042
55.679944386
55.992753062
56.863177206
60.97049113200001
66.805052966
73.06122648799999
79.24939813200001
84.78475166
89.476881808
93.284987408
95.896259848
97.33789983599999
97.201896096
94.794629296
90.796118394
87.20561881
83.247909034
77.64455361399999
71.59238574599999
0.0
276.44126758
258.29836438
244.50758186000002
234.66090875999998
228.75834506
227.19430168
228.60874092
231.70962688
246.26203056
268.90665862000003
293.97215388
318.52083478
341.21986438
361.02201362
377.54647195999996
389.81401224
397.85183514
400.1094978
393.62211781999997
380.64735798000004
367.08778186
350.79452992
326.23224862
299.88831798
0.0
300.79954322
285.86632904
273.72119216
264.74494318
256.92472627999996
254.57186102
254.5990618
259.10078662
278.6581291
303.96843116
330.13555692
354.96984571999997
377.70967643999995
396.81820646
408.6913358
417.36837649999995
421.39408816
419.00042176
409.07214634
390.87484162
380.8377632
363.26607588
338.07817722000004
312.84947748
0.0
1675.7568802
1574.5428729999999
1498.4895632
1443.6528426
1411.8551605999999
1406.5646132
1414.3032282
1436.4718434
1540.0795168
1687.5484072
1845.4759874
2001.7307213999998
2141.6106016
2260.1922906
2356.3197566
2422.3495882
2458.7033966
2455.2080998
2394.5232164
2293.486014
2202.7306971999997
2102.8087252
1961.2559988
1808.5509637999999
0.0
70.64035934399999
66.369840888
63.160151862000006
60.84808773
59.515250764
59.284044356
59.610453406000005
60.54887943400001
64.914600526
71.129972924
77.794157764
84.376740342
90.279304064
95.270642532
99.3235549
102.11163222799999
103.634874516
103.485270376
100.92839943199999
96.671481368
92.849775388
88.633658418
82.676693192
76.23011438
0.0
539.17335496
530.2379071
523.5737223
518.36477782
515.10068726
512.32621032
510.61256280000003
508.70851000000005
516.09351482
530.95872712
545.2527236000001
557.0850518
569.6654007
581.29372324
590.12036808
595.7373238600001
598.26699406
596.1317348
589.76675828
581.18492024
572.41267692
565.19087658
553.71215824
547.31998092
0.0
1240.4496058
1165.5387283999999
1109.23316672
1068.63604044
1045.1073879599999
1041.19047924
1046.91623832
1063.3318937200002
1140.02442056
1249.1810482
1366.089891
1481.747499
1585.2871712
1673.0640052
1744.2347798
1793.1009352
1820.0160816
1817.4320096000001
1772.5099636
1697.7214892
1630.5356259999999
1556.5631742
1451.785868
1338.7531324000001
0.0
114.80078424000001
112.896731416
111.468691772
110.367061224
109.673442004
109.075025376
108.721415596
108.31340426
109.877447644
113.04633555999999
116.09282002
118.60888982
121.28816416000001
123.76343278
125.64028488
126.83711806
127.38113313999999
126.91872031999999
125.57228296
123.73623204
121.87298038
120.33613774
117.88806986
116.52803209999999
0.0
70.681160472
66.043431838
62.520934135999994
60.004864344
58.495222474
58.087211155999995
58.454421339999996
59.243243222000004
62.969746578000006
68.76350728400001
75.169284956
81.439058862
87.246419938
92.305760252
96.535477568
99.67716474
101.7308217
102.30203752
100.642791492
97.33789983599999
93.856203292
89.69448784600002
83.42471394
76.678926832
0.0
12.947559126
12.389943658
11.98193234
11.64192291
11.465118004
11.437917249999998
11.465118004
11.601121776
12.349142524000001
13.32836969
14.321197225999999
15.273223628
16.143647778000002
16.9052689
17.476484744
17.870895682
18.129302850000002
18.129302850000002
17.748492286
17.09567418
16.442856073999998
15.73563646
14.756409298000001
13.790782512
0.0
290.54485878
271.46352956
256.97912776
246.62924072
240.42746868
238.78182308
240.26426414
243.52835470000002
258.81517868000003
282.61583887999996
308.95976958
334.75968518
358.62834722
379.43692439999995
396.80460612
409.69776373999997
418.143598
420.523664
413.69627466
400.06869661999997
385.80190092
368.67902598
342.87911036
315.17514196
0.0
171.32395200000002
162.2525004
155.35710913999998
149.99856052
146.36725976
145.03442278
145.22482806
144.64001184
154.77229291999998
171.56875875999998
188.44682696
203.39364147999999
215.9195889
225.48065416000003
231.70962688
235.00091817999999
235.572134
232.44404724
225.68465978
217.29322706
212.13868406
205.32489506
194.10458386
181.86424432
0.0
115.14079366
109.047824628
104.410096036
100.81959644
98.385128892
97.48750398
97.60990737200001
97.21549644000001
104.029285448
115.31759858000001
126.66031317999999
136.71099193999999
145.11602506
151.5490035
155.73791964
157.94118082
158.33559176
156.22753324
151.6850073
146.04085074
142.58635486
138.00302778
130.45481842
122.22659014
0.0
759.48586572
713.61179332
679.13483706
654.28694782
639.88414834
637.4768816000001
640.9857789
651.03645766
697.99856028
764.830814
836.395999
907.21316324
970.6181221600001
1024.35321264
1067.92882088
1097.84965112
1114.33330796
1112.74206396
1085.2421009999998
1039.4496308799999
998.32209052
953.03283392
888.87985472
819.66753498
0.0
197.49107782
188.65083257999999
182.12265151999998
176.95450812
173.48641194
171.96316969999998
172.49358444
173.73121873999997
182.10905112
194.79820308
208.0041694
221.79495192000002
235.46333099999998
248.26128602
257.78155003999996
263.84731827999997
267.69622505999996
268.55304881999996
264.14652656
255.44228516
246.01722375999998
235.98014533999998
222.29816582
208.39858034
0.0
131.20283918
125.32747616
120.98895588
117.5616608
115.24959666
114.24316876
114.59677852
115.41280119999999
120.97535547999999
129.40758934000002
138.19343306000002
147.34648692
156.43153891999998
164.93177464000001
171.25595008
175.28166178
177.85213305999997
178.40974854
175.4856674
169.70550709999998
163.44933358
156.77154837999998
147.68649634
138.43823986
0.0
234.30729896
218.92527225999999
207.24254824000002
198.89191666
193.8869778
192.55414088
193.76457440000001
196.3894472
208.72498936
227.91512164
249.15891086000002
269.96748806
289.21202182
305.98128696000003
319.98967550000003
330.39396411999996
337.20775306
339.12540626
333.6172535
322.6281487
311.12222952
297.31784669999996
276.50926949999996
254.16384972
0.0
245.33720488
229.23435822
216.99401871999999
208.24897620000002
203.01283092
201.62559248000002
202.87682718000002
205.63770374
218.54446176
238.64581927999998
260.8960364
282.67024036
302.82599946
320.39768684
335.05889351999997
345.95279564
353.09299366
355.09224912
349.32568919999994
337.81977001999996
325.76983586
311.31263484
289.52483054000004
266.13218168000003
0.0
313.88310612
297.27704552
284.62869468
274.82282272
268.17223826
265.72417034
266.07778014
265.00335038000003
283.58146569999997
314.34551894000003
345.27277676
372.66393654
395.59417254
413.11145844
424.53577526
430.56074242
431.6079714
425.86861228
413.4786686
398.11024234
388.68518087999996
376.18643424
355.62266386
333.19564176
0.0
450.6212988
443.15469172
437.57853708
433.22641636000003
430.49274054
428.18067636
426.75263678
425.16139266
431.3359639
443.75310828
455.69423954
465.59531416
476.09480534
485.81907507999995
493.20407989999995
497.89621004
500.00426856
498.22261915999997
492.90487162
485.73747282
478.39326908
472.36830202
462.76643568
457.4214874
0.0
1618.1864832
1520.4541728
1447.0121354
1394.0522666
1363.3562152
1358.2424729999998
1365.7226805999999
1387.1296744
1487.1740494
1629.5835998
1782.0710291999999
1932.953614
2068.0325604
2182.534137
2275.3703118
2339.1288802
2374.245054
2370.8585604
2312.2545346
2214.6990290000003
2127.0581979999997
2030.563521
1893.8797302
1746.4244404
0.0
79.9838185
76.40691928999999
73.768446102
71.67398800800001
70.273149154
69.647531802
69.865137836
70.368351796
73.75484572799999
78.895788322
84.25433695
89.830491612
95.379445524
100.54758884399999
104.410096036
106.87176427200001
108.422207312
108.775817092
106.994167668
103.458069628
99.649963992
95.58345116
90.034497276
84.403941096
0.0
1719.38689
1606.5037598
1520.780582
1459.4972816
1422.803464
1413.0247928
1421.8514374000001
1441.1231724
1531.6472832
1672.4791896
1828.3803136000001
1981.0581482000002
2122.270865
2245.4222808
2348.2139322000003
2424.4984483999997
2474.5342356
2488.5698254
2448.1767044
2367.499267
2283.1225268
2181.7725155999997
2029.0810800000002
1865.1557338
0.0
258.28476404
246.73804372
238.19700686000002
231.43761934
226.90869374
224.90943828
225.60305756
227.22150241999998
238.16980608
254.77586667999998
272.04834578
290.08244602
307.96694202000003
324.69540603999997
337.1397512
345.08237154
350.12811144
351.229742
345.47678243999997
334.0932667
321.77132494
308.6333605
290.73526406
272.55155972
0.0
53.204675728
50.389397646
48.254138418
46.581292018
45.46606109
45.044449392000004
45.0988509
44.922045996
48.077333514
53.286277996
58.522423227999994
63.173752242
67.063460128
70.028342366
71.95959593
72.979624226
73.170029504
72.190802348
70.09634425
67.485071826
65.893827688
63.77216884
60.290472266
56.482366642
0.0
424.10056318
401.64634044
384.56426662
371.31749918
362.32764984
359.02275815999997
359.49877132
358.04353100000003
383.13622698
424.71258018
466.49293906
503.49956552000003
534.4948252199999
558.1594815799999
573.59590974
581.72893532
583.14337456
575.39115954
558.64909518
537.88131912
525.1513660200001
508.27329792
480.4877272
450.18608672
0.0
438.93857474000004
410.11937542
388.23636846
372.58233428
363.21167434
360.72280528
362.98046794000004
367.90380447999996
391.01084542
426.95664244
466.76494660000003
505.73002737999997
541.78462742
573.2150992
599.46382728
618.9395674
631.71032168
635.30082126
624.9781349
604.38716378
582.84416628
556.9762487400001
517.99756762
476.14920688
0.0
311.89745106
297.95706440000004
287.63437804
279.47415178
273.9931997
271.5995333
272.42915632
274.37401026
287.6071773
307.65413334
328.50351162
350.29131598
371.888715
392.08527524
407.11369202000003
416.70195802
422.79492700000003
424.12776396
417.17797118
403.42798984
388.54917714
372.69113728
351.08013786000004
329.12912902
0.0
126.59231126
121.01615662
117.05844684
113.807956676
111.9855061
111.76790012000001
112.053508
113.345543844
120.71694833999999
130.25081276
139.98868284
149.25053976
157.70997436
165.2717841
170.73913578000003
174.65604438
177.19931492
177.14491343999998
173.44561086
167.06703394
160.67485658
153.8066661
144.17759902
134.79333875999998
0.0
33.552130628
31.348869518
29.676023121999997
28.479189922
27.758369928
27.567964648
27.744769554
28.111979738
29.880028776000003
32.62730498
35.673789476
38.652272094
41.413148668000005
43.806815064000006
45.819670894
47.302112012
48.281339172
48.55334672
47.764524838
46.186881074
44.54123543199999
42.569180734
39.590698122
36.39460947
0.0
401.67354118000003
377.41046816
359.1859627
346.03439792
338.41818664
337.15335154
339.0030029
344.32075034
369.15503918
404.50241966
442.35226944
479.80770831999996
513.33263822
541.75742664
564.79646564
580.62730476
589.3451465999999
588.50192318
573.9631199
549.74084806
527.9938449
504.0299802
470.11063942
433.4984239
0.0
75.35969024
71.361179332
68.328295212
65.97542995
64.384185812
63.785769214
63.880971856
63.622564694000005
68.06988804400001
75.468493258
82.88069885
89.46328142799999
94.971434188
99.173950756
101.921226992
103.36286698
103.607673768
102.23403562
99.25555306
95.569850816
93.312188156
90.306504818
85.36956788200001
79.9838185
0.0
255.6190901
243.48755356
234.41610196
227.79271824
223.88941
222.95098396
223.31819412
225.20864656
240.87628114
264.09212508
287.09036296
307.30052354
322.45134378
332.86923274000003
339.28861084
343.61353078
344.6607598
341.42387004
332.93723465999994
321.98893096
313.58389784
302.66279492
286.6143498
269.58667749999995
0.0
148.40731634000002
139.44466776000002
132.71248102
127.85714636
125.02826788
124.56585506
125.24587394
127.21792866
136.38458292
149.45454537999998
163.43573318
177.26731684
189.65726048
200.15675176000002
208.67058788
214.51875006
217.74203948000002
217.4292308
212.05708178
203.10803354
195.07021062
186.22996544
173.69041762
160.17164268
0.0
61.86811603
59.093639072
57.053582485999996
55.435137598
54.34710742
53.871094213999996
54.03429874
54.428709678000004
57.039982112000004
61.024892640000004
65.15940731399999
69.484327278
73.768446102
77.76695701
80.745439628
82.649492438
83.859926012
84.131933554
82.74469508
80.024619634
77.07333777
73.918050252
69.633931428
65.28181071
0.0
412.93465352
387.99156166
369.2502418
355.73146685999995
347.89764958
346.59201334
348.50966658000004
353.96341782
379.49132588
415.83153386000004
454.74221312
493.24488104
527.72183736
556.93544766
580.62730476
596.8933559
605.85600454
604.99918078
590.03876582
565.1500755
542.7774549200001
518.1607721400001
483.27580454
445.65716112
0.0
73.414836298
68.600302758
64.94180127999999
62.316928472
60.752885098
60.3312734
60.712083964
61.54170696999999
65.404214106
71.41558084600001
78.06616531200001
84.59434637999999
90.619313494
95.882659504
100.261980964
103.526071468
105.66133073200001
106.25974729999999
104.53249943200001
101.09160398
97.48750398
93.162584016
86.63440296600001
79.64380907
0.0
13.437172702
12.770754222
12.226739132
11.818727813999999
11.478718384
11.369915368400001
11.369915368400001
11.573921026
12.444345166000002
13.573176478
14.742808918000001
15.858039856
16.864467766
17.721291532
18.251706245999998
18.646117183999998
18.82292209
18.714119072
18.265306619999997
17.462884364
17.014071918
16.22525004
15.096418728
13.967587416
0.0
255.6054897
238.82262416
226.07907072
216.96681794
211.5130667
210.05782638
211.36346256000002
214.23314212
227.68391524
248.62849618
271.80353898
294.50256856
315.48795064
333.79405842000006
349.0808824
360.423597
367.849403
369.94386108
363.93249436
351.95056202
339.3974138
324.34179622
301.64276658
277.2708906
0.0
123.3418211
116.81364004
111.835901956
107.986995228
105.375722792
104.410096036
104.546099776
104.124488096
111.427890684
123.51862602
135.66376286000002
146.43526168
155.43871136
162.32050228
166.80862674
169.17509236
169.59670404000002
167.33904144000002
162.47010642
156.43153891999998
152.73223628
147.82250014
139.74387604
130.93083158000002
0.0
1182.7568058
1105.1122525199999
1046.1410167600002
1003.9798470000001
978.7375468
972.0189609600001
978.08472896
991.34509692
1053.6076235599999
1150.4831108
1257.7356854
1362.7577986000001
1459.891693
1544.6084424
1615.3168034
1667.8006596
1702.209614
1711.879482
1684.0939112
1628.5907717999999
1570.5443618
1500.8288282
1395.7931146
1283.0323874
0.0
33.32092422
31.838483097999998
30.736852545999998
29.852828022
29.281612178
29.023205016
29.104807274
29.322413312
30.723252165999998
32.872111767999996
35.102573637999996
37.42823814
39.740302272
41.889161873999996
43.494006388
44.527635058
45.166852784
45.316456934
44.568436186
43.099595444
41.50835131
39.82190453
37.509840408
35.170575522
0.0
230.44479184
218.24525348
208.96979616000002
201.77519662
196.89266116
195.09741142000001
195.34221822
194.55339628000002
208.19457462
230.78480126
253.48383084000002
273.59878876
290.43605578
303.30201262
311.679845
316.09996764
316.87518914
312.65907216
303.56041982
292.28570709999997
285.36311504
276.18286044
261.08644168
244.62998526
0.0
1013.75851832
996.9348520000001
984.42250504
974.6166326
968.4692622800001
963.2603176
960.050629
956.47372976
970.34611408
998.29488936
1025.16923504
1047.41945184
1071.05690776
1092.93991448
1109.53237476
1120.08626764
1124.8327990799999
1120.84788892
1108.8659566400001
1092.735909
1076.23865132
1062.66547504
1041.06807608
1029.05894264
0.0
294.97858178
279.36534872
267.47861904
258.27116364
252.02859048000002
249.71652634
250.05653576
249.03650746
266.49939187999996
295.41379386
324.46419962
350.2097137
371.7663116
388.22276811999996
398.9670661
404.62482306000004
405.60405022
400.20470042
388.57637788
374.11917692
365.26533128000005
353.52820574
334.20206970000004
313.12148502
0.0
407.99771658000003
381.2049734
360.87240948
346.3200058
337.6157644
335.30370028
337.39815834
341.96788512
363.44288076
396.85900763999996
433.85203366
470.08343868
503.59476812
532.82197878
557.2074552
575.30955726
587.1826866
590.51477898
580.92651308
561.79078228
541.75742664
517.71195968
481.48055476
442.58347584
0.0
600.8918668599999
590.92279032
583.4969843599999
577.68962332
574.05832256
570.95743654
569.05338374
566.93172494
575.15995312
591.7252126000001
607.65125438
620.8572206399999
634.86560918
647.82676868
657.65984138
663.9160148999999
666.7312930400001
664.36482742
657.26543044
647.70436528
637.9256940600001
629.8878711
617.08991614
609.96331846
0.0
128.75477124
122.36259394000001
117.16724984
113.3319435
109.98625069600001
108.979822728
108.979822728
110.911076296
119.27530836
130.11480896
141.32151982
151.95701484
161.68128453999998
169.86871158000002
174.94165232
178.65455534
180.38180326
179.36177496
175.10485685999998
167.32544104
163.02772190000002
155.50671327999999
144.72161416
133.9229146
0.0
539.3909610200001
506.80445715999997
482.32377812
464.67048848
454.44300483999996
452.74295766
455.23182672
462.37202474000003
495.7201497
543.18546626
594.01007594
644.30427098
689.33511996
727.49777852
758.43863668
779.6960263
791.39235076
790.2771198
770.7333776999999
738.21487576
709.00126546
676.8363733199999
631.2751096000001
582.13694666
0.0
186.74677978
174.49283989999998
165.1765815
158.52599698
154.52748612
153.46665664
154.43228346
156.52674158000002
166.35981432
181.6466383
198.59270838
215.1715682
230.49919332
243.8819645
255.04787421999998
263.33050393999997
268.77065488
270.29389712
265.90097526
257.14233234
247.97567808
236.9729729
220.38051267999998
202.5776189
0.0
692.98002106
660.09430892
635.50482692
617.53872856
606.9712354999999
604.4415653000001
605.42079246
610.5345342799999
653.02211278
715.9646586399999
778.2951874600001
833.0911073
874.16424656
902.41223004
919.7935122
931.5306375600001
934.37311668
925.61447388
902.60263536
872.89941146
850.13238
820.497158
777.0031516199999
730.8298709400001
0.0
699.8210108000001
669.00255598
647.10594872
629.16705114
619.1027719799999
617.8787380199999
619.4563817400001
626.59657986
667.3161092
720.0175710399999
773.8478641199999
825.10768588
871.7977809399999
913.6053405
943.8661795999999
965.5043800000001
979.60797096
979.3087629199999
958.8537956
923.53361608
888.2542373599999
850.2411830000001
797.00930652
745.13746776
0.0
1936.7753200000002
1904.6512288
1880.7281658000002
1862.0004456000001
1850.2769208
1840.3078444
1834.1740744
1827.3330848
1853.8538197999999
1907.2489008
1958.5767248
2001.1051040000002
2046.271957
2088.0523158
2119.7547952
2139.937755
2149.009207
2141.3657946
2118.4899603999997
2087.6715054
2056.1594311999997
2030.2235124000001
1988.9735674
1966.0025309999999
0.0
447.30280677999997
420.29245760000003
399.9870944
385.35308846
376.86645308000004
375.45201384
377.51927122
383.43543532
411.0850022
450.45809432
492.60566334000004
534.31802028
571.65105582
603.3127340000001
628.96304542
646.58913438
656.29980372
655.36137764
639.1633283799999
612.1937803200001
587.97150844
561.30116872
523.51932082
482.7589902
0.0
838.46325632
783.40892932
741.60136972
711.72134092
693.8232444800001
689.0631124199999
693.36083166
702.7586922800001
746.90551682
815.57382146
891.61353058
966.06199524
1034.9207051600001
1094.97997144
1145.0973612
1182.3079936
1206.6934698
1213.5480604
1193.8547136
1154.5088224
1113.35408092
1063.94391072
989.48184484
909.53882776
0.0
575.97597576
548.6392175000001
528.21145096
513.27823674
504.49239302
502.38433456
503.20035718
507.4436749
542.76385458
595.07090542
646.88834266
692.42240564
726.57295288
750.0472039599999
764.49080458
774.2422750600001
776.60874068
769.33253886
750.1968081
725.5121234000001
706.5939986599999
681.9637155400001
645.8139128400001
607.43364832
0.0
756.23537556
710.55170844
676.2379567
651.48527018
637.13687218
634.75680612
638.2385027400001
648.24838036
695.00647726
761.5531231
832.81909976
903.33705572
966.45640648
1019.9738906399999
1063.35909428
1093.14392052
1109.55957592
1107.9819322
1080.59077212
1035.00230748
994.03797172
948.93912028
885.07174912
816.1586376800001
0.0
776.295932
725.33531852
686.62864494
658.9518772199999
642.3866178
637.98009554
641.96500606
650.6692475
691.52478074
755.12014466
825.50209682
894.442409
958.2009771999999
1013.79931976
1060.20380684
1094.6535622400002
1117.24378912
1123.58156456
1105.34345852
1068.9216488
1030.8133912399999
985.0617225999999
916.1214103
842.10815742
0.0
108.16380012
102.43804132
98.08592060800001
94.699426648
92.414563304
91.571339902
91.693743298
91.312932734
97.718710424
108.327004664
118.97609998
128.41476183999998
136.31658099999999
142.35514849999998
146.29925788
148.36651522
148.73372541999998
146.74807035999999
142.47755189999998
137.1870051
133.93651494
129.6387958
122.55299926
114.81438458
0.0
17.77569304
16.973270784
16.388454566
15.926041733999998
15.613233064000001
15.477229292
15.518030422
15.640433818
16.388454566
17.530886252000002
18.714119072
19.965353776
21.18938773
22.345419792
23.202243556
23.746258646
24.099868450000002
24.167870338
23.7734594
22.984637522
22.141414132
21.243789234
20.00615491
18.754920202
0.0
1238.3415473999999
1179.5879181999999
1135.64509916
1103.5346088000001
1084.64368432
1080.12835948
1081.88280808
1091.00866096
1166.9395672
1279.4146866
1390.8153768000002
1488.7244925999998
1562.1257286
1612.596728
1643.65999
1664.6317716
1669.7047124
1654.0506782
1612.9367376
1559.8544658
1519.1893374
1466.2294686
1388.5033128
1305.9898244
0.0
1740.8346852
1658.2259936
1596.4666812
1551.327029
1524.7654922
1518.4005155999998
1520.889385
1533.7145408
1640.4503009999999
1798.5682864
1955.1630301999999
2092.7988480000004
2195.9985102
2266.9516782
2310.6088888
2340.0945072
2347.2347046
2325.2292948
2267.4140908
2192.8024216000003
2135.6264356
2061.1779708000004
1951.9125398
1835.9149223999998
0.0
1169.2516314
1113.77569272
1072.28094172
1041.9657008
1024.13560628
1019.8514874800001
1021.5243338
1030.14697316
1101.8209610000001
1208.0263064
1313.2116244000001
1405.6533884
1474.9609106
1522.6302329999999
1551.952646
1571.7547954000001
1576.5421284
1561.7721190000002
1522.9430416
1472.8256518
1434.4181862
1384.4231994
1311.0219634
1233.1190032
0.0
412.79864971999996
394.34293784
380.68815906
369.8758592
362.62685811999995
359.45797024
360.5596008
363.14367247999996
380.63375757999995
407.1680936
434.77685934
463.5960587
492.18405166
518.9223933
538.8197452
551.4952967199999
559.5603204199999
561.3419698600001
552.13451446
533.93720974
514.2574639
493.25848144
464.65688814
435.59288196
0.0
225.04544208000002
213.13151156
204.07366036000002
197.04226534
192.26853294
190.51408424
190.77249144
189.99726994000002
203.31203926
225.37185110000001
247.540466
267.17941076
283.62226678
296.18901534
304.37644244
308.68776204
309.44938318
305.32846882
296.44742254
285.43111696
278.67172949999997
269.70908086
254.96627196
238.89062608
0.0
322.34254076
305.28766773999996
292.29930744
282.23502828
275.40763893999997
272.89156914
273.24517896
272.14354844
291.22487765999995
322.81855398000005
354.57543481999994
382.70101496
406.25686826000003
424.25016732
435.97369252
442.16186416
443.23629398
437.34733062
424.61737752
408.84093994
399.15747138
386.33231562000003
365.21092980000003
342.1718908
0.0
435.94649178
412.86665164
395.3085646
381.69458696
372.45993088
369.05983658
369.53584974
368.03980828
393.83972384
436.58570952
479.52210044
517.56235554
549.42803944
573.74551388
589.6171541399999
597.98138612
599.43662644
591.4668054
574.26232824
552.90973596
539.8261731
522.47209174
493.91129952000006
462.75283534000005
0.0
57.43439305
54.86392175
52.95986894
51.463827444
50.457399534
50.008587082000005
50.158191228
50.525401412
52.95986894
56.645571168000004
60.494477925999995
64.492988834
68.47789936199999
72.190802348
74.965279302
76.73332834
77.84855927199999
78.093366066
76.814930608
74.285260442
71.551584612
68.627503512
64.642592984
60.603280942000005
0.0
23.365448082
22.331819411999998
21.597399044
20.998982446
20.67257339
20.631772262
20.68617377
20.917380178000002
22.277417908
24.031866572
25.840716743999998
27.540763894
29.104807274
30.505646128
31.512074048
32.232894042
32.708907237999995
32.695306864
32.015288004
30.832055188
29.648822367999998
28.38398728
26.602337862
24.875089958
0.0
629.37105676
591.3580024
562.7836098399999
542.19263876
530.2515075
528.2658524399999
531.17633318
539.4997640199999
578.41044328
633.7911793599999
693.10242446
751.78805222
804.32630948
848.8539445
884.96294612
909.77003412
923.4248132
922.10557628
899.31134408
861.36629158
827.28374626
789.7467050600001
736.59643086
679.24364006
0.0
71.565184992
68.36909634
66.002630704
64.12577864400001
62.874543946
62.316928472
62.507333756
62.95614620400001
65.98903033
70.59955821
75.386890994
80.378229438
85.328766754
89.966495388
93.420991208
95.62425231200001
97.011490804
97.32429949200001
95.733055364
92.577767788
89.164073132
85.51917203400001
80.568634718
75.522894766
0.0
204.68567736
192.32293442000002
183.03387676
176.34249116
172.45278330000002
171.81356556
172.75199157999998
175.45846666
188.12041784
206.12731734
225.41265224
244.50758186000002
261.58965568
276.07405738
287.81118298
295.87620672
300.32353
299.90191832
292.48971276
280.14057022000003
269.05626276
256.85672439999996
239.55704452
220.91092738
0.0
191.91492308
179.32097378
169.74630822
162.90531850000002
158.81160491999998
157.72357476000002
158.70280192
160.85166156000003
170.9567418
186.67877786
204.0872607
221.12853344
236.89137058
250.62775162
262.10647001999996
270.62030614
276.21006118
277.7741046
273.25877934
264.25532962
254.84386856
243.52835470000002
226.48708206
208.19457462
0.0
100.09877641599999
94.8082297
90.76891764
87.640830882
85.51917203400001
84.74395052599999
84.85275354800001
84.512744118
90.44250858999999
100.24838056
110.108654088
118.84009624000001
126.15709918
131.74685426
135.39175536
137.30940850000002
137.64941796
135.81336704
131.86925766000002
126.95952146
123.95383810000001
119.96892754
113.413545744
106.25974729999999
0.0
737.20844786
700.60983274
670.86580774
648.84679698
629.68386544
623.93090592
623.971707
635.0152133199999
682.9429427
745.00146402
809.11364228
869.97533036
925.70967648
972.5357753600001
1001.6405826
1022.89797204
1032.75824564
1026.89648312
1002.5654078800001
957.98337144
933.38028876
890.32149474
828.5757821
766.74846718
0.0
867.84007116
815.42421732
776.0375248
747.63993722
731.16988036
728.4362045400001
732.43471546
743.9270342
797.5805224
873.94664054
955.7257087200001
1036.6479532399999
1109.09716268
1170.5028662
1220.2938474
1254.4851956
1273.308118
1271.4992674
1240.0687954
1187.748144
1140.7452404
1088.9958051600001
1015.6897718
936.61717852
0.0
1518.4821178
1418.7777524
1343.0780528
1288.9485512
1256.5388528
1247.9162133999998
1255.7092292
1272.7233014
1352.6663188
1477.0417686
1614.7319878
1749.5661276
1874.2815866
1983.0438036
2073.8263212
2141.2025904
2185.3766154
2197.7801594000002
2162.1063702
2090.8539934
2016.3375270000001
1926.833444
1791.9857038
1647.209688
0.0
1598.3571333999998
1522.5214298
1465.8078568
1424.3539072
1399.9684306
1394.1338688
1396.418732
1408.196659
1506.187377
1651.3578036
1795.1545918
1921.5156966
2016.2695252
2081.4153318
2121.4956436
2148.5739948
2155.1293766
2134.9192160000002
2081.8505436
2013.3318432
1960.8343869999999
1892.4788914
1792.162509
1685.6579548
0.0
127.17712748000001
120.44494080000001
115.31759858000001
111.34628838
108.653413696
107.660586136
107.81019034
107.361377852
114.89598684
127.36753279999999
139.89348017999998
150.99138802
160.28044567999999
167.37984262
172.00397084
174.43843836
174.87365044
172.54798591999997
167.52944675999998
161.30047398
157.478768
152.41942766
144.08239642
134.99734442
0.0
1795.0185884
1709.8394254
1646.1624592
1599.6083684
1572.2308084000001
1565.6618266
1568.2322982
1581.4518644
1691.506117
1854.5474394
2016.0247181999998
2157.9446546
2264.3404057999996
2337.5104352
2382.5276838
2412.9381270000003
2420.2959309999997
2397.5969020000002
2338.0000488
2261.0627145999997
2202.1050792
2125.33095
2012.6654254
1893.0637076
0.0
2.8424788414
2.6792743145999998
2.5432705426
2.4480679014
2.393666393
2.393666393
2.4072667699999997
2.4344675247999996
2.6112724286
2.869679596
3.1280867629999998
3.400094308
3.6313007208
3.8353063794
3.9985109060000004
4.120914301
4.175315810400001
4.175315810400001
4.066512792
3.8897078882000002
3.7401037386000002
3.5768992118
3.332092422
3.0736852546
0.0
154.77229291999998
144.6128111
136.90139721999998
131.37964406
128.07475242
127.20432826000001
127.9931501
129.73399846
137.88062438
150.55617594
164.59176528
178.32814628
191.04449898000001
202.12880642
211.3906633
218.24525348
222.76057864
224.02541374
220.38051267999998
213.11791122
205.52890072
196.40304759999998
182.6530662
167.89665692
0.0
2400.8337917999997
2286.9170317999997
2201.7378692
2139.4753424
2102.8495266
2094.0772828
2097.5045778000003
2115.1986687999997
2262.3819512
2480.4503999999997
2696.4243902
2886.2448556
3028.5592024
3126.4139168
3186.6227866
3227.3015154
3237.1345878
3206.7785459999996
3127.0667352
3024.1526804
2945.311294
2842.6284458
2691.936266
2531.9686286
0.0
486.56709584
463.4736553
446.2147766
433.59362655999996
426.18142090000003
424.39977156
425.09339074
428.68389036
458.50951762
502.71074358
546.47675756
584.93862434
613.78502444
633.6143744799999
645.82751322
654.06934186
656.05499692
649.90762636
633.75037822
612.90099994
596.9205567399999
576.1119795
545.56553228
513.14223294
0.0
588.50192318
549.87685186
520.5272377599999
499.55545608
486.98870752000005
483.6430147
486.67589884
493.27208182
524.25374118
572.4534781
625.82135832
678.07400768
726.4097483
768.55731732
803.74149326
829.85421754
846.9770925
851.77802564
837.96004238
810.33767624
781.4640753399999
746.76951302
694.50326336
638.40170728
0.0
151.60340498
144.40880543999998
139.03665642
135.10614742
132.78048289999998
132.23646782
132.45407388
133.56930477999998
142.8583624
156.63554458
170.26312258000002
182.25865526
191.23490426
197.42307590000001
201.21758114
203.78805241999999
204.41366982
202.49601658
197.46387701999998
190.9628967
185.98515864
179.49777866
169.99111498
159.88603474
0.0
114.92318764
107.973394824
102.764450352
98.997145864
96.821085512
96.453875328
96.98429005599999
98.507532288
105.606929176
115.72560981999999
126.55151012
137.26860742000002
146.87047376
154.98989894
161.58608192
166.11500752
168.60387654
168.37267012
164.21095468
157.27476228
151.05938989999999
144.20479982
134.49413042
124.02183998
0.0
149.97135972
143.26637374
138.30223605999998
134.38532742
131.74685426
130.59082222
130.99883346000001
131.93725953999999
138.28863572
147.93130314
157.95478115999998
168.42707159999998
178.81775987999998
188.52842918
195.7638299
200.36075738
203.29843886
203.93765656
200.59196378000001
193.98218046
186.828382
179.19857037999998
168.8078822
158.25398944
0.0
167.52944675999998
159.58682646
153.64346161999998
149.2913409
146.73446996
146.12245295999998
146.36725976
147.60489411999998
157.87317894
173.092001
188.16121902
201.40798642
211.33626182
218.16365116
222.36616774
225.20864656
225.88866543999998
223.78060698
218.21805264
211.03705354
205.52890072
198.36150192
187.84841034
176.68250062
0.0
957.01774468
911.6060851
877.6595435199999
852.83885506
838.24565026
834.7367529999999
836.11039106
843.15538646
901.82741388
988.7610249999999
1074.8514127600001
1150.5103112000002
1207.2510856
1246.2569672
1270.2616334
1286.4732828
1290.3901914
1278.2858552
1246.5153746
1205.4966362
1174.0661652
1133.12902924
1073.06976356
1009.2975945999999
0.0
530.30590902
498.27702064
474.20435294
456.85027157999997
446.79959282000004
445.11314604
447.57481432
454.57900858000005
487.36951811999995
534.0324124
584.01379866
633.46477034
677.7339982199999
715.25743902
745.68148284
766.57166226
778.0775814399999
776.97595088
757.7722182
725.7977313399999
697.07373464
665.45285754
620.65321492
572.3310747
0.0
585.6866451
556.6090385800001
532.97158292
515.48149786
500.2626757
495.69294896
495.7201497
504.49239302
542.57344926
591.8748167399999
642.82182982
691.1711708800001
735.44039876
772.6510309
795.77167222
812.64974032
820.497158
815.8322286
796.50609258
761.07710988
741.5333678
707.32841902
658.27185838
609.14729584
0.0
397.98783893999996
373.94237198
355.881071
342.85190962
335.30370028
334.05246556000003
335.88851648
341.1518625
365.75494488
400.77591624
438.28575670000004
475.40118612
508.61330734
536.7796885600001
559.61472194
575.29595692
583.9321964400001
583.08897308
568.68617354
544.68150772
523.13851022
499.40585194
465.78571944
429.51351338
0.0
1059.3605832399999
1009.09358916
971.51574688
944.04298452
927.88573688
924.009629
925.51927072
933.32588764
998.2812890800001
1094.50395792
1189.8018016
1273.552924
1336.3458662
1379.5270638000002
1406.1022005999998
1424.0410980000001
1428.3796188000001
1414.9968474
1379.8126716000002
1334.4010122
1299.6112474000001
1254.3083904
1187.8161462
1117.2301882000002
0.0
793.73161562
745.79028586
709.7628866
683.78616606
668.7305484399999
666.22807908
669.90018092
680.38607176
729.46983318
799.32137066
874.12344542
948.1230978399999
1014.38413556
1070.54009336
1116.08775656
1147.355024
1164.5731014
1162.9138556
1134.1762582800002
1086.31653124
1043.33933908
995.9964258
928.96016652
856.6333603200001
0.0
556.62263898
523.00250642
497.73300556000004
479.52210044
468.95460732
467.20015868
469.77062995999995
477.14203442
511.55098882000004
560.53954758
612.99620256
664.8952420600001
711.35413072
750.74082314
782.67450892
804.61191736
816.68905236
815.51941998
795.36366088
761.7979299
731.65949396
698.4609731400001
651.444469
600.72866232
0.0
193.72377326
183.46908888000002
175.66247228
169.61030448000002
165.51659089999998
164.00694906
164.21095468
163.54453624
175.00965424
194.0093812
213.09071048
229.99597936
244.1539721
254.96627196
262.01126736000003
265.72417034
266.37698848
262.82728998
255.18387802
245.70441508000002
239.88345364
232.17203970000003
219.48288774
205.63770374
0.0
1808.8637720000002
1699.611942
1617.5064644
1558.3176226
1523.9902704
1518.2781122000001
1526.6423446
1550.5654076
1662.4013095999999
1821.5801248
1992.0472534
2160.7055314
2311.6969194000003
2439.70367
2543.4745478
2614.740525
2653.9912136000003
2650.2103085999997
2584.7108918000004
2475.6494666
2377.6859495999997
2269.8213574
2117.0211197999997
1952.1981482
0.0
586.42106546
558.5946937
537.78611646
522.5808947400001
513.63184654
511.4965873
512.32621032
516.6511303
552.61052768
605.86960494
658.6254682
704.9891542
739.7517184
763.6475811600001
778.36318932
788.29146474
790.69873148
783.28652592
763.8107857
738.67728858
719.41915442
694.34005882
657.52383764
618.44995384
0.0
1372.9988824
1307.8394754
1259.1365242000002
1223.5307367999999
1202.5861559999998
1197.567617
1199.526071
1209.6447518
1293.8174864
1418.5329454
1542.0379714
1650.5961822
1731.9808396
1787.9463922
1822.368947
1845.6391921999998
1851.2561478
1833.9020666000001
1788.3136021999999
1729.46477
1684.3659192
1625.6530908
1539.4674998
1447.991363
0.0
115.14079366
108.177400524
102.95485564399999
99.18755116
97.011490804
96.64428061999999
97.174695292
98.69793758
105.81093487199999
115.94321588
126.79631692000001
137.54061496
147.1424813
155.28910722
161.89889054
166.4278162
168.9302856
168.6854788
164.5237634
157.57397056
151.34499784
144.47680736
134.75253762
124.26664678
0.0
940.47968612
878.73397334
831.8534729999999
798.3285431
778.25438632
772.9094380399999
777.73757198
788.27786434
837.7968378400001
914.8293744599999
1000.10373972
1083.61005616
1160.8601985999999
1228.2228672
1284.4468266
1326.1727836
1353.5367431999998
1361.2209564
1339.120343
1295.0007192
1248.8410392
1193.4059014
1109.88598452
1020.2186975200001
0.0
1079.856352
1014.64254276
965.62678316
930.29300332
909.7972349199999
906.39714056
911.37487868
925.66887504
992.4331268400001
1087.45896288
1189.2305854
1289.9141783999999
1380.0574781999999
1456.464398
1518.4141156
1560.9696961999998
1584.3895458000002
1582.1318836
1543.0307988
1477.9257929999999
1419.4441708
1355.0463846
1263.8286546
1165.4299254
0.0
156.41793852
148.65212309999998
142.3415481
137.66301836
133.59650557999998
132.38607196
132.38607196
134.73893722
144.89841904000002
158.06358422
171.67756176
184.58431974
196.416648
206.34492336
212.51949459999997
217.03481986000003
219.12927797999998
217.87804327999999
212.72350028
203.25763772
198.0350929
188.90923972000002
175.79847608
162.68771248000002
0.0
116.32402647999999
110.802273304
106.667758636
103.64847486
101.88042583999999
101.45881416399999
101.622018648
102.478842412
109.60544010800001
120.1729332
130.6452237
139.83907870000002
146.73446996
151.46740124
154.39148232
156.36353703999998
156.83955020000002
155.37070948
151.50820235999998
146.5168639
142.69515792
137.71741984
130.42761764
122.67540266
0.0
1055.4572748
999.58692532
957.07214644
924.1048316
901.74581156
893.51758338
894.6872158
891.0559151
953.53604804
1057.00771796
1160.9690016
1253.0707564
1330.1984958
1389.1017293999998
1427.5091944
1447.746556
1451.2962539999999
1431.9701182
1390.3257634000001
1338.6307294
1306.955451
1264.9438856
1195.7995682
1120.3718754000001
0.0
313.76070272
297.15464216
284.51989168
274.71401972
268.06343526
265.61536738
265.96897714
264.89454732
283.45906229999997
314.22311554
345.12317262
372.5143324
395.430968
412.9482539
424.35897038
430.38393748
431.43116652000003
425.69180734
413.31546406
397.94703776
388.52197639999997
376.03683006
355.48666006
333.05963806
0.0
2115.851487
1988.0487421999999
1892.0164788
1822.7769584
1782.6286444
1775.9508596
1785.7295308
1813.7191068
1944.5411354
2130.7303
2330.1254308000002
2527.4125022
2704.0270007999998
2853.7535544
2975.1369210000003
3058.5072333999997
3104.4085064
3099.9883839999998
3023.3638586
2895.8059206
2781.2091419999997
2655.0384424
2476.3158854000003
2283.5169376
0.0
275.21723362
258.59757265999997
246.09882598
237.09537630000003
231.87283142
231.00240732
232.28084275999998
235.91214342
252.93981576
277.1484872
303.08440659999997
328.74831842000003
351.71935556
371.19509578
386.98513376
397.8246344
403.80880038
403.22398416
393.25490762000004
376.66244746
361.75643398
345.35437904
322.09773396
297.03223876
0.0
1371.5436424
1306.4658374
1257.8036875999999
1222.2387010000002
1201.3077208
1196.3027816000001
1198.2612362
1208.366316
1292.443848
1417.0233036
1540.405926
1648.8417338
1730.1447886
1786.0559394
1820.4512938
1843.6807382
1849.2976938
1831.9572130000001
1786.42315
1727.628719
1682.5842694
1623.9258428
1537.849055
1446.4545202
0.0
1322.7998904
1242.8976738000001
1182.8656094
1139.57560816
1114.48291228
1110.30759632
1116.4141657999999
1133.91785108
1215.6969196
1332.102548
1456.7636062000001
1580.1054268
1690.52689
1784.1246858
1860.0147912
1912.1314364
1940.8282319999998
1938.0673557999999
1890.1668273999999
1810.4142152
1738.7810279999999
1659.8988408
1548.1581410000001
1427.6179974000001
0.0
605.8424041999999
573.77271468
549.3736378599999
530.4419127799999
517.61675706
512.8838258000001
513.56384462
511.46938656
547.33358132
606.7264286999999
666.40488396
719.26955028
763.5523785600001
797.34931594
819.40912784
831.02384998
833.05030622
821.96599872
798.0565355599999
768.39411284
750.1968081
726.08333928
686.39743848
643.10743776
0.0
44.636438074
42.650782998000004
41.16834188
39.99870944
39.209887558000005
38.869878127999996
38.992281524000006
39.264289066
41.16834188
44.038021476
47.01650409
50.130990474
53.231876488
56.115156458
58.26401606
59.63765416
60.50807830000001
60.698483584
59.705656048
57.747201726
55.611942498000005
53.3406795
50.25339387
47.111706732
0.0
154.60908834
147.80889974000002
142.96716546
138.99585528
136.77899382
136.50698628
136.86059608
138.43823986
147.42808918
159.07001212
170.9703422
182.28585600000002
192.60854236
201.84319854
208.53458408
213.30831654
216.4228029
216.35480098
211.83947578
204.03285922
196.23984306
187.84841034
176.08408401999998
164.61896602000002
0.0
12.4851463
11.94113121
11.546720272
11.233911594
11.057106692
11.0299059324
11.057106692
11.1795100868
11.913930456
12.852356484
13.817983266
14.729208544
15.55883155
16.306852298
16.850867391999998
17.231677956
17.490085118
17.476484744
17.10927456
16.483657208
15.858039856
15.178020986
14.225994584
13.301168936
0.0
17.95249795
17.163676068
16.6060606
16.143647778000002
15.885240606
15.858039856
15.89884098
16.07564589
17.122874934
18.46931228
19.856550754
21.17578735
22.372620546
23.447050343999997
24.222271852000002
24.77988732
25.133497124
25.133497124
24.60308241
23.691857142000003
22.794232238
21.815005082
20.454967355999997
19.122130386000002
0.0
5.0593403299999995
4.814533540199999
4.6105278816
4.460923732
4.324919960000001
4.2841188282
4.2841188282
4.3657210918
4.6921301448
5.113741839399999
5.562554287799999
5.984165982
6.3649765448
6.6777852206
6.8817908792
7.0313950288
7.0993969148
7.058595783
6.8953912568
6.58258258
6.4193780532
6.120169754
5.6985580598
5.2633459886
