0.0
115.57600568000001
112.488720084
111.033479692
111.128682336
113.65835253200001
121.41056755999999
132.83488438
137.21420590000002
137.39101082
136.58858854
136.0581738
134.90214176
133.90931419999998
133.95011534
134.11331988
133.6781078
134.46692968
138.42463946
140.68230205999998
140.41029451999998
139.25426248
135.16054896
129.1355818
121.16576076000001
0.0
116.06561927999999
114.52877663999999
114.10716496
114.69198118
117.1536495
123.24661848
133.1476931
137.17340475999998
137.03740096
136.0717742
134.9293425
133.39249986
131.47484672
131.29804184
130.7540267
130.6316233
131.86925766000002
134.9293425
137.37741042
137.37741042
135.9493708
132.0324622
125.9666939
120.47214154
0.0
220.44851456
219.5780904
219.15647872
219.07487645999998
219.65969266
221.40054098
224.71903296
227.15350054
225.69826018
224.90943828
224.46062582000002
222.81498022
222.17576242
222.55657302
222.86938170000002
223.52219978
224.43342508
224.90943828
226.73188886
227.15350054
227.22150241999998
226.07907072
223.72620546000002
222.1077606
0.0
264.22812888
257.01992894
252.9806169
252.47740294
257.76794970000003
272.00754464
291.36088146
298.01146592
301.27555642
306.75650846
312.44146614
316.54878006
318.7248404
322.53294604
324.35539661999996
325.21222038
324.43699888
326.09624488
324.6410045
321.68972268000005
316.26317217999997
306.14449149999996
291.0072716
275.13563139999997
0.0
37.156230598
35.673789476
34.762564208
34.368153264
34.640160812000005
36.421810224
39.99870944
40.882733954
40.896334334
42.025165646000005
43.181197712
44.269227889999996
45.194053538000006
46.200481454
46.866899944
47.16610824
47.220509748
46.934901822
47.16610824
46.717295788
45.928473912
44.364430532
41.943563378
39.14188567
0.0
710.60610996
690.16474298
682.11331968
684.39818302
705.70997416
758.6562427
838.19124878
871.93378474
866.5072342
861.48869498
857.36778072
851.88682864
845.35864758
843.11458538
840.42171064
840.97932612
852.9068569399999
882.51487814
901.06579272
898.04650898
884.7589404
854.22609352
803.72789286
752.3456677
0.0
49.940585194
48.498945206
47.927729368
48.090933887999995
49.586975384
53.31347875
58.903233792
61.269699428
60.888888864
60.535279054
60.249671138
59.868860573999996
59.406447748
59.243243222000004
59.052837938
59.093639072
59.936862462
62.017720176000005
63.323356388
63.105750354
62.180924706
60.032065104000004
56.482366642
52.864666298
0.0
203.81525316
196.89266116
193.83257632000002
193.47896646
197.85828798
212.2882882
234.11689368
243.05234148
241.02588534
239.04023022
237.78899552000001
236.90497098
236.80976836
238.03380228
239.93785512
242.84833586
247.71727088
255.8638969
262.43287904
260.86883566
256.09510326
246.20762904
231.20641294
215.6883825
0.0
246.43883544
239.85625286
236.75536684
236.98657324
242.34512192000003
258.88318059999995
283.24145624000005
292.58491538
292.96572592
291.25207839999996
290.12324709999996
287.64797844
285.53991998
285.63512263999996
285.98873244
285.05030641999997
286.73675319999995
295.1689871
299.98352064
299.41230476
296.95063644
288.20559392
275.36683775999995
258.36636626
0.0
1261.4213874
1225.1219808
1210.8415850000001
1214.880897
1252.7307468
1346.7229539999998
1487.8948694
1547.77733
1538.1618636
1529.2400160000002
1521.9230134
1512.1987434
1500.6248226
1496.6399118
1491.8525788
1492.8318067999999
1514.021194
1566.5730520000002
1599.4995648
1594.1410166
1570.5443618
1516.3468589999998
1426.7203726
1335.4890422
0.0
53.177474974000006
51.64063235
51.042215752000004
51.205420278
52.81026479
56.767974564
62.711339415999994
65.241009582
64.832998264
64.46578807399999
64.152979404
63.744968086
63.255354504
63.09214998
62.88814432
62.928945454
63.812969968
66.02983145799999
67.417069938
67.199463904
66.20663636399999
63.92177299
60.140868116
56.291961364
0.0
534.39962256
532.30516448
531.2715358
531.09473092
532.5091701
536.72528708
544.74950964
550.67927414
547.1431760400001
545.22552286
544.13749264
540.15258212
538.60213914
539.4997640199999
540.27498552
541.87983004
544.05589042
545.21192246
549.6456454
550.65207336
550.82887828
548.04080094
542.35584324
538.4389346
0.0
933.74749944
906.87315382
896.30566072
899.2977436799999
927.31452076
996.88045024
1101.38574892
1145.7229786
1138.59638116
1132.00019788
1126.58724772
1119.3790480799998
1110.8108104399998
1107.85952844
1104.32343064
1105.04425048
1120.72548516
1159.636165
1184.0080408
1180.0367304
1162.573846
1122.4527332
1056.1100932
988.58422012
0.0
113.78075592799999
113.3319435
113.11433746
113.073536308
113.372744592
114.270369508
115.98401702000001
117.24885212000001
116.48723102
116.07921968
115.84801322
115.00478986
114.67838084
114.86878606
115.03199064
115.37200006
115.83441288
116.07921968
117.0312461
117.23525172
117.27605286000001
116.69123664
115.46720272
114.6375797
0.0
52.11664555
50.348596512
49.55977463
49.478172367999996
50.5934033
54.279105532
59.868860573999996
62.153723952
61.623309238
61.120095282
60.807286602
60.576080188
60.54887943400001
60.86168811
61.35130169
62.099322438
63.336956768
65.417814486
67.104261262
66.696249944
65.48581637
62.95614620400001
59.120839825999994
55.149529672
0.0
10.6762961284
10.5402923536
10.4994912204
10.5538927336
10.7714987692
11.3427146088
12.253939886
12.62115007
12.607549696
12.512347054
12.417144411999999
12.267540266
12.090735356
12.077134982
12.022733473999999
12.022733473999999
12.13153649
12.417144411999999
12.634750449999999
12.634750449999999
12.512347054
12.14513687
11.587521406
11.0843074456
0.0
214.20594138
206.94333996
203.7064502
203.35284034
207.94976786
223.1141885
246.05802483999997
255.44228516
253.32062635999998
251.22616824
249.920532
248.98210598000003
248.88690332000002
250.17893915999997
252.17819462
255.2246791
260.35202132
268.90665862000003
275.81565028
274.17000464
269.16506582
258.7607772
242.99794
226.69108768
0.0
128.67316898
123.55942716
120.37693888
119.03050155999999
119.95532714
126.14349883999999
138.49264133999998
141.55272622
141.62072814
145.5240364
149.53614770000001
153.30345216
156.51314118
159.98123736000002
162.30690188
163.32693018
163.54453624
162.5245079
163.35413092
161.79008754
159.04281138
153.65706196000002
145.23842846
135.56856024
0.0
86.48479882000001
83.043903376
80.90864414800001
79.99741888
80.623036232
84.78475166
93.080981772
95.148239136
95.18904022800001
97.800312668
100.506787752
103.036457888
105.185317496
107.5245824
109.08862578
109.782244996
109.918248796
109.22462952000001
109.7958454
108.748616344
106.89896501999999
103.26766433200001
97.60990737200001
91.108927074
0.0
571.6918569
555.24900088
548.7752213
550.59767182
567.7613479199999
610.3577293999999
674.33390392
701.48025684
697.1281361199999
693.0752237199999
689.77033204
685.3638098399999
680.11406422
678.30521404
676.1291537
676.57796612
686.1798324600001
709.99409296
724.91370684
722.4928397000001
711.80294314
687.2270615
646.61633512
605.27118832
0.0
167.9102573
165.23098302
164.30615734000003
164.67336754000002
167.23023848000003
174.27523388
187.37239713999998
193.75097405999998
191.81972052
189.82046502
187.00518698
184.7067232
183.11547902
182.9250738
183.06107753999999
183.84989938
186.29796735999997
189.18124732
193.04375444
192.73094576
191.53411258
187.34519634
179.9193904
172.71119046
0.0
111.550294076
109.768644652
109.15662768
109.40143446799999
111.101481588
115.7800114
124.4842528
128.71397012
127.43553462000001
126.10269770000001
124.23944604
122.71620374
121.65537432
121.51937052
121.61457318
122.14498792
123.76343278
125.68108602
128.2515573
128.03395124
127.2451294
124.45705206
119.53371546
114.7463827
0.0
172.73839124
166.87662862
164.2789566
163.97974832
167.70625164
179.93299078
198.42950380000002
206.00491394
204.27766602
202.60481964000002
201.54399016000002
200.79596946
200.71436718
201.74799588000002
203.36644074
205.82810906
209.94902332
216.85801498
222.43416962
221.10133264
217.0620206
208.67058788
195.96783552
182.8026704
0.0
180.87141681999998
174.7376467
172.01757122
171.70476256
175.59447046
188.40602578
207.77296294
215.70198294
213.9067331
212.13868406
211.03705354
210.2482316
210.16662934
211.25465956
212.94110634
215.51157762
219.8364976
227.07189828
232.90646005999997
231.50562122
227.2759039
218.50366058
205.18889126
191.41170918
0.0
235.73533854
226.378279
220.54371722000002
218.0684485
219.76849568
231.12481072
253.74223804
259.35919382
259.48159722
266.62179528
273.97959935999995
280.87499058000003
286.75035354
293.10172972
297.37224818000004
299.24910024
299.62991078000005
297.76665912
299.28990136
296.43382210000004
291.40168254
281.51420831999997
266.09138054000005
248.37008902
0.0
446.62278794
444.88193958
444.01151547999996
443.86191134
445.05874456
448.56764182
455.2862282
460.23676553999996
457.27188326
455.68063914000004
454.76941386
451.43732148
450.1316852
450.89330634
451.54612443999997
452.87896146
454.70141198
455.6670388
459.36634138
460.22316514
460.35916894
458.03350442
453.27337239999997
449.99568150000005
0.0
1218.0905864000001
1183.0288132
1169.2380314
1173.141339
1209.6991536
1300.4544704
1436.7846516
1494.613456
1485.3243984
1476.701759
1469.6431632
1460.258903
1449.0657926
1445.2168858
1440.606358
1441.5447841999999
1461.9997514000002
1512.7563592000001
1544.5540412
1539.3722972
1516.5916656
1464.2438138
1377.7046132
1289.6149696
0.0
68.015486536
66.927456358
66.546645794
66.696249944
67.729878614
70.58595783
75.89010495
78.474176624
77.698955122
76.882932486
75.74050080399999
74.81567515200001
74.162857046
74.094855158
74.149256666
74.462065342
75.454892878
76.624525324
78.18856870799999
78.06616531200001
77.57655172599999
75.876504576
72.870821208
69.960340478
0.0
1267.6367606
1224.6187668
1205.537438
1203.3749778000001
1230.6301337999998
1320.3518224
1456.1515892
1511.681929
1499.0743794
1486.7388376000001
1479.0002226000001
1473.4648692
1472.8664526
1480.509865
1492.3149924
1510.3898938
1540.6915338
1591.3393386
1632.2492734
1622.4842022
1592.83538
1531.3072736
1438.022286
1341.5004092
0.0
219.60529114
216.09639384
214.89956066
215.37557382
218.7076663
227.92872204
245.06519734
253.40222857999998
250.88615878000002
248.26128602
244.58918412
241.56990037999998
239.4890427
239.2306355
239.42104078
240.45466946000002
243.6643585
247.41806259999998
252.47740294
252.06939160000002
250.50534821999997
245.02439619999998
235.3273272
225.88866543999998
0.0
39.95790830599999
38.380264548
37.387437012
36.965825314
37.25143324
39.182686804
43.017993182
43.970019594
43.983619968
45.194053538000006
46.445288246000004
47.614920688
48.607748228
49.682178026
50.40299802
50.729407076
50.797408964
50.470999903999996
50.729407076
50.25339387
49.396570106
47.723723704
45.11245128
42.106767908
0.0
318.50723438
305.85888356
297.97066473999996
294.63857236
296.9370361
312.26466122
342.82470888
350.41371938
350.57692385999997
360.21959138
370.17506748
379.49132588
387.42034584
396.01578422
401.78234418
404.31201434
404.82882868
402.29915847999996
404.36641585999996
400.51750914
393.7037201
380.34814964
359.51237176
335.57570782
0.0
323.60737586
312.63187142
307.74933599999997
307.20532091999996
314.15511366
337.07174932
371.72551052
385.91070393999996
382.68741452
379.54572742
377.5600723
376.15923346
375.99602892
377.95448324
380.9601666
385.58429492
393.3093092
406.24326792
416.68835762000003
414.19948855999996
406.62407845999996
390.9156428
367.1013822
342.45749868
0.0
265.19375564
260.95043798
259.49519756
260.06641344
264.10572548
275.23083406
295.9306082
305.99488736
302.9620032
299.77951492
295.35939232
291.71449122
289.19842142
288.8856128
289.1168192
290.3680539
294.23056102
298.77308702
304.89325674
304.37644244
302.48599
295.87620672
284.16628186
272.78276614
0.0
104.342094136
102.95485564399999
102.57404505599999
103.104459788
105.321321296
110.802273304
119.69692004
123.31462036
123.19221696
122.3217928
121.30176456
119.91452606
118.20087853999999
118.02407360000001
117.5480604
117.43925744
118.5544883
121.28816416000001
123.49142524000001
123.50502564
122.2129898
118.6904921
113.250341196
108.299803916
0.0
24.739086185999998
23.895862796
23.515052232
23.474251104
24.004665818
25.759114476
28.411188034
29.499218212000002
29.254411424
29.009604636
28.860000486
28.751197464
28.73759709
28.88720124
29.118407654000002
29.472017458000003
30.056833686
31.049661222
31.852083477999997
31.661678194
31.076861976
29.880028776000003
28.05757823
26.180726174
0.0
302.36358659999996
293.65934519999996
290.23205016
291.19767688
300.26912852
322.80495357999996
356.64269215999997
370.99109016
368.69262642
366.55736712
364.80291846
362.46365360000004
359.68917664
358.73715022
357.59471852
357.82592497999997
362.89886566
375.50641536
383.39463414
382.1025983
376.45844174
363.4564811
341.98148552
320.11207890000003
0.0
56.591169660000006
54.34710742
52.946268566
52.347851964
52.755863282
55.489539102
60.916089618
62.262526964
62.289727717999995
64.00337525200001
65.77142429599999
67.430670312
68.831509172
70.368351796
71.388380092
71.837192538
71.932395176
71.483582734
71.850792918
71.157173674
69.946740104
67.580274468
63.880971856
59.624053786
0.0
190.58208616000002
185.38674202
182.46266094
182.10905112
185.91715675999998
196.18544154
210.153029
214.95396214
217.29322706
221.25093684
225.35825076
228.32313298000003
229.88717636
232.63445252
233.9400888
234.5657061
234.00809062
235.20492380000002
234.15769482
232.02243556000002
228.11912732000002
220.81572476
209.8946218
198.45670458
0.0
111.71349856399999
108.503809556
107.23897445600001
107.592584296
110.93827710400001
119.26170791999999
131.774055
137.0782021
136.22137834
135.4325565
134.77973836
133.9229146
132.88928596
132.5492765
132.11406441999998
132.20926708000002
134.08611914
138.73744814
141.64792888
141.17191562
139.09105794
134.2901248
126.3475045
118.26888036000001
0.0
52.606259132
51.763035746
51.477427824
51.586230836
52.388653098
54.591914208000006
58.699228128
60.698483584
60.086466612
59.460849256
58.590425116
57.856004741999996
57.366391162
57.298389274
57.352790788
57.597597576
58.359218698
59.256843595999996
60.480877546
60.372074534
60.004864344
58.685627753999995
56.35996324599999
54.102300627999995
0.0
310.82302124
301.88757338000005
298.36507568
299.35790324000004
308.68776204
331.84920444
366.63896944
381.39537868
379.02891306000004
376.82565194
375.01680176
372.62313536
369.76705614
368.78782898
367.6181966
367.849403
373.07194784
386.01950694
394.13893218
392.81969560000005
386.9987341
373.6431637
351.55615102
329.08832784
0.0
54.129501382
52.293450456
51.477427824
51.382225182
52.551857622
56.373563626
62.180924706
64.547390342
64.00337525200001
63.486560918
63.146551488
62.915345074
62.88814432
63.214553376
63.717767326
64.492988834
65.78502467
67.947484648
69.701933316
69.28032161799999
68.015486536
65.39061373199999
61.405703204000005
57.284788899999995
0.0
11.0027051784
10.717097255599999
10.567493107599999
10.5810934872
10.825900276399999
11.560320646000001
12.64835083
13.069962518
13.083562898
13.001960634
12.961159506
12.852356484
12.757153842000001
12.757153842000001
12.770754222
12.729953088
12.811555349999999
13.17876554
13.396371574
13.369170818
13.260367802000001
12.865956864000001
12.29474102
11.533119892
0.0
188.44682696
182.0410492
179.21217078
178.8857617
182.93867414
196.28064419999998
216.46360404
224.71903296
222.84218096
221.01973038
219.86369833999998
219.03407532
218.95247310000002
220.09490474
221.835753
224.52862774
229.0303526
236.56496156
242.64433019999998
241.18908982
236.78256762
227.6431141
213.77072936
199.42233136
0.0
92.632169344
88.946467098
86.66160372
85.682376558
86.34879504400001
90.809718774
99.704365484
101.907626588
101.962028084
104.763705816
107.660586136
110.367061224
112.665524972
115.16799444
116.84084078000001
117.58886158
117.73846572
117.00404532
117.60246192
116.47363062
114.5015759
110.611868012
104.55970018
97.59630702800001
0.0
872.00178656
842.40736576
829.28300172
827.8005605599999
846.54188042
908.26039232
1001.68138344
1039.87124268
1031.20780248
1022.7211671599999
1017.38981928
1013.59531368
1013.17370252
1018.43704836
1026.5564736000001
1038.98721824
1059.8365967999998
1094.66716252
1122.81994328
1116.1013568399999
1095.70079128
1053.37641756
989.1962370800001
922.8127962
0.0
28.329585776000002
27.880773324
27.731169174
27.785570682
28.220782754
29.404015574
31.620877059999998
32.695306864
32.368897808
32.028888378000005
31.552875182
31.172064618
30.900057066000002
30.872856312000003
30.886456692000003
31.022460468000002
31.44407216
31.920085362
32.572903472
32.518501964
32.3144963
31.607276686
30.356041982
29.145608408
0.0
173.07840066
166.19660973999999
161.91249094
160.10364076
161.35487546
169.67830636
186.28436692
190.41888162
190.5004839
195.73662912
201.14957926
206.20891956
210.5202392
215.18516854
218.3268557
219.7004938
219.98610173999998
218.61246364
219.72769454000002
217.63323648
213.93393384
206.68493282
195.35581856
182.35385792
0.0
1004.76866888
1000.82455956
998.89330608
998.5532965599999
1001.2189708000001
1009.1343899999999
1024.23080888
1035.36951812
1028.70533284
1025.1284335999999
1023.0611766400001
1015.5809689600001
1012.6568881200001
1014.356935
1015.82577584
1018.81785868
1022.9251726
1025.08763276
1033.42466376
1035.32871668
1035.65512592
1030.4189806
1019.7154834400001
1012.3440792
0.0
221.53654472
212.73710066
207.25614864
204.94408446
206.53532868000002
217.1980244
238.45541396000002
243.73236036000003
243.85476375999997
250.55974976
257.46874135999997
263.95612134
269.4778745
275.44844008
279.46055134
281.22860038
281.58221019999996
279.82776154
281.25580112
278.57652684
273.84359556000004
264.5545379
250.05653576
233.40967406
0.0
300.79954322
290.58565992
286.05673432000003
285.55352036
292.01369955999996
313.3118903
345.53118396
358.70994948
355.71786652000003
352.79378538000003
350.95773446
349.63849788
349.50249408
351.31134426000006
354.11302195999997
358.3971408
365.5917404
377.61447388
387.31154277999997
384.9994787
377.96808364000003
363.36127848
341.21986438
318.33042946
0.0
595.56051898
593.2212540600001
592.07882236
591.8748167399999
593.46606086
598.158191
607.10723924
613.70342218
609.7593128000001
607.6376539400001
606.41362002
601.96629664
600.23904872
601.25907702
602.1159007800001
603.89755022
606.33201776
607.6104531999999
612.5473901400001
613.68982184
613.86662672
610.77934108
604.42796496
600.0622438400001
0.0
105.498126184
102.669247704
101.350011112
101.44521376
103.743677508
110.815873708
121.24736302
125.24587394
125.40907848
124.67465812
124.19864486
123.13781548
122.22659014
122.26739132
122.41699546000001
122.02258452
122.74340454
126.3475045
128.41476183999998
128.16995504
127.1091256
123.36902188
117.87446946
110.598267668
0.0
406.02566190000005
394.34293784
389.73240992
391.0380462
403.22398416
433.47122316
478.92368382
498.19541838
495.09453236
492.22485274
489.87198751999995
486.74390072
483.01739739999994
481.72536156
480.18851892
480.5013276
487.32871697999997
504.24758622
514.84228012
513.1150322000001
505.52602166
488.07673774
459.23033757999997
429.86712314
0.0
137.6766187
133.01168936
130.93083158000002
130.69962518
133.6645074
143.40237754
158.15878682
164.18375394
162.82371622
161.47727886
160.6340555
160.03563888000002
159.96763696
160.79725997999998
162.08929582000002
164.04775014
167.33904144000002
172.83359386
177.28091724
176.22008776
172.99679834
166.31901313999998
156.18673216
145.70084128000002
0.0
516.66473064
502.57473983999995
494.65932028
493.68009312000004
504.0299802
531.8699524
569.71980224
582.7217628799999
589.1003398
599.81743704
610.94254562
618.98036858
623.2100859
630.676693
634.22639144
635.91283822
634.38959596
637.64008612
634.78400692
629.03104734
618.4091527600001
598.62060386
569.03978336
537.99012218
0.0
576.80559878
569.1621867599999
567.06772864
569.97820938
582.20494852
612.506589
661.71275382
681.71890874
681.01168912
676.2379567
670.55299902
662.89598666
653.38932298
652.47809768
649.785223
649.21400714
655.36137764
670.5257982799999
682.7117362399999
682.73893702
675.6395401
656.15019958
626.02536394
598.68860574
0.0
1919.611644
1912.0770346
1908.3913326
1907.7249144000002
1912.8250556
1927.948675
1956.7950753999999
1978.0660653999998
1965.363313
1958.508723
1954.5646136
1940.2570168
1934.6944620000002
1937.9449522
1940.7330294
1946.4587886000002
1954.3062066
1958.4407208
1974.3531623999997
1978.011664
1978.6100806
1968.6274038000001
1948.1724366
1934.0960454
0.0
336.70453912
327.02107056
323.21296492
324.2873947
334.39247498
359.47157058
397.15821592
413.15225952
410.58178824000004
408.20172224
406.24326792
403.64559584
400.55831022
399.4974808
398.2190453
398.4774525
404.13520946
418.15719834
426.94304206
425.51500242000003
419.21802782
404.74722646
380.8377632
356.47948762
0.0
618.16434596
597.17896384
587.87630588
586.8290767999999
600.11664532
643.8690589
710.08929562
737.16764672
731.02027622
725.0089095000001
721.2280046000001
718.53512992
718.23592164
721.97602536
727.72898492
736.54202938
751.31203906
776.01032406
795.96207744
791.20194548
776.74474442
746.7423122800001
701.24905044
654.17814486
0.0
429.43191106
417.72198626
411.13940372
410.33698144000005
418.93241988
442.0666615
473.52433406
484.33663398
489.62718071999996
498.54902818
507.78368432
514.46146952
517.9839672200001
524.1993396
527.13702114
528.53785998
527.27302488
529.97949996
527.6130343
522.8121012
513.9990567
497.54260028
472.96671858
447.15320258
0.0
569.24378902
552.86893482
546.4223560400001
548.2448065599999
565.32688038
607.7464569399999
671.45062396
698.47457348
694.13605316
690.1103415
686.8054498199999
682.42612836
677.18998308
675.39473334
673.2458737
673.6810858199999
683.24215098
706.9612088599999
721.81282082
719.39195368
708.7564586999999
684.28938006
643.8418581200001
602.6735162599999
0.0
572.3310747
552.90973596
544.30069718
543.32147006
555.6298114199999
596.1317348
657.44223542
682.5213310199999
676.82277292
671.26021864
667.7649217200001
665.2624522599999
664.99044472
668.44494056
673.77628844
681.9365147999999
695.61849426
718.4807284
736.95004066
732.54351846
719.16074722
691.3751766
649.2548083199999
605.67919966
0.0
81.235053204
78.011763798
75.99890797200001
75.14208420199999
75.72690043
79.64380907
87.43682522200001
89.368078786
89.40887992
91.870548198
94.413818768
96.793884764
98.806740572
100.996401332
102.478842412
103.118060192
103.254063928
102.601245864
103.131660536
102.15243337999999
100.41158510400001
97.011490804
91.693743298
85.587173916
0.0
15.110019108
14.86521231
14.783610051999998
14.824411181999999
15.055617594000001
15.681234946
16.864467766
17.435683609999998
17.25887871
17.0820738
16.837267011999998
16.619660974
16.483657208
16.456456447999997
16.470056827999997
16.55165909
16.769265124
17.027672292
17.367681722
17.340480968
17.231677956
16.864467766
16.198049286
15.545231176000001
0.0
923.2616086
898.1009105
883.95651816
882.21566986
900.71218292
950.4487626
1018.0698382800001
1041.32648328
1052.70999884
1071.8729302
1091.7430816800002
1106.1050798400001
1113.6804901199998
1127.0224598
1133.36023588
1136.35231872
1133.6458436399998
1139.46680532
1134.3666634800002
1124.05757812
1105.09865224
1069.72407092
1016.87300492
961.39706608
0.0
1297.8975998
1262.5230184
1242.639267
1240.1911994000002
1266.1951199999999
1336.1146595999999
1431.1812964
1463.8630028
1479.8706466
1506.8129944
1534.748169
1554.9311288
1565.580224
1584.3351446
1593.2433918000002
1597.4595086
1593.6514026
1601.8388298
1594.6578306
1580.173429
1553.5166896
1503.7937106
1429.4812494
1351.496686
0.0
871.75697976
847.9971207399999
834.64155034
832.9959047
850.45878906
897.42089162
961.2746629200001
983.22567168
993.96996972
1012.0720717199999
1030.82699212
1044.38656812
1051.54036664
1064.14791616
1070.11848156
1072.96096068
1070.39048904
1075.8986418
1071.0705080399998
1061.34623848
1043.43454168
1010.0456156
960.1322312799999
907.75717832
0.0
350.97133486
345.36797942
343.45032624
344.19834693999996
349.54329522
364.25890338
391.65006316
404.99203322
400.96632156
396.76380498
390.9020424
386.08750886
382.75541644
382.3474051
382.64661338
384.29225908
389.41960124
395.430968
403.52319244
402.84317362
400.34070416
391.59566164
376.09123158
361.02201362
0.0
169.01188782
162.30690188
158.1179857
156.34993664
157.56037021999998
165.70699618
181.91864584
185.9443575
186.03956016
191.15330197999998
196.43024834
201.38078567999997
205.58330226
210.13942859999997
213.19951348
214.5459508
214.81795834000002
213.48512141999998
214.57315158
212.533095
208.91539468000002
201.8295981
190.77249144
178.06973908
0.0
242.08671472
232.47124804
226.48708206
223.95741186
225.69826018
237.35378344000003
260.58322778
266.34978774
266.47219114
273.80279443999996
281.36460418
288.45040072
294.47536782
301.00354888
305.38287033999995
307.31412388
307.70853488
305.79088168
307.35492506
304.43084398
299.24910024
289.1032188
273.25877934
255.07507496
0.0
327.40188106000005
314.39992046
306.29409564
302.8668006
305.2332662
320.98250306
352.41297484
360.20599094
360.38279592000004
370.28387054
380.51135418
390.09962012
398.24624614000004
407.07289094
413.00265537999996
415.6139278
416.14434254
413.54667052
415.66832932
411.6970192
404.70642528
390.98364462
369.54945018
344.95996814
0.0
48.825354262000005
48.05013276
47.778125212
47.886928233999996
48.634948982
50.675005568
54.483111186
56.346362872
55.788747408
55.20393118
54.387908550000006
53.707889683999994
53.245476862000004
53.191075354
53.231876488
53.463082896
54.18390289
55.0135259
56.142357212
56.04715457
55.693544766
54.483111186
52.32065121
50.226193116
0.0
19.258134161999998
18.999726994
18.931725106000002
19.026927748
19.434939066
20.454967355999997
22.087012624
22.75343111
22.73983073
22.576626204
22.38622092
22.127813758000002
21.815005082
21.787804328
21.692601686
21.679001306
21.883006969999997
22.38622092
22.794232238
22.794232238
22.56302583
21.910207724000003
20.903779804
19.99255453
0.0
473.75554052
460.11436214
454.75581346
456.26545536000003
470.49144992000004
505.78442885999993
558.81229966
581.30732364
577.68962332
574.3303301000001
571.5966542799999
567.9381528399999
563.58603212
562.08999062
560.29474082
560.66195098
568.61817168
588.35231904
600.72866232
598.7158064800001
589.8483605399999
569.48859582
535.8412625799999
501.56831193999994
0.0
60.84808773
59.882460948
59.542451518
59.678455294
60.603280942000005
63.160151862000006
67.906683518
70.218747646
69.525128406
68.79070803799999
67.770679748
66.94105673199999
66.35624051399999
66.28823862600001
66.34264013399999
66.62824805599999
67.51227258
68.559501624
69.960340478
69.851537462
69.41632539
67.893083144
65.200208448
62.588936024
0.0
154.07867364
149.64495066
147.9041024
148.39371596
153.01784422
164.49656262
181.74184092
189.05884392
187.87561108
186.78758092
185.90355635999998
184.7067232
183.29228396000002
182.81627074
182.23145452
182.34025758
184.9379296
191.35730766
195.36941896000002
194.71660082
191.83332086
185.20993714
174.27523388
163.1229245
0.0
141.49832474
136.69739154
134.56213234
134.31732554
137.36381003999998
147.37368766
162.53810834
168.72627993999998
167.32544104
165.95180298
165.08137888
164.46936188
164.40136
165.25818376
166.57742034
168.59027614000001
171.9767701
177.62092666
182.19065344
181.10262322
177.78413114
170.92954106
160.5116521
149.74015332
0.0
75.182885336
72.190802348
70.327550668
69.55232916
70.08274387
73.700444214
80.922244528
82.71749432000001
82.74469508
85.029558452
87.368823334
89.57208445
91.44893651000001
93.475392704
94.835430448
95.433847016
95.556250412
94.95783384399999
95.44744742
94.53622216400001
92.93137762799999
89.77609010399999
84.85275354800001
79.208596998
0.0
603.9927528799999
587.84910504
580.2600946
580.80410968
593.95567446
634.48479858
694.17685424
717.0934899399999
718.03191592
713.8021986
711.05492244
704.9891542
699.80741046
700.03861686
700.90904102
698.6105772799999
702.7450919400001
723.41766534
735.2091924
733.80835356
727.7833863999999
706.3491919
674.877919
633.23356388
0.0
653.26691958
634.45759784
627.07259302
629.1534507399999
648.76519472
697.44094484
770.54297248
801.5654329199999
796.58769484
791.9635665799999
788.16906134
783.13692178
777.13915536
775.07189808
772.59662942
773.1134437600001
784.07534776
811.28970266
828.34457564
825.57009874
813.35695994
785.28578138
738.8676939
691.61998336
0.0
1119.51505212
1081.51559804
1064.66473056
1062.7606776
1086.8333456
1166.0691428
1285.9972698
1335.04023
1323.9015204
1313.0076188
1306.1802296
1301.2840935999998
1300.7536792
1307.5130662000001
1317.9309552
1333.8977982
1360.6633406
1405.3949810000001
1441.5175828000001
1432.894944
1406.7006176
1352.3671104
1269.976025
1184.7424612
0.0
1191.678653
1159.1873524
1140.93564616
1138.69158372
1162.5602456000001
1226.7540266
1314.054848
1344.0572798
1358.745687
1383.4983742
1409.1350852
1427.6723992
1437.4374699999998
1454.6691477999998
1462.842975
1466.7190822000002
1463.210185
1470.7311934
1464.1486106
1450.8474418
1426.366763
1380.7238969999999
1312.4908044
1240.884818
0.0
95.51544932
91.720944052
89.35447841199999
88.36165087
89.041669736
93.638597248
102.80525150400001
105.076514504
105.130916
108.02779638
111.006278944
113.807956676
116.17442234
118.75849402
120.48574187999999
121.24736302
121.39696716
120.63534602
121.26096342000001
120.10493134
118.06487474
114.052763464
107.81019034
100.629191148
0.0
1338.3043202
1301.8145084
1281.3187398
1278.7890696
1305.595413
1377.7046132
1475.7361324
1509.4242668
1525.9215239999999
1553.7206958
1582.512694
1603.3212712
1614.310376
1633.6501122
1642.8303667999999
1647.1824876
1643.2519786
1651.6978132
1644.2856074000001
1629.3523931999998
1601.8796312
1550.606209
1473.9816836
1393.5626531999999
0.0
2.1488596026
2.0808577166
2.053656962
2.0672573389999997
2.1216588484
2.2848633752
2.5296701649999997
2.6248728058
2.6112724286
2.597672051
2.5840716743999996
2.5704712968
2.5432705426
2.5432705426
2.5296701649999997
2.5296701649999997
2.5704712968
2.665673937
2.7200754464
2.7064750687999997
2.665673937
2.5704712968
2.4208671472
2.2712629976
0.0
114.10716496
110.244657828
108.51740996000001
108.327004664
110.775072556
118.85369662
131.08043578000002
136.08537453999998
134.9429429
133.84131238
133.13409276
132.64447916
132.59007762
133.2700965
134.33092594
135.96297118
138.69664699999998
143.2527734
146.93847558
146.05445108
143.38877714
137.85342364000002
129.44839052
120.75774942000001
0.0
1789.9728479999999
1741.1882952
1713.7563344
1710.3834405999999
1746.2340352
1842.6743098
1973.7819468
2018.8535966
2040.9270088
2078.0968398
2116.613108
2144.4394801999997
2159.1278878000003
2185.0094054
2197.2769454
2203.1115072000002
2197.8481616
2209.1364746
2199.2354
2179.2700458
2142.508226
2073.9215243999997
1971.4426818
1863.8908984
0.0
362.76286192
352.87538764
347.3264337
346.63281452
353.90901634
373.45275838
400.01429514
409.15374866
413.62827274000006
421.16288174
428.96949824
434.60005446
437.57853708
442.82828264
445.31715166000004
446.50038454
445.42595472
447.71081806
445.7115626
441.65865026
434.21924386
420.31965837999996
399.53828192000003
377.75047761999997
0.0
433.87923444
419.16362624
412.62184484
411.88742448
421.21728322
451.92693504
498.41302438
517.4127514
513.1014318
508.87171448000004
506.23324128
504.32918854
504.12518281999996
506.75005567999995
510.78936768000005
516.97753932
527.3410268
544.68150772
558.6898962600001
555.34420354
545.18472172
524.13133778
492.19765199999995
459.16233572
0.0
113.032735156
109.945449544
108.218201616
108.00059557200001
110.271858576
116.35122722
124.63385694
127.4763358
128.8771746
131.23003992
133.65090706
135.4189561
136.34378174
137.97582704
138.75104848
139.11825868
138.77824928
139.49906928000001
138.87345188
137.60861684
135.2965527
130.95803238
124.4842528
117.69766454
0.0
86.49839919
84.009530158
83.030302996
83.315910918
85.913582972
92.346561404
102.03002998400001
106.137343904
105.48452578000001
104.87250880799999
104.369294884
103.70287641600001
102.914054492
102.628446612
102.30203752
102.37003942
103.82527981199999
107.429379752
109.687042348
109.31983216399999
107.701387288
103.988484296
97.84111382
91.584940276
0.0
127.51713694
125.4770803
124.76986068
125.05546862
126.9867222
132.34527082
142.28714658
147.1424813
145.67364054
144.15039824
142.01513904
140.27429078
139.05025682
138.91425302
139.02305608
139.62147263999998
141.48472434
143.66078468
146.59846616
146.35365936
145.44243412
142.27354624
136.64299002
131.16203804
0.0
124.90586448
121.50577018
119.58811698
119.35691058
121.85937998
128.57796632
137.73102024000002
140.87270733999998
142.42315037999998
145.00722204
147.70009678
149.64495066
150.66497900000002
152.47382914
153.33065290000002
153.73866424
153.37145408
154.16027592
153.46665664
152.07941824
149.50894692
144.72161416
137.56781569999998
130.06040747999998
0.0
713.51659072
694.06805128
683.1469483200001
681.800511
696.0809070800001
734.5291735200001
786.79542318
804.7615215400001
813.5609656
828.3717764200001
843.72660234
854.8245101800001
860.67267236
870.99535866
875.8778941200001
878.2035586
876.10910048
880.6108254000001
876.66671596
868.69689492
854.04928864
826.71253038
785.8569972
742.98860816
0.0
399.18467211999996
387.70595372
383.17702812
384.45546356
396.43739596
426.18142090000003
470.85866011999997
489.8039856
486.75750116
483.94222302000003
481.6301589
478.54287328000004
474.88437182
473.61953672
472.10989481999997
472.4227035
479.12768954
495.76095084
506.1788398
504.47879267999997
497.01218554
479.86210989999995
451.49172296
422.63172246
0.0
479.84850950000003
467.02335374
460.99838664
461.43359871999996
471.87868842
504.07078134
551.4952967199999
569.70620184
570.4542226
567.09492942
564.9052687000001
560.09073516
555.96982084
556.1602261200001
556.840245
555.01779442
558.30908576
574.73834144
584.09540098
582.9801700200001
578.2064376200001
561.1651649800001
536.1676716
503.07795378000003
0.0
299.5755093
290.95287012
287.56637622000005
288.51840264
297.50825192
319.84007136
353.3650012
367.5909958
365.30613245999996
363.18447360000005
361.4436253
359.13156116
356.38428496
355.44585897999997
354.30342728000005
354.53463364000004
359.56677324
372.05191954
379.87213648
378.59370104
372.99034556
360.12438871999996
338.83979832
317.17439742
0.0
789.82830738
768.2989102199999
756.19457448
754.6985329199999
770.52937204
813.0713519999999
870.92735674
890.8247086399999
900.56257878
916.96463372
933.95150488
946.2326458
952.7200256
964.1307417600001
969.5436919200001
972.1141635600001
969.80209912
974.7798372
970.41411608
961.60107156
945.37582192
915.1149824
869.8937281
822.44201198
0.0
597.47817216
580.28729534
573.51430748
575.43196066
593.35725786
637.87129254
704.7443473999999
733.11473428
728.55860794
724.32889062
720.8743948
716.26386692
710.7693145000001
708.89246244
706.6211994
707.08361226
717.12069068
742.009381
757.6090136600001
755.06574312
743.8998334600001
718.2223212399999
675.7755439
632.56714544
0.0
418.98682136
406.93688714
402.19035548
403.53679284
416.1035414
447.33000756
494.2241082
514.10785976
510.91177108000005
507.94688885999994
505.52602166
502.2891319
498.44022518
497.12098860000003
495.52974448000003
495.8561535
502.9011489
520.35043288
531.2851361400001
529.50348674
521.66966946
503.66277
473.90514465999996
443.5899038
0.0
145.48323526
139.7166753
136.11257532
134.58933308000002
135.63656212
142.64075644000002
156.60834384
160.06283962
160.14444194
164.55096414
169.09349013999997
173.3504082
176.96810856000002
180.89861756000002
183.52349035999998
184.69312280000003
184.9243292
183.76829716
184.7067232
182.95227454000002
179.83778812
173.74481914
164.22455508
153.28985175999998
0.0
1361.6017664
1322.4326804
1307.0098522
1311.361973
1352.231107
1453.6763208
1606.0685475999999
1670.7111402
1660.3340526
1650.6913848
1642.8031664
1632.3036752
1619.8049286
1615.5072092
1610.3526662
1611.3998954
1634.2621292
1691.0029032
1726.5406888
1720.746928
1695.2870222
1636.7781989999999
1540.038716
1441.5583842
0.0
437.21132688
425.2973964
418.59241042
417.77638784
426.53503076000004
450.09088412
482.10617210000004
493.12247768000003
498.50822703999995
507.59327903999997
517.0047400599999
523.79132832
527.38182794
533.70600332
536.6980863399999
538.12612592
536.83409008
539.5949666399999
537.1740995
532.30516448
523.3289155
506.57325074
481.53495627999996
455.27262786
0.0
1023.65959336
995.75161888
980.0703842
978.1391307199999
998.6484991599999
1053.7844284799999
1128.776909
1154.5496232
1167.1707738
1188.4281632
1210.447174
1226.3732155999999
1234.7646484000002
1249.5618592
1256.593254
1259.9117459999998
1256.9060628
1263.366242
1257.708485
1246.2841680000001
1225.2579852
1186.0480974
1127.43047132
1065.92956536
0.0
86.6752041
84.172734688
83.193507526
83.465515068
86.076787502
92.52336629599999
102.23403562
106.341349604
105.68853148
105.076514504
104.573300524
103.893281652
103.104459788
102.832452252
102.50604322
102.57404505599999
104.029285448
107.633385388
109.891048048
109.523837864
107.905392924
104.178889592
98.03151911200001
91.76174517999999
0.0
693.3880324
669.8457794000001
659.41429008
658.23105726
673.13707074
722.22083216
796.49249218
826.87573492
819.98034366
813.2209562
808.9912388800001
805.97195512
805.6455461
809.82086184
816.28104108
826.1685153000001
842.73377478
870.43774318
892.8239641
887.4790159199999
871.25376586
837.60643256
786.57781722
733.78115282
0.0
812.85374604
789.47469752
780.26724212
782.86491424
807.26399096
867.8264708199999
958.79939388
997.39726464
991.1954926
985.44253292
980.7368023199999
974.4670288799999
967.00042144
964.4299503999999
961.35626524
961.9818824800001
975.6366610800001
1009.50160068
1030.71818868
1027.26369316
1012.0584714400001
977.13270252
919.38550086
860.59107004
0.0
128.15635464000002
124.7290596
123.11061474
123.23301814000001
126.02109544
134.61653382
147.29208544
152.14742006
152.35142574000002
151.45380083999999
150.86898462
149.57694878
148.48891862
148.5297197
148.72012502
148.23051142000003
149.10093558
153.49385748
155.99632684
155.69711855999998
154.41868305999998
149.86255672
143.19837186
134.35812668
0.0
86.716005228
84.36313996800001
83.030302996
82.867098476
84.60794676
89.272876148
95.62425231200001
97.813913072
98.874742472
100.683592644
102.546844308
103.893281652
104.61410167599999
105.865336368
106.450152596
106.735760536
106.47735334
107.03496882
106.54535524
105.579728428
103.798079004
100.479587004
95.51544932
90.306504818
0.0
792.6707862000001
761.1859129000001
741.5741689199999
733.27793882
738.99009726
777.13915536
853.20606522
872.08338888
872.5050005600001
896.49606594
921.24875252
944.46459632
964.18514348
985.5785369600001
999.9133345600001
1006.2239094399999
1007.5159454000001
1001.2189708000001
1006.3463126
996.7716474
979.8255773200001
946.5998558800001
894.72801694
835.15836468
0.0
235.64013592
226.28307634
220.44851456
217.98684628
219.68689346
231.02960806
253.63343497999998
259.2503908
259.37279416
266.51299222
273.87079630000005
280.76618756
286.62795014
292.99292672
297.24984478
299.12669688
299.50750738
297.64425572
299.16749796
296.31141874
291.27927913999997
281.40540532
265.98257754
248.27488635999998
0.0
1592.6993766
1546.8661052
1528.8320052
1533.9321464
1581.7238722
1700.3871634
1878.6473078
1954.2518048000002
1942.1066678000002
1930.8455556
1921.6108998000002
1909.3433592000001
1894.7093534
1889.6772138000001
1883.6522464
1884.8762804
1911.6282224
1977.9844632
2019.5472158
2012.7878283999999
1983.0030022
1914.565904
1801.4107654
1686.2155705999999
0.0
207.16094598
201.20398074
198.86471588
199.51753395999998
205.74650674
221.16933452
244.35797772
254.19105046
252.61340674
251.15816632000002
249.9477328
248.35648858
246.45243584000002
245.79961770000003
245.01079586
245.17400034
248.65569696
257.27833608000003
262.69128624
261.80726174
257.93115418
249.03650746
234.3208993
219.3332836
0.0
1022.57156284
994.7043898400001
979.03675544
977.10550192
997.5876698
1052.669198
1127.58007564
1153.3255892
1165.9331394
1187.1633284
1209.1687388
1225.0675793999999
1233.4590118
1248.2426226
1255.260417
1258.578909
1255.5732258
1262.0334044
1256.375648
1244.9649313999998
1223.965949
1184.783262
1126.23363792
1064.800734
0.0
995.72441832
967.08202376
955.8073110400001
958.98979964
988.86982788
1063.05988564
1174.501377
1221.7762883999999
1214.1872778
1207.142282
1201.362122
1193.6915092
1184.552056
1181.3967684
1177.6294638
1178.404685
1195.119549
1236.6143000000002
1262.5910202
1258.3613028
1239.7423862
1196.9556
1126.20643736
1054.20604028
0.0
455.00062026
436.92571894
425.678207
420.9044746
424.1821655
446.0787728
489.74958411999995
500.58908478
500.82029118
514.5974733200001
528.80986752
542.12463684
553.45375104
565.72129132
573.9631199
577.58082026
578.3152406199999
574.7111407
577.64882214
572.15426972
562.43000002
543.36227114
513.57744502
479.38609664
0.0
37.958652854
37.346635878
37.142630218
37.224232486
37.795448324000006
39.386692462
42.351574696
43.793214684
43.358002612
42.90919017
42.269972433999996
41.753158104
41.385947914
41.345146786
41.385947914
41.56275282
42.106767908
42.759586014
43.643610538
43.562008276
43.290000727999995
42.351574696
40.66512792
39.046683032000004
0.0
127.43553462000001
125.7490879
125.28667508000001
125.92589282
128.63236784
135.32375344000002
146.19045488
150.61057748000002
150.46097328000002
149.4001439
148.1489092
146.44886202
144.35440395999998
144.15039824
143.55198167999998
143.42957828
144.78961598
148.13530880000002
150.82818354
150.84178388
149.26414016
144.96642092
138.30223605999998
132.277269
0.0
10.2954855644
10.159481790000001
10.1186806624
10.17308217
10.3906882056
10.9347032912
11.80512744
12.172337624
12.158737244000001
12.077134982
11.96833196
11.832328194
11.669123664
11.64192291
11.601121776
11.587521406
11.696324418
11.96833196
12.185937998
12.185937998
12.063534602
11.709924798
11.1795100868
10.689896502
0.0
14.797210432
14.606805148
14.55240364
14.620405521999999
14.933214198
15.72203608
16.973270784
17.490085118
17.476484744
17.354081348
17.204477196
17.014071918
16.769265124
16.74206437
16.674062482
16.660462108
16.810066258
17.204477196
17.517285872
17.517285872
17.340480968
16.837267011999998
16.06204551
15.368426269999999
0.0
4.1481150556
4.0393120378
3.984910529
3.984910529
4.080113169600001
4.3657210918
4.773732408400001
4.923336558
4.936936935
4.9097361804
4.8825354262000005
4.8417342944
4.814533540199999
4.814533540199999
4.814533540199999
4.8009331626
4.8281339172
4.9777380664
5.0457399534
5.0457399534
5.0049388216
4.855334672
4.6377286358
4.3521207142
