0.0
150.55
139.02
130.19
128.28
128.58
136.76
143.03
151.87
162.29
175.69
189.42
203.33
212.61
218.14
221.65
221.39
220.44
222.01
222.85
218.93
215.06
210.43
198.64
185.13
0.0
170.15
158.95
146.98
138.8
135.34
136.38
142.8
147.55
161.31
174.77
188.22
201.02
210.49
216.53
220.91
222.5
227.11
223.29
221.87
220.09
215.77
213.35
201.47
188.39
0.0
302.56
298.68
296.77
296.07
295.78
296.03
297.8
299.84
302.39
305.82
309.07
310.98
312.52
314.58
316.39
317.66
319.18
318.69
319.07
317.55
315.58
314.72
311.71
308.5
0.0
330.31
315.76
306.33
300.29
299.72
308.63
318.25
319.78
335.31
361.77
385.51
403.35
424.62
444.32
455.25
458.95
460.84
455.79
447.55
435.34
428.17
412.93
392.52
372.73
0.0
56.19
54.4
53.14
52.5
52.18
52.57
53.27
53.59
55.87
58.64
62.59
65.58
68.52
71.21
72.96
73.04
73.36
72.36
71.55
70.1
69.94
68.28
65.19
60.69
0.0
901.98
825.18
784.63
757.21
749.9
768.53
813.19
857.83
935.84
1012.9
1084.73
1168.4
1238.89
1302.8
1326.18
1335.93
1359.71
1339.12
1332.68
1316.33
1268.62
1213.66
1127.78
1050.14
0.0
63.38
57.99
55.14
53.21
52.7
54.01
57.15
60.28
65.76
71.18
76.23
82.11
87.06
91.55
93.19
93.88
95.55
94.1
93.65
92.5
89.15
85.29
79.25
73.8
0.0
258.78
238.36
227.46
221.12
218.19
221.24
230.45
234.86
247.72
272.43
297.22
317.75
336.04
349.1
361.67
369.35
381.0
373.38
371.93
357.81
349.45
340.17
316.71
289.06
0.0
321.02
296.44
277.62
273.55
274.18
291.62
305.0
323.83
346.06
374.63
403.92
433.57
453.36
465.16
472.64
472.09
470.07
473.4
475.2
466.84
458.59
448.72
423.58
394.77
0.0
1601.12
1464.8
1392.8
1344.14
1331.16
1364.24
1443.51
1522.75
1661.22
1798.01
1925.53
2074.05
2199.18
2312.63
2354.12
2371.43
2413.65
2377.1
2365.67
2336.64
2251.95
2154.4
2001.94
1864.13
0.0
67.49
61.74
58.71
56.66
56.11
57.51
60.85
64.19
70.02
75.79
81.16
87.43
92.7
97.48
99.23
99.96
101.74
100.2
99.72
98.49
94.92
90.81
84.39
78.58
0.0
733.47
724.06
719.42
717.72
717.03
717.63
721.93
726.86
733.04
741.37
749.25
753.87
757.6
762.6
767.0
770.07
773.76
772.57
773.5
769.8
765.02
762.95
755.63
747.86
0.0
1185.2
1084.29
1031.0
994.98
985.37
1009.86
1068.54
1127.2
1229.69
1330.95
1425.34
1535.28
1627.91
1711.89
1742.6
1755.41
1786.67
1759.61
1751.15
1729.66
1666.97
1594.76
1481.9
1379.89
0.0
156.16
154.16
153.17
152.81
152.66
152.79
153.71
154.76
156.07
157.85
159.52
160.51
161.3
162.37
163.3
163.96
164.74
164.49
164.69
163.9
162.88
162.44
160.88
159.23
0.0
66.17
60.95
58.16
56.54
55.79
56.57
58.93
60.05
63.34
69.66
76.0
81.25
85.93
89.26
92.48
94.44
97.42
95.47
95.1
91.49
89.35
86.98
80.98
73.91
0.0
15.65
14.62
13.52
12.77
12.45
12.55
13.14
13.57
14.84
16.08
17.31
18.49
19.36
19.92
20.32
20.47
20.89
20.54
20.41
20.25
19.85
19.63
18.53
17.33
0.0
271.97
250.52
239.06
232.4
229.32
232.52
242.21
246.84
260.36
286.33
312.38
333.95
353.18
366.9
380.12
388.19
400.43
392.42
390.9
376.06
367.28
357.52
332.86
303.8
0.0
194.56
188.39
184.01
181.81
180.68
182.06
184.48
185.58
193.47
203.08
216.74
227.09
237.28
246.59
252.67
252.94
254.02
250.58
247.78
242.76
242.19
236.45
225.73
210.17
0.0
130.77
126.62
123.67
122.19
121.44
122.36
123.99
124.73
130.03
136.49
145.68
152.63
159.48
165.73
169.82
170.01
170.73
168.42
166.54
163.16
162.78
158.92
151.72
141.26
0.0
725.66
663.87
631.24
609.19
603.3
618.3
654.23
690.14
752.89
814.89
872.68
940.0
996.71
1048.13
1066.93
1074.77
1093.91
1077.34
1072.16
1059.01
1020.62
976.41
907.31
844.85
0.0
198.36
189.65
182.53
178.39
176.32
177.7
182.15
182.95
192.28
204.68
214.94
229.59
238.88
245.95
253.27
256.96
265.61
258.49
258.3
253.59
247.69
244.64
232.36
215.88
0.0
131.78
125.99
121.26
118.51
117.13
118.05
121.01
121.54
127.74
135.98
142.79
152.52
158.7
163.39
168.26
170.71
176.46
171.73
171.6
168.47
164.55
162.53
154.36
143.42
0.0
219.33
202.03
192.78
187.41
184.93
187.52
195.32
199.06
209.96
230.9
251.92
269.31
284.82
295.88
306.54
313.05
322.92
316.46
315.24
303.27
296.18
288.32
268.43
245.0
0.0
229.66
211.54
201.86
196.24
193.64
196.35
204.52
208.43
219.85
241.78
263.78
281.99
298.23
309.82
320.97
327.79
338.13
331.36
330.08
317.55
310.13
301.89
281.07
256.53
0.0
356.47
345.17
337.13
333.1
331.04
333.56
337.99
340.01
354.47
372.07
397.11
416.06
434.73
451.79
462.93
463.43
465.41
459.1
453.98
444.78
443.73
433.22
413.58
385.06
0.0
613.0
605.14
601.26
599.84
599.27
599.76
603.36
607.48
612.65
619.61
626.19
630.05
633.17
637.35
641.02
643.59
646.67
645.68
646.46
643.37
639.37
637.64
631.53
625.03
0.0
1546.11
1414.48
1344.96
1297.96
1285.43
1317.37
1393.92
1470.44
1604.15
1736.24
1859.38
2002.8
2123.63
2233.18
2273.25
2289.96
2330.73
2295.44
2284.4
2256.37
2174.59
2080.39
1933.17
1800.09
0.0
80.34
76.81
73.93
72.25
71.41
71.97
73.78
74.1
77.88
82.9
87.06
92.99
96.76
99.62
102.58
104.08
107.58
104.7
104.62
102.71
100.32
99.09
94.11
87.44
0.0
1609.5
1482.53
1414.69
1375.28
1357.06
1376.04
1433.33
1460.76
1540.75
1694.43
1848.63
1976.28
2090.08
2171.27
2249.45
2297.23
2369.67
2322.26
2313.28
2225.44
2173.48
2115.74
1969.8
1797.85
0.0
259.44
248.03
238.73
233.31
230.6
232.41
238.23
239.28
251.48
267.7
281.12
300.27
312.43
321.67
331.25
336.07
347.39
338.08
337.82
331.67
323.94
319.96
303.89
282.34
0.0
60.43
58.51
57.15
56.47
56.12
56.54
57.29
57.64
60.09
63.07
67.32
70.53
73.69
76.58
78.47
78.56
78.89
77.82
76.96
75.4
75.22
73.44
70.11
65.27
0.0
481.63
466.36
455.5
450.05
447.26
450.67
456.66
459.38
478.92
502.71
536.53
562.14
587.37
610.41
625.47
626.14
628.81
620.29
613.37
600.94
599.52
585.32
558.78
520.26
0.0
410.88
378.47
361.15
351.09
346.44
351.28
365.91
372.91
393.33
432.56
471.93
504.51
533.56
554.29
574.25
586.45
604.94
592.84
590.54
568.12
554.86
540.12
502.86
458.96
0.0
313.28
299.51
288.27
281.73
278.46
280.64
287.67
288.94
303.67
323.26
339.46
362.59
377.28
388.43
400.0
405.82
419.49
408.25
407.94
400.5
391.18
386.37
366.97
340.94
0.0
152.96
142.89
132.13
124.77
121.66
122.6
128.37
132.64
145.02
157.12
169.2
180.71
189.22
194.65
198.59
200.03
204.17
200.73
199.45
197.86
193.97
191.8
181.12
169.36
0.0
31.4
28.93
27.6
26.83
26.48
26.85
27.97
28.5
30.06
33.06
36.07
38.56
40.78
42.36
43.89
44.82
46.23
45.31
45.13
43.42
42.41
41.28
38.43
35.08
0.0
383.78
351.11
333.85
322.19
319.07
327.0
346.0
365.0
398.19
430.98
461.54
497.14
527.14
554.33
564.27
568.42
578.54
569.78
567.04
560.08
539.78
516.4
479.86
446.82
0.0
85.58
82.86
80.93
79.96
79.47
80.07
81.14
81.62
85.09
89.32
95.33
99.88
104.36
108.46
111.13
111.25
111.73
110.21
108.98
106.77
106.52
104.0
99.28
92.44
0.0
238.25
227.75
220.95
216.59
216.18
222.61
229.55
230.65
241.85
260.94
278.06
290.93
306.27
320.48
328.36
331.03
332.39
328.75
322.8
314.0
308.83
297.84
283.12
268.84
0.0
141.8
129.72
123.35
119.04
117.89
120.82
127.84
134.86
147.12
159.23
170.53
183.68
194.76
204.81
208.48
210.01
213.75
210.52
209.5
206.93
199.43
190.79
177.29
165.09
0.0
62.14
59.41
57.18
55.88
55.23
55.67
57.06
57.31
60.23
64.12
67.33
71.92
74.83
77.05
79.34
80.5
83.21
80.98
80.92
79.44
77.59
76.64
72.79
67.63
0.0
394.54
360.94
343.2
331.21
328.01
336.17
355.7
375.23
409.34
443.05
474.47
511.07
541.91
569.86
580.08
584.35
594.75
585.75
582.93
575.78
554.91
530.87
493.3
459.34
0.0
68.72
63.3
60.41
58.72
57.95
58.76
61.2
62.37
65.79
72.35
78.93
84.39
89.24
92.71
96.05
98.09
101.18
99.16
98.78
95.02
92.81
90.34
84.11
76.77
0.0
14.34
13.24
12.4
12.22
12.25
13.02
13.62
14.46
15.46
16.73
18.04
19.36
20.25
20.77
21.11
21.08
20.99
21.14
21.22
20.85
20.48
20.04
18.92
17.63
0.0
239.26
220.39
210.3
204.44
201.74
204.56
213.07
217.15
229.04
251.89
274.81
293.79
310.7
322.77
334.4
341.5
352.27
345.22
343.88
330.83
323.1
314.52
292.82
267.26
0.0
140.07
135.63
132.47
130.89
130.07
131.07
132.81
133.6
139.28
146.2
156.04
163.49
170.82
177.52
181.9
182.1
182.88
180.4
178.38
174.77
174.36
170.23
162.51
151.3
0.0
1107.16
1019.83
973.16
946.04
933.51
946.57
985.98
1004.85
1059.87
1165.59
1271.66
1359.47
1437.75
1493.6
1547.38
1580.25
1630.08
1597.47
1591.29
1530.87
1495.12
1455.4
1355.01
1236.73
0.0
33.47
32.0
30.8
30.1
29.75
29.99
30.74
30.87
32.45
34.54
36.27
38.74
40.31
41.5
42.74
43.36
44.82
43.62
43.59
42.79
41.8
41.28
39.21
36.43
0.0
261.71
253.41
247.51
244.55
243.04
244.89
248.14
249.62
260.24
273.17
291.55
305.46
319.17
331.69
339.87
340.24
341.69
337.06
333.3
326.54
325.77
318.06
303.64
282.7
0.0
1379.04
1361.36
1352.64
1349.44
1348.15
1349.27
1357.35
1366.63
1378.25
1393.91
1408.73
1417.41
1424.42
1433.82
1442.09
1447.86
1454.8
1452.56
1454.31
1447.37
1438.38
1434.47
1420.72
1406.12
0.0
335.0
324.38
316.82
313.03
311.09
313.46
317.63
319.53
333.12
349.66
373.19
391.0
408.55
424.57
435.04
435.51
437.37
431.44
426.63
417.98
417.0
407.12
388.66
361.87
0.0
381.92
351.79
335.69
326.34
322.02
326.52
340.12
346.62
365.6
402.07
438.66
468.95
495.95
515.22
533.77
545.11
562.3
551.05
548.92
528.08
515.74
502.04
467.41
426.61
0.0
817.42
806.93
801.76
799.87
799.1
799.77
804.56
810.06
816.94
826.23
835.01
840.15
844.31
849.88
854.78
858.2
862.32
860.99
862.03
857.91
852.58
850.27
842.12
833.46
0.0
137.42
126.9
118.84
117.1
117.37
124.83
130.56
138.62
148.13
160.36
172.9
185.6
194.07
199.12
202.32
202.08
201.22
202.64
203.42
199.84
196.3
192.08
181.32
168.99
0.0
515.36
471.48
448.31
432.65
428.47
439.12
464.63
490.14
534.71
578.74
619.78
667.59
707.86
744.38
757.73
763.3
776.9
765.13
761.45
752.11
724.85
693.45
644.38
600.02
0.0
174.81
161.02
153.65
149.37
147.39
149.46
155.68
158.66
167.35
184.04
200.78
214.65
227.01
235.83
244.32
249.51
257.38
252.23
251.25
241.71
236.07
229.8
213.94
195.27
0.0
645.89
617.42
598.98
587.18
586.06
603.48
622.3
625.29
655.66
707.41
753.81
788.71
830.29
868.8
890.18
897.42
901.12
891.24
875.12
851.25
837.24
807.43
767.53
728.83
0.0
845.59
789.9
730.42
689.76
672.57
677.74
709.66
733.25
801.66
868.56
935.36
999.01
1046.04
1076.06
1097.83
1105.76
1128.66
1109.65
1102.6
1093.76
1072.27
1060.27
1001.24
936.21
0.0
2634.67
2600.87
2584.22
2578.11
2575.64
2577.78
2593.22
2610.96
2633.15
2663.07
2691.38
2707.96
2721.37
2739.32
2755.11
2766.14
2779.39
2775.11
2778.46
2765.2
2748.03
2740.56
2714.3
2686.39
0.0
427.38
390.99
371.78
358.79
355.32
364.15
385.31
406.47
443.43
479.94
513.98
553.62
587.02
617.31
628.38
633.0
644.27
634.51
631.46
623.71
601.11
575.07
534.37
497.59
0.0
784.87
722.95
689.87
670.65
661.77
671.02
698.96
712.34
751.34
826.28
901.48
963.73
1019.22
1058.82
1096.94
1120.24
1155.56
1132.45
1128.07
1085.23
1059.89
1031.74
960.57
876.72
0.0
536.83
513.17
497.85
488.04
487.11
501.59
517.23
519.71
544.96
587.97
626.54
655.54
690.1
722.11
739.88
745.9
748.97
740.76
727.36
707.52
695.88
671.1
637.94
605.77
0.0
722.55
661.03
628.54
606.58
600.72
615.65
651.42
687.18
749.67
811.4
868.95
935.97
992.44
1043.64
1062.36
1070.17
1089.22
1072.73
1067.57
1054.47
1016.25
972.23
903.43
841.24
0.0
726.68
669.36
638.73
620.93
612.71
621.27
647.14
659.53
695.64
765.03
834.65
892.28
943.66
980.32
1015.62
1037.19
1069.89
1048.49
1044.44
1004.78
981.32
955.25
889.35
811.72
0.0
122.84
118.94
116.17
114.78
114.07
114.94
116.47
117.16
122.15
128.21
136.84
143.37
149.81
155.68
159.52
159.7
160.38
158.2
156.44
153.27
152.91
149.28
142.52
132.69
0.0
17.85
17.07
16.43
16.05
15.87
15.99
16.39
16.47
17.31
18.42
19.34
20.66
21.5
22.14
22.79
23.13
23.9
23.26
23.25
22.82
22.29
22.02
20.91
19.43
0.0
1154.19
1103.33
1070.38
1049.29
1047.28
1078.42
1112.04
1117.38
1171.66
1264.13
1347.06
1409.41
1483.73
1552.55
1590.74
1603.68
1610.29
1592.65
1563.83
1521.17
1496.14
1442.88
1371.56
1302.41
0.0
1622.53
1551.02
1504.71
1475.06
1472.24
1516.02
1563.28
1570.79
1647.08
1777.08
1893.66
1981.31
2085.78
2182.53
2236.22
2254.41
2263.7
2238.9
2198.39
2138.42
2103.23
2028.36
1928.11
1830.89
0.0
1089.8
1041.77
1010.66
990.74
988.85
1018.25
1049.99
1055.04
1106.29
1193.6
1271.9
1330.77
1400.94
1465.92
1501.99
1514.21
1520.45
1503.79
1476.58
1436.3
1412.66
1362.37
1295.04
1229.74
0.0
414.63
396.41
381.53
372.87
368.54
371.43
380.73
382.41
401.91
427.83
449.28
479.89
499.33
514.09
529.4
537.11
555.19
540.31
539.91
530.07
517.73
511.36
485.68
451.24
0.0
255.57
247.47
241.71
238.82
237.34
239.14
242.32
243.77
254.14
266.76
284.71
298.3
311.69
323.91
331.9
332.26
333.68
329.15
325.48
318.89
318.13
310.6
296.52
276.07
0.0
366.08
354.47
346.22
342.08
339.96
342.55
347.1
349.17
364.02
382.1
407.81
427.28
446.45
463.96
475.41
475.92
477.95
471.47
466.22
456.76
455.69
444.89
424.73
395.44
0.0
495.08
479.38
468.23
462.62
459.76
463.26
469.41
472.22
492.3
516.75
551.52
577.85
603.78
627.46
642.94
643.63
646.38
637.62
630.51
617.73
616.27
601.67
574.4
534.79
0.0
57.69
55.15
53.08
51.88
51.27
51.68
52.97
53.2
55.92
59.52
62.51
66.77
69.47
71.52
73.65
74.73
77.24
75.17
75.12
73.75
72.03
71.14
67.57
62.78
0.0
28.23
26.37
24.39
23.03
22.45
22.63
23.69
24.48
26.76
29.0
31.23
33.35
34.92
35.93
36.65
36.92
37.68
37.05
36.81
36.52
35.8
35.4
33.43
31.26
0.0
601.33
550.13
523.1
504.82
499.94
512.37
542.14
571.9
623.9
675.28
723.17
778.95
825.95
868.56
884.14
890.64
906.5
892.77
888.48
877.57
845.77
809.13
751.87
700.11
0.0
71.89
68.73
66.15
64.65
63.9
64.4
66.01
66.3
69.68
74.18
77.9
83.2
86.57
89.13
91.79
93.12
96.26
93.68
93.61
91.9
89.76
88.66
84.21
78.23
0.0
195.57
178.92
170.13
164.18
162.6
166.64
176.32
186.0
202.91
219.62
235.2
253.34
268.62
282.48
287.55
289.66
294.82
290.36
288.96
285.41
275.07
263.15
244.53
227.7
0.0
179.65
165.48
157.91
153.51
151.47
153.59
159.99
163.05
171.98
189.13
206.34
220.59
233.29
242.36
251.08
256.42
264.5
259.21
258.21
248.4
242.6
236.16
219.87
200.68
0.0
113.68
110.08
107.52
106.23
105.57
106.37
107.79
108.43
113.04
118.66
126.64
132.69
138.64
144.08
147.63
147.79
148.42
146.41
144.78
141.84
141.51
138.16
131.89
122.8
0.0
786.78
726.54
680.41
670.42
671.97
714.72
747.5
793.67
848.13
918.15
989.95
1062.61
1111.12
1140.04
1158.37
1157.02
1152.07
1160.23
1164.66
1144.15
1123.93
1099.75
1038.13
967.53
0.0
829.19
758.59
721.3
696.1
689.38
706.51
747.56
788.6
860.31
931.15
997.19
1074.11
1138.91
1197.66
1219.15
1228.11
1249.98
1231.05
1225.13
1210.1
1166.24
1115.72
1036.76
965.39
0.0
1421.42
1309.3
1249.38
1214.57
1198.49
1215.24
1265.85
1290.07
1360.71
1496.43
1632.61
1745.35
1845.85
1917.55
1986.6
2028.8
2092.77
2050.9
2042.97
1965.4
1919.5
1868.51
1739.62
1587.77
0.0
1489.74
1424.08
1381.56
1354.33
1351.74
1391.94
1435.33
1442.23
1512.28
1631.63
1738.67
1819.15
1915.07
2003.9
2053.2
2069.9
2078.43
2055.66
2018.46
1963.41
1931.09
1862.35
1770.3
1681.04
0.0
144.43
139.85
136.59
134.96
134.12
135.14
136.94
137.76
143.62
150.75
160.89
168.57
176.14
183.05
187.56
187.76
188.57
186.01
183.94
180.21
179.78
175.52
167.57
156.01
0.0
1673.04
1599.3
1551.55
1520.97
1518.06
1563.2
1611.93
1619.68
1698.35
1832.39
1952.6
2042.98
2150.7
2250.46
2305.82
2324.58
2334.16
2308.59
2266.82
2204.98
2168.69
2091.49
1988.12
1887.87
0.0
2.72
2.49
2.37
2.28
2.26
2.32
2.45
2.59
2.82
3.05
3.27
3.52
3.74
3.93
4.0
4.03
4.1
4.04
4.02
3.97
3.83
3.66
3.4
3.17
0.0
144.89
133.46
127.35
123.8
122.16
123.87
129.03
131.5
138.7
152.53
166.41
177.9
188.15
195.46
202.49
206.8
213.32
209.05
208.24
200.33
195.65
190.46
177.32
161.84
0.0
2237.68
2139.06
2075.19
2034.3
2030.4
2090.78
2155.96
2166.32
2271.54
2450.82
2611.59
2732.49
2876.56
3009.99
3084.03
3109.13
3121.94
3087.73
3031.86
2949.16
2900.62
2797.37
2659.11
2525.03
0.0
453.5
433.52
420.57
412.28
411.49
423.73
436.94
439.04
460.36
496.7
529.28
553.78
582.98
610.02
625.03
630.11
632.71
625.78
614.46
597.7
587.86
566.93
538.91
511.74
0.0
550.89
507.44
484.22
470.73
464.49
470.99
490.6
499.99
527.36
579.96
632.74
676.44
715.39
743.18
769.94
786.29
811.08
794.86
791.78
761.72
743.93
724.17
674.22
615.36
0.0
141.3
135.07
131.04
128.46
128.21
132.02
136.14
136.79
143.44
154.76
164.91
172.55
181.64
190.07
194.74
196.33
197.14
194.98
191.45
186.23
183.16
176.64
167.91
159.45
0.0
109.8
100.45
95.51
92.18
91.29
93.55
98.99
104.43
113.92
123.3
132.05
142.23
150.81
158.59
161.44
162.62
165.52
163.01
162.23
160.24
154.43
147.74
137.29
127.84
0.0
150.64
144.02
138.61
135.47
133.9
134.94
138.32
138.93
146.02
155.44
163.23
174.35
181.41
186.77
192.34
195.14
201.71
196.3
196.15
192.58
188.09
185.78
176.45
163.94
0.0
156.15
149.27
144.81
141.96
141.69
145.9
150.45
151.17
158.51
171.02
182.24
190.68
200.73
210.04
215.21
216.96
217.85
215.47
211.57
205.8
202.41
195.21
185.56
176.2
0.0
891.99
852.68
827.21
810.91
809.36
833.43
859.41
863.54
905.48
976.95
1041.04
1089.23
1146.66
1199.84
1229.36
1239.36
1244.47
1230.83
1208.56
1175.6
1156.25
1115.09
1059.98
1006.53
0.0
506.69
463.55
440.76
425.36
421.26
431.72
456.81
481.89
525.71
569.0
609.35
656.35
695.95
731.85
744.98
750.46
763.82
752.25
748.63
739.45
712.65
681.78
633.53
589.92
0.0
625.07
577.21
540.56
532.62
533.86
567.82
593.87
630.54
673.81
729.44
786.48
844.21
882.74
905.72
920.28
919.21
915.27
921.76
925.28
908.99
892.92
873.71
824.76
768.66
0.0
380.25
347.88
330.78
319.22
316.14
324.0
342.82
361.64
394.53
427.01
457.3
492.57
522.29
549.23
559.09
563.2
573.22
564.54
561.83
554.94
534.82
511.65
475.45
442.72
0.0
987.38
943.86
915.68
897.63
895.91
922.56
951.31
955.89
1002.32
1081.42
1152.36
1205.71
1269.28
1328.15
1360.83
1371.9
1377.55
1362.46
1337.81
1301.32
1279.9
1234.34
1173.33
1114.17
0.0
758.38
693.81
659.71
636.66
630.51
646.18
683.73
721.26
786.84
851.64
912.04
982.38
1041.65
1095.39
1115.04
1123.24
1143.24
1125.92
1120.51
1106.76
1066.65
1020.44
948.23
882.95
0.0
531.83
486.55
462.63
446.47
442.16
453.14
479.48
505.8
551.79
597.23
639.58
688.92
730.48
768.16
781.94
787.69
801.72
789.58
785.78
776.14
748.01
715.6
664.96
619.19
0.0
220.0
213.03
208.07
205.58
204.3
205.86
208.6
209.84
218.77
229.63
245.08
256.78
268.3
278.83
285.71
286.01
287.24
283.34
280.18
274.5
273.86
267.37
255.25
237.65
0.0
1728.29
1581.14
1503.43
1450.9
1436.89
1472.59
1558.16
1643.7
1793.16
1940.82
2078.46
2238.78
2373.85
2496.31
2541.09
2559.78
2605.35
2565.9
2553.56
2522.23
2430.81
2325.51
2160.94
2012.18
0.0
546.57
522.48
506.88
496.89
495.94
510.69
526.61
529.14
554.84
598.63
637.9
667.43
702.62
735.21
753.3
759.43
762.56
754.2
740.56
720.36
708.5
683.28
649.51
616.76
0.0
1279.69
1223.29
1186.76
1163.38
1161.15
1195.68
1232.95
1238.88
1299.05
1401.58
1493.52
1562.66
1645.05
1721.36
1763.7
1778.05
1785.38
1765.82
1733.87
1686.57
1658.81
1599.76
1520.7
1444.02
0.0
110.01
100.64
95.7
92.35
91.46
93.73
99.18
104.62
114.14
123.54
132.3
142.5
151.1
158.9
161.75
162.94
165.84
163.33
162.54
160.55
154.73
148.02
137.55
128.08
0.0
880.38
810.93
773.82
752.26
742.3
752.68
784.02
799.02
842.77
926.83
1011.18
1081.0
1143.25
1187.66
1230.42
1256.56
1296.18
1270.25
1265.34
1217.29
1188.87
1157.28
1077.45
983.4
0.0
1031.76
943.92
897.52
866.16
857.8
879.12
930.2
981.26
1070.49
1158.64
1240.81
1336.52
1417.15
1490.26
1516.99
1528.15
1555.36
1531.81
1524.44
1505.73
1451.16
1388.29
1290.05
1201.24
0.0
166.94
154.15
144.37
142.25
142.58
151.65
158.6
168.4
179.95
194.81
210.04
225.46
235.75
241.89
245.78
245.49
244.44
246.17
247.11
242.76
238.47
233.34
220.27
205.29
0.0
108.41
103.63
100.54
98.56
98.37
101.3
104.45
104.96
110.05
118.74
126.53
132.39
139.37
145.83
149.42
150.63
151.25
149.6
146.89
142.88
140.53
135.53
128.83
122.33
0.0
1198.64
1160.63
1133.61
1120.05
1113.11
1121.58
1136.49
1143.28
1191.91
1251.1
1335.29
1399.02
1461.8
1519.13
1556.61
1558.29
1564.95
1543.72
1526.51
1495.57
1492.05
1456.7
1390.66
1294.78
0.0
356.33
345.03
337.0
332.96
330.9
333.42
337.85
339.87
354.33
371.92
396.95
415.89
434.56
451.6
462.74
463.24
465.22
458.91
453.79
444.6
443.55
433.04
413.41
384.91
0.0
2021.6
1849.48
1758.58
1697.14
1680.75
1722.51
1822.6
1922.66
2097.49
2270.2
2431.21
2618.74
2776.73
2919.97
2972.35
2994.21
3047.52
3001.37
2986.94
2950.29
2843.35
2720.18
2527.69
2353.68
0.0
262.96
240.57
228.74
220.75
218.62
224.05
237.07
250.09
272.83
295.29
316.24
340.63
361.18
379.81
386.62
389.47
396.4
390.4
388.52
383.75
369.85
353.82
328.79
306.15
0.0
1278.34
1222.0
1185.51
1162.15
1159.92
1194.42
1231.65
1237.57
1297.68
1400.1
1491.94
1561.01
1643.32
1719.54
1761.84
1776.17
1783.49
1763.95
1732.04
1684.79
1657.06
1598.07
1519.09
1442.49
0.0
1263.88
1156.27
1099.44
1061.03
1050.78
1076.89
1139.47
1202.02
1311.32
1419.3
1519.96
1637.2
1735.97
1825.53
1858.27
1871.94
1905.27
1876.42
1867.39
1844.48
1777.62
1700.62
1580.27
1471.49
0.0
688.03
666.21
650.7
642.92
638.93
643.8
652.36
656.25
684.17
718.14
766.47
803.05
839.08
872.0
893.51
894.47
898.29
886.11
876.23
858.47
856.45
836.16
798.25
743.22
0.0
44.84
42.87
41.26
40.32
39.86
40.17
41.17
41.36
43.46
46.27
48.59
51.9
54.0
55.6
57.25
58.08
60.04
58.43
58.39
57.32
55.99
55.3
52.52
48.8
0.0
186.82
174.51
161.37
152.39
148.59
149.74
156.79
162.0
177.11
191.89
206.65
220.71
231.1
237.74
242.55
244.3
249.36
245.16
243.6
241.65
236.9
234.25
221.21
206.84
0.0
15.09
14.1
13.04
12.31
12.01
12.1
12.67
13.09
14.31
15.5
16.7
17.83
18.67
19.21
19.6
19.74
20.15
19.81
19.68
19.52
19.14
18.93
17.87
16.71
0.0
21.7
20.27
18.74
17.7
17.26
17.39
18.21
18.81
20.57
22.29
24.0
25.63
26.84
27.61
28.17
28.37
28.96
28.47
28.29
28.06
27.51
27.21
25.69
24.02
0.0
5.41
4.99
4.68
4.61
4.62
4.91
5.14
5.45
5.83
6.31
6.8
7.3
7.63
7.83
7.96
7.95
7.92
7.97
8.0
7.86
7.72
7.56
7.13
6.65
