0.0
95.4601615
93.629291689
91.566666203
91.43920057999999
92.296696568
94.370909836
98.70474089300001
103.00380864
105.286602017
105.750113372
104.533396099
103.026984193
102.134724881
102.714114077
101.92614475799999
102.864755246
104.16258702900001
107.6157465
109.56249414999999
109.78266203000001
108.79770046
106.039807935
101.427870072
95.645566035
0.0
96.30606970299999
94.625841082
94.127566382
94.139154164
95.077764638
97.3721458
100.628312975
104.11623585000001
106.66554823999999
106.89730391
105.553121024
104.023533565
102.586648461
101.81026692
101.18452661799999
101.393106741
102.783640739
106.24838805799999
108.3226013
108.79770046
107.48828089
104.9389685
100.82530532300001
96.827519966
0.0
186.96888879
186.37791181
185.69423256
185.42771355
186.1113928
187.03841551000002
187.97702594
189.48343784
189.51820118
189.39073557
189.10104098
188.93881199
189.0199265
189.28644548
189.66884234
189.83107136
190.25981932000002
190.66539176999999
192.41514706
192.65849052000002
191.89369682999998
190.65380401000002
189.21691883
187.7568581
0.0
219.91295761
213.50491326
209.32172343
207.18957121
207.54879252
210.66590631
216.50614923
221.4773084
228.61538314
235.49852662
241.15336504
245.60307395
249.12576015
251.83730149
254.12009487
255.75397238
256.46082718
260.40067365
262.60235252
261.83755876000004
258.12946806
251.97635495999998
241.87180763
230.86341314
0.0
29.699489428
28.540711067
27.787505135
27.347169354
27.254467083
27.717978431
28.563886634
29.178039168
30.267290825
31.484008104999997
32.422618579
33.268526789
34.07967164
34.879228708999996
35.574495729000006
36.03800707
36.165472693
36.177060478
36.594220689
36.397228362
35.736724697
34.728587526
33.233763437
31.437656978000003
0.0
581.86896693
564.67269603
555.86598048
554.41750751
561.61352117
579.08789887
607.28097643
636.37790108
656.56382019
665.97310048
666.28597066
661.75514724
656.29730118
652.50809587
650.99009628
653.18018736
659.53029282
680.89816579
693.86489569
694.50222377
684.28179859
662.74010884
630.1204979199999
593.73485734
0.0
40.893288408
39.676571128
39.062418597000004
38.958128548
39.467991026
40.696296088
42.677807092
44.717257008
46.142554393000005
46.803058061
46.826233628
46.501775685
46.119378823
45.852859802
45.748569746
45.899210939
46.351134495000004
47.845958588
48.761393495
48.807744625
48.089302045
46.571302389
44.276921227
41.727608836
0.0
162.88947441
157.2230482
154.08275886
152.99350719999998
154.38404121000002
159.03074245
167.16536661
175.99525771
181.56898159
183.5736682
183.30714919
182.05566851
181.87026401
182.9131645
185.13801899
188.32465946
192.05592578
197.62964969
202.62398448
201.98665640000002
197.76870316
191.12890314
181.25611148000002
170.13183917
0.0
203.55100719
199.65751182
195.25415408
194.97604724
196.80691711
201.24503819
210.48050174
219.64643859999998
224.51330775
225.48668156
222.891018
219.69278977
217.80398101
219.02069828
217.34046967
219.35674404
222.12622431
229.46129137
233.63289341
234.08481698999998
231.99901597
226.12400964
216.27439356
203.95657957
0.0
1032.90026876
1002.36645879
986.72295089
984.1620512999999
996.93178884
1027.95228514
1077.9883347
1129.6466744
1165.4645133
1182.1740978
1182.7418987
1174.6883894
1165.0010023
1158.2916754
1155.5801342999998
1159.4736292
1170.7485429
1208.6753583
1231.6886973
1232.8242995
1214.6894187
1176.4381445000001
1118.5339896
1053.94368404
0.0
43.53530308
42.249059095999996
41.588555428
41.484265371999996
42.017303424
43.326722971
45.435699588
47.614202912
49.132202565
49.827469585
49.850645155
49.514599427
49.109026998
48.819332407000005
48.715042361
48.877271329
49.352370459
50.951484594
51.913270638
51.971209557
51.206415833
49.584126131000005
47.150691571
44.427562417
0.0
453.25615646
451.83085914
450.1506305
449.51330235
451.1819432
453.41838548
455.68959107
459.33974287999996
459.44403294
459.119575
458.43589572
458.01873555
458.21572791
458.87623154
459.80325425
460.19723887000004
461.22855164
462.20192545
466.45464203
467.04561901
465.19157359
462.19033762
458.70241480000004
455.15655297999996
0.0
764.58513914
741.9889610399999
730.40117743
728.5123687
737.9564123700001
760.9233994699999
797.9695437500001
836.19764192
862.72207863
875.08624379
875.50340396
869.5356954299999
862.37444511
857.4032859399999
855.39859936
858.28395748
866.62716176
894.70436147
911.73840338
912.57272379
899.15407038
870.845115
827.9819033499999
780.1707081100001
0.0
96.503062023
96.20177965
95.84255836199999
95.703504957
96.06272624900001
96.53782537500001
97.02451229
97.800893806
97.824069359
97.754542627
97.603901458
97.51119917300001
97.55755034900001
97.696603743
97.89359609099999
97.98629830600001
98.20646620699999
98.403458552
99.318893417
99.434771258
99.040786632
98.403458552
97.661840412
96.908634452
0.0
41.646494347
40.198021395
39.398464322
39.120357516
39.479578808
40.661532739
42.747333789
45.006951599000004
46.420661198999994
46.942111466
46.872584762
46.548126822
46.501775685
46.768294709
47.336096106
48.158828746
49.109026998
50.53432439
51.808980582000004
51.646751614
50.569087742
48.865683544
46.351134495000004
43.500539728
0.0
8.8646544728
8.702425502299999
8.6560743675
8.6560743675
8.7487766364
8.9573567417
9.2586391159
9.5830970577
9.8148527323
9.8380282999
9.7105626772
9.571509273899999
9.4324558706
9.3629291689
9.3049902507
9.328165817899999
9.4556314378
9.7685015965
9.9654939159
10.0118450514
9.8843794284
9.652623759
9.270226899699999
8.9110056076
0.0
171.18632749
165.24179451
161.93927614999998
160.7920856
162.26373408999999
167.14219096
175.69397529
184.97578997
190.82762072
192.92500953
192.65849052000002
191.34907098
191.14049093
192.25291814
194.58206262
197.93093211000001
201.84760293
207.71102147
212.94869969
212.28819599
207.85007484
200.87422912
190.49157499
178.81108908
0.0
102.829991915
98.832206509
96.20177965
94.71854334599999
94.394085403
95.970023978
98.924908794
101.057061002
104.81150288399999
109.04104389
112.27403552999999
115.20574477999999
118.03316401000001
120.77946876
123.18972775
124.81201743000001
125.24076543
125.27552877
126.73558949999999
126.02873470000002
123.75752908
120.25801843
115.10145472
108.86722718
0.0
69.109541539
66.421175733
64.659832623
63.663283230000005
63.443115343
64.50919144000001
66.490702437
67.915999822
70.453724438
73.29273142699999
75.45964696600001
77.429570178
79.329966696
81.172424292
82.79471400099999
83.883965658
84.17366024900001
84.196835816
85.181797427
84.706698294
83.177110856
80.824790782
77.36004347400001
73.165265804
0.0
468.12328288
454.28746923
447.19574563
446.03696725
451.83085914
465.88684063
488.56413314
511.97145613
528.20594094
535.78435143
536.03928265
532.38913084
527.9973608600001
524.96136158
523.7330564499999
525.4943996
530.60461214
547.78929528
558.22988837
558.73975081
550.52401224
533.18868794
506.94235799999996
477.67161657
0.0
139.52850261999998
137.62810607
137.03712919
137.14141917999999
138.69418217999998
141.84605931000002
147.32708102
152.98191941
154.91707927
153.45701857
150.73388937
148.09187471
147.22279096
147.19961538
147.7326534
148.5785616
149.78369111
152.22871351
155.63552186
155.55440735000002
153.95529325
151.023584
145.97131035
140.88427329
0.0
92.690681215
91.43920057999999
91.045215936
91.11474264
92.146055385
94.231856435
97.882008243
101.636450195
102.92269413
101.949320311
100.141626067
98.391870777
97.800893806
97.800893806
98.136939545
98.70474089300001
99.515885765
101.126587664
103.397793263
103.339854379
102.273778275
100.338618415
96.978161156
93.594528337
0.0
138.05685409999998
133.25951167
130.59432146
129.66729875
130.84925268
134.78909912
141.68383036
149.16953858
153.8857665
155.58917069
155.36900285000002
154.30292677
154.14069775
155.03295712000002
156.92176587999998
159.62171942999998
162.77359656000002
167.50141227
171.73095327000001
171.18632749
167.61729011999998
161.98562732
153.61924749
144.19837944
0.0
144.55760072
139.52850261999998
136.74743456000002
135.77406072
137.01395357
141.13920458
148.35839372
156.19173543
161.12813126
162.91264996
162.68089429
161.56846708
161.40623813
162.33326076999998
164.30318404000002
167.14219096
170.44470935
175.39269294000002
179.8192263
179.25142490000002
175.50857079
169.6219767
160.85002449
150.98882062
0.0
188.39418618
181.07070690999998
176.26177672
173.53864752
172.94767064
175.84461652
181.25611148000002
185.14960675
192.04433799
199.78497746
205.71792272
211.07147872
216.25121801
221.2919039
225.70684947
228.67332203
229.46129137
229.53081802
232.20759601999998
230.90976431
226.73816217
220.34170561
210.87448636
199.46051956
0.0
378.81623445
377.6226928
376.22057096000003
375.68753287
377.07806691999997
378.94370005999997
380.84409658000004
383.90327151
383.98438595
383.71786694
383.13847775
382.79084423
382.95307325
383.50928682
384.28566837
384.61012631
385.47921009000004
386.29035488
389.84780449000004
390.34607917
388.79331616999997
386.27876709000003
383.37023342
380.40376086000003
0.0
997.4068879
967.93915397
952.82868409
950.34889845
962.6783002
992.6327206
1040.95377824
1090.8391869
1125.4287214
1141.5705036
1142.1151292
1134.3281394
1124.9767977000001
1118.4992263
1115.8919755
1119.6464168
1130.5273461
1167.1563301
1189.381699
1190.4709509
1172.9618093
1136.0199552
1080.1088992
1017.7434478900001
0.0
56.513620737000004
55.74882702
55.505483559
55.551834696
56.177575012
57.452231211000004
59.677085669
61.959879039
62.74784832300001
62.156871359
61.056031917
59.978368044999996
59.630734535
59.61914675
59.839314637
60.175360362
60.673635055
61.658596666
63.037542921000004
63.002779569000005
62.353863686
61.171909758
59.12087205
57.058246567000005
0.0
1013.0735710700001
977.88147228
958.33288135
951.53085231
960.22169001
989.11003489
1039.70229805
1094.6283919
1129.25269
1141.7327328000001
1140.1104433
1132.3466278
1131.1530863
1137.688596
1151.5012342
1171.3395198
1194.5034997
1229.1625601
1260.2178204
1256.2432102
1230.0432318
1188.7327831
1127.3175297
1058.1384618
0.0
182.48441654
180.0046308
179.22824935
179.36730272
181.39516487999998
185.52041582
192.68166607
200.08625985
202.61239669
200.71200017
197.14296277
193.68980329
192.5426127
192.53102490999999
193.21470416
194.32713137
195.90306995
199.08971049
203.56259495
203.44671713
201.34932825
197.5253597
190.92032302
184.25734738
0.0
31.935931671000002
30.696038821000002
29.88489397
29.421382622
29.317092573
29.803779484
30.730802173
31.391305841
32.550084202
33.871091538
34.867640924
35.783075831
36.663747386
37.509655596
38.262861528
38.761136221
38.900189629
38.911777411
39.363700970000004
39.143533083
38.436678285
37.347426621
35.748312479
33.813152619
0.0
254.53725511
244.65287569
238.15212907
234.46721385
233.66765682
237.57273988
244.88463136
250.15707285000002
259.46206315
269.93741955
277.93299024
285.175355
292.18596405999995
298.97640531
304.95570163
308.95348703
310.01956307
310.11226533999996
313.72765384
311.97789855
306.33464791999995
297.70174908
284.92042375
269.49708376
0.0
258.62774274000003
249.63562262
244.65287569
242.91470809
245.12797482
252.50939294999998
265.41818392
279.43940213999997
288.28088103
291.46752147
291.0503613
289.06885027
288.76756792000003
290.43620877
293.958895
299.02275644
304.93252608
313.78559279999996
321.71163674
320.70349959
314.01734847
303.46087756
287.78260632
270.12282405
0.0
220.36488119
217.36364522
216.43662258
216.59885153000002
219.04387383
224.02662083
232.68269515
241.61687638
244.66446345
242.35849452000002
238.05942677000002
233.88782466
232.50887844
232.48570289
233.30843554
234.66420618
236.56460273
240.4117469
245.811654
245.67260059999998
243.14646379
238.52293814
230.53895524
222.49703338
0.0
86.58391924200001
85.06591958899999
84.625583815
84.625583815
85.47149201799999
87.534117501
90.465826757
93.606116119
95.888909492
96.097489601
94.892360103
93.513413848
92.22716986399999
91.520315069
90.964101457
91.149505992
92.400986624
95.506512637
97.3721458
97.812481581
96.630527646
94.336146491
90.639643514
87.047430593
0.0
19.768758865000002
19.085079627
18.702682768
18.563629367
18.73744612
19.293659739
20.290209125
21.356285222
22.028376675
22.271720129000002
22.248544562
22.097903369
22.074727802
22.202193425
22.468712449
22.851109308
23.303032867
23.986712102
24.589276851
24.508162365
23.998299886999998
23.198742818
21.993613322999998
20.64943042
0.0
247.58458491
240.26110563999998
236.51825153000001
235.90409903
238.96327393
246.39104319
258.39598707
270.77173999
279.35828763
283.36766074999997
283.49512636
281.57155429
279.24240978
277.64329568
276.99437974
277.92140245
280.621356
289.71776618
295.2335512
295.50007021
291.15465136
281.98871453000004
268.10654968
252.6252708
0.0
45.227119486
43.465776376
42.3185858
41.658082132
41.519028723999995
42.214295744000005
43.512127513
44.450737987
46.096203255999995
47.961836422
49.387133804
50.673377788
51.913270638
53.118400133
54.18447623
54.891331028
55.088323355
55.099911137
55.74882702
55.435956862
54.427819686999996
52.898232246
50.627026654
47.880721933000004
0.0
158.61358228
154.00164435
150.97723283
149.44764544999998
149.70257666999998
151.95060664000002
156.16855988
159.73759728
164.89416099000002
169.86532016
173.94422
177.14244823
179.69176069
181.63850834000002
183.29556133
184.4659275
184.97578997
187.81479699
189.41391112000002
188.85769755
186.18091948
181.7427984
174.45408247
166.51645067
0.0
91.47396393199999
88.774010348
87.38347631100001
87.16330842400001
88.28732343300001
91.033628151
95.47174928499999
100.037336004
103.212388763
104.695625046
104.74197615199999
104.035121413
103.177625362
102.575060613
102.343305007
102.679350676
103.68748789600001
107.03635731
109.07580723
109.18009729
107.5693954
104.185762582
99.063962185
93.339597098
0.0
43.70911983
43.118142866
42.932738331
42.967501683
43.442600809
44.439150202
46.154142175
47.92707307
48.529637819
48.07771426
47.220218272
46.397485632
46.119378823
46.119378823
46.281607798
46.548126822
46.918935899
47.683729616
48.761393495
48.726630143
48.228355443
47.312920536
45.725394185999995
44.137867829
0.0
254.51407956
246.99360793
243.134876
242.50913571
245.66101283999998
253.29736229000002
265.62676404
278.36173827
287.19162937
291.30529255
291.44434592000005
289.45124717
287.07575152000004
285.41869846000003
284.74660703999996
285.70839308999996
288.48946115
297.82921472
303.50722866
303.78533553
299.312451
289.89158292
275.62702131
259.70540661
0.0
43.257196274
41.750784403
40.916463975
40.626769386999996
40.997578464
42.237471311
44.392799067999995
46.745119142
48.216767661000006
48.749805713
48.680279009
48.355821066
48.297882146999996
48.575988953
49.166965917
50.01287412
51.009423516
52.481072035000004
53.813667153
53.639850396
52.527423168999995
50.754492277000004
48.135653179
45.180768349000004
0.0
9.0964101457
8.9225933907
8.725601069500001
8.702425502299999
8.795127771499999
8.9921200927
9.3976925199
9.8148527323
10.0234328352
10.0697839707
9.9539061318
9.8148527323
9.722150461
9.7800893806
9.7105626772
9.791677164400001
9.9191427801
10.2436007222
10.429005264499999
10.4521808321
10.3594785611
10.1045473224
9.6642115431
9.1079979288
0.0
150.60642375999998
145.36874558
142.46021191
141.45207469
142.73831871000002
147.03738646
154.55785799
162.72724546
167.87222134
169.72626676
169.48292329999998
168.33573268
168.15032818
169.12370202
171.1747397
174.1296245
177.57119626
182.72776
187.33969786
186.74872087999998
182.85522561
176.7137003
167.58252678000002
157.30416271
0.0
74.022761792
71.148991455
69.26018272499999
68.18251885
67.950763171
69.097953757
71.218518159
72.74810559699999
75.45964696600001
78.50723406
80.836378567
82.933767402
84.973217318
86.954728319
88.692895862
89.851674223
90.16454438100001
90.187719948
91.242208263
90.73234577800001
89.086880506
86.57233146
82.864240698
78.379768437
0.0
696.88930721
672.6824272199999
659.2290104
654.54754582
660.52684218
680.39989111
715.20959311
752.9857677
776.8102508300001
785.3852107099999
784.28437129
778.94240305
778.1080826100001
782.60414265
792.10612524
805.75653432
821.68973685
845.53739556
866.89368077
864.17055157
846.1399603
817.72671486
775.4776557399999
727.88662838
0.0
23.546376328
23.221918388000002
23.129216117
23.140803899
23.407322923000002
23.940360968
24.855795872
25.817581915999998
26.142039856
25.898696402
25.435185054
24.994849279999997
24.844208090000002
24.844208090000002
24.925322576
25.075963759
25.272956086
25.690116293
26.257917697
26.246329912
25.979810891
25.481536191
24.635627988
23.778132
0.0
138.31178534999998
132.94664156000002
129.4123675
127.40768099
126.96734516999999
129.09949738999998
133.07410717
135.93628967
140.98856335
146.67816515
151.023584
154.9634304
158.76422344
162.46072645
165.70530581
167.8838092
168.46319832
168.50954949
170.47947269
169.5292744
166.45851177999998
161.76545941
154.824377
146.43482169
0.0
852.20037113
849.5120053400001
846.3601281399999
845.1665864199999
848.295288
852.50165345
856.77754565
863.63751355
863.83450584
863.2319411
861.93410939
861.14614005
861.52853691
862.7684298
864.51818509
865.24821547
867.19496309
869.02583296
877.02140365
878.13383086
874.64590797
868.99106955
862.45555962
855.7809962900001
0.0
177.04974603
170.16660248
165.64736692
163.08646674000002
162.53025309999998
165.24179451
170.32883149999998
174.00215889
180.46814217000002
187.7568581
193.31899422
198.35968011
203.22654921999998
207.95436493
212.11437928
214.89544733999998
215.63706548
215.70659220000002
218.22114118
217.00442390999999
213.0761653
207.0621056
198.17427554
187.44398791999998
0.0
240.38857128
232.04536707
227.39866587
225.78796391
227.85058938
234.71055730999998
246.71550116
259.74016995
267.95590852
270.92238115000004
270.53998432
268.69752666
268.4078321
269.96059510000003
273.23993787
277.944578
283.43718747
291.66451383
299.03434419999996
298.09573373
291.87309395
282.06982897
267.50398494
251.08409556
0.0
505.13466378
503.54713741
501.66991644
500.96306164000003
502.81710706
505.30848049
507.84620509
511.91351717000003
512.02939502
511.67017371
510.90538002000005
510.44186865
510.66203656
511.4036547
512.4349674700001
512.87530322
514.02249381
515.10015771
519.85114897
520.51165267
518.43743934
515.0885699199999
511.20666236999995
507.25522821
0.0
87.128545072
85.459904233
83.582683285
83.466805447
84.243186953
86.143583468
90.095017684
94.023276333
96.109077386
96.52623759
95.413810366
94.046451893
93.235307042
93.75675730500001
93.038314725
93.89581071
95.077764638
98.22964175999999
100.014160451
100.199565021
99.307305642
96.792756614
92.574803374
87.302361829
0.0
332.46510001
322.63865945
317.59797356
316.77524091
320.88890416000004
330.86598581
346.98459284
363.60147455
375.1313193
380.51963871
380.69345542
378.09779186
374.98067811000004
372.82535037
371.95626652
373.20774720000003
376.83472346
389.04824739
396.45284117
396.81206245000004
390.98340724999997
378.66559326
360.03243725000004
339.2439534
0.0
110.03759328
106.213624727
104.093060297
103.35144215700001
104.290052645
107.43034200000001
112.9229514
118.89066
122.65668966
124.00087254
123.82705583
122.99273538999999
122.85368199
123.57212458000001
125.06694865
127.22227642000001
129.73682546999999
133.50285513
136.87490017
136.44615221
133.5955574
129.11108518
122.43652175
114.92763798
0.0
430.01106249
417.48466841
409.30369315
405.14367887000003
405.85053367
411.92253226
423.35967471000004
433.05864963
447.02192892
460.49852122
471.55326681
480.24410451
487.13883582
492.4228651
496.90733742000003
500.09397789
501.47292418000006
509.16721245
513.4894557499999
511.98304389
504.74067913
492.71255973
472.95538865000003
451.41369887
0.0
478.63340262
470.27861065
467.78723715
467.83358825
472.48028952
483.92901973
500.09397789
517.4293021899999
530.05998636
531.21876467
524.56737689
516.96579082
509.81612836
505.95739643
502.87504594999996
503.89477093
510.82426551000003
527.9857731
538.2989004799999
540.69757171
534.15047396
521.50820203
501.0673517
481.21747832
0.0
1628.1299503
1623.0081503000001
1616.9709149
1614.6881212
1620.6674176
1628.6977519000002
1636.8787271
1649.9845105000002
1650.3553192
1649.2081287
1646.7167551
1645.2219312
1645.951962
1648.3274572999999
1651.6531513
1653.0668606
1656.7865393
1660.2744625
1675.547161
1677.6793135
1671.0047499
1660.2049352
1647.7133051
1634.9667428
0.0
275.70813582
267.5619239
263.378734
262.69505479
266.11345096
274.38712849
287.74784301
301.53730549
311.09722694
315.55852364000003
315.70916487
313.55383713000003
310.96976133
309.17365487
308.45521228
309.49811284000003
312.51093657
322.62707169000004
328.768597
329.06987942
324.23777358
314.02893625999997
298.57083286
281.32821083
0.0
494.0219793
476.86047171
467.33531357
464.00961970000003
468.25074849
482.34149339
507.01188475000004
533.7912526800001
550.6746534
556.75823978
555.97027054
552.19265309
551.60167611
554.78831658
561.5324066600001
571.1966182
582.49470725
599.40128352
614.54651674
612.61135688
599.83003155
579.67887585
549.7360429299999
515.99241701
0.0
357.40201034999995
346.99618062999997
340.19415166
336.74099211
337.3203813
342.37265498
351.87463757
359.93973497999997
371.53910635
382.74449313
391.93360551
399.15279472
404.88874765
409.2805176
413.01178391999997
415.65379860999997
416.8009892
423.19744576
426.78965870999997
425.53817803
419.52411833
409.52386106
393.10397168
375.20084595
0.0
466.11859630000004
452.34072158
445.28376132
444.12498301
449.89569921
463.89374188
486.46674436
509.78136502
525.94632318
533.4899702600001
533.7449015100001
530.1063374600001
525.73774306
522.71333154
521.48502648
523.24636956
528.33340662
545.44856301
555.83121714
556.34107961
548.16010435
530.8943067700001
504.77544247000003
475.62057885999997
0.0
457.40458302
441.5061439
432.68784056000004
429.61707787
433.53374876
446.58159309999996
469.42111466
494.21897156
509.85089170000003
515.48255454
514.7525241899999
511.25301354000004
510.70838765999997
513.6632725300001
519.89750014
528.85485685
539.3070377
554.96213339
568.9833515400001
567.18724508
555.35611801
536.71137414
508.98180795
477.74114332
0.0
64.914763862
62.40021482
60.743161759
59.804551285
59.595971182999996
60.592520576000005
62.458153735
63.802336638
66.177832279
68.843022511
70.88247243400001
72.736517815
74.52103649200001
76.259204032
77.777203688
78.796928651
79.075035457
79.098211024
80.013645931
79.57331015
78.136424983
75.923158307
72.666991111
68.738732462
0.0
12.56115745
12.387340693
12.329401774
12.340989559
12.480042963999999
12.769737555
13.256424463
13.766286948
13.940103701
13.812638085
13.569294621
13.325951167
13.244836680999999
13.244836680999999
13.291187814999999
13.372302304000002
13.476592357
13.696760244
14.009630401999999
13.99804262
13.858989212
13.592470191
13.140546632
12.677035284
0.0
768.42069548
746.04468533
731.42090237
723.98154532
725.24461372
736.10236695
756.54321731
773.87854161
798.8270397399999
822.8948663599999
842.65203744
858.1912552800001
870.49748148
879.96470066
887.97185918
893.6730487
896.12965879
909.884358
917.61340968
914.9134560599999
901.98148954
880.47456317
845.1665864199999
806.68355703
0.0
1080.2247771
1048.7639449199999
1028.2188046400001
1017.75503589
1019.52796638
1034.8006657
1063.51519321
1087.89589
1122.9605231
1156.8084391
1184.5727683999999
1206.4157409
1223.7278896
1237.0306652
1248.2824031999999
1256.2895615
1259.7427214
1279.09432
1289.9520733000002
1286.162868
1267.9700479
1237.749108
1188.1186309
1134.0036813000002
0.0
725.54589611
704.42136653
690.62031626
683.58653158
684.7800733
695.0352617899999
714.3289215
730.70245978
754.24883614
776.98406757
795.6403991999999
810.2989455300001
821.9330803099999
830.86726147
838.42249634
843.81081575
846.12837247
859.1182779200001
866.41858161
863.86926925
851.65574525
831.35394839
798.01589488
761.6766054
0.0
291.65292604
287.68990405
286.45001123
286.65859128
289.90317067999996
296.4966196
307.94534981000004
319.77647687999996
323.82061340999996
320.77302631
315.06024895999997
309.55605176999995
307.7251819
307.70200635000003
308.79125801
310.57577671
313.09032576000004
318.18895054
325.32702524
325.14162074
321.79275125
315.68598925000003
305.11793065
294.48034523
0.0
135.06720592
129.81793998
126.37636821999999
124.41803278
123.98928478
126.07508587000001
129.94540559
132.7496492
137.68604503
143.23659339
147.48930997000002
151.32486635
155.04454491
158.64834562
161.8233983
163.94396273
164.51176416
164.55811526
166.48168733
165.55466461999998
162.55342868
157.97625413
151.18581294999998
143.00483772
0.0
193.46963541
185.96075163999998
181.01276802
178.20852434
177.6059596
180.58402002
186.13456835
190.14394147
197.21248952000002
205.17329684
211.25688329000002
216.76108045
222.07987314
227.24802463999998
231.79043585
234.82643513
235.64916778
235.71869453
238.46499917999998
237.13240406
232.84492416999998
226.27465082999998
216.56408819
204.83725111
0.0
261.65215426000003
251.48966804
244.80351685
241.01431164
240.19157899
244.21253987
251.7330115
257.14450639
266.7160157
277.48106666
285.69680523
293.14775011
300.34376377
307.33119728
313.47272262
317.58638579999996
318.68722522
318.77992752
322.49960605
320.70349959
314.89802001
306.01018995
292.8812311
277.01755529
0.0
40.58041825
40.024204638
39.850387884999996
39.885151236999995
40.337074796
41.252509703
42.84003606
44.485501338999995
45.053302732999995
44.624554737
43.836585453
43.071791732
42.816860493
42.805272708000004
42.955913898
43.210845137
43.558478647
44.265333445
45.261882838
45.238707271
44.775195927
43.917699935
42.446051416
40.974402897000004
0.0
15.979553614
15.701446808
15.620332329
15.620332329
15.770973512
16.153370373999998
16.697996204
17.277385383
17.694545597
17.729308949
17.509141055
17.254209816
17.022454143999997
16.894988521
16.790698475
16.825461826999998
17.057217496
17.625018893
17.972652402999998
18.053766889
17.833598995
17.416438791
16.732759553
16.060668103
0.0
387.92423239
376.46391439
370.58890809
369.62712204
374.41287671
386.07018704
404.86557207
424.26352187
437.71693862
443.99751733
444.20609745
441.18168593
437.54312188
435.01698507000003
434.00884792
435.46890865
439.69844965
453.93983571
462.58432231
463.01307027
456.19945354
441.84218963
420.09191973000003
395.82710085
0.0
50.569087742
49.873820722
49.665240617
49.700003962
50.267805366
51.40340816
53.396506939
55.447544647
56.14281166
55.609773615
54.624812004000006
53.674613748
53.350155805
53.350155805
53.535560347
53.848430505
54.288766279
55.169437834
56.409330681
56.374567332
55.79517815
54.72910206
52.898232246
51.05577465
0.0
126.1677881
122.43652175
120.52453744
120.21166733
121.77601812
125.56522333
131.67198533
137.98732737999998
142.35592185
144.39537177
144.46489845
143.47993685
142.29798289000001
141.48683803
141.15079237
141.6258915
143.00483772
147.63995119999998
150.44419481
150.58324821
148.36998155
143.70010473000002
136.63155670999998
128.74027611
0.0
113.07359263000001
109.15692174
106.96683066
106.213624727
107.17541077999999
110.40840235
116.05165298
122.18159053
126.05191024999999
127.4424443
127.25703972999999
126.38795597999999
126.26049037
126.99052071999999
128.53169596
130.74496262
133.32903839
137.19935814
140.66410545
140.22376966000002
137.29206041
132.68012248
125.83174234
118.11427845
0.0
60.082658091
57.741925802
56.212338364000004
55.343254591
55.157850049000004
56.073284956
57.799864721
59.051345353
61.241436452
63.709634367
65.598443097
67.31343507300001
68.97048813400001
70.569602276
71.983311876
72.92192235
73.17685358899999
73.200029156
74.057525144
73.640364937
72.307769816
70.26831990299999
67.255496161
63.605344318
0.0
498.86567283
489.32892693
478.54070032
477.86860893
482.32990563
493.2224222
515.84177585
538.3220760300001
550.25749323
552.6445766
546.2712955899999
538.44954164
533.7912526800001
536.78090086
532.65564985
537.6036334400001
544.39407469
562.38990265
572.5987400399999
573.71116725
568.58936692
554.19733963
530.04839857
499.87380998000003
0.0
534.9152676799999
519.10953083
510.99808229
509.67707496
516.2936994300001
532.3543675
558.26465168
585.02084406
603.57288566
612.22896002
612.5186545800001
608.34705254
603.3295422
599.8532071000001
598.45108533
600.46735963
606.30760262
625.94889585
637.87272519
638.45211441
629.06600964
609.25089963
579.27330337
545.81937208
0.0
894.69277368
863.614338
846.34854035
840.34606844
848.0171812
873.53348076
918.2159744200001
966.71084887
997.30259742
1008.31099177
1006.88569459
1000.0373147299999
998.97123883
1004.74195482
1016.94389082
1034.46461969
1054.91705816
1085.531982
1112.9602659
1109.4491677
1086.3199518000001
1049.83002079
995.58760547
934.4968104
0.0
991.80998823
962.93323142
944.0683196399999
934.46204709
936.0843367699999
950.10555499
976.47935037
998.8553603800001
1031.05781103
1062.1246593
1087.6293712000002
1107.6762363
1123.5746757
1135.7881997
1146.1129147000001
1153.4711578000001
1156.6462102
1174.4102826
1184.3757762
1180.8994417000001
1164.2014452
1136.4487032
1090.8739502
1041.19712177
0.0
76.328730736
73.36225813099999
71.415510479
70.31467103700001
70.071327576
71.241693726
73.431784828
75.01931118499999
77.81196704
80.952256405
83.350927613
85.517843152
87.615231987
89.654681903
91.450788365
92.644330078
92.968788021
92.991963588
94.081215245
93.559764985
91.867948579
89.272285044
85.436728666
80.813202997
0.0
1113.8525255999998
1081.4067313
1060.2242630599999
1049.43603624
1051.2669059700002
1067.0031165
1096.6214908
1121.755394
1157.9208663
1192.8116829
1221.4450959
1243.9601596
1261.8169346
1275.5368702
1287.1362416
1295.3983311
1298.9557809
1318.9099444
1330.1037437999998
1326.1986599
1307.4380389
1276.266901
1225.095248
1169.3000699000002
0.0
1.749755327
1.7034041929
1.6802286256999999
1.6686408418999998
1.6918164090999999
1.749755327
1.8308698128
1.923572082
1.9815109999000002
2.0046865671
2.0046865671
1.9930987833
1.9815109999000002
1.9699232161
1.958335433
1.9699232161
1.9930987833
2.0510377019
2.097388836
2.097388836
2.062625485
1.9930987833
1.9003965140999999
1.784518678
0.0
91.19585712599999
88.032392194
86.271049084
85.656896553
86.433278059
89.04052937200001
93.594528337
98.542511946
101.659625751
102.772052961
102.63299957000001
101.937732536
101.821854695
102.412831669
103.652724495
105.437243186
107.5230443
110.65174581
113.4444017
113.08518042
110.73286032
107.01318176
101.47422118099999
95.251581398
0.0
1489.7718135
1446.3871523
1418.0434334000001
1403.6166423
1406.0616648999999
1427.1166683
1466.7353002
1500.3398730000001
1548.7072817
1595.3828739
1633.6804987
1663.797148
1687.6795704
1706.0230317
1721.5390737
1732.5938194999999
1737.3563987999999
1764.0314769
1779.0144809
1773.7883903
1748.7008391
1707.0079937
1638.5589556
1563.9452172000001
0.0
301.93129010999996
293.13616235
287.3886217
284.46850016999997
284.95518709000004
289.23107929
297.26141329
304.06344233
313.86670724
323.33392649
331.09774148
337.19291569
342.03660924999997
345.75628778
348.89657715
351.13301943
352.10639324
357.50630041
360.54229972
359.4878114
354.40077438
345.95328014
332.08270315
316.96064548
0.0
346.75283717
334.71312998
328.01539107
325.68624652
328.66430694
338.54868636
355.8724229
374.66780793
386.52211055
390.78641496
390.24178910999996
387.57659887
387.17102649000003
389.40746866999996
394.13528445000003
400.92572563
408.85176964
420.71766005
431.34365761000004
429.98788694
421.01894244
406.88184637
385.85001916
362.17617716
0.0
94.069627463
91.334910527
89.538804065
88.63495694299999
88.785598133
90.118193247
92.621154511
94.741718913
97.789306028
100.744190816
103.166037587
105.066434116
106.57284600999999
107.73162435
108.70499816
109.41185296
109.70154758999999
111.39336401999999
112.33197442000001
112.00751652
110.41999018
107.78956331
103.467319995
98.75109206900001
0.0
70.83612129699999
68.738732462
67.661068583
67.48725182999999
68.367923385
70.488487787
73.930059528
77.46433353
79.92094365999999
81.06813423599999
81.10289758799999
80.558271758
79.886180308
79.434256749
79.248852207
79.515371231
80.291752737
82.887416265
84.46335484000001
84.544469326
83.304576479
80.674149599
76.711127598
72.273006467
0.0
105.958693498
104.521808321
104.06988474399999
104.150999251
105.321365348
107.72003656000001
111.88005091
116.17911859
117.63917932
116.5383399
114.46412663999999
112.45944003000001
111.7989364
111.78734863999999
112.18133326
112.83024917
113.74568405
115.59972947
118.19539295999999
118.12586630999999
116.90914897
114.69588231
110.84873814000001
106.99000620999999
0.0
103.954006903
100.929595386
98.948084347
97.951534975
98.113763922
99.585412497
102.35489278200001
104.695625046
108.06767008
111.32383727
114.00061527
116.09800415000001
117.76664500000001
119.05288895000001
120.13055281999999
120.90693437
121.23139227
123.09702545
124.13992594000001
123.78070466
122.03094937
119.12241567
114.33666103
109.13374619
0.0
593.85073516
576.56176203
565.26367298
559.51613229
560.4895061
568.87906148
584.67321054
598.0686883999999
617.35076035
635.96074088
651.22185195
663.22679573
672.7403661100001
680.05225759
686.24013403
690.64349184
692.54388836
703.18147371
709.14918224
707.07496898
697.06312392
680.44624221
653.1685996
623.42275901
0.0
326.86820048
317.20398894
312.25600535
311.44486046
315.48899699000003
325.30384969
341.14434992
357.48312479000003
368.82756501
374.11159428999997
374.28541110000003
371.73609870999996
368.67692378000004
366.54477163
365.69886342999996
366.92716849
370.49620579
382.50114966999996
389.77827773999996
390.13749905000003
384.40154619
372.29231228
353.97202638
333.53117609
0.0
396.33696332
388.74696504
380.18359295
379.65055486
383.19641671
391.84090331
409.82514345
427.68191801
437.16072505
439.04953374
433.99726006000003
427.77462031
424.0781173
426.45361295
423.17427021
427.11411661
432.50243599
446.79017325
454.90162176
455.79388106
451.71498129
440.28942663
421.10005688
397.13652042
0.0
245.30179153
238.05942677000002
234.33974824
233.72559571
236.76159499
244.13142536
256.02049138999996
268.28036649
276.78579969
280.76040947
280.88787507999996
278.97589077
276.68150963
275.08239543
274.44506735
275.37209006
278.04886806
287.05257597
292.52200982
292.78852883
288.47787336
279.39305097
265.64993959000003
250.30771411
0.0
657.36337726
638.22035871
625.7055523900001
619.34385917
620.42152304
629.7149255100001
647.18930321
662.02166625
683.36636367
703.95785516
720.86443153
734.15561933
744.68891462
752.7771876500001
759.62556769
764.50402463
766.60141344
778.37460162
784.9912260899999
782.68525716
771.6073360199999
753.21752337
723.0197593
690.08727817
0.0
489.23622463
474.77467066
467.37007690999997
466.15335961
472.20218272
486.89549236
510.59250984
535.06590884
552.03042407
559.94488032
560.21139933
556.3990185
551.81025619
548.62361572
547.34895949
549.19141712
554.53338536
572.49444998
583.3985543800001
583.9315924
575.3450447600001
557.22175115
529.80505511
499.20171856
0.0
343.09109757
332.9517869
327.74887206
326.90296386
331.14409265
341.44563227
358.06251398
375.22402157
387.12467528999997
392.67522364999996
392.86062822
390.18385022
386.96244637
384.73759192
383.83374478999997
385.13157657
388.87443064999997
401.47035144
409.11828865
409.48909772
403.47503802
390.76323941
371.52751859
350.07853108
0.0
116.27182089
111.7525853
108.78611267
107.10588403
106.73507495999999
108.51959366
111.86846315
114.26713428000001
118.51985092999999
123.30560557
126.95575740999999
130.26986349
133.46809179000002
136.57361781999998
139.29674692
141.12761672
141.61430364
141.66065480999998
143.30612011
142.50656300999998
139.93407507
135.98264084
130.14239788
123.09702545
0.0
1114.9301894999999
1081.9861202
1065.09113214
1062.32165156
1076.1111137
1109.5882213
1163.6104682999999
1219.3708827
1258.0393166000001
1276.0699084999999
1276.6840607
1267.9816352
1257.5294543
1250.2870898
1247.3669682
1251.5733335
1263.7405069
1304.6801461999999
1329.5243542
1330.7410717
1311.1693049
1269.8820322
1207.3775269
1137.6538327
0.0
363.89116921
353.28834717
346.37044031
342.84775411
343.43873109
348.58370697000004
358.25950634000003
366.47524491
378.28319643
389.68557554
399.03691687
406.39515947999996
412.22381468000003
416.70828693
420.49749214
423.19744576
424.3562241
430.88014634
434.54188591
433.26722971000004
427.13729222999996
416.95163039
400.23045859
382.00287499
0.0
851.96861543
827.1591707
810.94786137
802.70894725
804.0994813
816.13918849
838.79330548
858.01743847
885.6774780100001
912.37573146
934.27664252
951.49608897
965.15808584
975.64503003
984.5212725800001
990.8366141399999
993.5597434499999
1008.8208547999999
1017.38422661
1014.3945785
1000.04890273
976.2128315699999
937.06929834
894.39149129
0.0
70.963586913
68.866198078
67.800121988
67.614717446
68.49538900799999
70.627541195
74.069112926
77.61497472
80.071584843
81.230363211
81.265126563
80.708912944
80.048409283
79.58489793199999
79.399493397
79.666012421
80.44239392
83.04964524
84.625583815
84.706698294
83.45521766200001
80.824790782
76.850180999
72.412059872
0.0
554.1394007399999
534.89209213
524.19656782
520.47688926
525.2278805899999
541.0336174400001
568.7052447699999
598.74077989
617.68680611
624.51201067
623.63133913
619.37862251
618.7297066399999
622.29874404
629.85397891
640.71173214
653.37717965
672.3347937
689.32248448
687.1555689500001
672.82148062
650.22530252
616.63231776
578.78661645
0.0
665.60229141
645.92623484
635.84486306
634.18780997
642.42672419
662.41565094
694.6528649300001
727.94456727
751.02743229
761.79248325
762.1632923200001
756.97196524
750.72614994
746.40390664
744.65415128
747.1687003300001
754.43424064
778.87287633
793.7052393399999
794.4352697200001
782.74319605
758.09598031
720.78331702
679.15999822
0.0
105.84281565699999
103.82654129000001
101.532160135
101.393106741
102.343305007
104.649273937
109.4466163
114.22078318
116.74692002
117.25678249
115.90101182000001
114.24395873
113.25899713
113.89632521
113.01565367
114.07014201999999
115.50702720000001
119.31940796
121.48632348999999
121.72966695000001
120.64041528999999
117.59282822
112.45944003000001
106.062983488
0.0
72.18030419600001
70.071327576
68.70396911
68.008702093
68.124579931
69.144304884
71.056289184
72.690166678
75.03089897
77.29051677999999
79.144562158
80.604622895
81.763401256
82.655660596
83.408866535
83.94190458
84.17366024900001
85.459904233
86.189934598
85.93500335899999
84.718286079
82.70201173
79.387905615
75.772517124
0.0
633.48095517
608.86850277
592.69195685
583.51443223
581.5329212
591.26665946
609.45947975
622.57685081
645.7408302700001
671.79016782
691.7095679199999
709.72857143
727.1681857899999
744.07476209
758.94188851
768.8957946099999
771.5609848199999
771.7927405199999
780.78486061
776.4394417599999
762.39504799
740.88812162
709.07965556
670.6893284
0.0
188.31307167
181.00118019
176.19225004
173.46912086999998
172.87814389
175.76350201
181.17499697
185.08008003
191.96322351
199.70386302
205.62522042
210.99036421
216.1701035
221.19920159999998
225.61414720000002
228.56903197
229.36858906999998
229.43811572
232.11489382
230.81706201
226.6454599
220.24900334
210.79337192
199.37940505
0.0
1304.1586959
1265.6061399
1245.8489686
1242.6159769
1258.7461721
1297.9128802999999
1361.0894768
1426.3055232
1471.5442301
1492.6455841
1493.3524393
1483.1783652
1470.9532532
1462.4709959
1459.0641873
1463.9774078
1478.2072057
1526.0995154
1555.1616771
1556.5869741000001
1533.6895140000001
1485.3916316
1412.2843048
1330.7294837
0.0
169.63356449
164.62764198000002
162.05515397
161.62640601
163.72379482
168.8224196
177.03815824
185.52041582
191.40700994
194.15331466
194.24601686
192.92500953
191.33748319
190.22505598
189.78472019
190.42204834
192.27609369
198.5103213
202.28793872
202.47334329
199.4952829
193.21470416
183.70113381000002
173.0983118
0.0
851.07635613
826.29008695
810.09036538
801.86303905
803.2535731
815.2816924599999
837.91263387
857.11359138
884.73886754
911.41394541
933.2916809200001
950.48795182
964.13836093
974.6137174
983.47837195
989.79371351
992.50525555
1007.7547781999999
1016.30656274
1013.3285026
998.9944141
975.1815189399999
936.0727489799999
893.4412930000001
0.0
815.33963142
791.23704146
778.88446409
776.86818979
786.9495615
811.4345482900001
850.93730266
891.7031255
919.98890533
933.17580307
933.62772665
927.26603343
919.61809619
914.3224791499999
912.19032696
915.26108958
924.1605074
954.09175256
972.2613972
973.1536566
958.84274379
928.64497965
882.94276105
831.95651313
0.0
363.62465013
349.49914189000003
340.21732721
334.94488565
333.80928289
339.39459456000003
349.83518764999997
357.36724697
370.65843481
385.61826346
397.04381811999997
407.39170891
417.39196618
427.10252882
435.64272536
441.35550274
442.88509012
443.01255573
448.18070723
445.67774597
437.62423639
425.27165902
407.02089984
384.98093538
0.0
31.541947024
31.113199035
30.974145627
30.997321197
31.356542489
32.063397287
33.303290134
34.577946333
35.018282114
34.693824174
34.068083858
33.477106893999995
33.280114567
33.280114567
33.395992405
33.58139694
33.859503753
34.404129583
35.180511081999995
35.157335515
34.79811422
34.137610562000006
33.002007761
31.8432294
0.0
105.750113372
103.896067949
103.35144215700001
103.363029932
104.38275486
106.92047953
110.48951686
114.31348548000001
117.1061413
117.36107255
115.88942403
114.22078318
112.63325684
111.77576085
111.10366939000001
111.32383727
112.85342475
116.65421772
118.92542334000001
119.45846143
118.00998846
115.21733254
110.69809698
106.31791479
0.0
8.5401965314
8.3895553443
8.3547919933
8.3547919933
8.4359064784
8.632898800300001
8.9225933907
9.2354635487
9.4672192209
9.478807005
9.3629291689
9.2238757649
9.0964101457
9.026883443700001
8.980532308899999
8.9921200927
9.1195857126
9.4208680868
9.6062726249
9.652623759
9.5367459229
9.3049902507
8.9457689586
8.5865476655
0.0
12.283050644
12.06288275
12.004943831
12.004943831
12.120821672
12.422104045000001
12.827676474
13.279600033
13.604057973
13.627233539999999
13.465004575
13.268012248
13.082607713
12.978317657
12.908790960000001
12.931966523
13.105783279999999
13.546119054
13.812638085
13.870576997
13.708348029
13.383890086
12.862439826000001
12.352577341
0.0
3.4299839527
3.3604572509999997
3.2909305496999997
3.2793427656
3.3141061165999997
3.3836328185999998
3.5458617888
3.6965029759
3.777617462
3.8007930289
3.7544418940999997
3.6965029759
3.673327409
3.6849151928
3.6617396249
3.6965029759
3.742854111
3.8587319471
3.9398464322
3.9398464322
3.9050830812000004
3.8123808127
3.638564058
3.4299839527
