0.0
158.35643699976518
150.49357878101605
144.11168611578827
139.3787035639998
135.25642836666086
134.01974582079018
134.03501351661012
136.4015048238714
146.69192505474385
160.03588241858495
173.80733496739703
186.8764740103653
198.8463396600575
208.90774457125752
215.15222806820717
219.71726614633693
221.83947444594762
220.58752420425697
215.35070800408147
205.77786904544863
200.49524976565513
191.24303214477897
177.9754131737781
164.7077942733531
0.0
158.08161860047468
151.1195539018614
146.17282371837862
142.12688698445578
139.85200182858878
139.5771834292983
139.928340221429
141.5467149432285
150.73786179650844
162.64665667860447
174.79973457619295
186.38790804995642
196.93787892156527
206.37330878249585
213.21323201649273
218.09889142453747
221.28983778851844
221.21349932510233
216.60265824577212
208.61765855456477
200.64792662191147
192.06748720149866
180.03655077636844
168.32623575957086
0.0
249.68773332666035
245.53492281609917
242.45085029933242
240.03855590461131
238.52705503002602
237.24456941237912
236.45064973945753
235.5803916815375
238.98508559879505
245.87081191240995
252.49698751471246
257.9780867303803
263.79507497178315
269.18456809879086
273.2763078417559
275.87181447653137
277.0474262548058
276.0550267165858
273.1083633680972
269.13876502701464
265.0775605972719
261.73393744761046
256.4055150881989
253.4588517318685
0.0
397.84535617637135
378.95922889984206
364.8518871841434
354.53093163220694
348.46966038315355
347.00396251761043
347.58413462941354
350.51553028992396
374.8980244700993
411.0366366839562
446.8240921762582
478.27552491794467
501.86409943304017
518.0783817603714
528.0634482787311
534.796497657672
536.4301400752914
531.3918037404143
518.1852555370097
501.1312505355565
488.06211150043003
471.053909508019
446.07597559079636
419.5712731031686
0.0
55.54384088948548
52.597177529234266
50.368095409071394
48.62757923049718
47.451967420071455
47.02447222176951
47.085542964272044
46.88706304408121
50.16961548888057
55.620179317613655
61.08601082569897
65.94113490719056
70.0023393275232
73.10167953775735
75.11701406543474
76.18575206863927
76.36896429693107
75.34602935060344
73.16275028731748
70.44510221223496
68.76565677537911
66.5671100264675
62.91813311881117
58.94853481928992
0.0
1059.76060587281
995.7584672157305
947.6499891482955
912.9770743059506
892.869532100953
889.5259090218674
894.4115685710641
908.4273044176718
973.9562115902644
1067.2112366808258
1167.0924369894433
1265.9048994532598
1354.365871020551
1429.345475538166
1490.1566680273088
1531.8985209685004
1554.8916554877708
1552.6931089992054
1514.3101470211216
1450.4148815760734
1393.0236510058369
1329.8154321079385
1240.300989983895
1143.7328776763936
0.0
74.47577126053217
69.97180395627193
66.5976453977188
64.15481567095527
62.75018857692918
62.50590560613486
62.85706237630863
63.834194272816944
68.4450353764566
74.99487258042969
82.01800807486953
88.9648050847205
95.17875319551952
100.44610478733487
104.72105677035428
107.65245250144055
109.27082715266418
109.11815029640783
106.41576995556989
101.9270702702803
97.89640123217738
93.45350469629751
87.16321812051405
80.36909796691943
0.0
310.3309812715684
289.963888433676
274.48245507440436
263.4286505622502
256.80247488153
255.04669106986995
256.6345303372954
260.11556272581095
276.45198651775866
301.87268338634794
330.01102828375343
357.5692010771975
383.0509686428071
405.28071914741537
423.8309573982098
437.6024100175979
446.6256123188014
449.1600481075631
441.8773620006172
427.31198977888357
412.09010706034826
393.79941944244854
366.2259789610263
336.6524715818759
0.0
337.675406503894
320.91148751913363
307.2774441385997
297.2007715315798
288.42185217529266
285.78054253147496
285.8110779152731
290.8646818753942
312.819614051288
341.232777277408
370.6078047285258
398.48659899303664
424.01416963826426
445.46526816577096
458.7939578337922
468.5347414150773
473.0539764057473
470.36686369015337
459.2214530893389
438.7932894838505
427.5257373400019
407.7998873109331
379.52413324524946
351.2025761077896
0.0
1881.1926364397407
1767.5705190680521
1682.193619750908
1620.634310542994
1584.9384616020159
1578.9993315195916
1587.6866448891617
1612.5729727647742
1728.8822031735697
1894.42971974464
2071.7180875161657
2247.1285291409795
2404.15667784341
2537.2756297284504
2645.187633396026
2719.3122472770797
2760.1227714946976
2756.198976523378
2688.07456226903
2574.650924817532
2472.7696572347813
2360.597970338645
2201.691896273679
2030.2663204975659
0.0
79.30035997077249
74.50630663178343
70.90313278884577
68.3076262058259
66.81139299726183
66.55184234084187
66.91826679664128
67.97173711422019
72.87266425258866
79.84999662663331
87.33116266945362
94.72072262675047
101.346898229053
106.95013891717915
111.49990929948903
114.62978489587381
116.33976569849169
116.17182115425717
113.30149619076708
108.52271055936062
104.23249088052127
99.49950825815692
92.81226188433732
85.57537885387272
0.0
605.2721352646836
595.2412657372817
587.7600996944614
581.9125759986846
578.2483314406905
575.1337235401256
573.2099950979718
571.0725191103829
579.3628725141028
596.0504530981815
612.0967908028605
625.3796774696813
639.502286810624
652.5561581499306
662.4648862048742
668.7704404772618
671.610230049112
669.2132033502108
662.0679264037014
652.4340166774723
642.5863593273907
634.4792181637251
621.5932913686531
614.4174790383454
0.0
1392.5198172476655
1308.4254043166607
1245.217184634586
1199.6431427244756
1173.230046364717
1168.8329526818281
1175.260648685452
1193.6887454324212
1279.7832255591409
1402.3216714240275
1533.5626985738736
1663.3990982885773
1779.6319906103604
1878.1696344396335
1958.0654343136985
2012.9222295107868
2043.1369797144446
2040.2361195475166
1989.8069531583374
1905.8499491917253
1830.4275810875608
1747.3866380075503
1629.7643868717723
1502.8746503644056
0.0
128.87453570143308
126.73705971384423
125.1339526800229
123.897270141994
123.11861816489234
122.44683996442902
122.04988016325619
121.59184959448714
123.3476334845648
126.90500426592051
130.32496587899806
133.14948776287014
136.15722181622078
138.93594062047484
141.04288129484146
142.38643761735045
142.99714504237585
142.47804377658647
140.96654283142533
138.90540529941083
136.81373232086418
135.08848381458458
132.34030040197038
130.8135318315652
0.0
79.34616304960632
74.13988217598403
70.185551555815
67.36102968762644
65.66631656592914
65.20828598853416
65.62051350826806
66.50603928396498
70.68938518930271
77.19341936462922
84.38449931625999
91.4229024822103
97.94220430395364
103.62178345549592
108.37003370310427
111.8968691006619
114.20228971090287
114.84353244915046
112.98087479027622
109.27082715266418
105.36229957917776
100.69038772440959
93.65198463295606
86.07921243168389
0.0
14.534836866165893
13.908861747673118
13.450831177335731
13.069139028853106
12.870659115719855
12.840123744468588
12.870659115719855
13.023335971976199
13.863058690012036
14.962332071525422
16.07687313160686
17.14561113481139
18.12274302426211
18.97773342792358
19.618976232826174
20.06173912381134
20.351825151482572
20.351825151482572
19.924329953180628
19.19148103452423
18.458632115867832
17.664712454708905
16.565439080253103
15.48143338436535
0.0
326.163571415129
304.74300827142036
288.4829229428888
276.86421400690966
269.9021493082963
268.05475933740024
269.71893706824187
273.3831816968118
290.54406047490335
317.26251065695953
346.83601796553415
375.79881791965926
402.5936064945556
425.9531656978205
445.450000469951
459.9237666030246
469.4049994729973
472.076844500613
464.41246620989654
449.114245098521
433.09844270706424
413.87642626364817
384.91362630952307
353.8133503599674
0.0
192.32703783439337
182.1434914507351
174.40277470444425
168.38730652716706
164.31083440944613
162.814601222839
163.02834878395745
162.37183834988994
173.74626427037668
192.60185616310793
211.54905421507516
228.3282409583897
242.38977952389445
253.12296263555774
260.11556272581095
263.81034266760304
264.45158547642654
260.9400177746889
253.3519779552302
243.93181578227782
238.14536285409724
230.49625233761827
217.90041155923896
204.1594943236492
0.0
129.25622788520363
122.4163046512068
117.2100237642535
113.17935471830883
110.4464389936728
109.4387716968987
109.57618086517688
109.133417984386
116.78252857928258
129.45470774266036
142.18795775205197
153.4707775211445
162.90620731149917
170.12782272142482
174.83026995999106
177.3036350517324
177.74639792468153
175.37990661742023
170.28049957768113
163.94440999207137
160.06641781022478
154.9212076908677
146.44764204709324
137.21069218477115
0.0
852.5933774879685
801.0954733245641
762.3918897185779
734.4978277582472
718.3293485183758
715.6269681069621
719.5660310642465
730.8488508960733
783.5681695644907
858.5935778361156
938.9321406537058
1018.4309799816305
1089.6089313611058
1149.931558007466
1198.8492229652948
1232.438132125867
1250.9425669598477
1249.1562482270535
1218.284987307025
1166.878689153863
1120.7092074047625
1069.8678139655708
997.8501397865056
920.1528870597135
0.0
221.70206528551125
211.77806953474766
204.4495803481837
198.64785972418318
194.75459984651664
193.0446190438988
193.64005884368012
195.02941824580716
204.4343126523638
218.6790635363407
233.50398639096895
248.9854198129748
264.32944400396826
278.69633636040345
289.3837163924488
296.19310423480573
300.5138592974432
301.4757235145992
296.5289933311165
286.757674444451
276.17716818904404
264.9096160451956
249.55032415838213
233.9467492639181
0.0
147.28736479179108
140.69172450271074
135.82133271206823
131.97387591401977
129.3783693498201
128.2485605884295
128.6455204523365
129.5615815977163
135.80606509466594
145.27203026881872
155.1349552519861
165.41010778703864
175.60892193709267
185.15122550408574
192.25069944155308
196.76993436948902
199.65552702095724
200.28150214180263
196.9989496891615
190.51018324729532
183.4870477732441
175.99061404244563
165.79179996296747
155.40977357285894
0.0
263.0316906905014
245.7639380651957
232.64899602102702
223.27463692769265
217.65612854374663
216.15989536498128
217.51871938331018
220.46538273964057
234.31317375186867
255.8558783601938
279.7040035866017
303.0635628526006
324.6673382363637
343.4923948158727
359.21811118279504
370.8978908157946
378.54700134011523
380.69974509409985
374.5163322941705
362.1800422271035
349.26358004823334
333.7668789304076
310.4073197349845
285.32251196270596
0.0
275.41378390776237
257.3368439215569
243.59592668596704
233.7788047118418
227.9007457028428
226.3434417486395
227.74806884658645
230.8474090513314
245.33644288022475
267.9020824811439
292.88001639836654
317.3235813539799
339.9502917303369
359.67614175156405
376.1347070159701
388.36412330639865
396.37965838140417
398.624008153473
392.15050940742685
379.23404722855673
365.70687762466116
349.47732760935185
325.0184950284944
298.75807548578314
0.0
352.36292026082003
333.7210759213655
319.52212811700656
308.51412668447045
301.04822832962833
298.3000448385964
298.6970047103452
297.4908575482726
318.3465163465739
352.88202152660944
387.60073902511704
418.349858182542
444.09117645162223
463.75595570525314
476.580811803305
483.3443965738857
484.5200084148942
478.07704498207016
464.16818327282175
446.9156983354943
436.33519208008727
422.30418882780464
399.2194478905203
374.0430340374233
0.0
505.8642331657626
497.4822736028065
491.2225224806129
486.3368630019922
483.26805817320366
480.6725516168456
479.06944458302434
477.28312531699044
484.21465470238155
498.15405180326997
511.5590799347071
522.6739551517235
534.4606086319371
545.377003913079
553.6673573167991
558.9347089086144
561.3012002158756
559.3011333887232
553.3314682204882
545.2853978244189
537.0408475003168
530.2772627375779
519.4982765462964
513.4980759942633
0.0
1816.5645221913103
1706.8509325813104
1624.40542934029
1564.9530605401221
1530.4938935333576
1524.7532440768832
1533.1504715238616
1557.1818086844949
1669.4909053292001
1829.3588433211773
2000.540136136691
2169.9198423040207
2321.55849764419
2450.097143841541
2554.314367583007
2625.8892780971055
2665.31044279497
2661.508788951072
2595.7203308554394
2486.205221165631
2387.820253667216
2279.4960228712102
2126.055780961275
1960.523531678253
0.0
89.78926013830346
85.77385871838702
82.81192767251017
80.46070412380293
78.88813247926893
78.18581889657587
78.43010190971572
78.99500625825979
82.79665997982696
88.5678452153243
94.58331346631404
100.84306458066595
107.07228038963738
112.87400100579612
117.2100237642535
119.97347487268765
121.7139910669454
122.11095093869412
120.11088411154171
116.14128577045909
111.86633377959794
107.30129570930985
101.07207990033841
94.75125801054855
0.0
1930.1713723533683
1803.4495807195901
1707.217356669331
1638.4211644105633
1597.2289482679523
1586.251482328999
1596.160210501569
1617.7945212534469
1719.4162379602078
1877.5131244290214
2052.5266061350358
2223.9216467861293
2382.446028220344
2520.6949232974152
2636.088092192268
2721.7245416012242
2777.8943582310544
2793.6506097778893
2748.305582834572
2657.737670859534
2563.016948162208
2449.24215383232
2277.831845344255
2093.810428358465
0.0
289.9486207378561
276.98635554994377
267.3982488327569
259.8102090054565
254.72606966153737
252.4817198188925
253.26037179599422
255.0772263830922
267.3677134489588
286.00955785114746
305.39951877606387
325.644470141498
345.7214769626976
364.50073046258854
378.47066294727495
387.38699147184036
393.0513028569868
394.2879854028575
387.8297543447894
375.05070132635564
361.2181780099474
346.46959354815937
326.37731903898157
305.96442312931293
0.0
59.72718679560739
56.56677583581312
54.169749165926504
52.29182381593739
51.03987357816767
50.56657532298882
50.62764606549136
50.429166151573945
53.971269252793256
59.818792909361186
65.6968519371804
70.91840047447138
75.28495860810091
78.6133140815468
80.78132545842296
81.9264019187702
82.14014954575943
81.04087616424603
78.68965254496293
75.75825687033733
73.97193763410206
71.59017865062525
67.68165108654894
63.406699066673234
0.0
476.0922458507378
450.885296606001
431.70908323436123
416.83835730795676
406.7464170129586
403.03636937534657
403.5707383369559
401.9370959899123
430.10597627895766
476.77929173917926
523.6816224484975
565.2249954773404
600.0200513686881
626.5858246239121
643.9146480246558
653.0447241024976
654.6325634404991
645.9299825476279
627.1354613519171
603.8217051655361
589.5311512019413
570.5839531578158
539.3920711196
505.37566720535375
0.0
492.7492910510181
460.39706486761355
435.83135843170027
418.2582520938819
407.7388166139128
404.9448301138388
407.4792659104422
413.0061681978863
438.94596634010685
479.298459832121
523.9869761610103
567.7288959607215
608.203530925194
643.4871527691089
672.953786371621
694.8171123882787
709.1534693609158
713.1841383990188
701.5959649252552
678.4806885963311
654.2966743441883
625.2575359972229
581.5003485016917
534.5216793367991
0.0
350.13383810615335
334.48446020264714
322.8962866583079
313.73567518882606
307.58279785111245
304.89568512767676
305.8270139610348
308.0102930360834
322.86575134508564
345.3703201705669
368.775682445608
393.2345150970412
417.47960011678015
440.1521134943376
457.0229063263123
467.78662475119773
474.6265479851947
476.1227812345358
468.3209937833829
452.88536343315343
436.1825152238309
418.38039356634005
394.1200408507812
369.47799602986936
0.0
142.11161928863586
135.85186810370806
131.4089715686124
127.75999462802064
125.71412472125022
125.46984178417544
125.7904631846663
127.2408933622313
135.51597899955556
146.21862679799665
157.15028976711667
167.54758378246925
177.04408434042014
185.5329176800145
191.67052732974994
196.06762085580343
198.92267812347367
198.86160735587748
194.70879683747455
187.54825220298687
180.37243987267925
172.66225858076237
161.8527370056829
151.3180338377357
0.0
37.665380836017704
35.192015738002915
33.31409038095623
31.970534035706102
31.16134668892154
30.947599090162644
31.1460790032959
31.558306515972212
33.5431056731825
36.62717819700685
40.04713981243692
43.390762999738804
46.490103217030544
49.177215913804204
51.43683341227593
53.101011163506136
54.20028453796194
54.50563825047463
53.6201124755619
51.84906092495224
50.00167094621441
47.78785651167717
44.4442333243753
40.85632715922148
0.0
450.915831989799
423.6782805419535
403.21958161540095
388.4557294656348
379.90582542902007
378.4859306352531
380.5623358630876
386.5320010313226
414.41079529583334
454.0915106658018
496.5814801532467
538.6286868383181
576.2635323015163
608.1729956119717
634.0364552829343
651.808041556627
661.5946281469542
660.6480316177763
644.3268755138067
617.1351271377375
592.7220975659224
565.8204352143875
527.7428268703985
486.6422167145049
0.0
84.5982469440334
80.1095473324564
76.70485338775262
74.06354374785587
72.27722451162057
71.60544633625088
71.71232013563034
71.42223410795908
76.41476735380797
84.72038841492329
93.04127720479399
100.43083709151495
106.6142498208684
111.33196474741277
114.41603726417951
116.03441198597903
116.3092303146936
114.76719405631023
111.42357083607293
107.28602801348994
104.75159215415239
101.37743361285109
95.8352637001629
89.78926013830346
0.0
286.9561543097495
273.3373786171938
263.1538322335355
255.71846919975744
251.3366434322579
250.28317305586575
250.69540062343447
252.81760892304504
270.40598295668343
296.46792256352035
322.2855792332825
344.97336029881814
361.9815622912292
373.6766096200486
380.8829572635784
385.738081358401
386.91369320725136
383.27998396247955
373.75294801288885
361.4624609548639
352.0270311566675
339.76707948244075
321.7512102638315
302.63606766762973
0.0
166.60098732386717
156.5395823420913
148.9820779064308
143.53151407456096
140.35583540639996
139.83673413276884
140.60011841405057
142.81393280232137
153.10435303319386
167.7765991021417
183.4717800852659
198.99901651631384
212.90787830397997
224.6945317136178
234.25210297643076
240.817207881713
244.43564943066485
244.08449263853413
238.05375677327882
228.00761955005703
218.98441724885336
209.06042142751386
194.9836151661891
179.80753552727185
0.0
69.4527026371586
66.33809473424122
64.04794187157583
62.23108726408926
61.0096723975708
60.47530339988943
60.65851562739702
61.101278511324615
64.03267418595019
68.50610611895915
73.14748260169185
78.00260665495308
82.81192767251017
87.30062735466306
90.644250506677
92.78172649897087
94.1405505855232
94.44590429803588
92.88860034775344
89.83506314577726
86.52197537912976
82.97987222144974
78.17055120389266
73.28489177232255
0.0
463.55747584779635
435.5565401108273
414.51766907247173
399.3415894335544
390.54740238144734
389.08170458648004
391.23444826988884
397.3567902238043
426.0142364654167
466.8094929087977
510.49034194091274
553.7131603964172
592.4167438534096
625.211732917605
651.808041556627
670.0681937201529
680.1295987019287
679.1677344847726
662.3732801240559
634.433415154683
609.3180719986063
581.683560749588
542.5219467159847
500.2915277908587
0.0
82.41496787368986
77.0102071010495
72.90319962383994
69.95653627064631
68.20075240566229
67.72745414342585
68.1549493487854
69.0862781813592
73.42230094373744
80.17061803261342
87.63651638275049
94.96500557166696
101.72859040498182
107.63718480562063
112.55337960530531
116.21762423387523
118.61465085435871
119.28642905482202
117.34743292468991
113.48470843082151
109.4387716968987
104.5836476020761
97.25515848608802
89.40756796159049
0.0
15.084473557314672
14.336356953032645
13.725649519381328
13.267618949828114
12.885926801345489
12.763785316340416
12.763785316340416
12.992800600724932
13.969932497233241
15.237150413571023
16.55017139462747
17.80212162533961
18.93193037104668
19.89379458192936
20.489234322113276
20.931997213882617
21.130477127015865
21.008335642010795
20.504502007738914
19.603708547200537
19.09987492077042
18.21434914507351
16.94713122167814
15.679913304556186
0.0
286.9408866845055
268.1005624170183
253.7947408281793
243.56539137274487
237.44304934041168
235.80940693063408
237.27510479617717
240.49658647338035
255.59632772729913
279.10856384955446
305.124700455191
330.6064680208006
354.16450715209805
374.71481223004497
391.8756910787123
404.6089410175281
412.9450974302902
415.29632104957335
408.54800390423674
395.09717276375727
381.0050988066125
364.1037705908398
338.6220030252302
311.26231009708465
0.0
138.46264235588586
131.1341532398978
125.5461802475916
121.22542511437827
118.29402945386786
117.2100237642535
117.36270062050984
116.8894023559209
125.08814967882252
138.66112229176025
152.29516574286998
164.38717287286227
174.49438086368028
182.2198298435753
187.25816618629406
189.91474351808986
190.38804177483706
187.85360591549957
182.38777439565158
175.60892193709267
171.4561113481139
165.94447681922378
156.8754714384021
146.98201107927838
0.0
1327.7542946621834
1240.5910759849044
1174.3903908392597
1127.0605646156164
1098.7237397744948
1091.1815029640782
1097.9908908926948
1112.8768845933366
1182.7723503708485
1291.5240761322552
1411.9250463859578
1529.822115607356
1638.863927291354
1733.966342697849
1813.3430408983534
1872.2610401095708
1910.888284969837
1921.74360978137
1890.5517277353124
1828.244301808626
1763.0818193827624
1684.8196619106332
1566.907324773846
1440.3229414771192
0.0
37.40583017254015
35.741652422094106
34.50496987622342
33.51257030193124
32.87132749702865
32.58124146935743
32.67284758311123
32.91713055390556
34.48970219059779
36.901996546110034
39.40589701537609
42.01667128402159
44.612177867041446
47.02447222176951
48.82605914363044
49.98640326058878
50.70398449361954
50.8719290362857
50.03220631746568
48.38329625264527
46.59697701640998
44.703783980795244
42.10827739777539
39.48223544350426
0.0
258.69566793204405
245.00055377607228
234.5879920727415
226.5113863007158
221.03028708504792
219.01495256207554
219.28977096136603
218.4042451370501
233.71773401482145
259.0773601079728
284.55912768142423
307.14003497032155
326.0414299426708
340.4846606919462
349.8895551690787
354.8515530405395
355.7218111063014
350.9888285466712
340.774746708639
328.1178352332393
320.3465831737263
310.04089524703386
293.09376402221903
274.61986423484075
0.0
1138.038030476152
1119.1519037171793
1105.1056327377096
1094.0976310463952
1087.1966370369605
1081.349113662696
1077.7459397389885
1073.7305379810916
1089.3035775231249
1120.6786722797426
1150.8476188156499
1175.8255533994222
1202.360790886602
1226.9264977146033
1245.5530743033455
1257.4007980884915
1262.7292204949533
1258.2557887250532
1244.804957584574
1226.6974819636337
1208.1777792142639
1192.9406286352316
1168.6955436390183
1155.2141773735189
0.0
331.14083698240995
313.6135337163678
300.26957635252666
289.9333530420362
282.92548526380483
280.3299786996052
280.7116708833758
279.5665944183235
299.17030297493415
331.629402934977
364.241179759118
393.142909008381
417.3421909563437
435.81609074372204
447.8775624820745
454.22891982623827
455.32819321167256
449.26692195477733
436.2130506154707
419.98350059231956
410.04423715357785
396.8682243418131
375.1728427988139
351.5079298203023
0.0
458.0153058566906
427.9379648997288
405.112774665915
388.7763508739673
379.00503190888423
376.40952534468465
378.7607489639677
383.8906913875049
407.99836724680745
445.5110712375473
487.0391765862537
527.7122914866004
565.3318692618203
598.1421260139939
625.5170866301177
645.838376388392
659.1670661348309
662.9076491562411
652.1439306607795
630.6622967494748
608.1729956119717
581.1797271012009
540.5066121930123
496.84103086455895
0.0
674.5568934054425
663.3656797250101
655.0295232416721
648.5102214160077
644.4337492982868
640.9527169803472
638.8152409143406
636.4334819818354
645.6704318441575
664.2664731667282
682.144933224901
696.9698560716877
712.6955724464516
727.2456770350996
738.2842138592755
745.3073493333267
748.4677602429339
745.8111829111378
737.8414509863262
727.1082678746629
716.1308017553491
707.1075994541454
692.7407071682862
684.7404397891007
0.0
144.53918130075922
137.36336904102748
131.53111304107065
127.22562566641137
123.46977495702306
122.33996618779068
122.33996618779068
124.50797756701937
133.89760434833192
146.06594994174029
158.64652302429968
170.58585329019385
181.5022486419116
190.69339549519154
196.38824226413607
200.55632047051716
202.4953166006493
201.350240135597
196.5714545041905
187.83833822752138
183.0137495164969
174.57071925652053
162.46344443855006
150.3409019247597
0.0
605.5164182801759
568.9350431149524
541.4532087221902
521.635752541727
510.1544528367603
508.24599209826795
511.03997859050014
519.0555136733474
556.4918792006711
609.7761025673755
666.8314443471297
723.2913463898368
773.8426541730569
816.6837800291772
851.4177657881118
875.2811581378904
888.4113682307585
887.1594177067643
865.2197537912976
828.7147165327249
795.9197278214087
759.8116507796223
708.6649034005069
653.5027546791086
0.0
209.64059353931702
195.884408615749
185.42604383280027
177.96014548579993
173.47144587108622
172.28056640483356
173.36457209444794
175.71579571373107
186.75433253790703
203.9152113865744
222.93874782354018
241.55005677919664
258.75673870748204
273.7801414901429
286.31491156366013
295.6129321935784
301.7200064595158
303.4299873327096
298.4985247744708
288.6661351123674
278.37571495207084
266.024157118608
247.39758047497338
227.4121797424339
0.0
777.9343939865978
741.0171295839115
713.4131537186912
693.2445407460972
681.3815489436192
678.5417593639273
679.6410327493614
685.381682597924
733.0779329723221
803.7367826782365
873.7085865662851
935.2220927808409
981.3305036055098
1013.0414873251285
1032.5535897538703
1045.7296028087299
1048.9205489766664
1039.0881589695255
1013.2552351607086
979.9106089607365
954.3525032375395
921.084215814654
872.2581568121752
820.4243636857701
0.0
785.6140398241406
751.0174637980912
726.4364896741997
706.2984120932456
695.000324636175
693.6262329220261
695.397284500082
703.4128195045116
749.1242707475769
808.2865532722737
868.7160537972153
926.259961317809
978.6739263207647
1025.6067927040262
1059.5773938680086
1083.8682819046312
1099.700871538477
1099.3649825754765
1076.4023831812262
1036.7522034381504
997.1478260297251
954.4746443649601
894.7169224247285
836.485969086269
0.0
2174.2100620691194
2138.14778841278
2111.2919290938125
2090.268325312138
2077.107580172668
2065.9163663981344
2059.0306403040886
2051.3509944508623
2081.1229818521465
2141.0639157893384
2198.6841621105436
2246.426215462617
2297.130200564757
2344.03253111724
2379.621506846187
2402.2787524024566
2412.462298582229
2403.881859052031
2378.2016114956546
2343.60503544608
2308.2298076311313
2279.114330946218
2232.807440154307
2207.0203186801414
0.0
502.1389178323306
471.8172938598765
449.02263893928495
432.5946090586771
423.06757310908637
421.4797337789267
423.80042200657005
430.44186537526843
461.4810705493861
505.6810209178664
552.9955791241774
599.8215714328137
641.7313689574488
677.2745414342585
706.0693968441491
725.8563176329723
736.757445296712
735.7039749203199
717.5201611574761
687.2443402646402
660.0525918885708
630.1126600214697
587.699028926865
541.9417746747573
0.0
941.2528288970325
879.4492367677268
832.5163703923071
798.9732649543776
778.8809906569273
773.5373003193923
778.361888959841
788.9118599020255
838.4707677314121
915.5573134566338
1000.9189448270216
1084.4942567902237
1161.7945496295833
1229.216650205569
1285.4780720536235
1327.2504608255942
1354.625421112364
1362.3203348809793
1340.212726123291
1296.0433109425649
1249.8432940684445
1194.3757911953946
1110.785211316803
1021.0417549317253
0.0
646.5864930522715
615.8984445997086
592.9663805108387
576.2024615339201
566.3395365585944
563.9730452434914
564.8891063810295
569.6526243244577
609.3028043106282
668.0223238839582
726.1922067371249
777.3084183717212
815.6455780543636
841.9976035445833
858.2118858719145
869.1588166780061
871.8153939392259
863.6471815139332
842.1655476732041
814.4546984469591
793.2173475511468
765.5675683240049
724.9860595044764
681.9006502094086
0.0
848.9444005552183
797.6602435216354
759.1398726497349
731.3526844738842
715.2452760016092
712.5734309739934
716.4819585474797
727.7189752996883
780.2092792836163
854.9140657940293
934.9167389271763
1014.0796900449096
1084.9370196710145
1145.0153633567747
1193.7192804790234
1227.155512759814
1245.5836094283654
1243.8125579052019
1213.063438739935
1161.8861556319841
1115.8998866718614
1065.2722403624914
993.5751879367962
916.213824173005
0.0
871.4642370765195
814.2562185110846
770.8043842418768
739.7346439662646
721.1386027064282
716.1918725229453
720.665304441839
730.4366233363462
776.3007515062441
847.6924500312243
926.7027241986001
1004.0946230795693
1075.6695343778438
1138.0838335165615
1190.1771775111142
1228.8502261175483
1254.2098519205545
1261.3245937655695
1240.850626782476
1199.9637644778459
1157.1837088168731
1105.8232137041205
1028.4313147839425
945.3445687419405
0.0
121.42390505025263
114.9962093054068
110.110549897362
106.3088961083557
103.74392492795414
102.79732840661799
102.93473756705443
102.50724238208343
109.69832233763509
121.60711729030709
133.56171525202114
144.1574891954063
153.0280146403536
159.80686709891248
164.2344960166059
166.55518424424918
166.96741174124196
164.73832959441705
159.94427626719067
154.0051465533296
150.3561696127379
145.53158090955515
137.57711660214588
128.889803397253
0.0
19.954865324431893
19.054071863893522
18.397561373365296
17.878460053467784
17.527303283294014
17.374626427037672
17.420429483914575
17.557838654545282
18.397561373365296
19.68004697532871
21.008335642010795
22.412962736821047
23.787054452538264
25.084807747969077
26.04667195100999
26.65737938466131
27.054339211711977
27.130677639840155
26.68791475591258
25.802388980999837
24.855792455742794
23.848125195040804
22.458765793697946
21.054138698887694
0.0
1390.1533258855115
1324.1969237004673
1274.8670309084496
1238.8200244617403
1217.6132093810234
1212.544337066374
1214.5138685097286
1224.7584862726403
1309.997975841216
1436.2617374629904
1561.3193514913949
1671.2314218057616
1753.6311213006138
1810.2895037732262
1845.1608978300033
1868.7036691478543
1874.398516348096
1856.8254096103474
1810.6711957766365
1751.0814179336585
1705.4310379365368
1645.9786691363693
1558.7238451624478
1466.0947950358966
0.0
1954.2485125544108
1861.5125892158278
1792.1820281522862
1741.5085788025067
1711.6907891449898
1704.5455121749553
1707.3394984240924
1721.7369262819523
1841.5577239062957
2019.0598388076428
2194.8519731416254
2349.36095360212
2465.2121532147353
2544.8636695008586
2593.8729412452644
2626.973283857296
2634.988819300864
2610.2857035084703
2545.3827711744198
2461.6242472064164
2397.4388958387763
2313.8635838755745
2191.202996255926
2060.984903832054
0.0
1312.5934821701628
1250.316592074255
1203.7348825693834
1169.7032112337793
1149.6872750468658
1144.877954313965
1146.7558790491594
1156.435592098101
1236.896295980378
1356.1216545499071
1474.201936560283
1577.9763967152003
1655.780523391149
1709.2937620304751
1742.2108925592872
1764.4406430717377
1769.8148685186088
1753.234162165991
1709.6449188304475
1653.3834969823931
1610.2675523584198
1554.1435394747575
1471.743839195729
1384.290534595858
0.0
463.4047989915401
442.686549361517
427.3577927879257
415.21998265673307
407.0823061092694
403.52493532791374
404.76161787378425
407.6624781504966
427.29672209090546
457.08397702333247
488.0773791962499
520.4296053796545
552.5222808595885
582.5385511195299
604.8751754635106
619.1046585810918
628.1583962739354
630.1584631010877
619.8222398611731
599.3940762478428
577.3017349115127
553.728428092237
521.6204848459072
488.99344033378804
0.0
252.63439668299063
239.25990392750967
229.09162523967134
221.19823163712417
215.83927396449036
213.86974252113603
214.15982853782882
213.28957040933295
228.23663479915353
253.00082116309954
277.88714899950367
299.9336872562159
318.39231935561594
332.49966107131473
341.69080784617705
346.5306642530214
347.38565469353915
342.75954591838905
332.78974708800746
320.4229215665665
312.8348817471079
302.77347682806607
286.22330541226586
268.1769008098585
0.0
361.8594208187709
342.71374283877105
328.13310292905925
316.83501540141276
309.1706371891138
306.34611530524177
306.7430751064146
305.50639256054393
326.9269556964108
362.3937897882219
398.0438361122458
429.6174103263905
456.0610421091561
476.2601903949723
489.42093551875894
496.36773259997005
497.5738797620425
490.9629717771424
476.672417891965
458.9619023858684
448.09131011376877
433.6938824441114
409.98316638598175
384.1197067071774
0.0
489.39040020553665
463.48113738438036
443.77055505113134
428.487601557158
418.1208429334454
414.30392144861906
414.83829048080423
413.1588450541428
442.1216450082677
490.1079814072004
538.3080654299856
581.0117825491247
616.7839703534485
644.0825925767319
661.8999818594668
671.2896086407793
672.9232509878229
663.9763871500353
644.6627646179593
620.6924979190932
606.004984232743
586.5234171485906
554.4612769897207
519.4830088504766
0.0
64.47543706987777
61.58984445997085
59.45236844650421
57.77292300964836
56.643114263941285
56.13928063045358
56.30722517939314
56.71945269206946
59.45236844650421
63.589911294965034
67.91066637171764
72.39936599740982
76.87279793041877
81.04087616424603
84.15548406716343
86.14028320241678
87.39223344018652
87.66705176811692
86.23188928794023
83.39209978431336
80.32329488886975
77.0407425075887
72.56731053929181
68.03280785672271
0.0
26.22988417930178
25.069540062343442
24.24508502993324
23.573306853779382
23.206882390922388
23.16107933404549
23.222150076548022
23.481700740025573
25.008469319840902
26.97800078358381
29.00860298982925
30.91706371891138
32.67284758311123
34.24541922058764
35.37522796629471
36.18441531307928
36.71878431076066
36.70351662513502
35.94013234228495
34.611843676387046
33.28355500970496
31.863660236326666
29.8635933942749
27.924597301783265
0.0
706.5274274129181
663.8542456070012
631.7768378228873
608.6615614939631
595.2565334331016
593.0274512862767
596.2947360430979
605.6385597526343
649.3194087769074
711.489425284379
778.0718030137241
843.9518670803899
902.9309371533047
952.9173406773766
993.4530461036167
1021.3013051019559
1036.6300616049712
1035.1490960828166
1009.5604552346
966.9636115784288
928.7027907434489
886.5639779069829
826.8978620162027
762.5140311910362
0.0
80.33856258155298
76.75065644541371
74.09407911910712
71.98713847767593
70.58251138992325
69.95653627064631
70.17028387018937
70.67411750367707
74.07881143348149
79.25455689272282
84.62878232939985
90.23202301517347
95.78946062054487
100.99574143692229
104.87373369718651
107.34709878892788
108.90440273528944
109.25555945684424
107.46924025354434
103.92713716800858
100.09494799520418
96.00320825223918
90.445770572371
84.78145918565619
0.0
229.778671057537
215.90034466151073
205.47251533293598
197.9608139063175
193.5942557640621
192.87667456239836
193.93014486821465
196.96841430536335
211.18262979770043
231.39704577933648
253.04662424271754
274.48245507440436
293.65866837546815
309.9187537745757
323.0947665941823
332.148504279184
337.141037534443
336.6677392776958
328.34685048233587
314.4837917821295
302.04062786000657
288.34551378245243
268.9250173953203
247.99302021202058
0.0
215.4423140927417
201.30443705597898
190.5559862563375
182.8763403482187
178.2807668862908
177.05935203624003
178.1586254216743
180.57091980855358
191.91481034524233
209.56425507590095
229.10689293549126
248.23730315693706
265.93255103778955
281.3529136216234
294.2388404872713
303.79641175008425
310.071430630832
311.8272144503337
306.7583427943928
296.6511348035748
286.0858962439877
273.3831816968118
254.2527714047901
233.71773401482145
0.0
112.37016735740909
106.43103757297219
101.8965349570581
98.38496718474451
96.00320825223918
95.13295011590147
95.25509158835975
94.87339948300682
101.53011046910743
112.53811190948537
123.60718411745947
133.40903839576478
141.62305333606875
147.89807221681642
151.98981195978143
154.1425557137661
154.52424781911898
152.46311022437038
148.0354813850946
142.52384678562865
139.1496882443274
134.6762563254336
127.31723175507153
119.28642905482202
0.0
827.5849078340684
786.4995655778805
753.1091367139038
728.3907534295759
706.8785842050487
700.4203530764049
700.466156156023
712.8635169906861
766.6668417015974
836.3332921594371
908.3051625923343
976.6280567903989
1039.1950328873154
1091.7616748092614
1124.434522455891
1148.2979155271123
1159.3669880958075
1152.7866151339842
1125.4727250972542
1075.4252514172438
1047.8060074641155
999.4685143514696
930.1532211954757
860.7463213077966
0.0
974.2310296758841
915.3893686222542
871.1741511304028
839.2952232743213
820.806055657813
817.7372506172967
822.2259503025863
835.1271446444848
895.3581652413937
981.0862206449096
1072.8908152599192
1163.733545947918
1245.0645084605633
1313.9981096837232
1369.8931068164159
1408.2760695002585
1429.4065464155467
1427.3759440948115
1392.0923222822637
1333.3575351542654
1280.592413233711
1222.498868200936
1140.2060418396973
1051.4397172186018
0.0
1704.6371181773557
1592.7097134576427
1507.7297740592983
1446.9643846105644
1410.5814899066136
1400.9017767792543
1409.6501611046228
1428.750035699176
1518.4934928684302
1658.1164795498653
1812.6865301819823
1964.0503674365318
2104.055045415618
2226.150729105473
2328.062531734826
2403.6986470472298
2453.2880906368187
2467.2122197831086
2427.1650801996516
2347.1776743231853
2263.5260234887955
2163.049383419606
2011.6702789554258
1849.1457637571214
0.0
1794.3042364754224
1709.1716209030544
1645.505371208976
1598.9694646660962
1571.5945036735675
1565.044666542523
1567.6096378248674
1580.831453920136
1690.8351301584862
1853.8024082375814
2015.2276498387246
2157.079718212162
2263.4496854017843
2336.581900309225
2381.575770374152
2411.9737326610284
2419.3327574666437
2396.6449760795954
2337.0704662304242
2260.1518653160574
2201.2185982678684
2124.4832094367202
2011.8687588756163
1892.3075113430862
0.0
142.7681297932793
135.21062528704286
129.45470774266036
124.9965435195865
121.9735417704159
120.85900069700352
121.0269452490798
120.52311160069273
128.98140948591316
142.98187735439765
157.04341599047837
169.50184760057948
179.92967699973016
187.89940899511757
193.09042211567504
195.82333791872873
196.31190380072002
193.70112954854218
188.06735347661797
181.07475338636476
176.78453370752544
171.10495462655908
161.74586322904463
151.54704908683232
0.0
2015.0749729589425
1919.4534572904042
1847.970152072948
1795.708863910565
1764.975011954929
1757.6007200181011
1760.4863122696395
1775.3265030082898
1898.87261638952
2081.901633695938
2263.1748673945817
2422.4931685095603
2541.932274208911
2624.072423611951
2674.60846391892
2708.747009172315
2717.0068268707237
2691.5250592345387
2624.6220604105315
2538.252762198192
2472.067344262178
2385.8812580546396
2259.403748597286
2125.139720153091
0.0
3.1909463293203566
3.0077341000091367
2.855057242027604
2.7481834417071513
2.6871126984204365
2.6871126984204365
2.702380384046071
2.732915755375758
2.931395671018371
3.2214817006500427
3.5115677309874744
3.816921446244782
4.076472104546768
4.305487391519066
4.488699620830286
4.626108793186185
4.687179535845558
4.687179535845558
4.5650380498210525
4.366558134884198
4.198613591277032
4.015401361965813
3.7405830172540155
3.450496987622343
0.0
173.74626427037668
162.34130296609183
153.684525144997
147.48584465708956
143.77579701947747
142.79866517707734
143.6841909308173
145.63845468619348
154.78379853043128
169.01328164801234
184.76953339873282
200.18989598256658
214.46518225034154
226.90834617246452
237.3056401799753
245.00055377607228
250.0694255025891
251.48932028851425
247.39758047497338
239.24463623953156
230.72526758671492
220.48065042761868
205.04502007738915
188.47958103634488
0.0
2695.158768989025
2567.276632802287
2471.655116506406
2401.7596507288954
2360.643773300637
2350.796115378106
2354.643572262414
2374.5068315695457
2539.733727014587
2784.5358013645
3026.9866515618887
3240.0777421921835
3399.8388061879523
3509.689805546521
3577.279850211919
3622.945498202848
3633.9840350191816
3599.9065606431677
3510.422654349903
3394.8920757849005
3306.385301255618
3191.114273488186
3021.948315078019
2842.369794815527
0.0
546.2167266577768
520.2921962192181
500.917502911704
486.74909049114314
478.42820177420094
476.4281349470485
477.20678692415015
481.23745596225314
514.71949091489
564.3394696530244
613.4708825170093
656.6478979634716
689.0306595306741
711.2909453485046
725.0013272002965
734.2535448211727
736.4826268974216
729.5816329664045
711.443622204761
688.03825992972
670.0987291039509
646.739169908528
612.4479475949911
576.0497846776638
0.0
660.6480316177763
617.2878040018354
584.3401380813838
560.7973665674886
546.6900249223659
542.9341742051357
546.3388681302351
553.7436957802151
588.523483975743
642.632162399167
702.5425614465914
761.2010101817494
815.4623653202779
862.776923659899
902.2744271426924
931.5883837477966
950.8104001912125
956.1998928477145
940.6879242614798
909.6792542280656
877.2659574887924
838.31809080458
779.6443745853296
716.6651707875343
0.0
170.1888934184451
162.11228764641936
156.08155177332227
151.66919062202467
149.05841629927102
148.44770887424565
148.691991889738
149.94394212358688
160.3717715227375
175.83793718618927
191.13615836814068
204.60225720444004
214.67892981145997
221.625726892671
225.8854111798705
228.77100383133873
229.4733173450243
227.32057366161555
221.67152989387137
214.37357609894727
208.78560309879927
201.5029169918534
190.83080465562796
179.4869141189393
0.0
129.01194486971127
121.21015741855832
115.36263379335746
111.1334848115384
108.6906551114369
108.27842761444411
108.8738673514913
110.58384816195098
118.55358015733842
129.91273831927114
142.06581620901784
154.09675263414803
164.87573882542938
173.99054721529322
181.39537479469743
186.47951420919247
189.27350070142464
189.0139499979541
184.34203814318596
176.55551838785297
169.57818599341974
161.8832723973228
150.9821447335832
139.22602670774347
0.0
168.35677114336897
160.8298020915065
155.2570967166026
150.86000326112492
147.89807221681642
146.60031890334957
147.05834947211858
148.11181977793487
155.24182909920032
166.06661829168206
177.31890273971058
189.07502077339205
200.73953271057164
211.6406603664695
219.763069225955
224.92354696271434
228.22136711117543
228.938948383415
225.1830976661849
217.7630023282267
209.73219962797717
201.16702789554256
189.50251595052123
177.65479177328726
0.0
188.06735347661797
179.15102502262852
172.47904634070792
167.59338686208727
164.72306196917305
164.03601608073154
164.31083440944613
165.70019381157314
177.2272965883163
194.31183697356758
211.22843280674257
226.09915881156473
237.24456941237912
244.90894769525386
249.62666262964004
252.81760892304504
253.5809932043268
251.21450188922375
244.97001839227414
236.90868030822654
230.72526758671492
222.67919719064548
210.87727608518773
198.34250601167048
0.0
1074.3412457354714
1023.3624425477108
985.2542992825878
957.3907724472771
941.0085460148501
937.0694831281415
938.6115189003355
946.5201804261138
1012.3849766087575
1109.9760244264091
1206.6204755266806
1291.5546112572752
1355.251396703715
1399.0391192536902
1425.986584575058
1444.1856661983988
1448.5827598812878
1434.9945189922394
1399.3292051762814
1353.2818652603605
1317.9982434478127
1272.0425088285333
1204.6204083309653
1133.0302298230602
0.0
595.3176041301218
559.3622040857435
532.3384002617506
512.856833248174
501.5740134163473
499.6808203658333
502.44427154484333
510.3071296930166
547.1175201073368
599.500950032323
655.6096952828992
711.1230008042701
760.8193180763965
802.9428629425807
837.0966760878392
860.5478413719225
873.4643036213685
872.227621004922
850.6696490536561
814.7753195024125
782.5299675896773
747.0325977611885
696.7408408225909
642.4947532387306
0.0
657.4876206375933
624.8453084374961
598.3100705660702
578.6758266256614
561.5912862404102
556.461343816873
556.4918792006711
566.3395365585944
609.0890567495097
664.4344177188045
721.6271686589952
775.9037916344954
825.6001091889254
867.3724972629788
893.3275628814496
912.2747612862964
921.084215814654
915.8473994027507
894.1520177264416
854.379696902996
832.4400322817703
794.0418023961387
738.9712596771411
683.8243786437207
0.0
446.77828917505786
419.785020664287
399.509533977789
384.88309098845906
376.40952534468465
375.0048982545795
377.066035849328
382.9746302499669
410.5938738110071
449.90816469302496
492.0164421535344
533.6819566548355
570.9656453337446
602.5850225490896
628.2194670415314
645.8231087004139
655.518089194239
654.5714926729029
638.4030134251897
611.455547994037
587.2715337418942
560.6294220232542
522.8877027755759
482.1687847956111
0.0
1189.2305814994927
1132.8012147778495
1090.616598955867
1059.7758737881993
1041.6378630422394
1037.2865723213422
1038.9812850517355
1047.7449372924932
1120.6634043643533
1228.6822813223775
1335.6629555606205
1429.6813645011666
1500.172270039251
1548.6471721947069
1578.4802305517896
1598.6183077877058
1603.4886994764051
1588.4652967329537
1548.967793948077
1497.9889907603167
1458.934250856231
1408.07758950165
1333.4338732412768
1254.1945840051649
0.0
891.0374103904838
837.218817913177
796.7747177678956
767.6134382307753
750.7121100855785
747.9028558975265
752.0251310242895
763.796516816525
818.8975951232067
897.3124287772004
981.2847005651006
1064.3561794758896
1138.740344232932
1201.7806190414187
1252.912098403202
1288.012508210948
1307.3413985564707
1305.4787410309063
1273.2181205127067
1219.491134116218
1171.2452477117322
1118.0984331604266
1042.8440098514327
961.6504570873559
0.0
624.8605761254742
587.1188568856378
558.7514966607182
538.3080654299856
526.4450735569316
524.4755421135773
527.3611346944698
535.6362204102116
574.2634654743638
629.2576696515277
688.1451337063583
746.406622718761
798.5610371750813
842.776255380533
878.624781922735
903.2515589145169
916.8092639727862
915.4962425400444
892.869532100953
855.1888838404403
821.3556924485523
784.087271261577
731.3068814648423
674.3736811575461
0.0
217.47291630369216
205.96108122276894
197.19742962503582
190.40330940008113
185.8077360087291
184.1130228940894
184.34203814318596
183.59392155772417
196.46458065697632
217.7935377120248
239.21410091846755
258.19183428365704
274.0854952026556
286.22330541226586
294.1319666400571
298.3000448385964
299.032893806656
295.0480277775952
286.4675884199165
275.8260113969134
269.291441883271
260.6346640621761
246.38991317819927
230.8474090513314
0.0
2030.617477375956
1907.97215688752
1815.8011382629077
1749.3561694509046
1710.820530593039
1704.4081024263867
1713.7977295527367
1740.6535888717037
1866.199768821308
2044.8927633222186
2236.2579371982342
2425.5925086750963
2595.094355969847
2738.793814580801
2855.286257072815
2935.288930943088
2979.351472206024
2975.1070554813346
2901.577880655095
2779.1463080022395
2669.173167594668
2548.0851514995747
2376.5527018056705
2191.523618009296
0.0
658.3120756943131
627.0743905843209
603.7148313104802
586.6455586210488
576.5994214056687
574.2023947067677
575.1337235401256
579.9888476349482
620.3566088227824
680.1448663977485
739.3682195488898
791.4157602364133
830.4399650311627
857.2652892015849
873.7849253825804
884.9303361245464
887.6327163948088
879.3118277484424
857.4485012299117
829.2338182219695
807.614774656197
779.4611625570029
738.131537003019
694.2674757386915
0.0
1541.3186832198703
1468.171200397041
1413.4976179889306
1373.5268164924846
1350.0145802996535
1344.3808040552105
1346.579351249534
1357.9385091134802
1452.4302167655953
1592.4348954504408
1731.0807496621346
1852.9474176010199
1944.3092493352385
2007.135776229727
2045.7782890838
2071.9012995209673
2078.2068537698296
2058.7252864661077
2007.5480040639156
1941.484727255322
1890.8570816517106
1824.946481722899
1728.195157410596
1625.5047022316933
0.0
129.25622788520363
121.43917273823078
115.57638141720999
111.3472324432327
108.90440273528944
108.49217517556252
109.08761491260975
110.79759571522762
118.782595406435
130.15702132692178
142.3406346083083
154.40210635450248
165.18109253794208
174.326436311604
181.7465315868281
186.8306709307473
189.63992511879945
189.36510679008487
184.69319493531668
176.89140748416375
169.89880740175235
162.18862610983547
151.27223075811773
139.5008450364581
0.0
1055.775739945692
986.460446091781
933.832733237562
896.1978879860915
873.662783557243
867.6625832169373
873.0826116571674
884.9150682169992
940.5047121782609
1026.980884386808
1122.7092738947188
1216.4528648280632
1303.1733199972102
1378.794168021566
1441.9107809170637
1488.7520412979243
1519.4706246324126
1528.0968671246017
1503.2868781201764
1453.758505407968
1401.9399794990354
1339.7088923651193
1245.9500342221447
1145.2901813639771
0.0
1212.238983934152
1139.030430155524
1084.0056908690237
1044.3402432889761
1021.3318408543167
1017.5149190950287
1023.1028923774803
1039.1492298469063
1114.0982993179196
1220.7736197181814
1335.0217126812213
1448.048390292337
1549.2426120336968
1635.0164704854637
1704.5607793845854
1752.33336848902
1778.6243230940172
1776.0898876424512
1732.1952904689272
1659.108879229237
1593.4578302548325
1521.1653380685646
1418.7649695180119
1308.3032624834816
0.0
175.59365424127273
166.8758056525818
159.79159941093434
154.5395155149389
149.97447743680905
148.6156534263219
148.6156534263219
151.25696306229779
162.66192436658267
177.44104421216886
192.72399770614203
207.2130314566178
220.49591812343866
231.64132872425296
238.57285810964405
243.64172976558504
245.99295338486817
244.58832628692127
238.80187335874064
228.1755640315574
222.31277271053656
212.06815555144036
197.3501064812922
182.63205734056808
0.0
130.5845165118927
124.38583609456113
119.74445962359107
116.35503339431163
114.37023419240326
113.89693592781431
114.08014816786874
115.04201238502483
123.04227977205211
134.90527157453016
146.66138967094577
156.98234522288217
164.72306196917305
170.0362165621888
173.31876901482985
175.5325834736766
176.06695250586174
174.41804240026417
170.08201964180677
164.47877895368066
160.18855928268306
154.6005862825351
146.41710666329513
137.7145257625823
0.0
1184.8487550262344
1122.129102049536
1074.4023166128522
1037.3934462391321
1012.2933706063567
1003.0564203597881
1004.3694417925304
1000.2929699414292
1070.4327178953647
1186.589271424378
1303.2954617519722
1406.6882299818967
1493.271276108234
1559.3956230884494
1602.5115677124231
1625.2298841460733
1629.214750073191
1607.5193683655145
1560.7697146928135
1502.7372413215958
1467.1788007176692
1420.0169192891965
1342.396004696467
1257.7214198418617
0.0
352.2255110925419
333.583666760929
319.3999866445483
308.39198521201223
300.92608685717005
298.17790337398
298.5748632378869
297.36871601308025
318.2091071077198
352.7446123661729
387.4327944730407
418.18191363046566
443.90796421156773
463.5727435357746
476.3823318674305
483.1459167085872
484.32152847901995
477.87856511677165
463.9849710249256
446.7324860954398
436.1519798400329
422.1362442835702
399.0667710342639
373.89035718116696
0.0
2375.239680372929
2231.769237512944
2123.9641076847415
2046.2363198799806
2001.1661110222828
1993.6696772522755
2004.6471438185702
2036.0680409098386
2182.927910563709
2391.9425292644846
2615.782070082762
2837.2551202446452
3035.5212880516774
3203.6032407800726
3339.8673364983997
3433.4582504735436
3484.986689754127
3480.0246920630266
3394.006550023319
3250.810925170537
3122.165404349638
2980.5270838901974
2779.894424721011
2563.459711042999
0.0
308.9568895574196
290.2997775299868
276.2687742777042
266.1615662868862
260.2987749658654
259.3216430528894
260.7568055346344
264.8332776523554
283.9484202563989
311.1249009366482
340.2403777470297
369.05050077432264
394.8376221230208
416.7009481396784
434.42673134159503
446.59507692716164
453.31285868870026
452.6563481840568
441.4651345036244
422.8385578599898
406.10517419629343
387.692345184353
361.5846024273222
333.446257522075
0.0
1539.6850407395168
1466.6291639190881
1412.0013845513872
1372.0763860953502
1348.579417739491
1342.9609094104371
1345.159455899002
1356.5033465533172
1450.8881802876426
1590.7401820142888
1729.2486272615904
1850.9778861576656
1942.248111889483
2005.0135679065907
2043.6255456356444
2069.702753032402
2076.008307281265
2056.5420078929324
2005.4257956623617
1939.4235898095667
1888.8570143775776
1823.0074861103235
1726.3783021412648
1623.7794536705212
0.0
1484.9656545852388
1395.26800124057
1327.876435789604
1279.279391800969
1251.1105118334362
1246.423332149538
1253.2785231969815
1272.9280345901152
1364.7326292051246
1495.408751641001
1635.3523601542233
1773.8150023611158
1897.7733427923583
2002.845556543046
2088.0392430712122
2146.5450151539994
2178.75983263179
2175.660491838913
2121.887703029356
2032.3579930683406
1951.9430921480555
1863.3905146567815
1737.9512086249672
1602.6337095456022
0.0
680.1143310139505
644.1131278899543
616.7228996485863
595.4702809863782
581.0728533245625
575.7596986531292
576.5230829422527
574.1718593151278
614.4327467341653
681.1067305443289
748.1013358334006
807.4468305275761
857.1584152837946
895.0986143889296
919.862801105755
932.9014044747798
935.1762897717985
922.7331255046378
895.8925341324272
862.5937116315722
842.1655476732041
815.0959412636244
770.5448341030133
721.9477900673278
0.0
50.10854474637802
47.87946262543099
46.215284874984945
44.9022638939285
44.01673811901576
43.635045977590714
43.77245514822143
44.07780886151829
46.215284874984945
49.436766570224165
52.780389757526045
56.27668980814188
59.75772216685866
62.994471553996924
65.4067659024516
66.94880216789255
67.92593405734327
68.13968166315975
67.02514059602072
64.82659384710912
62.429567178006685
59.879863651863744
56.41409897955677
52.88726356396308
0.0
173.56305203032227
165.92920913124564
160.49391299519573
156.03574869370425
153.54711591398473
153.24176220147203
153.638722065379
155.40977357285894
165.50171394627466
178.57085298140117
191.93007804106225
204.63279258823812
216.2209660698433
226.58772476413188
234.09942612017443
239.45838386338406
242.9546838771436
242.87834547646156
237.80947382836231
229.04582216005338
220.29743818756427
210.87727608518773
197.6707278896248
184.800068711955
0.0
14.015735554110147
13.405028120458825
12.962265229473662
12.611108459299894
12.412628546166648
12.382093174131201
12.412628546166648
12.550037716797354
13.374492749207556
14.427963066786452
15.51196875561662
16.534903709001835
17.466232540791474
18.30595525961149
18.916662685421045
19.344157890780576
19.63424391845181
19.618976232826174
19.206748720149864
18.50443517274474
17.80212162533961
17.038737335431946
15.969999332227419
14.931796700274155
0.0
20.15334523834932
19.267819462652405
18.641844343375446
18.12274302426211
17.832656996590885
17.80212162533961
17.84792468221652
18.04640459613394
19.2220164057755
20.733517299965193
22.2908212439742
23.77178676691263
25.115343119220345
26.321490293055586
27.19174838312687
27.817723501619646
28.214683328670315
28.214683328670315
27.619243588486395
26.596308635101188
25.588641374399185
24.48936799994339
22.962599420128065
21.466366211564004
0.0
5.679579112098181
5.404760768092142
5.175745481119844
5.007800937434258
4.855124079452726
4.809321022497405
4.809321022497405
4.900927137192222
5.267351595736244
5.740649855384894
6.244483486363232
6.717781745306125
7.145276947921038
7.496433720917841
7.725449006478623
7.893393548674274
7.969731977037697
7.923928920003958
7.740716692104258
7.389559919891629
7.206347690580409
6.870458603287657
6.397160344344765
5.90859439907048
