0.0
123.67173258391307
121.54498665147133
121.80718825765405
122.06938975952968
125.31777571076262
134.45112985147088
149.06158307442965
154.20364685213
152.70327122632247
150.76589309738887
147.41553994758007
144.47305580068885
140.77310064837928
138.0636845031553
136.50504198123807
135.0629334601544
137.02944508929636
140.36523154115454
146.25019973062982
147.54664075067146
147.34270614490552
143.52621688745518
135.66017026658017
128.5370281617872
0.0
132.8050867246213
131.59604620520489
131.59604620520489
133.02358802833788
136.37394117814665
144.0069197973545
155.84968987467246
160.29254954306407
158.66107321847232
156.40322648293917
153.95601204820505
150.54739179367232
146.80373633889656
144.3128216016962
141.66167256119618
139.9282289337214
140.6419998452879
143.03094727960524
148.23127816202955
150.22692329137993
150.5765252938807
147.21160544612127
140.9042013471635
135.47080256737914
0.0
206.55655694872397
206.04672064292336
206.01758714271497
206.4254561456326
207.83843127081494
210.53328050947405
215.0489739805402
217.33595411197462
215.51510998387465
214.21866906814014
212.57262594129062
211.18878442062373
209.16400579106497
208.55220207807434
207.72189716567428
207.47426236174923
207.51796266421542
207.59079646688997
210.16911170471548
212.601759441499
213.60686535514952
212.82026074521553
210.3730462061743
207.8238644685572
0.0
268.7128917951265
262.72595640707533
259.95827326143456
260.80314497609237
267.86802018477573
285.53749155545927
309.7037346199945
318.85165556296056
319.6382601728945
321.63390530224484
323.0905806255863
322.20200871276944
319.88589497681943
319.95872877949404
318.385519455319
317.58434804312736
317.62804824128636
320.3665977824116
325.071659056986
324.6200896472951
321.28430329974407
311.4371782474693
296.1275209152018
280.62849577942615
0.0
37.3637213396338
36.03814681938377
35.353509428887094
35.20784190698367
35.83421227620211
38.164892751825505
42.913654214128194
44.38489626671236
43.540024593777346
43.55459134388155
43.51089109356896
43.42349057208232
43.204989278796475
43.3360900505957
43.43805732218653
43.51089109356896
43.77309264759812
43.96246043024485
45.3026017005991
46.00180584119997
46.060072862478194
44.9384328749791
42.57861889914731
39.65070155451387
0.0
787.0853627026432
771.4115364613099
767.7698482051101
775.6795951284513
804.1430303603362
869.7808191596387
966.1835903331328
1004.6689516185427
988.0337197660253
972.8988634350081
959.5557177318826
939.1622635180244
917.4578015861738
898.5355894979149
880.4436823220558
868.6009122447377
875.5492533482804
901.084771339839
940.3276037349747
950.5243308940572
949.7522929820739
922.9057672725231
870.9607261788468
817.9231786708947
0.0
55.30996098315862
54.202887766625146
53.95525296270018
54.508789570966904
56.504434731609415
61.12209542211288
67.89563554526649
70.60505159661406
69.42514460869818
68.36177164247731
67.42949944805565
66.0019576562148
64.47244859278311
63.14687408296379
61.86499981302635
61.034694900626256
61.52996449804548
63.32167511550634
66.07479142759723
66.78856231830231
66.74486205755899
64.85118417893803
61.2094959331688
57.48040717634366
0.0
207.19749405761587
201.4290599732813
199.57908234497296
200.72985575966553
207.2848946625482
225.187434034899
252.42726204941684
263.0027247112087
258.98230084799246
254.61227498227538
249.87808031179972
244.44468142770822
239.71048665292548
236.84083641301592
234.85975798161618
235.1510929837002
238.76364773969175
246.52772705768382
257.8460941312506
260.4535428692845
258.1228624353839
248.39227148824992
232.52907744340854
216.5056491995745
0.0
263.7164956227752
259.1862354537584
259.72520525976734
260.2933086702918
267.2270830758838
286.68826497015175
317.86111634726063
328.8007478138112
325.610628862995
321.4882378012029
314.3359620918944
308.0868250976605
300.16251147636876
294.4086440899848
291.0728576381266
288.01383949040184
292.19449765691786
299.31763976171084
311.8741808549025
314.6272971982855
314.17572778859454
306.047479665844
289.2665803122845
274.0880236788011
0.0
1397.155543300465
1369.3476123969585
1362.8799732645512
1376.922323494214
1427.4543897756291
1543.9738460243912
1715.0894931374792
1783.4075652076401
1753.880756227231
1727.0050973303928
1703.3049904778063
1667.121175917474
1628.5921148511336
1595.0157488202215
1562.8814913103924
1541.8616675200499
1554.1997072052175
1599.5314418740586
1669.1896549538062
1687.2815622339724
1685.9268536919783
1638.264437963394
1546.0568925931307
1451.8974011442979
0.0
58.89338221808032
57.713475219733716
57.45127367613526
58.0339437950411
60.17525647758704
65.08425222232808
72.29479493205336
75.17901202637422
73.92627126707589
72.79006453990331
71.79952533463417
70.27001627120248
68.65310669671489
67.24013166540892
65.88542363451978
64.99685170084145
65.50668805879559
67.42949944805565
70.3574167926891
71.1294547046724
71.07118768339417
69.06097578307819
65.17165274381469
61.1949291830646
0.0
500.7175662347837
499.50852571536734
499.4356919126928
500.42623112839266
503.849418080876
510.38989018150096
521.3295216480515
526.8503210327681
522.4657283647933
519.2901762162348
515.3280194577426
511.94853270341827
507.0541037296429
505.58286170835083
503.55808307879204
502.96084616805916
503.0482466686843
503.22304777424176
509.5013182686841
515.3862864581594
517.8189341949429
515.9252562641683
509.98202107427625
503.79115108045926
0.0
1034.2248933690105
1013.6420714559512
1008.8496096807517
1019.2502713412931
1056.6576925974566
1142.9074374358697
1269.5653538432973
1320.1411206357932
1298.2764237748004
1278.3782394817133
1260.854435716379
1234.0661767986307
1205.544475400786
1180.679027496792
1156.8915196220448
1141.3342273815451
1150.467582043789
1184.0293805422937
1235.5956863418749
1248.982532034545
1247.9774265381232
1212.696751005787
1144.4515134684505
1074.7495998776228
0.0
106.61406492622014
106.35186332003742
106.33729662208677
106.54123112354557
107.26956883736985
108.66797705598731
110.99865759419497
112.17856450909589
111.23172559586217
110.56165498676184
109.716783272104
109.0030123605375
107.95420614442081
107.64830434007904
107.21130173264592
107.08020103386167
107.10933453407007
107.13846803427847
108.47860925247915
109.73135007436174
110.25575318242007
109.84788407519534
108.58057655536211
107.26956883736985
0.0
52.97928051796593
51.508038465381766
51.027335618066736
51.318670672304314
52.993847268070134
57.582374447934484
64.54528236416553
67.25469841551312
66.22045894950065
65.09881897243228
63.88977848430798
62.50593695321043
61.296896454655425
60.553992053311234
60.05872245589202
60.13155621684373
61.049261650730465
63.044906811372975
65.92912389526309
66.59919452522486
66.0019576562148
63.51104289815307
59.461485576451246
55.35366124390192
0.0
12.22150573648788
12.104971704362141
12.104971704362141
12.23607248659208
12.54197430136456
13.241178441965431
14.3336849083947
14.74155399475801
14.59588646242387
14.391951919242214
14.158883875852162
13.85298206107968
13.503379995994603
13.270311942173834
13.03724389878378
12.877009616345442
12.935276627192955
13.153777920478808
13.634480767793828
13.82384856087128
13.85298206107968
13.547080256737914
12.964410137832065
12.454573779877935
0.0
217.77295671940777
211.71318752868208
209.76124259749076
210.95571631464938
217.84579052208235
236.6806021097162
265.2897049469502
276.4187041127017
272.1943457480266
267.59125188064235
262.6239891041924
256.9138219159675
251.93199244156688
248.91667459630827
246.83362886202556
247.1540974686251
250.94145322586704
259.1134016510838
270.99987203086795
273.73842157199323
271.27664033500133
261.06534658227514
244.40098112524205
227.54724796900797
0.0
129.38189977213793
124.7933726027043
122.4189918663376
121.92372225848764
124.0796016911378
132.17871631368
148.59544696678813
153.6792437440717
150.75132639943826
150.79502659759726
150.6493590965553
150.3580240944713
149.6005528804386
150.06668898808016
150.44542459509648
150.6784925967637
151.56706450958058
152.22256842073028
156.88392939283852
159.28744362941362
159.47681143292178
155.61662187300527
147.45924025004624
137.33534689363816
0.0
86.96351516585968
83.87536353878791
82.28758746450869
81.95255214952783
83.39466069147288
88.84262629437644
99.86965829284422
103.29284523489689
101.3263335848935
101.35546709553262
101.25349982394177
101.04956528076012
100.5542956833409
100.86019748768268
101.10783229160764
101.28263332415017
101.86530344305602
102.31687279016265
105.44872470926985
107.05106753365327
107.18216823243752
104.58928629666137
99.11218713096513
92.29494674706822
0.0
633.2167511550633
620.6165098637127
617.6885925190793
624.0396968161959
646.9531991631558
699.7576786694406
777.3110714530429
808.279988224386
794.8931422187943
782.7007700346683
771.9650730695766
755.5629092187263
738.1119391517594
722.8896823201171
708.3229293996244
698.7962729539491
704.3899061413405
724.9435945541913
756.5097482362671
764.7108300573852
764.0844597507511
742.4819651217834
700.7045175826745
658.0239314327977
0.0
175.1069373717888
173.34436024410564
173.30065994163948
174.66993476435567
178.5009907197567
187.73631216334786
203.41013830037394
210.16911170471548
206.62939075139855
202.7837679937398
198.47200902413238
194.02914946004788
189.01818638113173
185.95916823340693
183.5702207990896
181.9533111724484
183.23518549453942
185.98830173361534
192.54334063649804
195.96652758898145
197.02990050304874
193.56301335240636
185.8863345350395
178.26792271808947
0.0
116.3300891754035
115.16474885414611
115.13561535393771
116.03875406901238
118.58793580662949
124.72053880002973
135.13576715852184
139.62232712937964
137.27707989322136
134.7133313533465
131.8582478113876
128.90119696654577
125.5654105146876
123.54063188512882
121.95285575869607
120.874916042371
121.7343544549795
123.55519858307946
127.91065775084589
130.18307118432963
130.89684209589615
128.595295162204
123.49693158266267
118.44226830558748
0.0
175.61677367758938
170.72234470381397
169.14913537963898
170.12510779308107
175.6750406780062
190.86816400944008
213.94190076400676
222.91502049710815
219.50640034688257
215.80644509026578
211.7860212270495
207.18292735966523
203.162503496449
200.74442256192324
199.0546792369146
199.3023140408396
202.37589888651505
208.96007118529903
218.54499463139106
220.75914106445802
218.7634959351076
210.53328050947405
197.08816750346554
183.49738699641503
0.0
183.8906894056891
178.76319232593937
177.11714919908982
178.13682191499808
183.9489564061059
199.85585064910634
224.0220937136416
233.4030826582748
229.84879490270006
225.95947194688227
221.76424708241564
216.94265180700765
212.73286024459034
210.19824520492386
208.43566807724073
208.69786968342342
211.90255533219025
218.79262943531597
228.82912218679184
231.1452359227417
229.07675699071675
220.4386725621656
206.36718914521578
192.1354715292733
0.0
237.04477091447473
228.63975448759078
224.29886201777498
223.39572340700747
227.34331346754917
242.18683469217513
272.25261285275053
281.57533469265985
276.21476961124284
276.28760341391745
276.02540180773474
275.471865199468
274.10259048105894
274.94746209140965
275.6320995027678
276.06910211020096
277.6860116325349
278.89505215195135
287.4457361841844
291.8448955501099
292.19449765691786
285.12962244823456
270.1841339207256
251.6115238349674
0.0
418.4736789788648
417.46857306521434
417.4103060647975
418.2260441749399
421.0956945191565
426.5582269034564
435.7061477421153
440.32380841175734
436.65298675965613
434.001837719156
430.6806179652486
427.86923472575586
423.775977059865
422.55236984249797
420.84805971523156
420.3527901073816
420.4256239100562
420.5712914110982
425.81532249168146
430.73888496566536
432.7782303974819
431.19045437535624
426.2231915989062
421.05199432099744
0.0
1349.1580920587164
1322.296999651215
1316.062429563546
1329.6240762574666
1378.4226990157144
1490.9362987250533
1656.1815442423094
1722.1398022740543
1693.632666322475
1667.6747129429693
1644.7903440962182
1609.844703033975
1572.6557829772207
1540.2156239759715
1509.1884405171334
1488.8969537104651
1500.7979903709713
1544.5856500503032
1611.8403485805543
1629.320451834808
1628.0094438038946
1581.9785051300516
1492.9465107609683
1402.020838356804
0.0
70.92552016149075
70.21174926035498
70.19718251025076
70.75071911851751
72.29479493205336
76.03845044941343
82.38955473609953
85.12810429808623
83.68599575614115
82.12735318207034
80.39390958588773
78.58763221832268
76.56285355747175
75.32467954827764
74.3487071035434
73.69320322368584
74.21760633174418
75.33924630881255
77.99039534931264
79.37423688041017
79.81123946698189
78.39826442524523
75.29554604806926
72.20739442099747
0.0
1288.706067130966
1252.8572880837983
1241.2912869364563
1248.4289960521214
1289.2013371560442
1400.6224303468005
1569.9609334256404
1635.7589569454717
1610.8061090623883
1583.595414652386
1554.185140715881
1520.4048396619748
1490.8780317246365
1473.0774594465545
1460.72485327205
1462.5748307960514
1485.0367641505488
1533.3546833730545
1603.697533968467
1619.9540302139685
1605.3872769805541
1544.935252052804
1446.27463403947
1346.5506435292968
0.0
229.01848999029994
226.71694305660785
226.65867605619104
228.45038668408262
233.4613496586916
245.55175464424167
266.04717605667577
274.8746283930422
270.2424009211424
265.2168711442756
259.59410445667595
253.7674032676175
247.2123644690419
243.20650740808338
240.08922225994178
237.97704312975776
239.65221965250868
243.25020771054957
251.81545844073327
256.28745160933335
257.7004266302086
253.155599658934
243.10454010520044
233.15544785434983
0.0
40.189671412676404
38.762129620835545
38.01922521949137
37.873557697587934
38.5436283275497
41.04910983571562
46.14747337353411
47.7352494478133
46.81754401392658
46.83211076403078
46.78841050328747
46.70100999223155
46.46794193841078
46.613609470744926
46.730143492439964
46.802977253391674
47.07974556795575
47.2836801111374
48.72578865308246
49.46869305442665
49.52696006527416
48.332486316823356
45.79787130844903
42.651452660099025
0.0
320.2791972817864
308.91713001006065
303.046728518536
301.82312130116895
307.1545528823774
327.2129716873784
367.8396457074879
380.42532030088796
373.18564409095427
373.3021780917879
372.93800928702916
372.18053807299657
370.33056044468816
371.4813339636878
372.4136061789709
373.0108429853967
375.19585602256234
376.81276554489637
388.36420062013036
394.3074358100224
394.7881387199217
385.23234877403814
365.04282916594576
339.95888058407814
0.0
328.9901156173193
319.82762797640265
316.88514382951155
318.7059879576114
329.1066496181529
357.5555181520871
400.7896409102307
417.5851070660479
411.2194360709805
404.27109486313077
396.7546503490637
388.1311326184632
380.60012130213835
376.0552944351708
372.9088757868209
373.37501189446243
379.1143124785885
391.43778557011296
409.3985919428805
413.55011650488103
409.8355945503136
394.3948364149548
369.2089205302041
343.7608030392707
0.0
276.54980491579306
273.7675550722016
273.70928807178484
275.86516750443496
281.92493679946773
296.50625652221817
321.2551697995357
331.93259965990336
326.32439977456147
320.2646305838358
313.4619569813352
306.4262152728603
298.51646834951913
293.6948731784183
289.92208411912696
287.3729023815099
289.383114313118
293.73857337657734
304.0955347346527
309.4852334205851
311.1895434435443
305.69787755903604
293.563772375327
281.5607679947092
0.0
119.3891072188212
118.31116750249613
118.31116750249613
119.57847502232937
122.59379286758801
129.4547335748125
140.1030299349718
144.10888699593033
142.63764497463828
140.59829954282174
138.39871991201258
135.33970176428778
131.97478181222124
129.73150187894586
127.35712114257916
125.7984785163548
126.4248489272961
128.58072835994622
133.25665603000508
135.04836665789665
135.36883526449617
132.3389506169798
126.67248373122105
121.77805475744564
0.0
25.142215603145917
24.443011462545044
24.22451016925919
24.355610951489133
25.156782363680833
27.32722855686588
30.63388147722351
31.915755736730233
31.435052889415214
30.89608303125268
30.327979662451032
29.657909022058558
29.089805663687624
28.74020358817183
28.507135544781775
28.536269044990178
28.973271631561886
29.920110576087723
31.289385357081073
31.60985392195775
31.31851886772019
30.138611869373577
28.215800480113497
26.278422340749213
0.0
334.88965050474525
328.23264440328666
326.6740018813694
330.03892183343595
342.1584602148874
370.0829256407633
411.1029019658397
427.47593231648165
420.39649040984773
413.9579856121058
408.27695192408936
399.6097338910226
390.3744125517385
382.3189981273553
374.6131858097801
369.57308933496273
372.53014017980456
383.3969378436804
400.1050034988725
404.43132916643054
404.1108605598311
392.6905262876884
370.592762050871
348.0142949041542
0.0
56.91230380754201
54.88752514669111
53.85328569110935
53.634784397823495
54.58162334234934
58.13591105620122
65.36102052646143
67.589733730494
66.30785947098728
66.32242622109148
66.26415921024397
66.13305843844475
65.79802311303315
66.0019576562148
66.16219193865314
66.27872596034818
66.65746154650307
66.94879660074064
69.00270877223066
70.06608173845152
70.13891549940325
68.44917215353321
64.86575092904222
60.4083245209771
0.0
193.8106481563313
189.49888929103102
187.50324405737354
188.11504766605708
193.19884454764778
205.95932014229817
223.3811566047497
229.97989570579145
230.5479991163159
231.99010763739957
233.03891385351622
232.39797674462432
230.72280011756635
230.78106711798313
229.64486040124126
229.06219029276613
229.1058905952323
231.0724022243743
234.46645567664922
234.14598707004973
231.72790603121683
224.63389742663225
213.59229865719885
202.40503238672343
0.0
123.72999958432987
121.26821834733798
120.70011504112058
121.93828906074542
126.41028222934547
136.73810998290526
151.88753311618015
157.9473023069058
155.32528676661414
152.9509060302474
150.85329359801412
147.63404125129665
144.22542110107105
141.25380345397147
138.41328660996322
136.5487422837042
137.64124869797988
141.66167256119618
147.8234090548048
149.4257518791882
149.30921787835464
145.08485951367956
136.91291108846278
128.58072835994622
0.0
54.85839164648271
54.30485502778526
54.29028827768106
54.712724114148564
55.921764612703576
58.8059816965937
63.714977441334725
65.84172337377646
64.73465014681229
63.52560965868799
62.17090162779884
60.787060096701296
59.213850782957
58.25244508832696
57.509540686982774
56.999704329028646
57.39300665485703
58.26701183843116
60.320923999490475
61.38429696571133
61.719332291122925
60.64139257479786
58.223311577687845
55.84893084132115
0.0
344.28520614732906
337.4242655444117
335.83648952228606
339.28880997497777
351.7433836609793
380.45445380109635
422.62520364517246
439.4498033011982
432.1809935910561
425.55312098980585
419.71185299848963
410.79700016149803
401.2994773203383
393.02556159223855
385.11581477320453
379.930050693038
382.974502038505
394.14720161102986
411.30683657160574
415.764262937948
415.4292276333978
403.6884247546557
380.9642901068969
357.75945265354596
0.0
55.03319267902525
53.48911686548935
53.008414018174335
53.31431583294682
55.047759429129435
59.81108765196704
67.03619712222726
69.84758043473495
68.78420747894481
67.61886724113312
66.3661264818348
64.92401793988974
63.656710430487216
62.89923927903883
62.37483617098049
62.447669931932204
63.40907563699296
65.47755454815646
68.47830566417234
69.17750980477321
68.55113942512405
65.9728241560064
61.748465791331334
57.49497392644786
0.0
11.78450313948546
11.580568606734518
11.595135356838718
11.624268857047118
11.9301706718196
12.804175855393726
14.202584136595476
14.683286983910493
14.537619451576353
14.362818419033815
14.042349854157134
13.765581550023766
13.401412724403773
13.153777920478808
12.993543638040466
12.86244286624124
13.051810648887983
13.372279213764662
13.925815832462106
14.056916604261335
14.027783104052933
13.66361427843294
12.920709877088752
12.23607248659208
0.0
191.5819349210066
186.25050333979806
184.53162651458103
185.5804327306977
191.65476872368117
208.21716677352418
233.38851596032416
243.16280710561722
239.4628518490005
235.41329458988295
231.04326872416587
226.01773894729914
221.63314627932425
218.9819972388242
217.1465864127736
217.42335471690694
220.75914106445802
227.9405502739749
238.39947893493317
240.81755997376607
238.64711373885814
229.65942720349904
215.0052736780741
200.17631915139876
0.0
93.13981842000324
89.83316549964559
88.12885540367138
87.77925332815558
89.32332914169146
95.16459708085415
106.9782337309787
110.63448868512928
108.53687625289595
108.56600985741147
108.4640425545285
108.24554125081195
107.70657134049584
108.04160674935312
108.30380825122873
108.47860925247915
109.1195464656782
109.58568246901262
112.9506024210792
114.66947924629619
114.81514685164532
112.0328970080539
106.16249551652925
98.86455233747088
0.0
886.4888848148308
861.8273720381385
853.8739250209455
858.7829206926715
886.8384869216388
963.4741741879087
1079.9644979795337
1125.2379656479577
1108.0637638851242
1089.3454860897098
1069.1122662834582
1045.878295434206
1025.5576753359437
1013.3216028493516
1004.8291859218425
1006.0964934416758
1021.5518182749854
1054.7785820947827
1103.1693348070417
1114.3566009732099
1104.334675858449
1062.7465957056193
994.8946603689426
926.2852539225405
0.0
29.541375000363534
29.25003994612596
29.25003994612596
29.46854123941182
30.124045119269375
31.682687682909464
34.31926997330534
35.47004346101283
34.87280658157207
34.21730270171451
33.488965050474526
32.74606064913033
31.901188976195318
31.3767858785677
30.96891679220439
30.706715238175228
30.925216531461075
31.3913526286719
32.48385909510117
33.06652921400702
33.24133025698026
32.65866013807442
31.36221911803279
30.080344858526068
0.0
174.04356435341438
167.85269435959736
164.67714221103893
164.0070716019386
166.90585544636366
177.8017866104479
199.88498414931473
206.7167912520237
202.7837679937398
202.8420349941566
202.6526671906484
202.2447980834237
201.23969216977318
201.86606247640734
202.36133208425727
202.68180069085685
203.8762744080155
204.7648463208324
211.04311691958176
214.2623692662992
214.52457087248192
209.33880679231538
198.35547502329877
184.72099431808923
0.0
941.4346770558151
939.1622635180244
939.0311628192402
940.8811404475484
947.3196452452905
959.6139847322994
980.1822398431008
990.5683347013846
982.3235525778002
976.3657505856505
968.8930063740495
962.5564687748833
953.3502809358079
950.582597894474
946.7806753349744
945.659035316183
945.8192696194828
946.1543049240332
957.9533749074992
969.0241070728339
973.598067544317
970.0292130907915
958.8419468203161
947.2322446403582
0.0
222.76935299606615
214.8596061770321
210.7954821156568
209.93604359874118
213.6359988553579
227.59094827147408
255.85044900190022
264.6050675355921
259.56497095646756
259.6523714570928
259.40473665316784
258.88033354510947
257.583892629375
258.38506404156664
259.02600115045857
259.448436955634
260.96337927939214
262.099585996134
270.1258669203088
274.26282468005155
274.59785998460177
267.9554206854009
253.89850407070887
236.44753400374185
0.0
305.799844861919
297.2928611321521
294.53974478876904
296.2440549160354
305.9163788627526
332.3550355693859
372.53014017980456
388.1456993164138
382.2315976267301
375.7639593287798
368.78648462072164
360.77477049880457
353.7681623948452
349.5438040301701
346.61588668553674
347.0528892929699
352.3843208741784
363.8483554487872
380.5418543017215
384.402043861638
380.9497234089463
366.60147168786307
343.1926997330533
319.5217261720609
0.0
558.023172409877
556.6830310873693
556.5956305867439
557.6881370010198
561.5191930607278
568.8025695731277
580.9949417572536
587.1566782508622
582.2622492770869
578.7225283237699
574.3088021555866
570.5505798985531
565.0880475142532
563.4565711896614
561.1987245584354
560.528653845028
560.6306211479109
560.8199889514191
567.8120303574278
574.3816359582612
577.0910519991783
574.9788727646869
568.3510001634368
561.4609260603111
0.0
112.89233542066239
110.9549572917288
111.18802529339601
111.42109339937035
114.39271094216281
122.72489367067935
136.0680393738049
140.74396704386373
139.37469232545467
137.61211519777152
134.5530970500467
131.87281450933824
128.49332785932103
126.03154662232913
124.60400479919615
123.29299708120385
125.07014090683766
128.12915905456245
133.50429083393004
134.68419785313807
134.49483004962994
130.9988093987791
123.83196688721284
117.33519508905403
0.0
449.71936415864826
440.7608110191904
438.6777653892149
443.19345875597395
459.46452180373296
496.9739106757009
552.0508036154695
574.0320338514533
564.5345109059865
555.8818596751776
548.2488811602769
536.6100454801106
524.199171992268
513.390641328809
503.0482466686843
496.2892733686499
500.25143012714227
514.8473165478432
537.2655493912603
543.0922505803187
542.6552479728855
527.3164571404096
497.6439813891084
467.3305684246079
0.0
139.97192923618758
136.08260617606265
134.81529865622943
135.6019032661634
140.03019623660435
152.12060111784734
170.51841009804807
177.67068580735656
174.94670306848903
172.00421892159787
168.79953327283104
165.1287115164227
161.9240258676559
160.0012145409801
158.66107321847232
158.8504410219805
161.29765556102174
166.54168653729798
174.17466515650577
175.95180898213957
174.3640329600139
167.79442735918056
157.08786389429727
146.25019973062982
0.0
525.4373460118929
513.7256766333592
508.32141124947606
509.96745437632563
523.7767361870928
558.3290742142187
605.5836207312715
623.4861602079294
625.0011024273805
628.9195589877137
631.7600758317219
630.0266322042471
625.4818053372798
625.6420396405795
622.5538879926463
621.0098121686797
621.0826459713543
626.4432110527712
635.6493988918468
634.76082697903
628.220354878405
608.9776741835464
579.0429969303693
548.729583965869
0.0
660.0050098641973
654.0035075695814
654.0035075695814
661.053816080314
677.7473149332485
715.6645729124411
774.5142548071937
796.6265858462691
788.4983377235184
777.2382376503684
765.074998966451
748.1921322057012
729.5466884215756
717.1503817359909
704.0111705343243
695.4313530018826
698.9273737570405
710.7847106366162
736.655263932725
746.5752226833672
748.3377998110503
731.5569003531839
700.2383814750328
673.2024880662808
0.0
1798.6152544025676
1794.288928839317
1794.0121613696404
1797.551881905729
1809.860788612224
1833.356960441816
1872.6434935566465
1892.4979773386528
1876.7367511182304
1865.330983439731
1851.0701327408087
1838.965161057308
1821.383090291557
1816.095358699893
1808.8265490940578
1806.699803057309
1806.9911380593933
1807.632075063978
1830.1668419082284
1851.3177672318122
1860.0723858698116
1853.2405782455667
1831.8857189420598
1809.6714200785661
0.0
372.93800928702916
365.5235319715381
363.79008844837034
367.53374390314616
381.0225571073136
412.1225746817481
457.8039119789327
476.04148676014086
468.1608733370081
460.97946412749116
454.6574933305828
444.99973618612324
434.7156085264154
425.7570554912647
417.1772379588233
411.56903807348135
414.8611243271804
426.96609601068116
445.55327279439
450.37486796549086
450.02526596299003
437.29392386854806
412.6906780922725
387.548462509988
0.0
628.4388561821215
610.9441859169955
605.306852427138
608.7883063800382
628.6719241837887
683.0059127117823
765.5848352722514
797.6753920623858
785.512153378468
772.24184137371
757.8935897569339
741.4185921034092
727.0266401841669
718.3448554531495
712.3287864605829
713.2173583733997
724.1715566422081
747.7405629003175
782.0452661235186
789.9695797448104
782.8610043379681
753.3924630881257
705.2784780541574
656.6400899121309
0.0
436.7112537600729
426.98066270863177
422.4941028420811
423.86337756049016
435.3419789373567
464.0676157754244
503.3395817750755
518.2122364999099
519.4795440197431
522.7279299709761
525.087743905085
523.6456353840014
519.87284632471
520.0039471278014
517.4401985879265
516.1583243701426
516.2165913705594
520.6740177369018
528.3215630540601
527.5786586422853
522.1452598625009
506.1509651188753
481.2709510384663
456.08503515371575
0.0
630.5073351141465
617.9507940209548
615.0374434785791
621.3739809734383
644.1709493195643
696.7569275221326
773.9752850011847
804.8131009694364
791.4845220685686
779.3504167805525
768.6584201179269
752.329090069751
734.9509538054588
719.7869639742331
705.293044752108
695.8100886088989
701.3745881917748
721.8263094060497
753.2613622850341
761.4333107102511
760.8215071015674
739.3064129732251
697.7037665396736
655.2125480889978
0.0
581.8398134719115
565.6561509247776
560.4412533444029
563.6605057954273
582.0728814735787
632.3718794404056
708.8327657054249
738.5343750612418
727.274274988092
714.9799355010829
701.709623600632
686.4582331644742
673.1150874613486
665.088806641481
659.5097402563475
660.3546118666982
670.493071921057
692.2995011557904
724.0550226413744
731.4112328521417
724.8270605533578
697.528965434116
652.9838349579802
607.9580014676382
0.0
81.69035059549864
78.79156676150433
77.29119119828104
76.98528939393927
78.3399974143977
83.4529277023204
93.8244558104999
97.02914145926671
95.17916384138906
95.20829734159746
95.12089682011081
94.93152903746409
94.45082619014907
94.74216124438662
94.9752292982074
95.13546358064575
95.68900018891247
96.11143602537999
99.05392012011761
100.56886243344508
100.68539645514012
98.25274870792593
93.09611815925992
86.70131361183051
0.0
15.761226700235564
15.600992417797222
15.600992417797222
15.71752643949225
16.067128515008044
16.897433437838856
18.310408469144807
18.922212098689766
18.601743533813085
18.252141458297288
17.858839132468898
17.465536796209793
17.013967459533884
16.737199155400518
16.51869785168395
16.373030329780523
16.48956435147555
16.737199155400518
17.334436024410564
17.640337828752333
17.72773835023896
17.421836535466475
16.722632394865606
16.037995004368934
0.0
938.9437622143076
918.0113382987477
908.3681477479317
911.2960650925652
935.9867113694659
997.7351772129508
1082.1786439953719
1114.167233482623
1116.8766495235398
1123.883258149035
1128.9379206959602
1125.8497696738698
1117.7360880404556
1118.0274230425396
1112.5066234492085
1109.7243739185385
1109.8700419411161
1119.4403985849503
1135.8862623210382
1134.298485777377
1122.6305171185381
1088.2384130817904
1034.7492964770688
980.575542252375
0.0
1319.9371856127989
1290.512345186958
1276.950697449966
1281.0876555226303
1315.7856610507981
1402.6035094040428
1521.3079786899705
1566.2609783776381
1570.0774674264742
1579.924592583056
1587.0331676769772
1582.6922756243896
1571.286507945891
1571.6943769488082
1563.9157308285585
1560.0264082899691
1560.2303422698924
1573.6754560060506
1596.8074593438055
1594.5787457955596
1578.147448548808
1529.8149628369658
1454.6068171852146
1378.4663995267947
0.0
886.5617186175054
866.7946348145887
857.6904142783958
860.4580973197294
883.7649020759634
942.0756141647073
1021.7994530789101
1051.9963315210416
1054.560080582452
1061.1733866943657
1065.9512817716147
1063.0379307077033
1055.375818588287
1055.6380206116983
1050.4231225097878
1047.8156739803683
1047.9467744705382
1056.9781616212847
1072.5063198400405
1071.0205118509475
1059.993479153622
1027.5096202671352
977.0066876945424
925.862818117365
0.0
366.0188015793879
362.3334131250289
362.2460126244037
365.1010961663626
373.12737709053744
392.4283246815056
425.18895208074025
439.304135695849
431.9042252869227
423.86337756049016
414.87569102513106
405.5529691852218
395.09404052426345
388.6992359246805
383.7028397523292
380.32335299800496
383.00363553871347
388.7720697273551
402.4648175372886
409.60252644433933
411.8458063776146
404.5915634697303
388.5390017256879
372.63210748268756
0.0
169.95030679183066
163.9196711013134
160.81695265112242
160.16144873997274
162.98739888603032
173.63569524618964
195.1944896769981
201.8806292786651
198.03500652100635
198.09327352142316
197.90390571791505
197.49603661069028
196.52006419724816
197.1318678059317
197.6125706115239
197.9330392181234
199.09837943507367
199.95781784768218
206.09042084108242
209.2368394894324
209.4844742933574
204.4298110162822
193.70868085344833
180.39466865053117
0.0
243.4395754097506
234.8014909811994
230.34406451054997
229.41179239957407
233.4613496586916
248.71273999054236
279.5942562612601
289.1646130094015
283.65838042694253
283.7457809275677
283.46901262343437
282.8863425149592
281.48793419203463
282.3619394069009
283.06114351620965
283.5127128215934
285.17332264639356
286.4114966660185
295.1952486999188
299.6963753687272
300.0751109757435
292.80630126560135
277.4529436308677
258.3996307395173
0.0
329.2231836189865
317.5406477406612
311.5245787480945
310.25727133256834
315.73437041481895
336.3608926303444
378.1237733671958
391.0590499630966
383.61543914739696
383.7319732525377
383.35323764552135
382.5811997335381
380.68752180276357
381.86742882197154
382.81426773520525
383.4260713438888
385.66935138147124
387.34452790422205
399.2164315860556
405.3199010792475
405.8151706870974
395.99717923933815
375.2395562207214
349.45640352954496
0.0
50.92536834647591
50.41553198852177
50.40096523841758
50.79426756424598
51.915907551745065
54.59619009245354
59.15558377210948
61.12209542211288
60.08785595610042
58.96621597903204
57.713475219733716
56.41703421012279
54.97492566817773
54.0717869843952
53.38714959389853
52.92101349668771
53.2851823223077
54.086353734499404
55.994598373655286
56.985137578924444
57.30560614380112
56.28593343832356
54.057220234291
51.84307378036264
0.0
22.039497225969942
21.83556268278829
21.83556268278829
22.06863073660906
22.62216734487579
23.88947485427831
25.855986504281702
26.598890905625893
26.32212260149253
25.94338701533762
25.53551793940503
24.981981320707582
24.355610951489133
23.947741865125824
23.51073927855412
23.219404213885838
23.33593824601158
23.72924057183997
24.588678994879185
24.923714309860067
24.981981320707582
24.428444712440843
23.37963849632418
22.47649981254165
0.0
524.7381419025842
514.2792132416259
511.861132202793
517.1342967835848
536.1147758722607
579.8733018427695
644.1418158193561
669.7938678117482
658.7085688441557
648.6138089879561
639.7135229532221
626.1227424461716
611.6579567242549
599.0431487349535
586.9673104473542
579.0721304305779
583.7043577981705
600.7328920599621
626.894780358155
633.6974539606555
633.187617654855
615.2850782825042
580.6599064527035
545.2918303154349
0.0
63.467342647840475
62.82640551808711
62.811838757552195
63.30710836540214
64.69094989649967
68.04130307760063
73.72233672389424
76.16955122121266
74.88767696170595
73.48926868050418
71.9306261168641
70.31371653194577
68.50743916438074
67.38579918731234
66.52636076427314
65.9436906453673
66.40982674257812
67.40036594784726
69.77474667378324
71.01292067254666
71.40622300880577
70.15348224950745
67.37123243720815
64.60354937501306
0.0
170.66407770339717
167.25545744886443
166.4688528389305
168.18772966414747
174.3640329600139
188.59575057595634
209.49904109561515
217.84579052208235
214.2332357660908
210.9411496166988
208.05693247022438
203.6286396040905
198.92357843382325
194.83032087223955
190.89729750964852
188.33354896977363
189.8339245955812
195.3838574805063
203.89084121027324
206.09042084108242
205.93018653778265
200.10348545303128
188.84338537988134
177.35021730506415
0.0
143.84668549405473
139.8408284330962
138.5589541110052
139.3455588252463
143.90495249447153
156.33039278457176
175.23803807057305
182.57968158338969
179.7974317397983
176.75298039433125
173.47546094288987
169.7026719879057
166.4105858385137
164.42950740711396
163.04566588644713
163.24960038790593
165.755081927364
171.14478050898933
179.01082712986437
180.81710445570656
179.18562813111475
172.441221529031
161.42875625980597
150.29975698974735
0.0
75.60144786284172
72.92116531170255
71.537323780605
71.24598872636743
72.49872947523504
77.23292418743354
86.83241439406045
89.78946523890228
88.08515514292806
88.11428865356717
88.02688813208053
87.85208709953801
87.41508451296629
87.69185281709966
87.8957873602813
88.04145488218475
88.56585799024307
88.94459356596727
91.66857637784977
93.06698465905151
93.18351868074654
90.92567197650558
86.16234375366798
80.24824205355358
0.0
646.3413955544722
635.2269630866715
636.5671043048721
637.9363791275883
654.9357797848644
702.6127622113995
779.0299482782599
805.8473404876025
798.0249941691936
787.9156676150433
770.3918637454017
755.0676396108765
735.6647247170251
721.564107799867
713.3775926766996
705.890281662841
716.1161422178249
733.5816789827426
764.3466612526266
771.1202014592259
770.0131281383854
750.0566766362674
708.9492998105657
671.7603794408901
0.0
723.5597530335245
709.1532343120244
705.8028811622157
713.0862575703085
739.2481459728082
799.5836366911109
888.2077617443551
923.5904046838812
908.2953140495644
894.3694982379636
882.1042922511631
863.3714478621052
843.4149963599872
826.0222932934371
809.3870614409195
798.4911301725281
804.885934772111
828.3675405295953
864.4348208804795
873.8012430228549
873.1020389135463
848.4259593345963
800.6761432096938
751.9066542645759
0.0
1138.1149758692845
1106.4614208521264
1096.2501272037075
1102.5429642917932
1138.551977850875
1236.950393840798
1386.5072466273846
1444.6140240060554
1422.5745271868832
1398.5539513104684
1372.5814314416268
1342.7341544804606
1316.6596660570503
1300.9567068370443
1290.0462091836237
1291.677685195294
1311.5030359986279
1354.183621626969
1416.296256588134
1430.6590747985535
1417.7966321096342
1364.4094828077955
1277.2857329631306
1189.2005781331238
0.0
1211.910145978625
1184.8888190592093
1172.4488118625443
1176.2361679327075
1208.0936569297885
1287.8029291460412
1396.791374808628
1438.073552426966
1441.569573495045
1450.6155271351283
1457.1414322248813
1453.1501421747946
1442.6766465029643
1443.055381484138
1435.9176734115445
1432.3488188537117
1432.5381863442985
1444.8762260294664
1466.1145513321399
1464.0752063175516
1448.9986176127945
1404.5991539075505
1335.5673113430516
1265.6468972829643
0.0
96.03860226442825
92.62998207247982
90.88197171576228
90.50323614003808
92.10557896442145
98.12164793612669
110.31402018283687
114.08680913782105
111.90179620496251
111.94549650742869
111.82896250659508
111.61046120287853
111.05692459461177
111.40652659711259
111.6687282032953
111.85809600680348
112.51359981364607
112.99430272354533
116.46118987418777
118.2383338041287
118.3840013051707
115.52891776321182
109.46914846817903
101.93813721443846
0.0
1361.0299957405498
1330.6874497973768
1316.7033665681308
1320.9568586416285
1356.732804199043
1446.2600675501335
1568.6644929271345
1615.0159006248052
1618.9489236744753
1629.1019503224773
1636.4290269287287
1631.9570343859716
1620.1870982156356
1620.6095337078893
1612.5978195859725
1608.5773955141422
1608.7958970264726
1622.663446254885
1646.5092200869783
1644.207673048979
1627.28110682022
1577.4191115651333
1499.8948523860465
1421.3800531568031
0.0
2.3743807321944175
2.3306804735372464
2.3161137203038322
2.3452472267706606
2.4180809908515877
2.62201553299017
2.9133505914000226
3.029884615181192
2.986184356524021
2.9279173446334363
2.8987838392096794
2.825950074085681
2.767683062195096
2.7094160503045113
2.651149038413927
2.62201553299017
2.6365822851805127
2.723982803537926
2.8405168273190946
2.8696503327428515
2.8696503327428515
2.7822498154285102
2.62201553299017
2.4617812505518293
0.0
116.00962056880398
112.77580141982878
111.74156190166276
112.3824991148618
116.05332087127015
126.08981362274595
141.326637256646
147.2553056442803
144.99745890874723
142.55024447401308
139.91366213146367
136.86921078599661
134.2034950475459
132.6011522231625
131.49407900662905
131.6543132056217
133.67909193948756
138.03455100294687
144.35652179985527
145.82776392545443
144.51675610315507
139.0687905211129
130.1976379865874
121.20995134692117
0.0
1820.3779837520638
1779.7950101387273
1761.091298832649
1766.7868994272305
1814.6386826464015
1934.3628260042299
2098.078561978242
2160.0892294279097
2165.333260508493
2178.924041224158
2188.7274658696588
2182.7259637836573
2166.993870541907
2167.561974056739
2156.855410383241
2151.480278812488
2151.757047325236
2170.300523076329
2202.20171258449
2199.128127008665
2176.476826163581
2109.804798680569
2006.104083566575
1901.092361464738
0.0
368.93215222607074
360.7019368004372
356.91458104319526
358.06535445788774
367.76681200912043
392.03502237653873
425.203518882998
437.7746266741402
438.8379996925146
441.59111593159054
443.5867611652481
442.36315384357385
439.1730349970648
439.2895689978984
437.1191227629905
436.02661634871487
436.0848833491316
439.8431056061651
446.3107439041156
445.68437349317423
441.09584632374055
427.59246631731526
406.5726417968229
385.2906157744549
0.0
441.09584632374055
428.8306403369401
424.86848357844787
427.315698013182
441.2706474292981
479.40640660790024
537.3675166941432
559.887716736136
551.33703280821
542.0288776662514
531.9632513102601
520.3972494327684
510.287922878618
504.199020187684
499.9746618230089
500.6010322339502
508.29227774926767
524.8255424032094
548.9043849671194
554.4688846543023
549.4870551799017
528.8022659639594
495.0365325467673
460.89206362686593
0.0
114.94624755042956
112.3824991148618
111.20259209565378
111.56676090041235
114.58207874567098
122.14222356220422
132.48461811802179
136.4030746783551
136.73810998290526
137.58298169756313
138.20935210850442
137.8306165014881
136.84007728578823
136.86921078599661
136.1991401768963
135.8641048723461
135.87867157029675
137.04401189155416
139.05422371885516
138.864855915347
137.4373141965211
133.22752252979666
126.67248373122105
120.04461112997089
0.0
95.8055342106075
93.91185633198651
93.46028698487993
94.42169267950996
97.8885798823059
105.88572721239588
117.6119633931874
122.302457865504
120.2776792359452
118.42770160763683
116.81079198099569
114.31987724379539
111.68329490124596
109.3817479675538
107.18216823243752
105.74005971135388
106.58493142601175
109.6876497718956
114.4655447448374
115.70371876446221
115.61631826383703
112.33879881239564
106.01682801548725
99.56375647807177
0.0
132.97988772587172
131.63974650767105
131.61061300746263
132.64485242132153
135.55820306800436
142.5793779742215
154.4658483540056
159.60791213170603
156.91306289304688
153.98514554841344
150.72219289922984
147.34270614490552
143.54078368971292
141.2101031515053
139.40382582566306
138.180218608296
139.14162421948035
141.2392366517137
146.22106623042143
148.81394827050468
149.629686380647
146.99310414240472
141.16640295334622
135.3834019624468
0.0
127.02208583802897
124.19613569197139
122.88512797397912
123.29299708120385
126.62878342875491
134.99009965747985
146.4104340339296
150.73675959718048
151.10092840193906
152.04776741947987
152.73240472653083
152.30996892135548
151.2174625070798
151.26116270523883
150.50369159551326
150.13952279075474
150.15408948870538
151.45053050874702
153.6792437440717
153.46074244035515
151.87296631392235
147.22617214407194
139.98649593413822
132.6594192235793
0.0
725.6427986635
709.4591361163664
702.0009586027161
704.2733720361997
723.3558184277587
771.0765011567598
836.3355544533533
861.0553342304624
863.1529465583885
868.5572119422718
872.4756685026049
870.0867209639805
863.8084504695382
864.0415185755126
859.7588932104208
857.6175804757213
857.7341144765549
865.1340249897881
877.8362335840219
876.6126263666549
867.5958062267802
841.0114821234122
799.6710371917361
757.8207559542595
0.0
442.1446525398573
433.3463338080063
431.292421573932
435.7352812423237
451.7295759859492
488.59802774902533
542.7572152757687
564.3742767069938
555.022421262569
546.5300042307528
539.0281265189434
527.5786586422853
515.3862864581594
504.7525567959507
494.5849632413836
487.92795713992496
491.8318468980005
506.1800986190837
528.234162553435
533.9588964396105
533.5218939364845
518.4453046058841
489.26809835812566
459.46452180373296
0.0
513.4926085273848
504.66515629532546
505.72852920939283
506.8210357279756
520.324415734401
558.2125401090781
618.9121997364463
640.2233593633298
634.0033557649973
625.9770749451296
612.0366923312711
599.8734536473537
584.4618290122031
573.25999593947
566.7632241413112
560.8054221491614
568.9336703762191
582.8012191874029
607.2442306603788
612.6193624397463
611.7453573291871
595.8967300866036
563.2380698859448
533.6821281354771
0.0
331.8160656590698
325.2027598600773
323.6732507340614
327.00903718591957
339.01204167084444
366.6888722927954
407.3155462085978
423.5429090581978
416.5363008499313
410.15606305260604
404.51872966705577
395.9243454366636
386.77642459800467
378.8084106742467
371.1754321593461
366.1790358826877
369.1069532273211
379.8717836926213
396.41961504451353
400.7168071075561
400.3963386052637
389.0779715316969
367.1841417963383
344.80960925538744
0.0
803.2398916452614
785.3227855749599
777.0780033470688
779.5834848865267
800.705276709902
853.5388896120883
925.7754176167398
953.1317796320913
955.447893368041
961.44939555835
965.7757212259081
963.1245721854078
956.190797779816
956.438432583741
951.704237808958
949.3298570725914
949.4609578756829
957.6474731031574
971.7189564158
970.3642483953416
960.3714558420248
930.9466148946485
885.1924437947894
838.855602690762
0.0
661.7675869918805
648.5992422900055
645.5402241422806
652.1826635457885
676.1158386086566
731.3092655492587
812.358678983712
844.7260040779794
830.7273545680113
817.9960124735693
806.7796127028856
789.6345444402604
771.3969697633594
755.4900755203589
740.2678186887166
730.3041596356082
736.1454275226174
757.6313881507511
790.6250836559601
799.190334386144
798.5493972772521
775.9709301305353
732.2998047649586
687.6964071840989
0.0
464.0821825776821
454.84686113409094
452.69098170144076
457.352342673549
474.1478088293662
512.851671418493
569.6911414859445
592.3715758312372
582.5681510814286
573.6387315464863
565.7726849256113
553.7551137427357
540.9509378456193
529.7928051796592
519.1299419129351
512.1379005069264
516.2457248707678
531.2931807011598
554.4397511540939
560.4412533444029
559.989684039019
544.1556235986932
513.536308829851
482.26149025416623
0.0
146.29389992878885
141.10813595292942
138.42785341222097
137.87431680395423
140.30696454073777
149.46945207734723
168.02749536084775
173.78136285153877
170.46014309763126
170.51841009804807
170.35817589905542
170.0085737922475
169.16370207758965
169.68810518564794
170.11054109513043
170.38730939926378
171.37784861496365
172.12075292243142
177.40848430548098
180.11790034639782
180.33640165011437
175.96637578439734
166.7456211430639
155.28158656845508
0.0
1508.1250669772232
1478.102989014807
1471.125514411056
1486.2895051810456
1540.8274280018836
1666.596772913723
1851.3177672318122
1925.0546703407358
1893.1826148543184
1864.165643431395
1838.6009915223997
1799.5329599199003
1757.9448808101417
1721.6882327600565
1687.0193602105614
1664.3243588543967
1677.6383710573136
1726.582661838139
1801.761673468146
1821.2956892693958
1819.8244467265683
1768.3746759708918
1668.8546194406422
1567.2223844060509
0.0
444.6355673813647
434.73017532867317
430.1562148571902
431.5546231801148
443.2371590584401
472.48719900456604
512.4729358114765
527.6223589447515
528.9042331625353
532.2108861141851
534.6144003507601
533.1431583294682
529.3121022697601
529.4432030728515
526.8211875325597
525.5101797102603
525.5830135129349
530.1132736819518
537.9064865001521
537.1490153904267
531.62821600571
515.3425861556932
490.0110027699006
464.3589508818155
0.0
1041.042133773769
1017.82272951816
1007.1307328555346
1010.3936855047184
1037.7500476243767
1106.2283528504593
1199.8488748062045
1235.3189178291275
1238.3196688721284
1246.0837485030418
1251.6919480754623
1248.2687615402074
1239.2665084112048
1239.5869763919616
1233.4689403051261
1230.395355772372
1230.5555892412146
1241.1601854032153
1259.3977607059587
1257.6351831610473
1244.6853404930384
1206.5641473865442
1147.2483294884573
1087.2041735636242
0.0
95.99490200368497
94.08665736452907
93.63508801742245
94.6110604725874
98.07794767538337
106.08966181816182
117.8450313948546
122.5355258671712
120.5107472376124
118.66076960930405
117.02929328471224
114.53837854751195
111.90179620496251
109.58568246901262
107.38610283820344
105.9439943171198
106.78886592747052
109.90615107561214
114.68404604855395
115.92222006817877
115.83481956755358
112.55730011611222
106.22076262125316
99.7531242607185
0.0
704.899742447141
685.2928929475238
678.9709221506155
682.8748120129982
705.1765107512745
766.1238051825675
858.7537871924633
894.7482337406728
881.0846195352548
866.2119647061135
850.1302694618627
831.6450599810366
815.4905309341112
805.7599399869772
799.0009665826358
800.0060724962863
812.300411983295
838.7245018876705
877.19529647513
886.0955825098639
878.1275686904131
845.0610393825297
791.1057864615523
736.5532966298421
0.0
900.3273001258063
882.4101940555048
878.2441026912467
887.2900562270225
919.8467491247983
994.9383606714088
1105.208680864701
1149.2294075026282
1130.2052282157936
1112.8853594734535
1097.619402235038
1074.2980303636245
1049.4617164813749
1027.8300887694277
1007.1161660532769
993.5690858486927
1001.5225329701927
1030.7434394161103
1075.6236048838748
1087.2770080964488
1086.4030020471255
1055.6962876121152
996.2785018896094
935.6079758667568
0.0
137.14597909012997
134.78616515602104
135.0629334601544
135.35426846223842
138.96682321822993
149.0761497723803
165.28894581972247
170.98454620568958
169.3239363808894
167.18262375049702
163.45353499367187
160.2051490424389
156.09732467859743
153.09657363559654
151.36313000812177
149.77535388168903
151.94580011659693
155.64575537321366
162.1716606715809
163.6137691926645
163.38070119099729
159.14177612837162
150.4162910948881
142.53567767175534
0.0
88.20168916462308
86.23517751461968
85.31747208073297
85.59424038486634
87.91035411038551
93.72248853890908
101.64680214977017
104.64755329707818
104.90975479895378
105.56525871010346
106.04596151569565
105.75462651361164
104.98258860162834
105.01172210183674
104.50188569172904
104.23968417942272
104.25425092952692
105.14282290492811
106.68689862458757
106.54123112354557
105.44872470926985
102.21490551857183
97.18937574170505
92.10557896442145
0.0
797.0781551516528
768.804087723276
754.208201198268
751.1491830505431
764.4194950553012
814.3543242173695
915.4621564568234
946.7806753349744
928.7470351595322
929.0383702659233
928.1352315508487
926.2706872245898
921.6530264506407
924.5372435971149
926.8242238328564
928.3100325520991
933.7434314361907
937.8075554975659
966.5477591378913
981.303879861892
982.5129203813085
958.7399795174331
908.4701150508148
846.0515785982295
0.0
236.95737041384953
228.5377871847078
224.2114615171498
223.29375610412444
227.24134616466614
242.08486738929216
272.1506455498676
281.4588006918262
276.0982356104093
276.18563611103446
275.9088678069011
275.35533119863436
273.98605637591817
274.84549478852665
275.51556550193413
275.9671348073179
277.5840444339591
278.77851815111774
287.32920207904374
291.71379474701854
292.0779635517771
285.01308844740095
270.0675998155849
251.50955663639155
0.0
1764.0774833863136
1728.9570423658915
1720.799660221397
1738.5273990097257
1802.3297769829778
1949.4539822413954
2165.508061509743
2251.772372837493
2214.481485269241
2180.540950746492
2150.635406784909
2104.939502581159
2056.301114334826
2013.8827296868244
1973.328890095232
1946.7882656684876
1962.3601243983233
2019.60746430315
2107.54695215365
2130.387620489321
2128.6833099448268
2068.4934870404873
1952.090563749488
1833.196725929902
0.0
229.4554925977331
224.89609892850785
223.83272601444057
226.1342729481327
234.43732217644083
253.57803546410932
281.6773019955428
292.8937017662266
288.04297299061017
283.62924682242704
279.7399238666093
273.79668857241
267.47471787980874
261.95391849509207
256.68075391430034
253.22843346160855
255.2532120911673
262.69682290686694
274.1317239812673
277.10334152405983
276.8848402203432
269.06249390193443
253.91307087296664
238.44317923739933
0.0
1039.9350605572354
1016.759356604093
1006.0673598371604
1009.3157457883932
1036.657541105794
1105.063012842123
1198.5815672863712
1234.0079097982136
1237.008660841215
1244.7727404721281
1250.3663735552122
1246.9431870199573
1237.9555003802911
1238.275968361048
1232.1579322742125
1229.0843477414585
1229.2445822533725
1239.8491784153728
1258.0576196963723
1256.309608640797
1243.3743324621248
1205.2822733773746
1146.0392889690406
1086.0534000446246
0.0
1102.8779998049574
1080.925902964875
1075.8275399068693
1086.898272072204
1126.796608169875
1218.7710865815422
1353.848587156876
1407.774705951802
1384.4679016127966
1363.2441427994595
1344.5404314933814
1315.9750295844563
1285.574215597795
1259.048158703458
1233.687441817457
1217.0959100587913
1226.841067703876
1262.631579750627
1317.6065055961267
1331.8964903167932
1330.8185502875467
1293.192627206131
1220.4171301256204
1146.0829894801213
0.0
457.52714367479945
441.2997809295066
432.92389800283104
431.17588757309846
438.7797326920978
467.4471024254415
525.4810462100519
543.470986187335
533.1140248292597
533.2742591325596
532.7644227224519
531.6864830061268
529.0353339656267
530.6959437904269
532.0069516127262
532.851823223077
535.9836751734764
538.2997889094263
554.8039199588525
563.2817701884111
563.9664075997691
550.3319267902525
521.4751891490935
485.64097690418345
0.0
39.57786779356216
39.18456545730306
39.16999870719885
39.490467272075534
40.34990569511476
42.43295136681317
45.987239091095766
47.502181404423254
46.70100999223155
45.841571558761636
44.86559911402739
43.86049315865403
42.724286431481445
42.03964904098478
41.50067918282224
41.13651035720225
41.41327866133561
42.03964904098478
43.525457843673145
44.29749574522574
44.545130549150706
43.75852588706321
42.010515530345664
40.291638684267234
0.0
145.8131971231967
144.48762260294666
144.48762260294666
146.0462651248639
149.73165368353
158.10753661020559
171.11564700878097
175.9955092846057
174.20379865671416
171.71288391951384
169.0326013788054
165.30351262198025
161.181121455881
158.44257191475577
155.5437880703307
153.63554344160553
154.42214815584657
157.0295968938805
162.754330780056
164.93934371291454
165.33264612218863
161.61812406331416
154.69891645997996
148.72654766557235
0.0
11.78450313948546
11.667969117790433
11.667969117790433
11.79906990002037
12.09040495425794
12.775042344754615
13.82384856087128
14.217150886699676
14.071483354365537
13.867548821614594
13.66361427843294
13.35771246366046
13.022677148679582
12.804175855393726
12.571107801572959
12.41087351913462
12.469140529982134
12.687641823267986
13.153777920478808
13.328578953021347
13.35771246366046
13.051810648887983
12.498274040621244
12.017571193306225
0.0
16.941133688151456
16.780899405713118
16.780899405713118
16.955700448686375
17.392703035258076
18.36867547999232
19.869051032784895
20.43715440158654
20.233219858404887
19.941884804167323
19.635982989394844
19.198980402823132
18.718277555508113
18.397808990631432
18.06277366521984
17.844272371933986
17.93167289342061
18.237574708193094
18.907645338154854
19.15528014207982
19.198980402823132
18.77654456635563
17.96080639362901
17.276169013563052
0.0
4.442859652745567
4.370025887621569
4.370025887621569
4.384592640854984
4.5011266646361525
4.821595229512833
5.345998336528096
5.535366124390192
5.477099112499608
5.4188321006090225
5.287731324637511
5.185764053046684
5.054663277075171
4.952696006527417
4.908995746827174
4.850728734936589
4.923562500060589
5.040096523841758
5.258597818170683
5.302298076827854
5.287731324637511
5.156630547622927
4.865295488170005
4.617660688417321
