0.0
110.80502685716297
104.92730162164851
101.38745811552468
99.7760368125639
100.74024792705956
105.04617697213851
114.0410778253169
118.96780032148216
123.8020642174504
129.53449730052523
135.1876802360345
140.52386227134156
145.04112522836505
150.3508905650358
153.0850233938509
155.0926958478928
156.82299244968695
155.22477959935762
152.47743829208272
147.84129993291253
145.9789195796536
141.0654054973773
131.0138350069912
119.81313608548784
0.0
107.30480846356444
103.34229706898067
100.77987303958483
99.47224427459396
100.06662098830147
103.88384029501644
110.55406780686482
114.50337082630209
117.9243389819359
121.74155828865086
126.20598779674509
129.99679030151043
133.33850836123534
137.48593689164235
140.56348744843763
143.09949465005553
145.0015001804106
144.69770762952652
143.17874487510608
139.74456837015413
137.23497786717252
133.29888318413924
124.72665020650662
115.79779120323231
0.0
191.1251327095356
188.74762595801883
187.2947050793308
186.3833274266786
185.98707630142576
187.10978793059346
189.34200258132722
190.47792255981292
191.7591345099401
193.75359861466384
196.67264872135797
199.9086995991128
202.8805832322212
206.55251041232484
209.61685261980202
211.87548409831376
213.42086355137047
213.1831128762188
211.50564967169723
208.82435024015476
205.95813365987485
204.3335041109092
200.21249214999685
195.56314544150857
0.0
291.2049620858977
279.0664689164191
271.33957165113554
267.56197741820336
269.7281503223464
280.9288492696781
295.4580576691332
303.171746455957
314.21394495318765
329.5092389045121
346.24424538520634
361.5131225087528
374.28561760777757
386.62223640445336
394.50763411983803
399.3286896277457
399.5928570015338
393.7943819652414
381.404929771293
369.99289697658764
364.7095483385532
353.46922447240865
333.2868331374442
311.6911459717462
0.0
39.66473901962032
37.51177450353793
36.03243691329944
35.10785092424321
34.83047512365209
35.953186688248884
38.47598560511944
39.34773810650392
40.56290827129776
42.99324858797127
45.80663168057943
48.48793104755111
50.81260440179527
53.05802751807469
54.81474090890429
55.89782734806165
56.39974546157213
55.55440969756645
53.705237719453976
51.61831505327566
50.98431322704285
49.72951794972374
46.63875906943863
42.9800402128248
0.0
681.3274168710354
640.8569672774197
615.4440608308352
602.6451490331742
609.1965012720175
644.5949363332559
705.7100702628212
738.7309985725427
762.6381506140251
795.0911188699328
832.6557269644559
867.3805350481936
899.4900857052629
931.8109702097059
957.9503370310638
977.815727465826
996.5319897019258
1002.5021735376374
988.1182571098235
957.4220022834879
937.3320695228921
905.0376015879439
835.0992755917051
756.8528840561926
0.0
47.880345971611256
45.04054614162431
43.24420763826943
42.346038399506156
42.80833138757719
45.291505191922475
49.597434237001416
51.908899216099094
53.58636236896396
55.87141061068285
58.51308486512924
60.956633556949235
63.215265048375144
65.48710491494755
67.3230685308277
68.70994752086914
70.03078464809234
70.45345252363809
69.43640793438482
67.28344341830243
65.87014769088218
63.598307824309785
58.68479369037683
53.19011123079701
0.0
202.73529113143823
189.67221195998926
181.90568951760952
177.77146933652065
178.4979298404355
188.74762595801883
206.79026108747655
215.60024480483168
220.9496351894568
228.874657952796
238.76772799308097
248.92496553629562
258.7255771313536
268.8563978467903
277.6927982627817
285.0498611014488
291.36346253599885
293.8994698667584
291.02004493716026
283.4516481219778
277.71921496141795
267.24497651800107
246.44179173195036
223.11580809359992
0.0
236.2713458394176
223.73660154468624
216.19462142814
212.76044492318803
214.8209509036442
224.00076891847417
243.1661156770995
253.69318764693062
263.9825088124684
276.21346068545733
288.27270362988537
299.6583197259545
309.2740140431334
320.60679661278823
326.4316883477168
330.7244089789067
334.40954463747016
330.98857648183633
325.15047639758967
315.2441978788449
311.26847814785714
300.8074480537585
279.3702614673032
255.47631777513905
0.0
1209.4245182474372
1137.6106035486214
1092.4908071173759
1069.7724085807934
1081.3957752228725
1144.2279975340552
1252.721559373378
1311.3271027999622
1353.778808278125
1411.3805154776878
1478.056373380969
1539.7130507948532
1596.707173667498
1654.0711298044841
1700.485346535175
1735.7384900121965
1768.9707513944425
1779.5638661439973
1754.018874912815
1699.534343576285
1663.8849496197186
1606.547409406519
1482.388719189255
1343.5026949453388
0.0
50.98431322704285
47.946387821515344
46.044382355731095
45.09337962929608
45.58208936766007
48.23697199725295
52.80706846777654
55.277033896975325
57.06016402518373
59.49050434185723
62.303887434465395
64.90593657638651
67.30986015568122
69.72699211012242
71.68183106357841
73.16116864090273
74.56125600609066
75.01034063192937
73.94046255500433
71.64220593813897
70.13645161052169
67.71931966899466
62.48880463485948
56.63749614963796
0.0
463.336456965369
457.5511902783948
454.02455519907414
451.845173945613
450.88096276654653
453.5886788967252
458.9909028077647
461.75145233521613
464.86862793996585
469.7028919263332
476.7693705634344
484.6283514510412
491.8269138396072
500.72935613133103
508.1392523672708
513.6207265033606
517.3586955591968
516.7907356345247
512.7489738986629
506.22403848759745
499.2896436019612
495.3535489189278
485.3548118258144
474.0880711318919
0.0
895.2634068206637
842.0997123530739
808.6957413965594
791.8814846908145
800.4933427809723
847.0000180860319
927.3069156020006
970.6832069529924
1002.1059222832431
1044.7557532594615
1094.115436795483
1139.7503596249865
1181.93789760022
1224.4028112985593
1258.7577850848222
1284.8575268582256
1309.451514097385
1317.2972862482486
1298.382898514093
1258.0445330593673
1231.6542072135396
1189.2289185631546
1097.3118627544247
994.5111088985657
0.0
98.65332526088123
97.41173835870858
96.67206955713229
96.19656819391474
95.99844263128837
96.57961095693524
97.728739271825
98.30990759747188
98.97032617399762
100.00057912548324
101.50633345310051
103.18379661887955
104.71596768387563
106.60476478742756
108.1897693400954
109.35210601721747
110.15781665578369
110.02573294306137
109.16718881682338
107.78030982678192
106.30097223654346
105.46884484768425
103.34229706898067
100.93837348968596
0.0
51.842857366195005
48.501139422697584
46.5066753567163
45.45000565493775
45.648131217564156
48.26338873463175
52.87311031768061
55.131741822020686
56.49220406176918
58.52629324027571
61.049092157146276
63.65114131198155
66.14752347855915
68.74957263339442
71.00820412482034
72.88379284031161
74.4952141432724
75.155632706884
74.41596391822185
72.47433333991233
71.00820412482034
68.3269047449345
63.01713948574876
57.04695565003725
0.0
9.866653362311355
9.510027337961093
9.272276653769502
9.153401312319412
9.20623479740834
9.549652451777789
10.170445902864108
10.527071928505785
10.844072839039354
11.200698864681032
11.61015837541164
11.953576028489671
12.270576940314655
12.653619707209382
12.930995510383335
13.168746185535012
13.34045501078261
13.314038273403813
13.168746185535012
12.851745277584278
12.627202964664919
12.257368569042422
11.478074661397905
10.659155641228105
0.0
213.07744582339026
199.34073967444073
191.17796623594987
186.83241207834564
187.61170597953307
198.37652862451586
217.34374975594392
226.58960964650635
232.21637588337933
240.5508581212894
250.94584633965573
261.6182104102698
271.92074005426736
282.5666872971035
291.8653807140801
299.5790695009039
306.2228803141161
308.8909712671987
305.86625423681767
297.90160629638245
291.8785890633983
280.8760157432638
259.0029528544597
234.4882157112092
0.0
137.34064479085941
129.9043317271417
124.75306695679959
121.56984946340327
120.61884673696825
124.48889953135495
133.23284130840685
136.27076668810602
140.45782039560913
148.88476133702963
158.6325394056733
167.90481599487197
175.96192250967596
183.75486152155034
189.83071241009034
193.55547311660828
195.31218641703867
192.3799279610264
185.9606596027895
178.73568051558718
176.556299262126
172.2239534538399
161.49875585681156
148.83192781061535
0.0
92.30009866214925
87.30733430316573
83.84674102209247
81.70698488115656
81.07298305492375
83.67503219684487
89.55275743235933
91.58684661086589
94.40022970347405
100.06662098830147
106.61797314965986
112.85232441081601
118.26775664534527
123.49827167948047
127.57965841164004
130.08924900502078
131.264794031461
129.29674662537354
124.97760926971895
120.13013699860421
118.66400778351225
115.74495772847472
108.54639536573706
100.02699587577621
0.0
548.1342007397247
515.5887737803065
495.1422150715541
484.83968542755656
490.1098255871311
518.5870741120513
567.7618403701936
594.310666795264
613.5552637789399
639.6550054232016
669.8889673776937
697.8246726765782
723.660246947052
749.6543216676266
770.6820487795111
786.664178057654
801.7349296831451
806.5295684924164
794.9458268982917
770.2593808264802
754.1055427489177
728.1114680283429
671.8438063053214
608.8927087211334
0.0
158.44762212779423
152.50385511986067
148.8187194612972
146.26950378121953
145.9789195796536
149.78293051122208
159.16087415324927
164.35176408777335
167.50856486961916
171.84091067790527
176.96575873669696
182.05098161839246
186.89845395407804
192.35351126239013
197.95386067148513
203.3428762332064
207.54313829002766
207.8205140131338
205.49584065888962
200.35778425077982
196.54056496989318
191.97046848645542
180.80939471621986
168.6576931974231
0.0
105.25751090991137
101.3214162656206
98.86465919865411
97.17398767064276
96.97586210801636
99.51186938711923
105.73301227312892
109.19360555420216
111.28052822038049
114.15995316289272
117.56771296920839
120.94905601231694
124.15869024309207
127.79099234941295
131.51575305593087
135.0952216616658
137.88218801689516
138.06710516563257
136.5217258417175
133.10075755694203
130.56475035532415
127.54003329911478
120.11692862345777
112.04661375933561
0.0
171.84091067790527
160.75908713272025
154.1681098459224
150.66789146523803
151.28868491632434
159.97979323153282
175.27508718285725
182.73781694521122
187.2682883806945
193.97814094049733
202.36545670482175
210.97731479497966
219.2853803342535
227.8708217257751
235.35996818676534
241.59431952540646
246.94370991003166
249.0966743357149
246.6663340577839
240.2338572210872
235.38638501454332
226.51035942145577
208.86397541725083
189.10425190617553
0.0
179.92443389134556
168.32748381876107
161.43271411022081
157.76078680097552
158.42120542915794
167.50856486961916
183.5303191957168
191.33646668605095
196.078271968908
203.11833390737286
211.90190079695006
220.91001001236077
229.6011183275692
238.60922754297988
246.44179173195036
252.96672714301582
258.5802850305706
260.8257081597642
258.2764924796865
251.55343144142387
246.4682085597283
237.16951514275166
218.70421206026325
198.00669419789935
0.0
251.61947331715626
238.01485091967155
228.57086540191196
222.7459736669834
221.00246858672946
228.09536405160864
244.11711837770622
249.6778427388468
257.338698128398
272.79249252982356
290.63700216122567
307.6229676663898
322.4031350903148
336.66817611598196
347.80283318758126
354.6183526710709
357.8411953286492
352.4785965947059
340.69672937338396
327.461941273374
323.48622154238626
315.5347820804108
295.8807254930223
272.6736171276769
0.0
387.22982150622147
382.3955575198542
379.45009071452364
377.62733553836085
376.83483328785525
379.09346476636705
383.6107277233905
385.9089843789983
388.5110334563487
392.56600354152863
398.4569370230479
405.03470596052756
411.0577233226534
418.4808280370529
424.6887625479161
429.2588589022122
432.3892429854218
431.9137416351183
428.532398527439
423.07734121912694
417.27886618283475
413.98998177866565
405.6290827129776
396.2247223723141
0.0
1167.884190551068
1098.5270328288195
1054.9658243290905
1033.026719564554
1044.2538352105219
1104.9198846175618
1209.6886857503669
1266.2733483735904
1307.2721325856405
1362.8925848046476
1427.2833949182054
1486.8135239593346
1541.85280777521
1597.2487162478253
1642.0647198699035
1676.1026934016725
1708.1990351928573
1718.4355227028393
1693.7622853677708
1641.1401341262165
1606.7191187225044
1551.362834781277
1431.4704486257085
1297.339437884826
0.0
64.17947616287081
61.775552583576115
60.28300661819116
59.239545291559075
59.12066995398323
60.66604939412579
64.47006032569426
66.57019136701906
67.85140338171699
69.60811675963241
71.68183106357841
73.74233697946377
75.69717593291976
77.9161823118204
80.17481380324631
82.36740344476816
84.05807497277952
84.17695031035534
83.23915594615264
81.15223327997431
79.60685383983176
77.75768186171929
73.24041886595327
68.31369636978802
0.0
1260.9767915153795
1179.6792661217082
1131.3630438606622
1105.6463449923351
1110.2164414757729
1173.93362461183
1286.1915723347668
1340.9270629540501
1374.2121587667011
1423.5058002978483
1485.0303942185515
1548.2060343868561
1609.1362512968258
1672.2062238957355
1727.1662560660022
1772.880429507981
1812.1753345917232
1827.9725464628455
1810.0752034341706
1762.9477348071664
1727.3115481667849
1662.1546530179241
1532.7390312486878
1387.6714884176947
0.0
207.2261373898254
199.4596150765874
194.6385595686798
191.29684150895486
190.91379886216185
195.90656316948872
208.16393174111397
214.95303452596735
219.08725483619787
224.7536461210253
231.46349868082817
238.09410114472212
244.43411927790845
251.5798481400602
258.89728593077285
265.963764567874
271.4452385748224
271.80186465212074
268.7639392724215
262.0408782341589
257.04811392683206
251.07793009112052
236.48267981593293
220.57980076284036
0.0
42.649830937476075
40.35157433352489
38.74015303056408
37.76273355383608
37.458941015866166
38.66090280551352
41.38182728501047
42.31962164921319
43.62725041420407
46.242507931271675
49.26722496165271
52.14664990416493
54.656240445889004
57.07337240033021
58.96216949096795
60.11129779294355
60.652841018979316
59.75467176730187
57.76020770132061
55.51478458504116
54.841157646283094
53.493903768766934
50.15218583818366
46.21609118097871
0.0
339.9702689986107
321.5842161411729
308.8249293914663
300.9527401545414
298.60164997251934
308.1645108924256
329.8262398047143
337.3418030934825
347.6839577854346
368.56639279653587
392.6716704652154
415.64102815540923
435.585668815222
454.86989097599394
469.9010174243888
479.120460616315
483.46601477391914
476.22782733739865
460.324948284306
442.42760512648965
437.06500639254637
426.3133920968816
399.76456580095294
368.4078923464348
0.0
321.9012170413751
301.15086565259696
288.81424685592117
282.24968639690127
283.4252314233415
299.6847364245908
328.34690222739
342.3213590514912
350.8143417395025
363.40191968978974
379.10667311568506
395.23409449461127
410.7935558197238
426.8945605000135
440.9218508505291
452.5848426697043
462.62320481077217
466.6517580681743
462.08166158473654
450.0488353389447
440.96147589848346
424.3189281212995
391.2847914622598
354.24851837359614
0.0
250.24580266351887
240.86785902149165
235.04296728656308
231.00120567984297
230.5521210281759
236.5751383903017
251.36851429268646
259.5709127791318
264.5504688662821
271.3924051775498
279.5023450896264
287.5198265564759
295.16747346756733
303.79253990704336
312.64214867235296
321.1615481881421
327.792150652036
328.2148184759252
324.5560996451396
316.4197429052851
310.3967255431594
303.18495493441685
285.56498749970655
266.36001569312685
0.0
96.4739439945059
92.89447537585676
90.59621875899141
89.42067371963702
89.94900857052627
93.38318511422078
99.37978567439691
102.93283755566722
106.01038807372004
109.4445646174145
113.45990948675583
116.86766928015736
119.86596957315959
123.5907302796775
126.36448824684622
128.6495364885651
130.3534163788088
130.076040526561
128.7155783384692
125.62481945818408
123.37939634190462
119.82634446063432
112.12586398438617
104.10838260793581
0.0
24.607195730533387
23.022191177865547
22.071188451430515
21.569270337920038
21.66172893811708
22.903315840289714
25.09590546889739
26.165783545822425
26.812993747201705
27.777204848783224
28.97916663843058
30.20754516545674
31.396298579957616
32.62467711989794
33.694555196822975
34.59272443558625
35.358809974541366
35.662602512511285
35.319184862016094
34.394598872959854
33.70776355905529
32.42655154435737
29.90375262748682
27.077161172646342
0.0
289.8973333079927
272.686825476995
261.8691694347396
256.41411212642754
259.2142868309751
274.2718301071478
300.2791131770408
314.3196118768745
324.49005776940726
338.30601414340737
354.2881434215505
369.06831097461725
382.72576689851616
396.47568139678395
407.5971299899234
416.0504876299802
424.01513557041545
426.551142901175
420.4356669646805
407.37258766408985
398.82677144966436
385.09006530071474
355.3183963472078
322.0333006636983
0.0
60.40188196868116
57.13941425023428
54.867574396576046
53.46748703138813
53.05802751807469
54.76190742123253
58.60554346532629
59.939588967695954
61.775552583576115
65.48710491494755
69.7666172226477
73.8480039548073
77.4010558360776
80.8220240046256
83.4901149964508
85.12795304970454
85.907246950892
84.61282656104757
81.78623510620712
78.61622598795728
77.65201488637575
75.75000942059152
71.03462086219913
65.46068817756874
0.0
210.03952044369112
201.28237025275018
195.7084375422915
192.98751306279453
194.5461008651694
202.62962420775136
213.10386265116824
218.66458688316717
226.6424431729206
237.67143319169136
249.7438846145792
260.7596662840318
269.96590099749807
278.8551349399038
284.5479429233675
288.03495295473374
288.21987023261283
284.0328165251097
275.0907490562898
266.8619337420665
263.057922810498
254.9479828984214
240.3923576711883
224.81968799675772
0.0
107.10668288802385
100.75345628929186
96.751319795097
94.74364735396925
95.77390031836902
101.33462462785292
110.93711056988529
116.1280004914952
119.8923863105384
124.99081763195126
130.89495960484453
136.36322526247477
141.40882322535748
146.4808377577349
150.60184958950563
153.71902519425535
156.6644919995858
157.6022863508744
155.3304465230445
150.50939101513688
147.35259023329104
142.28057570091363
131.27800238077918
118.98100869662865
0.0
49.6370593495267
47.774678996267745
46.62555069429214
45.81984004281175
45.7273814426147
46.92934323226206
49.86160166244605
51.486231340553346
52.47685917951366
53.83732143217629
55.43553435999061
57.03374728780493
58.55270997765452
60.25658988081236
62.0133032587278
63.703974786739145
65.01160355173002
65.10406215192707
64.37760172549723
62.76618043545059
61.56421864580324
60.13771454323652
56.63749614963796
52.83348520515533
0.0
298.02048169852907
280.3212641679099
269.19981557477047
263.5994660365337
266.4656826168137
281.9458938460172
308.6928457691431
323.1295955942296
333.59062555918666
347.77641635980325
364.2076302896135
379.3972573172511
393.45096436640296
407.5839216406052
419.0223711339469
427.7134795782971
435.9026697154243
438.50471892191626
432.21753418600247
418.7846204587953
410.0010535692181
395.8680962950158
365.2775083923668
331.0546183575688
0.0
53.83732143217629
50.37672815110302
48.30301384715702
47.20671903285319
47.404844608393745
50.12576908789069
54.920407871333644
57.258289600724275
58.67158532814452
60.784924731701636
63.41339062391572
66.10789836603388
68.70994752086914
71.40445526298728
73.75554535461025
75.69717593291976
77.37463908578464
78.04826602454271
77.2821804855876
75.274508057374
73.75554535461025
70.96857901229505
65.44747980242227
59.252753666705566
0.0
10.55348867105025
9.998737076325092
9.655319421955644
9.49681896668886
9.589277565594484
9.998737076325092
10.857281210311585
11.332782577403352
11.79507557322289
12.336618796675817
12.87816202012874
13.380080123307888
13.815956386914294
14.31787448751061
14.582041912955246
14.76695911334933
14.938667938596927
14.780167488495808
14.51600006305117
14.080123812358933
13.895206611964852
13.43291361097965
12.481910880670364
11.412032805036745
0.0
187.45320552943193
175.36754575722594
168.18219184711975
164.3649724370915
165.03859941459203
174.50900163098797
191.20438293458616
199.34073967444073
204.28067058449497
211.61131659538412
220.76471791157778
230.15586990292314
239.2036042954299
248.58154793745712
256.7575297252661
263.5466326392612
269.39794107282603
271.7358227763883
269.08094017262374
262.0672950619368
256.77073807458424
247.08900201081462
227.8576133764569
206.28834303853688
0.0
98.8778675738006
93.52847718917542
89.81692485780398
87.5186682538528
86.8450413150947
89.61879928226341
95.91919239332364
98.11178203484546
101.12329069008004
107.1859331130744
114.19957827541799
120.88301416241288
126.68148915996262
132.28183860780015
136.6670178133588
139.33510889558315
140.60311249639213
138.50298146798147
133.8668431088113
128.6759532259439
127.10415704842254
123.98698141784448
116.26008420421752
107.14630800054914
0.0
867.4201602252899
811.4959161011068
778.2636539440114
760.5644362842507
763.7080287167785
807.5466130687552
884.7627516786107
922.4198182183607
945.3099256835039
979.2158148180996
1021.548644894116
1065.0041864701584
1106.9143485931438
1150.3038482934537
1188.1062070631287
1219.5553390920156
1246.5796667382476
1257.450156306917
1245.1399543380192
1212.7134027807476
1188.2118739868156
1143.3826617571358
1054.3582392273222
954.5689940525259
0.0
26.733743522151148
25.729907295130186
25.109113844043872
24.686445968498113
24.633612480826354
25.280822669291467
26.852618859726988
27.737579736257945
28.26591458714722
28.99237501357706
29.864127514961538
30.722671654113697
31.541590667826412
32.45296829465033
33.403971021085376
34.315348647909296
35.02860069919265
35.06822581171793
34.67197467355097
33.813430534398805
33.166220345933695
32.40013480697858
30.51133770342666
28.464040162687784
0.0
184.73228104993495
174.74675230613963
167.81235742050328
163.53284513863144
162.2516330593627
167.45573134320492
179.22439021520867
183.30577699902494
188.93254310675624
200.27853402572927
213.38123837427435
225.849940922415
236.69401379244835
247.1682522358652
255.3442340236742
260.3502066803192
262.71450521165946
258.7784105286262
250.12692739051383
240.41877449896626
237.49972439227204
231.6484159587072
217.22487448293896
200.18607545136055
0.0
871.1449209318075
860.2744312339964
853.6438288992441
849.5492337661096
847.739686939265
852.8249098209606
862.9821473641751
868.1730372986992
874.0243458614058
883.1381220005034
896.3993267991495
911.1794943522161
924.7312832232866
941.4530813546628
955.4011214801278
965.6904426456656
972.7305045841305
971.6606264813771
964.05260461824
951.7820276972967
938.7453652244841
931.3486773378626
912.5399565273939
891.3669373147267
0.0
236.4694714666148
223.67055966895384
214.80774255432607
209.32626841823608
207.68843039081062
214.3454495533409
229.40299282951364
234.6467161613103
241.83207020055815
256.36127860001335
273.12270177934397
289.0916227081689
302.97362095790146
316.3801178573307
326.84114782228767
333.24720796034813
336.28513334004737
331.23953550630625
320.1709203104393
307.72863459007664
304.00387388355875
296.52793577188663
278.0626326893982
256.24240332700833
0.0
299.20923507428745
279.9250130426571
268.46014672153746
262.3578791343611
263.44096558643264
278.5645507383378
305.2058357377769
318.1896646841754
326.0882707488782
337.7776792666898
352.3861380203371
367.37763942077754
381.8275975951821
396.79268229698613
409.842553119117
420.6866259891503
430.0117361047633
433.7629135099175
429.5098180558236
418.32232745781005
409.868969946895
394.4151754163277
363.7057122406738
329.28469657867856
0.0
516.3680676814939
509.9223824954791
505.9862878124458
503.5559475345148
502.48606943176145
505.51078646214256
511.5205954749501
514.5981459026036
518.0719475846519
523.4741714956913
531.333152383298
540.0903025742389
548.1209922612649
558.0404791293279
566.2957112713291
572.3979787293638
576.5718240875486
575.9378222871443
571.4337676794389
564.1559550658224
556.4290578005388
552.0438785949801
540.8960131740625
528.3480605300132
0.0
101.13649906522649
95.77390031836902
92.55105771244742
91.0717201351231
91.95668101165406
95.89277565594485
104.0951742327893
108.59922885340882
112.99761648577065
118.24133989505232
123.40581307928343
128.26649371263045
132.387505531487
137.23497786717252
139.73136002083598
141.56732367545862
143.1523281764698
141.6861989484636
139.18981679480018
134.94992956088282
133.246049657725
128.76841182614092
119.5885937725685
109.36531437944979
0.0
389.29032735753606
366.16246921724115
351.64646916710416
344.3290315055332
348.08020891068736
368.3022254227479
403.22515913368284
422.0867133414241
435.7441692653232
454.2887225728621
475.7523259870953
495.5912995940795
513.9377274035629
532.4030304860514
547.3416983600775
558.6876894081921
569.3864700483009
572.7942298546167
564.5786228897115
547.0379058091934
535.5598311387556
517.107736534727
477.13920499005087
432.44207638269427
0.0
136.95760201492473
128.13440999990814
122.87747822839417
120.09051188607893
120.57922162444298
127.5004081865895
139.69173484373985
145.6487103301332
149.25459576364614
154.61719449758945
161.28742200943785
168.1557750193418
174.7731691339176
181.62831379450336
187.5984976302149
192.55163688958731
196.83114917145915
198.53502907461697
196.59339849630743
191.48175878683392
187.61170597953307
180.5320189931137
166.47831194396193
150.72072499165228
0.0
569.4260952253969
545.6642352846976
530.5802751807469
523.1967956434436
527.4234745280427
549.3361624648013
577.7341607646708
592.8049123901617
614.4138079051778
644.317560481008
677.0479045891636
706.8988237677212
731.8758539119569
755.9943398008131
771.408509154284
780.8392863227256
781.3544127209833
770.0216301513284
745.7842688603258
723.4753296691727
713.1463833265387
691.1544451647299
651.7010400183113
609.4738769951235
0.0
533.2879913109257
513.5546846276283
500.8218147056997
494.3629211703668
497.2819711479192
516.249192408489
549.3757876418973
569.0298441001443
586.0422263039446
604.9830307367365
627.186302875061
646.061065561262
662.6243631133954
683.2426307507087
698.5511330513513
711.165127700275
720.5826963902564
719.0769421142958
711.5349619977496
694.4433295688987
682.0274605471723
662.4262376153398
619.8160316870758
575.4887376354772
0.0
1664.3340345296688
1643.5572667005376
1630.8904380086335
1623.057874465371
1619.6104885779678
1629.3318507228248
1648.7217392907176
1658.6544352829485
1669.8419257518203
1687.2241421239537
1712.5842141401326
1740.8237122481842
1766.698912212321
1798.6499619027222
1825.2912469021612
1844.9453037478333
1858.3914260826418
1856.35733667168
1841.8281278848
1818.383269102586
1793.4854893125428
1779.3393236890224
1743.4125528470747
1702.9685208560868
0.0
322.8258030433455
303.66045628472017
291.61442156046866
285.5517791503885
288.65574640582
305.4303779344688
334.3831279388339
350.03504783831505
361.3546220586517
376.72916623502675
394.5340508184743
410.99168144692095
426.2077251731948
441.51622747383743
453.9056797969275
463.310040137591
472.18606573067854
475.0126571338623
468.197137521231
453.65472077245767
444.1314850296474
428.83619107832305
395.69638749559647
358.6204892298366
0.0
614.9157259541175
575.2641953096437
551.700460867
539.1657165722686
541.3979313521439
572.4640206050962
627.2127197028389
653.9068380995506
670.1267180528455
694.1659538457926
724.1753733453095
754.9772952244738
784.6961306515666
815.4452191334583
842.2582128031751
864.54073516655
883.7060819251755
891.4065624918227
882.6758289995182
859.6932629600062
842.3242546789074
810.5449134004999
747.4353152370694
676.6912785118653
0.0
473.2823605320682
453.535845370311
440.98789272626146
434.85920844044887
438.37263517045136
456.5737707500102
480.1903387190682
492.7118746644815
510.67525969803023
535.5202060908011
562.7294510149123
587.5479807090469
608.3115403180016
628.348639552183
641.1607596991622
649.0065323665925
649.4292001904817
640.0116315004999
619.86886521349
601.324311905951
592.7388705144293
574.4584847098199
541.662098725932
506.5674562155777
0.0
545.7831105577026
513.3697673497493
493.01566721536557
482.7659710977822
488.0096945587206
516.3680676814939
565.3315000922627
591.7746594645045
610.9267978738116
636.9208725943864
667.0095424480957
694.8395806941516
720.5562796916201
746.4446873593665
767.379955896882
783.2960432992929
798.300753178193
803.0821835090046
791.551275441294
766.9572880729929
750.8694917420214
724.9942924235932
668.9643813757235
606.2906595146416
0.0
569.3204283017102
532.6143644625668
510.8073433203534
499.19718502759247
501.2576908789069
530.025523605393
580.7060442686375
605.4189070390853
620.4500336166218
642.7061391522188
670.483344001002
699.0002177030183
726.5132551780134
754.9905037029336
779.8090332679267
800.4405092545583
818.1925603115915
825.3250808244252
817.241557610985
795.9628714746308
779.875075143659
750.4468239181323
692.0261976402858
626.5258843760203
0.0
86.71295760237238
82.02398579427295
78.76151807582607
76.75384563469832
76.15946893390498
78.60301762572497
84.12411682268359
86.0393306636143
88.68100491806071
94.0039785653071
100.14587121335204
106.01038807372004
111.09561101998642
116.00912515391936
119.85276119801311
122.20385128963606
123.31335447908641
121.46418250097392
117.40921250619311
112.83911603566953
111.47865379592106
108.73131256613114
101.95541807893922
93.96435343986764
0.0
14.265041012753013
13.723497786717251
13.393288498454371
13.168746185535012
13.142329448156211
13.48574709865141
14.331082862657093
14.793375863642291
15.070751651319247
15.467002789486207
15.92929579047141
16.378380416310126
16.81425666700237
17.316174780512846
17.81809288110916
18.30680261947316
18.676637020261325
18.703053770554284
18.49171981986724
18.029426831796204
17.686009168386843
17.276549667987567
16.272713440966605
15.17641862666277
0.0
1017.5597168138103
975.108011464789
948.1365172158294
934.9413542929157
942.4965426296382
981.6461552251725
1032.3927177641494
1059.337795185331
1097.9458645548293
1151.373726396207
1209.873602899104
1263.2222146445731
1307.8665095963738
1350.952216616658
1378.5048787521828
1395.3587611515902
1396.256930971491
1376.034914330289
1332.711456247428
1292.8485913681554
1274.3832884148087
1235.1015920678096
1164.582097797581
1089.122672488156
0.0
1430.453403920228
1370.7779827783154
1332.8567483482109
1314.3121951698135
1324.9317258431552
1379.9710083676139
1451.3094221035512
1489.1910307108515
1543.451019592406
1618.580236556302
1700.802347951944
1775.8126887388432
1838.5656599209842
1899.1260422751955
1937.8661961710086
1961.5620133319842
1962.830017707643
1934.392394359819
1873.488593373636
1817.4454747512975
1791.491024432969
1736.2668239849231
1637.137998342301
1531.0615677858827
0.0
960.7901369127075
920.7027299658845
895.2369901220275
882.7814960523467
889.9140164360387
926.8710394287933
974.791010435445
1000.2303335806658
1036.6854383953394
1087.1414167327505
1142.3656171807966
1192.742345293157
1234.890258220436
1275.572041790567
1301.59253333892
1317.5086200956225
1318.3539567765336
1299.254651118791
1258.3483256102513
1220.7176757691375
1203.2826256123062
1166.1935189972285
1099.610119280891
1028.3509561574294
0.0
331.1999104583517
318.7840414366254
311.0835608699781
305.7341704853529
305.12658551272636
313.09123332402
332.67924803567615
343.5365292550276
350.1407148911436
359.1884491545087
369.913646751537
380.5331771665951
390.66399801117353
402.076030805879
413.77864780215026
425.0453884960727
433.82895538564986
434.3969154394636
429.5494431037781
418.7846204587953
410.80676429818345
401.2703202060552
377.944336438563
352.5182216426603
0.0
180.39993524164888
170.6389488236871
163.87626273746997
159.702417379285
158.44762212779423
163.53284513863144
175.02412815838738
179.0130562386933
184.49453037478335
195.5763539199683
208.37526571762936
220.55338406420407
231.14649778062594
241.36977719957295
249.36084183864455
254.24793922228451
256.55940422721056
252.70255976922783
244.26241047848916
234.7787999127751
231.92579168181337
226.2197753490315
212.1396514721017
195.49710369491777
0.0
258.4085761020097
244.43411927790845
234.739174735679
228.74257420133122
226.95944407312282
234.23725668673936
250.69488731518584
256.41411212642754
264.2730930140343
280.13634689003084
298.4695663501961
315.9178248563454
331.08103505620505
345.742327207125
357.1675683511486
364.16800524165905
367.4833063444643
361.975415509738
349.87654738821396
336.28513334004737
332.2037466853727
324.0277647684221
303.8585817827758
280.0174716170258
0.0
349.46708791364296
330.5659085288056
317.4499958309423
309.3532642681839
306.93613233957103
316.77636898258345
339.0324746473222
346.77258013278225
357.40531902630033
378.86892244053354
403.647826957572
427.25118657731184
447.76378716179664
467.5763440701446
483.03013847157024
492.5005408171077
496.97817859703514
489.52865718399926
473.17669347923965
454.7906406218018
449.282749916217
438.2273430696684
410.9388479205067
378.6972136411142
0.0
46.08400746825639
44.35371082771975
43.283832763708865
42.53095559990024
42.45170536193552
43.561208551385825
46.282133043796954
47.801095746560705
48.712473360470455
49.96726863778959
51.45981459026037
52.93915218049886
54.35244790791909
55.93745246058692
57.5620821386942
59.133878316215565
60.362256856155874
60.44150708120644
59.75467176730187
58.26212581483109
57.15262262538076
55.83178549815757
52.58252615485718
49.04268264873334
0.0
17.804884518876847
17.144465955265243
16.721798066805324
16.510464129032446
16.602922729229487
17.236924555462288
18.346427744912607
18.99363793337772
19.56159789679228
20.19559972302508
20.935268511687237
21.569270337920038
22.12402192618811
22.810857240092677
23.325983715835473
23.748651604295393
24.052444142265315
24.01281902974003
23.748651604295393
23.18069164088083
22.771232127567394
22.11081356395579
20.697517836535557
19.21818024629708
0.0
454.2226806971297
427.25118657731184
410.3048461201022
401.7722382549948
406.1442092403771
429.73436038165715
470.48218582752065
492.5005408171077
508.4430449181548
530.065148782489
555.1214291517753
578.2757039907066
599.6732655292074
621.2161190393495
638.6511691961806
651.8859572961906
664.3678681936493
668.3567962739551
658.7543103060945
638.2945432480238
624.9012546979129
603.3716094079474
556.7460588298826
504.57299211085393
0.0
57.41679005082541
55.263825534743006
53.92978003237334
53.00519403040293
52.89952706797357
54.28640605801502
57.680957476270045
59.556546204675485
60.70567450665108
62.2774706970866
64.13985105034556
65.97581465331155
67.73252804414113
69.71378373497595
71.73466453833602
73.68950349179201
75.22167456970224
75.31413316989929
74.46879740589361
72.60641705263465
71.21953806259322
69.56849164710714
65.52673002747284
61.11513401996452
0.0
147.72242465990755
138.95206611964852
133.4441752849222
130.67041727901102
132.0837129806029
139.75777671947228
153.0189815181185
160.17791872958836
165.3556003147943
172.39566225325916
180.54522734243184
188.07399898051827
195.0348106939326
202.03524745530137
207.71484708944695
212.02077619909673
216.07574615513505
217.3701665837219
214.2529908498305
207.59597181644193
203.23720918037787
196.2367724190091
181.07356221914947
164.1008050633035
0.0
140.7484045971751
131.67425350603196
126.28523802179566
123.40581307928343
123.92093955502622
131.0402517056275
143.56178765104073
149.6772635875352
153.38881594473497
158.89670677946128
165.76505978936524
172.8051217278301
179.6074329911433
186.64749492960817
192.789387564739
197.88781879575268
202.27299813045298
204.04291990934325
202.03524745530137
196.77831564504487
192.80259591405712
185.5247833004406
171.0880334753541
154.89457022069558
0.0
80.24085566606456
75.90850987069264
72.89700121545809
71.03462086219913
70.47986927393106
72.73850076535697
77.85014046191633
79.62006221497825
82.06361090679823
86.9903334029635
92.68314142516971
98.11178203484546
102.81396221809138
107.3708503134685
110.9106938325065
113.0900750859677
114.12032805036746
112.40323978497729
108.65206232816642
104.42538352105218
103.17058824373306
100.62137257656956
94.3606045780346
86.96391665267055
0.0
579.0682062412121
548.3323262377803
529.8538148059737
521.4532906923312
526.5120968753905
549.0059532152809
595.9617131720075
621.7576622653852
646.9856515632324
676.9422376654768
706.5289893411048
734.4118611135748
757.9888039055368
785.7660087543202
800.0442581293054
810.5449134004999
819.5926476638654
811.1921235502227
796.8874574766011
772.6104710085024
762.8759012891766
737.2384526459005
684.6955516293967
626.1428416000855
0.0
626.3409670981412
589.1461935593762
565.7805847439296
554.0119258719259
560.0349432340516
592.56716171501
648.755573212981
679.1084105696199
701.087140382111
730.9248510822086
765.4515336678908
797.3893755255407
826.8968769761182
856.615712403211
880.6417398468399
898.895708952813
916.1194251331289
921.6008992692188
908.3661111692089
880.1530301472184
861.6877270647299
831.9953083362735
767.6969567970843
695.7641666961218
0.0
1113.6242012820883
1041.8367032819092
999.1604556070541
976.4552652906483
980.4838185480504
1036.76468862039
1135.8935152961453
1184.2361542558276
1213.6379887827181
1257.1595722344928
1311.4988121159479
1367.2909723595244
1421.1018763311288
1476.8015789043284
1525.355551323959
1565.7071256445695
1600.4187252498477
1614.366765633596
1598.556345154872
1556.936767750019
1525.4744262095392
1467.925553440382
1353.6335161773422
1225.512314578409
0.0
1313.3876094261263
1258.5860762854031
1223.768809498155
1206.7432189450362
1216.49099701368
1267.0262255761418
1332.5397469314423
1367.3041809671258
1417.1261564709991
1486.1134806706225
1561.5993222912589
1630.467770313886
1688.0826861210498
1743.6899297324558
1779.2732819424314
1801.0142600466377
1802.1765968529014
1776.063647117605
1720.152611988448
1668.6927962617413
1644.8648956075842
1594.157957599995
1503.1522797022012
1405.7537493699563
0.0
101.94220971670691
96.43431888198062
92.60389120011916
90.25280110849621
89.53954905721287
92.4189739997251
98.90428431117941
101.16291580260533
104.2668830580369
110.52765105657187
117.75263015668831
124.63419160630959
130.61758375259674
136.40285043957084
140.92011339659433
143.6806630531874
144.97508335263265
142.80891057763125
138.04068846699627
132.67808973305293
131.0666684042638
127.84382583708471
119.87917793539191
110.47481756890008
0.0
1474.9788233407403
1413.4410208124361
1374.3442422598823
1355.2185206783533
1366.1682600846486
1422.9246318947164
1496.4952602813878
1535.5392056949513
1591.503075254514
1668.9569645395209
1753.7414993188504
1831.0765137182773
1895.7843252486039
1958.233503621577
1998.1888274626435
2022.6243137351353
2023.9187340345804
1994.5961507658735
1931.8035537609285
1874.0169286377782
1847.2435601451577
1790.3154803105203
1688.0958947286513
1578.7173716770294
0.0
2.060505923633852
1.928422209620116
1.8623803532589562
1.8227552394422601
1.8359636107144923
1.9416305808923482
2.126547779995012
2.2322147501728673
2.298256606534027
2.403923576711883
2.5095905468897386
2.615257518359011
2.707716117264635
2.81338308744249
2.8926333150758823
2.9454668001648097
2.9983002852537375
3.024717027798202
2.9850919139815066
2.8926333150758823
2.826591458714722
2.7341328598090984
2.5227989181619708
2.2850482352617956
0.0
113.51274297442761
106.1953052741141
101.84975111650988
99.52507776226574
99.93453727557917
105.68017878545713
115.784582841
120.71130533716527
123.70960561725336
128.1476183750546
133.6819259600739
139.36152559421947
144.85620807962763
150.5358077137732
155.47573862382745
159.59675045559817
163.13659401337864
164.54988971497056
162.93846838618143
158.69858115226407
155.4889469731456
149.62443006112096
137.97464659126385
124.9115674069007
0.0
1972.78912962366
1890.4745592662248
1838.182618049041
1812.6112108940717
1827.2592945665322
1903.1545952743143
2001.5569617044382
2053.7828624664476
2128.6214939373613
2232.227958780469
2345.621826223608
2449.0697903583314
2535.611038954658
2619.140779257347
2672.5818499646093
2705.2461515513237
2706.9896567607198
2667.77400203117
2583.781969502346
2506.4865796343074
2470.6918935769577
2394.5324245913957
2257.8257818592247
2111.5298617667936
0.0
399.8173993273672
383.13522637308716
372.54211252752367
367.3512227221412
370.323106226108
385.7108587518011
405.64229106229567
416.23540490785933
431.3986151077189
452.39992552096686
475.3824915604787
496.3441767966306
513.8848938771488
530.8180258558986
541.6356820272956
548.2662843620478
548.6097020900281
540.6714708482292
523.6458802951105
507.98075191716964
500.72935613133103
485.28877007922364
457.590815455491
427.93802177498895
0.0
431.59674073491607
403.7799107090368
387.24302985553976
378.4330461381846
380.00484241901927
401.8118634320909
440.2350155237103
458.9644859799867
470.363310425374
487.2304006575331
508.2977528173719
529.919856681706
550.7758749941712
572.3583536814094
591.1670743627363
606.8189943913591
620.2651163387427
625.6805485991002
619.5518643132876
603.4112345850433
591.2199078891506
568.9109686979975
524.6232998234951
474.97303208590785
0.0
124.56814975640552
119.3772598347956
116.07516700382347
114.46374570086265
115.38833170283306
120.18297048627602
126.3909049971392
129.692997879768
134.40838633484708
140.95973857369043
148.11867578516035
154.64361119622578
160.11187698299761
165.3820170134306
168.76336012111
170.82386610156615
170.92953302525302
168.4595675702259
163.14980236269682
158.27591332837497
156.01728184986322
151.20943469127377
142.57115990247956
133.33850836123534
0.0
82.93536340818271
78.00864091201744
74.91788203173233
73.35929421644329
74.1650048679237
78.47093391300264
85.907246950892
89.9225918331475
92.84164188818501
96.79094490762228
101.36104137814587
105.58772018526012
109.4973980921721
113.43349274937705
116.6167102298592
119.03384217138624
121.30568203795863
122.03214246438849
120.28863744870536
116.55066836704096
114.10711967522097
110.17102503093017
101.65162554096932
92.12838983690166
0.0
120.32826256123064
115.81099957837881
113.01082486091714
111.0824026577541
110.85786034483475
113.75049366249345
120.86980578726639
124.8059004315572
127.20982401085189
130.49870847959176
134.39517798552893
138.25202244351166
141.9239496236153
146.07137828316397
150.32447373725782
154.41906887039224
157.61549470019253
157.81362032738977
156.05690689781767
152.14722904256234
149.25459576364614
145.78079408159803
137.31422809222312
128.08157652515055
0.0
137.65764569106162
131.9252125305018
128.26649371263045
126.48336359733622
127.51361654882182
132.81017348451775
139.66531814510356
143.3108286265709
148.54134360904942
155.7663228253934
163.6781372394144
170.90311632661673
176.93934190891898
182.7642337729892
186.50220282882523
188.77404265665515
188.89291805880183
186.15878510084505
180.2942683179621
174.90525275624077
172.4088706025773
167.09910539504824
157.5494529536018
147.35259023329104
0.0
786.3868022054062
753.5772078722001
732.734398038195
722.5375353178841
728.3756355312725
758.636014184401
797.8648768758441
818.681270011213
848.5189808404524
889.8083495123516
935.0206045179661
976.243931314133
1010.744197201179
1044.0425012340065
1065.3476041981385
1078.3710581924915
1079.05789351931
1063.4323903184654
1029.9491690077587
999.134038779276
984.8689977536092
954.5161605261118
900.0184205819805
841.7034612278212
0.0
382.73897524783433
360.0073682327923
345.7291188578069
338.543764818559
342.21569212780435
362.0942909118847
396.43605621968777
414.9806095272268
428.413523254434
446.64107553262903
467.74805286956394
487.2568173561694
505.286244136309
523.4477546679133
538.1354636466114
549.2833289383871
559.8104009082181
563.1521188388014
555.0685956253611
537.8316710957272
526.551721923345
508.4034197410587
469.1085151738832
425.1642638982195
0.0
460.0475724320582
435.6385023416362
420.9507933629383
414.2805658510899
418.2959107591738
436.16683708921215
473.4672776808056
493.9666699159723
514.0037692792953
537.8052542679492
561.3161551841788
583.4665939252307
602.1960643815071
624.2540445481902
635.6000354671633
643.9477260543915
651.1330800936394
644.462852581791
633.1036533134999
613.8194311527278
606.0793255381261
585.7120170544242
543.9603553815399
497.4404715980203
0.0
287.22924235490996
270.17723497401346
259.4652458554449
254.06302194440545
256.8235716009985
271.7490311257065
297.51856364958945
311.4269785979582
321.5181742654405
335.18883853865765
351.02567571601776
365.67375951761966
379.21234003937195
392.83017091531656
403.8459525847692
412.2200599997754
420.1186660644783
422.62825656745986
416.5656141573796
403.6214102589357
395.1548442695607
381.550221872076
352.05592864167505
319.07462550904967
0.0
870.4845023036254
834.1746895897347
811.0996649758541
799.8065074541536
806.2786094679466
839.7618306495116
883.1777471775993
906.2263550928438
939.2472832734236
984.9746648064375
1035.0079753199595
1080.642898149463
1118.841507915249
1155.6928638551753
1179.269806647137
1193.6933481229055
1194.4594336747746
1177.1564672694083
1140.0937773529668
1105.9897625911735
1090.1925505909094
1056.5904540071976
996.2678221989962
931.705303286019
0.0
572.8470633810309
538.8355073227481
517.4643624828835
506.6995399670424
512.2074306726272
541.965891276816
593.3596639655158
621.1104521156626
641.2268015748946
668.5020883747383
700.096512504408
729.2870130547833
756.284924002379
783.454543749394
805.4332736910267
822.141863343943
837.8862419469345
842.9054230820392
830.7933466111972
804.9841890393596
788.1038904578822
760.9474790601853
702.1438100064045
636.3529126697144
0.0
401.7194047285806
377.8650862135125
362.88679316239035
355.3316048256677
359.2016576329685
380.0708841656099
416.10332115639443
435.57246046590376
449.6657925630101
468.8047226229991
490.95516136405104
511.4281367714397
530.3689413333732
549.4154126898519
564.829582043323
576.5454073889125
587.5743974076833
591.101032487004
582.6080497989926
564.5125811431207
552.6778803953846
533.6314090389059
492.39487376427917
446.25803288583603
0.0
155.2908213459484
146.89029723230584
141.0654054973773
137.4727285423242
136.3896420902527
140.77482129581136
150.65468311591985
154.08885962087186
158.81745655441074
168.35390064653905
179.36968231599164
189.8571291087266
198.97090524782425
207.78088896517934
214.64924197508333
218.8627125103644
220.84396813662835
217.54187538314116
210.2640627695246
202.10128933103377
199.64453222532478
194.7310181430485
182.6057331937464
168.28785877080662
0.0
1305.4890028448572
1227.955863205658
1179.256598297819
1154.7418611545684
1167.289813798618
1235.1015920678096
1352.2202209923169
1415.4751102233972
1461.2949512347716
1523.4799626213821
1595.45237789944
1661.9961523095399
1723.5339548378442
1785.4547992380917
1835.5409430197446
1873.5942609430306
1909.4681973545726
1920.9066474936224
1893.327568142895
1834.5106897066626
1796.0347040886288
1734.1534855111859
1600.1281410482818
1450.2131270438783
0.0
481.8678017944481
461.76466068453425
448.99216571465115
442.7446060266918
446.32407463242686
464.85541959064767
488.89465538359485
501.6539420041598
519.9343279379108
545.2415673316668
572.9395219553995
598.2071363012012
619.3405303367723
639.7474639975703
652.7973348197011
660.7751911094546
661.1978590624852
651.6217897932609
631.109189208776
612.2344266517166
603.490484810094
584.8798896268227
551.4891270196263
515.7604825797258
0.0
1128.1930348586397
1081.1316078490845
1051.2278552732544
1036.5929798209706
1044.9670872359768
1088.3830036349232
1144.6506654870861
1174.514793014962
1217.3231243121402
1276.5758780175881
1341.4157723953879
1400.5760681721756
1450.0678349430952
1497.8425137198221
1528.3934768327997
1547.0833221119804
1548.0739496022582
1525.646135525525
1477.62049707862
1433.4120790748766
1412.939102763496
1369.3911035170765
1291.2107534698719
1207.5489295448601
0.0
83.09386385828383
78.16714136211857
75.06317410668696
73.5045863043121
74.29708858064602
78.61622598795728
86.0657474009931
90.0943006583951
93.0133507134326
96.97586210801636
101.55916694077226
105.78584576080065
109.70873204285914
113.64482668714994
116.84125254277855
119.25838448430561
121.54343272602446
122.26989315245432
120.51317976162473
116.77521067996034
114.31845362590799
110.38235896870306
101.84975111650988
92.31330703729574
0.0
689.7411494631377
645.2685631816147
618.8386122878327
604.7716967602211
607.2812873923443
642.1249708782287
703.53068900936
733.4740667622864
751.6752024709867
778.6334882414865
812.3016267009306
846.8547261143908
880.1794468458547
914.6797127329005
944.7419657588317
969.745412601704
991.2354327145732
999.8869159818274
990.086304515911
964.30356364271
944.8212159838826
909.1718218981742
838.3881599958742
759.0322653096539
0.0
779.3599487454012
733.0778156370335
704.0061903596634
689.3581066872032
696.8604614975116
737.3441195695872
807.2560288671893
845.0187624597681
872.3732993555205
909.4888227983765
952.4688630241154
992.1864355443216
1028.9189160821013
1065.8891474241743
1095.7929000000045
1118.5112986657284
1139.9220685535474
1146.7507965154969
1130.2931658870505
1095.1721065489182
1072.2027488587244
1035.2589343444292
955.2558293793447
865.7559053700863
0.0
122.86426985324765
116.33933442926809
112.41644816012379
110.64652639414767
111.71640447107272
116.48462651713689
126.44373847189681
131.9252125305018
137.274602915127
143.62782952677313
149.91501426268687
155.81915622266598
160.82512900845265
166.7160626191136
169.75398799881276
171.9729943002284
173.9014165292198
172.11828640101137
169.0803610213122
163.92909626388422
161.86859028342806
156.42674132443418
145.2788759035167
132.8497985324722
0.0
95.57577474282844
91.58684661086589
89.06404769399535
87.8224607918227
88.52250446795956
92.2076400619522
96.97586210801636
99.49866102488693
103.13096313120778
108.1501442275701
113.64482668714994
118.65079940836576
122.8510614781012
126.8928230977355
129.48166390325264
131.0666684042638
131.14591862931434
129.24391322810095
125.17573483234536
121.43776575068095
119.7074691101443
116.00912515391936
109.39173112974274
102.2988357423486
0.0
846.0886405625215
800.3216339815531
768.5819177511005
748.980694690126
743.1293862565614
766.9572880729929
820.8342345660378
839.5504966729964
865.3068207184192
917.2553451116145
977.2609758904722
1034.4003902181912
1084.063866305097
1132.0366708381625
1169.4691950520794
1192.3989276943187
1203.229792215034
1185.1871569564344
1145.601668187693
1101.0894568582155
1087.7357934852005
1060.9756332127563
994.9205683731367
916.8590939863618
0.0
251.52701474278763
237.90918386684302
228.4784068275432
222.65351509261467
220.91001001236077
228.0029054772399
244.01145145401935
249.58538416447803
257.23303107556944
272.6736171276769
290.51812675907905
307.5040922642431
322.2710514679916
336.52288401519905
347.6575410867983
354.47306069942965
357.6959032278662
352.33330449392287
340.5646456219191
327.3298576510509
323.35413779092147
315.40269832894603
295.7618502200173
272.56795020399
0.0
1527.0462233943654
1436.3707542295251
1379.4030485720832
1350.7144655540812
1365.402175049346
1444.7184444293284
1581.715671363066
1655.6957601282998
1709.2953302525302
1782.0338305658913
1866.223989625904
1944.0609220742704
2016.0333373523288
2088.4680448565227
2147.06038083778
2191.572591650691
2233.5355876875155
2246.915666984317
2214.6476158771466
2145.858418208712
2100.8442893468614
2028.4624149816566
1871.6922550252507
1696.3247100428746
0.0
198.6274876489857
186.83241207834564
179.4225157132643
175.69775500674635
177.59976053710142
187.91549853041712
205.73359146318296
215.36249412967996
222.33651419241247
231.79370793034852
242.7434478532104
252.87426856864707
262.23900386135614
271.6565725513378
279.27780276379286
285.06306945076693
290.51812675907905
292.26163183933295
288.0745781318298
279.1193023136917
273.2679938801269
263.85042519014524
243.45669987866546
220.64584263857276
0.0
1127.0042813537398
1079.9824795212808
1050.1051436440869
1035.496685019581
1043.8707924345872
1087.2338754362609
1143.43549528355
1173.2732061127895
1216.0287040126948
1275.2154157132686
1340.0024772103627
1399.096729949143
1448.5356635810733
1496.2575092188108
1526.7820551165862
1545.4454844719796
1546.449320569859
1524.034713809311
1476.0619097928115
1431.9063249280573
1411.4465572242789
1367.9513911168485
1289.8502911655523
1206.2677175947329
0.0
954.6878693255311
897.9975397786205
862.3877707408668
844.4508025350959
853.6306205499259
903.214846411781
988.8711343123747
1035.1268505929645
1068.6364886023075
1114.0997026323919
1166.735062223264
1215.4079105616083
1260.3956231122477
1305.6739194770278
1342.3139422152888
1370.1439799447778
1396.375805857071
1404.736704664476
1384.567521162263
1341.561064496171
1313.414025349913
1268.1621454254857
1170.1560303788979
1060.5265485610894
0.0
485.65860437669846
459.38715393301754
441.17280987499885
429.9192775303946
426.5643512504932
440.2350155237103
471.1690211543394
481.9074269715443
496.6875943954692
526.5120968753905
560.959529236022
593.7559152199101
622.2595804434665
649.7990346170981
671.2890547299676
684.4445924757852
690.6657354651082
680.3103722946964
657.5919736289724
632.0337752107465
624.3729198211952
609.0115839941384
571.0903499514587
526.287554549557
0.0
35.82110297552657
34.47384909801041
33.64172170915121
33.06055337059018
32.99451150777193
33.85305564692409
35.97960342562768
37.15514847789625
37.8684005291796
38.845820005907605
40.008156670115525
41.15728497209111
42.24037142416264
43.481958326335274
44.74996197880086
45.96513213068055
46.916134870029744
46.98217671993382
46.45384186904454
45.291505191922475
44.41975269053799
43.38949972613823
40.86670080926768
38.11935957947776
0.0
117.81867201950655
113.45990948675583
110.64652639414767
109.22002230449516
109.86723249296024
114.05428620046335
121.37172390077686
125.7172780583811
129.48166390325264
133.6555092614376
138.5690233437139
142.7296603525807
146.3883791833662
150.94526718834416
154.32661029602355
157.11357665125288
159.20049933034537
158.870290080825
157.2060352256216
153.42844099268942
150.68109981455618
146.3487540062701
136.93118531628846
127.14378216094782
0.0
9.523235709233324
9.166609683591645
8.9420673719637
8.823192030513614
8.876025515602542
9.219443168680574
9.800611505950195
10.157237531591875
10.461030072144627
10.804447725222657
11.200698864681032
11.530908146486833
11.821492315767353
12.191326712681265
12.468702509398135
12.693244821026079
12.86495364885651
12.838536906312045
12.706453192298309
12.38945228176474
12.178118341409032
11.821492315767353
11.068615151958713
10.276112873041964
0.0
13.683872674191973
13.181954560681495
12.851745277584278
12.680036449753848
12.759286678678654
13.24799641058557
14.09333217459125
14.59525028810173
15.031126538793968
15.519836277157967
16.087796240572523
16.576505978936524
16.999173867396443
17.52750871828572
17.923759856452683
18.253969144715562
18.49171981986724
18.45209470734196
18.253969144715562
17.81809288110916
17.501091980906924
16.999173867396443
15.902879053092608
14.76695911334933
0.0
3.975719761981736
3.7643858216260244
3.6455104788845203
3.5794686225233607
3.619093736340056
3.777594192898256
4.094595103431823
4.2663039312622555
4.451221129073502
4.649346698156982
4.8606806398041105
5.045597837615358
5.204098292882141
5.402223863257037
5.494682462162662
5.5739326897960515
5.62676617488498
5.5739326897960515
5.481474090890429
5.3097652630599965
5.243723406698837
5.072014580159822
4.70218018324591
4.305929045078951
