0.0
129.11730518000002
122.579524496
117.26274774
115.31532368799999
113.089696184
115.871730536
117.41730522
122.764993424
130.81743727999998
140.66274774
146.95323648
154.03196838
160.35336862
165.2837517
166.92206081999998
170.50779398
171.89881118
172.71796568
169.79682964
164.24821668
161.89894324
154.54200798
147.32417442
136.5824307
0.0
128.9627477
123.584148
120.075693596
117.927344836
117.00000007199999
117.989167792
119.333817764
122.471334248
129.982827
136.90700138
142.50198154
147.37054164
151.0180978
155.00568035999999
158.05046238
160.3070014
162.19260242000001
162.90356676
160.9870542
156.9067372
154.1092471
150.55442542
142.31651262
132.91941882
0.0
229.25508594
225.76208726
223.15006612000002
221.21809782
220.18256286000002
219.68797898000003
219.68797898000003
219.68797898000003
222.82549544
227.27675038
231.1097755
235.5610305
239.28586532
242.9797887
246.08639376
248.29656546
250.1976223
250.398547
248.74478212000002
245.6690886
242.4388376
240.707794
236.78203444000002
231.72800536
0.0
346.25508596
330.95389708000005
319.5939235
311.34055492000005
307.30660514
307.63117581999995
309.09947168
316.45640698
338.68177024
363.34914148
386.23910190000004
406.37793938
421.7409513
432.8690887
439.62324981999996
443.67265538
446.02192881999997
444.60000018
436.00660516
423.10105696
416.30052856000003
405.43513884
386.11545592
363.14821678
0.0
47.34095114
44.605284032
42.611492748
41.220475574
40.385865274
40.262219302000005
40.354953777999995
40.710435946000004
43.693394992
47.433685622
51.297622208
54.852443875999995
57.928137404
60.50924705
62.487582586
63.770409535999995
64.38863939
64.064068712
62.33302512
59.782826967999995
58.62364599
57.263540312
54.234214022
50.509379146
0.0
828.7989434799999
778.66050228
742.78771494
719.43408218
709.4960372200001
713.5299870599999
728.1047558600001
756.63606368
814.0696172
877.9173054400001
934.4235144400001
983.8046236
1024.0050200800001
1052.27358016
1072.9688246800001
1091.80937932
1106.55416164
1111.02087252
1093.30858692
1059.72324996
1036.44689592
1004.9789961600001
941.16221972
865.8000003
0.0
58.237252332
54.713342155999996
52.1940555
50.555746387999996
49.860237796
50.13844123
51.158520494
53.16776752
57.201717325999994
61.699339517999995
65.671466334
69.133553524
71.96195511
73.940290646
75.408586548
76.722324998
77.757860004
78.06697492800001
76.830515222
74.465786028
72.827476906
70.617305174
66.13513873
60.84927347
0.0
245.25178344
229.56420084
218.0651256
210.38361966000002
206.5969618
206.72060778
211.07912818
218.2351388
233.67542938
250.8467636
266.48797898
280.73817712
293.73645985999997
305.80739774
317.32192876
327.77001336
337.32166458
343.148481
341.71109653999997
332.40673721999997
324.10700142
312.56155892
290.89260248
265.8542934
0.0
275.31321014
261.38758264
250.04306482
245.90092478000003
241.14055489999998
247.07556152
250.38309122
261.7739763
278.92985476
299.94966984
313.34980198
328.45006616
341.92747699999995
352.45284026
355.93038322
363.56552194
366.5639367
368.29498034
362.06631454
350.24266852000005
345.21955094
329.5319684
314.13804498
291.24808466
0.0
1471.2170414
1382.2228538
1318.529723
1277.077411
1259.4424048
1266.5829594
1292.4713344
1343.1198153999999
1445.0813742
1558.4029068
1658.6952454
1746.3756945999999
1817.734875
1867.9042279999999
1904.6579923999998
1938.1042278
1964.2553507999999
1972.1996046
1940.7471604
1881.1343468
1839.8056808
1783.9640694
1670.6734484
1536.8885076
0.0
62.008454447999995
58.268163828
55.578863958
53.832364616
53.090488792
53.384147968
54.481505966
56.614398964
60.911096455999996
65.686922082
69.921796588
73.615719974
76.61413477400001
78.73157202
80.29260240800001
81.699075324
82.796433316
83.13645973999999
81.807265548
79.287978892
77.556935294
75.19220609999999
70.41638047400001
64.790488794
0.0
555.75772808
547.30343476
540.98203452
536.2989434000001
533.76420102
532.5586528
532.57410852
532.5586528
540.16288002
550.95099092
560.25535024
571.05891696
580.0696171
589.03395002
596.56089852
601.9240425
606.54531064
607.0244388
602.99048896
595.5562749999999
587.7202115800001
583.51624856
573.98005304
561.7391019199999
0.0
1089.0428010800001
1023.17040976
976.0303836
945.3352712
932.2906209199999
937.5764863200001
956.7416117600001
994.2217972
1069.69220636
1153.58599776
1227.83540352
1292.7340824
1345.5463676
1382.686526
1409.8886400000001
1434.6487454
1454.0147958
1459.8879794
1436.6116253999999
1392.4700137999998
1361.8830916
1320.5544258
1236.691546
1137.65112344
0.0
118.32919419999999
116.520871904
115.176221992
114.18705421199999
113.646103092
113.38335536
113.38335536
113.38335536
115.006208788
117.30911497199999
119.28745053200001
121.590356716
123.50686926
125.40792608000001
127.0153237
128.15904892
129.1327609
129.24095116
128.37542934
126.79894322
125.12972262
124.233289368
122.20858657599999
119.596565432
0.0
62.703963034
58.700924724000004
55.76433291
53.801453126
52.827741106
52.858652596
53.971466336
55.810700147999995
59.751915478
64.141347446
68.14438575599999
71.77648615199999
75.11492737200001
78.1906209
81.142668456
83.81651258
86.25852050200001
87.742272156
87.37133424199999
84.99114929999999
82.87371205
79.92166449199999
74.38850729
67.974372546
0.0
11.8700132116
11.375429328
11.050858654799999
10.849933954
10.7571994776
10.849933954
10.973579926400001
11.2672391036
11.962747694
12.596433294
13.106472924
13.554689568
13.894715992
14.265653902
14.543857335999999
14.74478204
14.914795250000001
14.992073984000001
14.806605026
14.435667112
14.172919426
13.848348748
13.091017176000001
12.2254953812
0.0
257.75548226
241.2796566
229.17780722
221.10990762
217.13778078
217.26142676
221.83632768
229.37873192
245.59180988
263.6441216
280.07358004
295.05019824
308.72853378
321.4022458
333.50409523999997
344.49313092
354.52391026
360.65984162
359.14517850000004
349.36169101999997
340.64465002
328.51188914
305.73011898
279.42443868
0.0
163.92364606
154.44927354
147.57146634
142.73381778
139.84359318000003
139.44174379999998
139.75085869999998
140.95640692
151.32721276
164.26367246
177.61743732
189.9202114
200.61558792
209.54900934
216.3649935
220.80079266
222.99550864
221.82087196
215.8549538
207.02972268000002
202.99577286
198.31268168
187.81822992000002
174.9126817
0.0
110.168560136
103.800792648
99.179524492
95.93381776
94.001849436
93.72364598
93.924570692
94.743725268
101.7142669
110.40039636
119.38018499600001
127.64900932
134.83593137999998
140.83276094000001
145.42311758
148.40607666
149.87437258
149.08612952
145.08309118
139.14808456
136.42787321999998
133.29035676
126.24253636
117.556406916
0.0
666.77635422
626.4523119800001
597.58097772
578.78679016
570.79616932
574.04187604
585.77278752
608.72457088
654.93725258
706.29669772
751.7520478
791.48877178
823.82219318
846.5730518
863.2188907
878.38097788
890.23553516
893.83672424
879.5865261
852.5544256799999
833.83751684
808.5210042399999
757.1770148200001
696.5441218
0.0
191.80581252000002
184.2015853
178.82298550000002
174.77357999999998
173.13527084
173.11981512
174.58811101999999
178.2511229
186.82906216
195.06697495999998
202.377543
209.13170418
216.5350067
224.01558794
230.75429334
236.61202124
241.69696176
244.29352718
241.82060774
235.39101724
229.7805813
225.05112296
213.18110972
199.67278738
0.0
127.43262886
122.36314406000001
118.808322364
116.10356675599999
115.021664512
115.006208788
115.979920784
118.42192872400001
124.12509911999999
129.58097756
134.44953766
138.93170414000002
143.84663152000002
148.82338182
153.30554826
157.20039638
160.56974908
162.30079268
160.66248352000002
156.38124177999998
152.65640696
149.51889039999998
141.63645972
132.64121536
0.0
207.86433296
194.57239108
184.81981516000002
178.3129459
175.09815068
175.20634088
178.90026426000003
184.97437258000002
198.04993403999998
212.60924708
225.85482174
237.9412154
248.96116258
259.19286666000005
268.96089836
277.81704102000003
285.9003964
290.84623526
289.62523132
281.74280064000004
274.69498028
264.91149282
246.55006614
225.32932635999998
0.0
217.64782044
203.7376487
193.52140034
186.70541618
183.35151919999998
183.45970946
187.32364604
193.67595782
207.38520486
222.62457074
236.48837526
249.14663156
260.69207406
271.40290630000004
281.61915466
290.89260248
299.36235148000003
304.54002654
303.25719960000004
295.00383102
287.63144
277.39973586
258.17278741999996
235.94742412
0.0
300.3360635
282.96380458
270.38282705999995
261.51122862
256.22536336
255.49894328
256.05535016
258.2655219
277.24517844
300.95429335999995
325.43619562
347.97067384
367.5531045
383.92073990000006
396.42443872
404.5541613
408.55719964
406.4243066
395.48163818
379.31492748000005
371.91162499999996
363.3336857
344.12219298
320.45944532
0.0
464.47608998
457.4128139
452.12694864
448.21664480000004
446.09920753999995
445.09458406
445.09458406
445.09458406
451.43144001999997
460.45759597999995
468.2318364
477.25799226
484.80039644
492.2964335
498.57146651999994
503.05363296
506.91756954
507.31941892
503.95006622
497.7368562
491.18361972
487.67516532
479.71545592
469.48375183999997
0.0
1420.6767508
1334.742801
1273.2443864
1233.19854756
1216.1817707999999
1223.0750333199999
1248.082431
1296.9689568
1395.4375172
1504.8642009999999
1601.7253634
1686.3919422
1755.2936598000001
1803.7319692
1839.2338184
1871.5208725999998
1896.7755617999999
1904.4416124
1874.0865266
1816.513871
1776.6071338000002
1722.6820348
1613.2862618
1484.0916778
0.0
77.696037014
74.60488774199999
72.425627506
70.787318384
70.122721292
70.122721292
70.710039656
72.193791306
75.671334244
79.009775458
81.977278758
84.712945866
87.695904918
90.725231192
93.460898312
95.841083236
97.896697536
98.947688272
97.943064768
95.34649934800001
93.07450467199999
91.15799212799999
86.35125498400001
80.864465018
0.0
1525.3276098000001
1427.8018499999998
1356.2572002
1308.5298552
1284.959842
1285.7171733999999
1312.8265524
1357.3854692
1453.3965658
1560.1957732
1657.4278734
1746.0511238
1826.9464998
1902.0150601999999
1973.6524444000001
2038.6593138
2098.0248358
2134.2840168000002
2125.3505948
2067.4842805999997
2015.8311766
1944.0392342
1809.2960378
1653.5484814
0.0
250.86221938
240.9087187
233.89180984
228.59048886
226.44214010000002
226.42668438
228.32774118
233.13447828
244.35535012
255.11254961999998
264.67965662
273.52034356
283.19564078
292.97912824
301.80435941999997
309.47040962
316.10092482000005
319.51664478000004
316.27093802
307.87846774
300.52153248
294.3392339
278.82166459999996
261.14029072
0.0
50.911228550000004
47.974636742
45.826287996000005
44.327080598
43.430647306
43.307001334000006
43.399735816
43.786129474
47.000924716
51.019418774
55.161558804
58.994583906
62.302113624
65.084147976
67.201585232
68.577146658
69.257199496
68.90171733
67.047027764
64.29590490800001
63.043989454
61.591149294000004
58.329986814
54.32694849799999
0.0
405.79062102
382.31334228
365.31202126
353.33381786
346.19326302
345.1886395
345.94597106000003
348.92893014000003
374.58546908
406.60977558
439.68507281999996
470.14834892
496.59313096
518.72575978
535.6034348200001
546.5770147400001
552.00198166
549.11175712
534.33606356
512.4816381999999
502.48177031999995
490.90541626
464.93976236
432.97727886
0.0
389.39207408000004
364.49286670000004
346.23963024
334.04504638000003
328.03276103999997
328.21822996000003
335.14240434
346.5178337
371.03064746
398.29458406000003
423.11651272
445.74372536
466.39260254
485.55772806
503.84187602
520.4413476
535.5879790399999
544.8459711
542.57397642
527.79828286
514.61453124
496.28401606
461.87952462
422.12734492000004
0.0
302.93262892
290.9080582
282.42285344000004
276.02417444
273.4430648
273.4121533
275.73051526
281.5109644
295.06565402
308.0639367
319.624835
330.28929996
341.97384422
353.79749024
364.43104372
373.68903581999996
381.7105682
385.83725246000006
381.92694862
371.77252324
362.90092482
355.4357993
336.68797896
315.3435932
0.0
115.933553552
111.111360684
107.942932692
106.010964368
105.176354068
106.07278738400001
107.27833559999999
110.091281396
116.845442592
123.074108384
128.1126817
132.48665788
135.76327614
139.34900926
142.08467638000002
144.1093792
145.8095113
146.44319688
144.72760906000002
141.0491414
138.54531048
135.33051526
127.9426685
119.488375184
0.0
29.767767510000002
27.851254964
26.460237786
25.532893004
25.069220618000003
25.084676360000003
25.610171742
26.491149282000002
28.361294593999997
30.447820354
32.333421414
34.064465002
35.640951138
37.10924704
38.515719956
39.783091162000005
40.94227214
41.637780727999996
41.467767518
40.33949803
39.33487452
37.928401598
35.300924714000004
32.256142679999996
0.0
352.65376496
331.30937926
316.05455759999995
306.11651264
301.88163818
303.597226
309.7949803
321.94319694
346.37873193999997
373.54993406
397.58361972
418.60343474
435.69749026
447.73751664
456.54729208
464.55336869999996
470.82840176
472.72945855999996
465.18705432
450.90594469999996
440.99881124
427.61413488
400.45838854
368.38771478
0.0
72.10105683
67.928005308
64.914134766
62.781241768
61.51387056600001
61.328401604
61.467503328
61.992998699999994
66.552443878
72.240158544
78.128797914
83.538309146
88.236856038
92.162615632
95.16103042
97.123910192
98.082166464
97.572126852
94.94464998000001
91.06525760400001
89.287846816
87.21677678
82.61096436400001
76.938705446
0.0
249.74940564
238.69854696000002
230.52245714
224.55653908
221.65085872
221.8826949
222.94914142
228.25046246
244.2780714
262.08309126
278.58982836
293.11822996
304.18454436
312.22153246000005
317.09009261999995
320.01122866000003
321.71136076
320.67582574
314.47807148
305.17371216000004
300.25878474
292.42272138
278.49709392
261.92853378
0.0
130.2919419
122.409511292
116.768163848
113.105151968
111.54412156000001
112.16235142
114.465257664
118.94742406
127.97358
138.01981510000002
146.89141354
154.66565396
160.9870542
165.42285346
168.6840159
171.63606344
173.95442544000002
174.66538974
171.86789968
166.59749014
162.93447826
157.98863944
147.95786
136.10330254000002
0.0
60.091941898
57.696301208
56.027080600000005
54.744253652
54.234214022
54.234214022
54.697886413999996
55.841611644000004
58.530911513999996
61.112021156
63.399471622
65.516908872
67.835270828
70.169088536
72.286525786
74.125759604
75.717701482
76.53685603599999
75.748612972
73.73936594599999
71.977410858
70.493659208
66.78428007400001
62.549405572
0.0
362.52998692
340.5982828
324.91070026
314.6944519
310.3359314
312.09788648
318.48110976
330.95389708000005
356.0849407
384.01347438
408.72721284
430.33434628
447.9075299
460.27212696
469.32919436
477.56710716
484.01215338
485.97503322
478.23170424
463.53328949999997
453.34795258
439.59233832
411.67926038
378.71215334
0.0
65.130515214
60.972919442
57.912681656
55.872523134
54.867899624
54.898811118
56.057992096
57.959048894000006
62.054821686000004
66.614266864
70.771862642
74.558520504
78.005151942
81.21994719
84.28018497
87.04676357
89.581505992
91.12708062
90.756142704
88.283223282
86.07305155
83.012813764
77.24782037
70.601849432
0.0
12.302774115199998
11.6690885108
11.1745046272
10.9890356684
10.7726552196
11.0354029128
11.189960375199998
11.684544259199999
12.457331578
13.400132106
13.987450467999999
14.667503308
15.270277418
15.733949804
15.88850727
16.243989438
16.36763541
16.444914138
16.166710704
15.641215328000001
15.42483488
14.71387055
14.033817706
13.013738448
0.0
226.75125506
212.25376496
201.62021144
194.52602386
191.01756942
191.12575962
195.15970944
201.79022464000002
216.05587854
231.92893006000003
246.38005293999998
259.56380456
271.58837528
282.74742412
293.39643336
303.0562749
311.88150606
317.27556154
315.94636734
307.33751664
299.67146637999997
288.99154564
268.96089836
245.8081903
0.0
118.02007929999999
111.188639424
106.242800588
102.765257636
100.678731888
100.385072708
100.616908872
101.48243067599999
108.947556196
118.25191552
127.88084545999999
136.73698811999998
144.4184941
150.86354032
155.76301192
158.96235142
160.53883754
159.68877154
155.39207402
149.0397623
146.13408198
142.76472928
135.222325
125.91796568
0.0
1049.25970976
982.18177076
932.97067396
900.12721296
883.914135
884.43963024
903.07926044
933.72800564
999.78586568
1073.24702832
1140.1240429200002
1201.09696192
1256.7531046
1308.3752974
1357.663673
1402.3771471999999
1443.2266846
1468.1568035999999
1462.0208724
1422.2068696000001
1386.6741087999999
1337.2929992
1244.60488812
1137.46565416
0.0
32.364332903999994
31.08150596
30.16961692
29.489564076
29.211360642
29.211360642
29.458652586
30.076882444
31.529722598
32.920739772000005
34.157199484
35.285468966
36.537384424
37.804755626
38.933025114
39.922192882000004
40.787714678
41.220475574
40.803170426
39.721268182
38.778467652
37.974768835999996
35.980977558
33.693527092
0.0
220.50713348
207.74068698
198.4981507
191.99128144
188.11188909999998
187.570938
187.98824316
189.6110965
203.55217972
220.95535014
238.9303832
255.48348756
269.84187596000004
281.86644662000003
291.04715996
297.01307801999997
299.94966984
298.38863944
290.35165134
278.4816381
273.04121546
266.75072662
252.63963024
235.28282704
0.0
1044.91664532
1029.0281376
1017.12721328
1008.3328930800001
1003.5570677200001
1001.30052904
1001.33144048
1001.31598476
1015.58163844
1035.87503356
1053.3709383599999
1073.6797892
1090.6501988
1107.49696204
1121.6235142
1131.7161164
1140.40224592
1141.31413484
1133.72536356
1119.7533692
1105.0085868400001
1097.11070044
1079.19749048
1056.16842864
0.0
282.23738452
265.91611634000003
254.09247038
245.76182308
240.80052849999998
240.10501992
240.6305153
242.70158528000002
260.55297236
282.82470288
305.82285346
327.01268174
345.40501996
360.79894332
372.54531058
380.1804493
383.95165138000004
381.94240434
371.64887726
356.4558786
349.50079268
341.4483489
323.39603708000004
301.15521806
0.0
361.94266856
338.80541622
321.83500674000004
310.50594464
304.91096442
305.08097768000005
311.5260239
322.09775442
344.87952454
370.21149286
393.2869222
414.32219299999997
433.51823
451.32324986000003
468.32457084
483.7494057
497.8450464
506.43844138
504.32100412
490.59630136
478.3398945
461.29220626000006
429.3297227
392.37503316
0.0
619.3581243599999
609.94557488
602.89775448
597.67371226
594.8453106
593.5161164399999
593.53157222
593.5161164399999
601.98586544
614.0104361599999
624.36578622
636.40581266
646.46750354
656.4519157
664.82893026
670.81030404
675.9570676
676.4980187
672.0003965400001
663.7315722
654.9836198
650.30052862
639.68243086
626.03500682
0.0
117.850066092
111.899603752
107.031043652
105.269088532
103.213474292
105.76367242
107.185601076
112.054161172
119.39564072
128.40634088000002
134.14042276
140.60092473999998
146.36591812
150.86354032
152.36274772
155.63936594
156.9067372
157.64861304
154.99022464
149.93619556
147.77239108
141.06459718000002
134.46499344
124.66605024
0.0
473.54861312
444.90911508
424.39933966
411.06103052000003
405.38877158
407.67622203999997
416.0223251
432.31268178
465.14068706
501.61624854
533.88784696
562.11003986
585.0772789
601.22853388
613.06763562
623.82483512
632.2482169
634.79841504
624.67490112
605.4943198999999
592.1869222400001
574.21188924
537.7517835799999
494.69207412
0.0
165.67014538
155.08295912
147.3087187
142.11558792
139.56538977999998
139.64266844
142.59471602
147.43236464
157.86499346
169.45680324
180.013078
189.642008
198.43632766000002
206.58150602
214.37120222
221.41902252
227.87952452
231.80528408
230.84702782
224.55653908
218.94610314
211.14095122
196.50435937999998
179.59577288
0.0
677.0544256200001
647.13210066
624.9221930799999
608.78639388
600.9039632
601.5221930600001
604.41241766
618.80171754
662.24782056
710.4852049799999
755.2450464799999
794.641744
824.6413476800001
846.41849432
859.64861326
867.54649966
872.1368563000001
869.35482196
852.5544256799999
827.31519186
814.0077942
792.77159866
754.9822988000001
710.08335564
0.0
640.87252332
614.19590508
596.70000022
586.05099098
581.4297228
586.3446501599999
593.06789984
608.61638068
645.94200816
680.39286682
708.19775452
732.37054188
750.53104386
770.31439922
785.4455749
796.6355352799999
806.04808482
809.58745076
800.0512552600001
779.74240452
765.8786
748.16631468
707.27040976
660.56314424
0.0
1996.3105686000001
1965.9709386000002
1943.2355354000001
1926.4042279999999
1917.3007934
1912.9886398
1913.0350074
1913.0195520000002
1940.2834882
1979.0464995999998
2012.4618238
2051.2712026
2083.6819028
2115.8762229999998
2142.8774118
2162.1507272
2178.7347434
2180.4812424
2165.9837522
2139.3071342
2111.1158526
2096.0155888
2061.8120222
2017.8249678000002
0.0
392.71505956
368.95957741999996
351.95825644
340.89194197999996
336.17793936
338.09445192
345.00317052
358.51149286
385.7290622
415.97595788
442.76076634000003
466.16076636
485.20224588
498.60237795999996
508.40132116
517.33474258
524.3207399400001
526.4381772
518.0457068799999
502.12628814000004
491.09088528
476.19154574
445.94465005999996
410.24187596
0.0
743.8232499000001
696.26591834
661.3822988
638.1059447
626.6068694600001
626.97780736
640.1924705199999
661.92324994
708.73870566
760.8245709800001
808.24280084
851.45706768
890.9155882
927.5147955599999
962.4447823600001
994.1445180000001
1023.09313116
1040.77450528
1036.41598448
1008.19379156
983.01638108
948.00911508
882.29128172
806.35719972
0.0
562.72826972
537.85997374
519.40581258
505.99022472
499.45244402
499.96248366
502.35812438000005
514.32087206
550.4254956
590.51770164
627.7196832
660.47040976
685.4159844000001
703.51466338
714.5036990799999
721.07239128
724.88996064
722.5715986800001
708.6150596800001
687.6261561
676.57529746
658.9248350800001
627.5187585
590.19313102
0.0
663.93249694
623.76301208
595.03077962
576.31387078
568.35416138
571.58441238
583.2689566
606.11254976
652.1243067
703.2673714800001
748.5372525800001
788.1039633
820.2982830000001
842.9409514199999
859.52496728
874.62523146
886.41796592
890.0036992800001
875.81532396
848.90686952
830.2672394000001
805.05891706
753.93130806
693.56116272
0.0
688.67714684
644.64372546
612.3412155
590.7959051
580.14689586
580.50237798
592.74332916
612.8512552
656.20462374
704.42655242
748.32087216
788.3357995
824.8577282
858.75217994
891.10105692
920.4515194799999
947.2517834
963.61941916
959.5854692
933.46525776
910.1425365199999
877.7163808
816.88256304
746.5743728
0.0
103.491677684
97.510303896
93.167239136
90.12245711599999
88.298679024
88.035931338
88.236856038
88.99418764
95.531968336
103.70805818
112.146895696
119.905680332
126.65984152
132.30118896
136.59788642
139.41083229999998
140.78639372
140.04451788
136.27331574
130.70924706
128.15904892
125.20700138000001
118.576486144
110.43130780800001
0.0
17.264068696
16.584015858
16.089431976
15.733949804
15.579392341999998
15.579392341999998
15.718494062
16.043064737999998
16.815852053999997
17.557727878
18.206869226000002
18.82509908
19.489696176
20.154293272
20.772523126
21.298018501999998
21.746235145999997
21.99352709
21.761690894
21.189828274
20.679788644
20.262483496
19.180581252
17.975033036
0.0
1209.87582576
1156.4143994800002
1116.7394982
1087.88362
1073.8188907200001
1074.9317046400001
1080.0784679600001
1105.7813742399999
1183.43104412
1269.6277414
1349.611229
1420.0121537999999
1473.6435936
1512.5457074
1536.1775438
1550.2886400000002
1558.5110966
1553.5343462
1523.519287
1478.4194194000002
1454.6330252
1416.6737126
1349.1630126
1268.932233
0.0
1700.8121538
1625.6508594
1569.8865266
1529.315192
1509.5472928
1511.092867
1518.3416124
1554.4771474
1663.6256278
1784.8141352
1897.2392346000001
1996.2023788
2071.5955094
2126.293396
2159.507795
2179.3684286
2190.9138712
2183.912418
2141.7182306
2078.303303
2044.872524
1991.5347428
1896.6055488
1783.824968
0.0
1142.3805816
1091.88665852
1054.43738452
1027.1889040400001
1013.91241784
1014.9479525600001
1019.8165128400001
1044.0820344
1117.3886398
1198.79405604
1274.3108327999998
1340.7705418
1391.4190228
1428.1573324
1450.4599739999999
1463.7982835999999
1471.5570676
1466.858521
1438.5126822
1395.9321006
1373.4749012
1337.6330258
1273.8780716
1198.12945868
0.0
400.93751664
385.0180979
373.79722602
365.32747698000003
361.89630134
361.86538984000003
364.92562764
372.57622208
390.52034363999996
407.72258936000003
423.02377823999996
437.13487466000004
452.6060768
468.24729212
482.32747706
494.58388396
505.18652594
510.64240440000003
505.4647294
492.03368576
480.30277428
470.4110966
445.62007938
417.3515193
0.0
215.32945848
202.87212688
193.84597102
187.49365924
183.70700142
183.181506
183.58335544
185.15984156
198.77635406000002
215.76221936
233.31994726
249.48665796
263.52047562
275.25138716
284.21572002
290.04253644
292.91730526000003
291.38718636
283.53566722
271.94385744
266.64253646
260.49114938
246.72007933999998
229.76512558
0.0
308.4348746
290.5989433
277.66248360000003
268.55904898
263.13408200000003
262.37675044
262.94861304
265.22060772
284.72575968
309.05310446
334.19960380000003
357.35231186
377.44478218
394.27608996
407.10435945999996
415.45046246000004
419.57714678
417.36697508
406.1461032
389.53117584
381.92694862
373.13262894
353.39564079999997
329.09920755999997
0.0
417.11968312
392.99326302
375.51281384000004
363.21003972
355.86856024
354.83302522
355.62126832
358.68150606
385.06446512
417.96974916
451.97239116000003
483.28573332
510.45693548
533.2077941
550.5645973000001
561.84729212
567.42681662
564.45931326
549.2663146
526.79365938
516.51558804
504.6146633
477.92258934
445.07912827999996
0.0
55.779788658
53.569616926
52.008586542
50.818494074
50.354821678
50.339365936
50.772126836
51.838573338
54.32694849799999
56.72258918799999
58.855482186
60.818361974
62.96671072
65.145970962
67.10885074999999
68.808982848
70.292734502
71.05006607600001
70.323645998
68.453500686
66.81519157
65.439630144
61.992998699999994
58.067239117999996
0.0
21.390752984000002
20.50977544
19.922457072
19.56697491
19.412417442
19.582430652
19.7988111
20.324306482
21.560766188000002
22.719947166
23.647291954
24.450990764
25.05376487
25.718361966
26.228401596
26.599339506
26.908454434
27.032100406
26.707529734
26.02747689
25.563804504
24.976486136
23.616380458000002
22.05535007
0.0
552.5429328
519.12760916
495.20211381999997
479.63817716
473.00766202
475.69696186
485.41862629999997
504.42919438
542.72853384
585.29365942
622.9593133000001
655.89550884
682.68031728
701.53632788
715.33830936
727.8883754
737.7182301400001
740.70118916
728.89299892
706.49762242
690.9800530800001
670.00660526
627.45693546
577.21030404
0.0
69.519947182
66.753368584
64.80594454199999
63.337648636
62.750330272
62.73487453
63.27582565
64.605019838
67.711624856
70.694583908
73.33751653600001
75.79498021
78.468824334
81.189035694
83.63104362199999
85.74848087800001
87.587714694
88.53051519600001
87.634081932
85.315719982
83.27556146
81.55997361
77.263276118
72.36380452
0.0
179.70396304
168.83857337999999
161.04887724
155.99484816
153.83104364000002
154.71202118000002
157.86499346
164.06274775999998
176.50462354
190.35297234
202.60937924
213.32021142
222.03725237999998
228.15772792
232.65535018
236.73566718
239.93500668
240.89326298
237.0602379
229.7805813
224.72655228000002
217.91056812
204.06221938
187.72549542000002
0.0
170.26050202
159.36420086
151.3890357
146.05680322
143.42932636
143.50660506
146.53593136
151.51268168000001
162.22351396
174.13989442000002
185.00528408
194.89696176
203.92311762
212.30013218
220.29075306
227.55495384
234.18546902000003
238.23487458
237.23025109999998
230.76974906
225.00475574
216.99867908
201.94478212
184.5725232
0.0
95.77926028
90.246103088
86.227609012
83.399207426
81.714531072
81.482694876
81.65270808599999
82.36367242
88.422325008
95.980184992
103.785336924
110.972258928
117.21638050799999
122.44042274
126.42800532000001
129.00911495999998
130.2919419
129.61188909999998
126.11889041999999
120.972126852
118.607397652
115.871730536
109.73579926400001
102.193395004
0.0
674.7360636599999
640.6406871199999
612.8048879400001
602.6813740599999
590.98137402
605.5406871600001
613.65495398
641.56803194
683.6385735399999
735.13712044
767.9651257200001
804.99709408
838.01056832
863.80620902
872.32232528
891.0546897199999
898.39616944
902.6464995599999
887.376222
858.41215354
846.07846792
807.62457098
769.89709406
713.80819046
0.0
761.90647322
715.81743752
682.83487476
661.36684302
652.2324969
655.94187606
669.34200814
695.57040972
748.3826951000001
807.06816406
858.9994719
904.40845452
941.36314412
967.3442540799999
986.38573372
1003.6961692399999
1017.25085904
1021.36208764
1005.0717310800001
974.19114944
952.80039672
923.8826950399999
865.21268198
795.92457094
0.0
1347.0919423999999
1260.9725232
1197.7894321600002
1155.62615632
1134.80726604
1135.4873184799999
1159.42826984
1198.76314456
1283.5688249999998
1377.8797892
1463.7519156
1542.0198157999998
1613.4717312
1679.7614272
1743.0217969999999
1800.439895
1852.8657865999999
1884.8900932000001
1876.9922068
1825.8955094
1780.2856016
1716.8706746
1597.876883
1460.3361958
0.0
1561.617702
1492.6077946
1441.402907
1404.1545578
1385.994056
1387.4314405999999
1394.0774114
1427.2608992
1527.4605028
1638.7264204
1741.9553508
1832.8351398
1902.0459713999999
1952.2771472
1982.7713348
2000.9936598
2011.5963021999999
2005.1667114000002
1966.4346108
1908.2128146
1877.5177022
1828.5384416000002
1741.3834878000002
1637.8299872
0.0
121.68309118
114.650726596
109.55033027600001
105.949141408
103.81624837199999
103.522589192
103.738969628
104.63540294399999
112.33236462400001
121.930383124
131.85297229999998
140.98731842
148.91611632000001
155.5466315
160.6161163
163.90819027999999
165.53104362
164.6655219
160.22972264
153.67648616
150.67807140000002
147.21598422
139.42628802000002
129.8437253
0.0
1753.7635407999999
1676.252973
1618.7421402
1576.918891
1556.5327618000001
1558.1401594
1565.5898284
1602.8690888
1715.4023784
1840.3620879999999
1956.2956416
2058.334479
2136.0768832000003
2192.4749018
2226.7248354
2247.2036996
2259.104624
2251.8867908
2208.3788643999997
2143.0010574
2108.5192874
2053.5122864
1955.6464999999998
1839.3420086
0.0
2.5038309121999998
2.3492734486
2.2410832241999996
2.1638044922
2.1328929998
2.148348746
2.1947159846
2.2874504634
2.4574636736
2.6429326295999997
2.8129458398000002
2.9675033034
3.0911492746
3.1684280066
3.2302509918
3.2920739772000003
3.3384412167999997
3.353896963
3.2920739772000003
3.199339499
3.1220607674
3.0293262892
2.8438573328
2.6120211372
0.0
137.30885075999998
128.52998682
122.084940604
117.788243076
115.67080588
115.73262884
118.17463677999999
122.19313079199999
130.83289304
140.44636731999998
149.19431972
157.18494062
164.46459715999998
171.21875832
177.66380454
183.52153239999998
188.86922066
192.13038314
191.32668436
186.11809782
181.46591818000002
175.00541614000002
162.87265526
148.85429332
0.0
2345.6413484
2241.9951128
2165.0718632
2109.1220614000003
2081.8581252000004
2084.0064736
2093.9754302
2143.8356678
2294.3591816
2461.482167
2616.5342148
2753.0239112
2857.0101728
2932.4342152
2978.2450472
3005.6171742
3021.5520484
3011.8922072
2953.7013222
2866.2527087999997
2820.1482172
2746.5788646
2615.6686928
2460.1220616
0.0
475.38784696
454.36803188
438.78863950000004
427.44412167999997
421.92642022
422.35918116
424.38388388
434.47648626
464.98612963999994
498.8651257
530.28665806
557.9524440600001
579.0186264
594.3043595
603.5932631000001
609.141876
612.3721270000001
610.40924726
598.61651274
580.8887717
571.55350088
556.63870562
530.10118908
498.58692224000004
0.0
522.0796567
488.71070027999997
464.21334229999997
447.8766184
439.8087188
440.07146648
449.3449143
464.59973596
497.45865274
534.0114929399999
567.30317064
597.62734498
625.32404248
651.0114929599999
675.53976244
697.78058152
718.1048879800001
730.5158523
727.45561456
707.65680342
689.9754296
665.4007928
619.2808456399999
565.97397644
0.0
148.11241748
141.57463678
136.7215324
133.1821665
131.46657868
131.59022466
132.22391024
135.37688248
144.88216648000002
155.43844123999997
165.22192872
173.84623518
180.41492743999999
185.17529728
188.06552188
189.79656542
190.80118894
190.18295913999998
186.5199472
180.98679002
178.0811097
173.42893002
165.17556150000001
155.34570675999998
0.0
100.895112324
94.79009250000001
90.416116292
87.572258952
86.366710726
86.861294612
88.638705448
92.100792616
99.102245752
106.876486172
113.75429328000001
119.766578636
124.65059452
128.09722598000002
130.61651258
132.90396304
134.69682962
135.25323654
133.08943202
129.00911495999998
126.16525764000001
122.33223255200001
114.57344785200002
105.392734504
0.0
145.67040953999998
139.87450468
135.80964336
132.71849412
131.4820344
131.46657868
132.57939235999999
135.3614267
141.88375168
148.12787326
153.69194192
158.82324972
164.43368566
170.12140032000002
175.23725238
179.68850731999999
183.53698817999998
185.53077946000002
183.64517838
178.76116256
174.49537654
170.90964341999998
161.89894324
151.62087194
0.0
163.6763541
156.44306482000002
151.0799208
147.18507272
145.26856016
145.42311758
146.1186262
149.59616916
160.1060767
171.75970941999998
182.57873192
192.11492742
199.36367248
204.63408196
207.83342146
209.73447826
210.84729203999999
210.18269492000002
206.11783364000001
200.01281382
196.79801856
191.66671076
182.53236464
171.66697494
0.0
935.02628828
893.6976227600001
863.0488774600001
840.74623544
829.8653899999999
830.73091178
834.7030385600001
854.57912846
914.57833596
981.19260264
1043.00013252
1097.41981552
1138.8566717200001
1168.9335539600002
1187.18679044
1198.09854724
1204.45085884
1200.60237812
1177.4033027199998
1142.5505946
1124.17371228
1094.838706
1042.660106
980.65165168
0.0
465.573448
437.41307808
417.25878482
404.13685614
398.55733169999996
400.82932644000005
409.02087201999996
425.03302524
457.30462370000004
493.177411
524.9080583
552.6511230599999
575.23196848
591.12047578
602.74319706
613.3303833
621.5992076
624.1184943
614.16499358
595.29352726
582.2179659
564.55204774
528.69471618
486.36142688
0.0
536.0516514799999
508.9731838
486.85601076
478.80356688
469.51466328000004
481.07556162000003
487.53606356
509.69960391999996
543.1149275600001
584.04174392
610.1310438
639.54332916
665.7717307400001
686.25059468
693.02021162
707.91955106
713.7463675199999
717.11572022
704.99841502
681.96935294
672.18586552
641.62985488
611.6611627
567.08679012
0.0
349.40805824
328.26459718
313.14887728
303.30356682
299.11505956
300.79973587999996
306.95112298
318.97569364000003
343.19484822000004
370.10330264000004
393.93606356
414.75495394
431.69445192
443.61083238000003
452.34332906000003
460.28758268
466.50079276
468.38639381999997
460.92126836
446.74834894
436.93394992000003
423.67291954
396.77992088
365.0029063
0.0
1035.0095118
989.2759583200001
955.3351390800001
930.65231236
918.61228592
919.5705419999999
923.97542936
945.96895652
1012.3822987599999
1086.1216650400002
1154.54425384
1214.77529748
1260.6479530000001
1293.9396306
1314.1402908
1326.2266846
1333.259049
1328.9932634
1303.3212684
1264.7282696000002
1244.388508
1211.93144008
1154.15786016
1085.5188906
0.0
696.8532367
654.68996062
624.5357994200001
604.89154576
596.54544274
599.93025122
612.18665808
636.17397646
684.4731838600001
738.15099102
785.6464996
827.1760901
860.97780746
884.7332896
902.1519158
917.9940557599999
930.37410872
934.1453108000001
919.2459712
891.00832256
871.42589196
844.98110996
791.31875852
727.95019844
0.0
488.67978883999996
459.11294599999997
437.96948494000003
424.19841496000004
418.34068706
420.70541628
429.31426698
446.13011908
479.99365938
517.64385754
550.95099092
580.0696171
603.77873202
620.4400266
632.65006628
643.76274792
652.44887738
655.07635428
644.64372546
624.8294586
611.10475584
592.55786014
554.93857352
510.48784692
0.0
185.36076626
174.63447824
166.86023782
161.40435936
158.14319691999998
157.67952448
158.03500666
159.39511236
171.11056812
185.73170414
200.8474241
214.75759584
226.84398954
236.95204764000002
244.66446512000002
249.67212688
252.14504635999998
250.83130788
244.07714676
234.09273454
229.5332894
224.23196836
212.37741094
197.78718636
0.0
1588.0779400000001
1492.00502
1423.2578606
1378.5134744
1359.4719948
1367.1844127999998
1395.1284018000001
1449.7953772
1559.8557472
1682.1879794000001
1790.4400271999998
1885.0910178000001
1962.1070023999998
2016.2639371999999
2055.938838
2092.028006
2120.2656546
2128.8435938000002
2094.9027746
2030.5450468000001
1985.9243072
1925.662352
1803.3764867999998
1658.9579924
0.0
572.94451802
547.62800548
528.83381788
515.1709381
508.50951141999997
509.0350068
511.47701468
523.6406871
560.40990772
601.22853388
639.11056828
672.4486132
697.84240446
716.2656541199999
727.45561456
734.1479527399999
738.04280076
735.67807158
721.4587849
700.0989434200001
688.8471601
670.87212704
638.89418776
600.9039632
0.0
1341.4351391999999
1282.1468958
1238.1598422
1206.1664472
1190.57159884
1191.80805856
1197.5112291199998
1226.0270808
1312.1001322
1407.6784678
1496.3480852
1574.3996044
1633.8733166
1677.0103048
1703.2077948
1718.8644656
1727.9679002
1722.4501986
1689.1739768
1639.1591819999999
1612.7916784
1570.7211366000001
1495.8535014
1406.9056812
0.0
101.080581252
94.975561488
90.586129496
87.742272156
86.53672394
87.031307822
88.808718652
92.286261604
99.28771468000001
107.077410888
113.970673776
119.982959072
124.89788648
128.3445179
130.86380454
133.16671078000002
134.95957736000003
135.50052846
133.3521797
129.24095116
126.4125496
122.579524496
114.78982829200001
105.59365921599999
0.0
834.33210072
780.99431996
741.86037012
715.7556145200001
702.85006632
703.2673714800001
718.1048879800001
742.46314426
794.99722618
853.40449168
906.5877152
955.0723911599999
999.32219336
1040.3726558399999
1079.56842844
1115.1166448
1147.5891684399999
1167.4343463199998
1162.5348752
1130.88150612
1102.64385748
1063.37080624
989.662352
904.470278
0.0
948.0554822400001
890.69920748
849.6642010800001
822.94121558
811.58124204
816.18705446
832.87926054
865.50634116
931.20871904
1004.2371208
1068.8730518
1125.3638048399998
1171.34465048
1203.67807204
1227.35627548
1248.9170410000002
1265.7638048
1270.879657
1250.6171736000001
1212.194188
1185.56393704
1149.58295924
1076.58546952
990.37331592
0.0
143.16657862
135.93328934000002
130.02919422
127.88084545999999
125.39247030000001
128.4836196
130.19920742
136.11875831999998
145.05217973999999
155.97939244
162.94993398
170.80145316
177.80290630000002
183.27424048
185.08256284
189.05468962
190.61572002000003
191.51215334
188.28190234
182.13051526
179.51849411999999
171.35786004
163.35178342
151.45085874
0.0
113.646103092
108.622985512
104.898150616
102.17793928
100.864200816
100.97239106399999
101.451519168
103.862615604
111.157727916
119.25653902399999
126.76803178
133.3830912
138.4216645
142.06922065999998
144.29484811999998
145.62404232
146.39682965999998
145.91770150000002
143.10475567999998
138.86988116
136.62879795999999
133.07397624
126.7216645
119.194716008
0.0
1009.87846788
951.4712026799999
909.13791328
879.35468986
861.58058154
859.0922063400001
860.97780746
868.41202148
932.2597094800001
1011.94953792
1094.26684304
1170.07727932
1235.87239144
1290.9566718
1332.9808462
1360.2911494
1373.7840162000002
1366.5816388
1329.812418
1275.4236464
1250.5398943999999
1221.7149278
1157.09445192
1077.5591813199999
0.0
300.21241752000003
282.85561438
270.25918108
261.40303836
256.13262892
255.39075308
255.94715994
258.15733164
277.13698822000003
300.83064738
325.29709392
347.83157212000003
367.39854702
383.76618241999995
396.26988124
404.3841481
408.38718644000005
406.25429339999994
395.31162498
379.16037000000006
371.75706751999996
363.17912828
343.98309128
320.33579934
0.0
1857.5952447999998
1745.2165134000002
1664.8157202
1612.4671076
1590.1953772
1599.2215326
1631.9104366000001
1695.8508592
1824.581771
1967.6710706
2094.3154568
2205.0095119999996
2295.1010576
2358.4541618
2404.8523126
2447.0774118
2480.1063414
2490.1371208
2450.4313088
2375.1463684
2322.9677684
2252.4741089999998
2109.4311764000004
1940.4998687999998
0.0
241.61968303999998
227.01400274
216.55046241999997
209.73447826
206.84425371999998
208.01889044
212.26922068
220.5844122
237.32298554
255.94715994
272.40752982
286.81228544
298.5277412
306.765654
312.80885082
318.29564084
322.5923383
323.90607678000003
318.74385744
308.94491426
302.15984158000003
292.99458402
274.38586538
252.40779400000002
0.0
1340.0132106
1280.8022462
1236.86155896
1204.8990754400002
1189.31968336
1190.54068736
1196.24385796
1224.7287982
1310.7091152
1406.1947163999998
1494.7715988
1572.7458394
1632.142273
1675.2328936
1701.399472
1717.0406876
1726.1441221999999
1720.626421
1687.3811104000001
1637.4281378
1611.091546
1569.0519162
1494.2770150000001
1405.4064733999999
0.0
1161.3447826400002
1091.08295968
1040.82087244
1008.08560148
994.1754294399999
999.8013214
1020.24927372
1060.2178337199998
1140.711361
1230.16922088
1309.333554
1378.544386
1434.8651260000001
1474.4627482
1503.4886397999999
1529.8870550000001
1550.5204758
1556.7955087999999
1531.9735805999999
1484.9108324
1452.2837522
1408.2194192000002
1318.7770151999998
1213.1678998
0.0
579.6832234799999
546.15970958
521.86327628
504.753765
494.55297242
493.13104377999997
494.21294602
498.47873198
535.12430666
580.87331592
628.12153258
671.6294585999999
709.40330274
741.02575984
765.1367241600001
780.82430676
788.56763568
784.42549566
763.31294608
732.1077942
717.8266845200001
701.2735802
664.17978886
618.53896986
0.0
43.353368578
41.637780727999996
40.416776764000005
39.50488773
39.133949814
39.133949814
39.458520486
40.293130792
42.22509909
44.095244402
45.749009262
47.279128154
48.948348762
50.633025116
52.163144009999996
53.492338192
54.636063428
55.22338179
54.666974917999994
53.21413476399999
51.946763562
50.864861312
48.19101719
45.130779407999995
0.0
141.5900925
135.70145316
131.83751658
129.47278740000002
128.4527081
129.53461034
131.03381774
134.46499344
142.70290624
150.32258918
156.45852054
161.8062088
165.80924708
170.1832233
173.52166456
176.01003972
178.0811097
178.86935276
176.7519155
172.26974908
169.20951128000002
165.29920748
156.2575958
145.93315728
0.0
11.437252314
10.958124178399999
10.6490092532
10.4635402944
10.370805818000001
10.4635402944
10.5871862668
10.865389702000002
11.529986796400001
12.1482166468
12.642800532
13.075561434
13.400132106
13.755614272
14.018361958
14.219286664
14.389299874
14.451122860000002
14.281109650000001
13.925627482
13.678335544
13.353764862
12.627344789999999
11.7927344836
0.0
16.444914138
15.764861304
15.316644656
15.038441222
14.914795250000001
15.038441222
15.22391018
15.610303832
16.56856011
17.464993401999998
18.175957736
18.79418759
19.25785998
19.76789961
20.154293272
20.447952454000003
20.679788644
20.772523126
20.525231182
20.015191548
19.644253638
19.196036994
18.14504624
16.954953772
0.0
4.636723912
4.4048877164
4.2039630132
4.142140028
4.064861296
4.157595774200001
4.21941876
4.4048877164
4.6985468974
5.054029064
5.2704095134
5.5331572014
5.7649933970000005
5.9350066072
5.9968295926
6.1204755632
6.1668428028
6.197754295199999
6.1050198170000005
5.9040951144000005
5.8113606362
5.548612947600001
5.2858652595999995
4.8994716
