0.0
139.29694998617987
131.2955585871804
126.28458623334427
123.36151903211167
123.38845973710151
127.52385894215634
134.2590368730498
138.28667330469145
146.11295006307384
157.48193041588348
169.68607280956445
181.12240495200078
191.1847607520676
200.00784386659546
205.54416011900972
207.9822945606051
207.13366214008678
205.8270376106171
200.1021363379389
191.99298214225308
186.1064366318779
176.17878433348733
163.08559843465125
150.45040466803965
0.0
142.31430973633306
135.96977209373338
131.28208826183746
128.30513959632108
127.25445183019583
129.55788273908416
134.86520294090155
137.3706891178196
143.98463384910664
153.3869422178883
164.10934549578658
174.76439698405815
184.42264213945742
193.08408096974208
199.05144859508684
202.6615039791408
203.9546581289635
201.4761126570353
197.09824702173674
189.74343272092173
182.49638127109716
174.48151949245073
162.8700727869745
151.4472109698811
0.0
217.2903104347702
213.58596257937285
210.5551325038767
208.41334593353574
207.17407322472363
207.64553565901787
209.34280050005452
209.89508510362245
212.7103894538647
218.23323532663193
223.59443699273305
228.75358325892327
234.020492453681
239.27393121448773
243.0995123005224
245.21435816587356
246.13034237601855
244.94495099960903
242.57416840194435
239.0718758688808
234.92300628417902
231.55541730709572
226.11339354929805
222.19351996864685
0.0
346.59225636396366
331.19563965708954
320.6348806401614
315.3006197333542
316.4994814118335
326.1038451029489
337.7018215373862
342.87443815219245
359.77973478844723
385.61587730488526
413.3917511236346
438.3119094842317
458.5713246636188
475.5170323534793
485.7006213841835
489.98419454813876
488.4755147273661
479.6389612564644
463.1647160241712
447.39092933107304
436.27788576488115
419.6689369766076
395.04512640968767
369.4649206488363
0.0
48.425929329873355
45.90697278804801
44.03459332035823
42.76837986776768
42.24303598858391
43.064727698681935
45.05834036442662
45.28733641735076
47.429122997001016
51.41634833624809
55.78074363456719
59.821850390775964
63.27026149524125
66.15291765140138
68.03876747236187
68.79310741067594
68.90087025080551
67.86365284415714
65.72186625907648
63.256791139643234
61.828933419876385
59.72755790158979
56.063621107556095
52.07639577373942
0.0
946.2386181792269
888.9761351814057
848.6593603621816
823.3755021157297
818.68781833038
843.0422218086125
888.4507912750698
908.7236767254959
951.9635192114158
1024.3532116955423
1113.3114417436668
1199.0502570761591
1276.3027476604284
1343.8565822761814
1391.5955238374956
1419.910211600888
1435.0239511264633
1427.6287253919145
1390.9489464057294
1330.5882819849753
1277.232202645864
1215.3359170864876
1122.040232534248
1027.5322156756347
0.0
66.4896765467824
62.47551049633928
59.63326541240362
57.85517843622733
57.53188989411702
59.242625092303186
62.43509942954521
63.862957154742446
66.89378722248087
71.98558173472983
78.23582686797332
84.25707594518954
89.68562932334022
94.44066499916684
97.79478357333004
99.77492590597409
100.83908402847315
100.32721050954203
97.74090218662346
93.49774002972794
89.7529811129669
85.40205615938504
78.85546322703398
72.20110743826213
0.0
272.24936236079094
253.9700894597439
241.17325137785815
233.22574144314245
231.08395484952828
238.80246875692032
251.7744214794231
256.65069025400584
265.98564688746484
284.38615298811834
307.1375840733846
330.3470072365713
352.6808572199458
373.8831973687718
390.707671859026
401.7129525742276
407.6803202306033
408.82530046807204
402.4942332051192
387.609489993903
372.19940290738214
353.4351971691206
325.9287305166359
297.0886985753875
0.0
297.021346809034
279.98134664782987
269.2993544545684
263.0625796629591
263.089520367949
271.92607386212387
286.29894353113565
294.89303059506676
311.56933117296694
335.80250131971184
361.8272288874448
386.22204337273695
407.6803202306033
426.49840737884443
438.29843910458476
443.48452613006884
441.6929687633847
438.8911347927895
426.7004627244515
409.3910554512868
396.83668377637173
375.6747547121826
347.7507069810793
320.8099952575053
0.0
1679.6860243784604
1578.0252489137365
1506.4707183541152
1461.6009629874554
1453.2762830432425
1496.489185064662
1577.1092644320715
1613.0885849799115
1689.8426727429633
1818.3363971578476
1976.2763199386873
2128.4374598274103
2265.579152786025
2385.519201485378
2470.247739818315
2520.505637424185
2547.3385863743456
2534.204989336569
2469.089289294292
2361.959549033199
2267.2360066743063
2157.3583137439896
1991.7537584890108
1823.9939469899966
0.0
70.8001904250367
66.51661725797844
63.49925754583807
61.61340772487759
61.26317847157124
63.08167651143851
66.47620619118437
67.99835639315545
71.23124181425852
76.64632486163586
83.30068067368087
89.71257002833008
95.50482306736184
100.55620653686567
104.12585083628278
106.2406967249071
107.37220661375969
106.81992201019173
104.071969371999
99.5594001807202
95.5721748337154
90.93837241179922
83.96072812823917
76.88879128644925
0.0
526.7447957191129
517.773538746535
510.4187244224468
505.23263739696273
502.24221840610335
503.38719864357205
507.4821868415672
508.84269278101675
515.6452224782637
529.0347562483543
542.0471199779167
554.5341398632052
567.3175075421707
580.0604642373498
589.3011283218882
594.4602746656557
596.6694130256233
593.7867568857545
588.0349149080862
579.5620610747926
569.5131755767956
561.3501399400992
548.1357208106256
538.6525902958434
0.0
1243.3677278392513
1168.1088491604703
1115.1299396601862
1081.925513021842
1075.7695598254354
1107.748184972448
1167.4353314969349
1194.0662249075456
1250.8841865561908
1345.9983690249499
1462.9075878117185
1575.5467030616799
1677.0593047692041
1765.8424202853196
1828.5603972654305
1865.7655203906836
1885.6208249564336
1875.9086984841472
1827.711764837155
1748.3983097509679
1678.2851075793478
1596.9510990370916
1474.3708604574442
1350.174179500827
0.0
112.15418291699898
110.24139237398164
108.67883111219845
107.57426195936662
106.92768488445526
107.17015123712184
108.0457243936609
108.34207221061126
109.78340031933435
112.63911575421339
115.41400904309195
118.06766913236403
120.78868101126285
123.4962225880919
125.47636484315875
126.56746367064768
127.03892618251913
126.4192897893245
125.19348740585536
123.38845973710151
121.2601434688303
119.52246756643002
116.70716319291462
114.68660985321095
0.0
69.61479911534357
64.94058562120294
61.667289147269685
59.63326541240362
59.08098081969648
61.06112313217046
64.37483067289779
65.6275737698903
68.01182675108078
72.71298095719324
78.53217470121488
84.47260159286624
90.18403254020156
95.59911559300932
99.89615908230739
102.71146343254962
104.24708401261609
104.52996150422354
102.91351883246058
99.11487842814262
95.16806416577468
90.3726174828884
83.34109173504454
75.9593367129485
0.0
13.093185900387647
12.513960596484473
12.082909209589968
11.800031736601051
11.70573924741488
11.921264942413675
12.406197751700278
12.635193802297096
13.241359817396319
14.116932944456037
15.100268921730352
16.070134545733964
16.959178033822106
17.767399382891696
18.3062136200008
18.642972515381818
18.764205721194443
18.535209670597624
18.131098994899165
17.457581201809816
16.78406340561738
16.056664190135937
14.979035721348131
13.928347966083695
0.0
286.1372992701656
266.9285717793266
253.47168629718652
245.12006564022613
242.87051621889472
250.97967044561142
264.61167062267253
269.743876207146
279.5502952205953
298.8937262674145
322.80360791549225
347.1984223775113
370.6637823273156
392.9437509239835
410.6303281600989
422.2013638352424
428.4785497114884
429.66394101032085
423.0230555507708
407.383972413653
391.19260467296715
371.45853328355014
342.55114963025216
312.24284895286814
0.0
167.7059304769204
158.99061029096006
152.47095803101647
148.09309237244472
146.27459432404396
149.13030975892303
156.0406023304336
156.80841263598228
164.24404905176684
178.03769346652493
193.15143275936876
207.1606028450767
219.10880850644415
229.07687183516754
235.59652406408028
238.22324344836252
238.58694305493952
234.99035805053262
227.56819196009096
219.05492704216036
214.08436571865698
206.81037356384255
194.14823906121018
180.34112429783602
0.0
112.71993784590984
106.86033309482858
102.48246740522595
99.53245947573033
98.30665709226118
100.23291796062142
104.88019076218454
105.3920643043888
110.38956630960887
119.65717112241028
129.82728985104464
139.22959819655316
147.2579303005425
153.96616752644613
158.35750354139165
160.10864982343887
160.3511162304095
157.93992249380398
152.9558908449577
147.23098959555264
143.8903413234592
139.0006021692295
130.48733725129892
121.20626205885056
0.0
761.2636913586243
715.1950741738461
682.7584572281908
662.4182199958959
658.6465203198409
678.2324177736307
714.777493219351
731.0766237877541
765.8705530212467
824.1029015228265
895.6843722056087
964.6525946672849
1026.804816540058
1081.157702064645
1119.5616866821915
1142.3400584491744
1154.5037897659763
1148.5498926521598
1119.0363430861644
1070.4757101041153
1027.5456859466738
977.7457804264822
902.7024281013304
826.6622692803942
0.0
195.0911640073759
186.57789908944537
180.54317964344298
175.89590689618393
173.74064992292278
175.55914799459674
182.64455515242034
185.83702951991745
191.8313378502521
202.8905000064645
215.83551202397737
230.18144098799934
243.44974150417943
255.9637021487617
265.67582869086755
272.06077741810407
275.5630699278945
273.5963979438665
267.5751488542379
258.06507765773904
248.07007362402572
237.53625528881432
222.44945675526444
207.470421041674
0.0
129.61176412579073
123.95421464273922
119.94004861401773
116.85533712854183
115.42747942273888
116.62634110121817
121.3409656148308
123.45581150345505
127.44303685045988
134.7843807716279
143.39193818417505
152.92895013996784
161.73856287484878
170.0497724471724
176.50207288645842
180.7452349657768
183.07560655638179
181.75551170156922
177.76828635456445
171.43721909161167
164.8098040349817
157.8052189378237
147.78327419912054
137.82868117246693
0.0
230.7471959712143
215.25628671541958
204.41265026118796
197.66400195064756
195.8589742586206
202.39209686718033
213.39737761341289
217.53277684174085
225.43987576939685
241.03854782187787
260.3146270790704
279.9948169731728
298.9206669724044
316.8901217001272
331.1552285724527
340.47671482626475
345.5415686211116
346.4979638926202
341.13676228082306
328.5285091648974
315.4622639710511
299.5537737219728
276.25005803313866
251.80136216113988
0.0
241.6177731304357
225.39946468476006
214.03048433195042
206.97201782481264
205.07269766144222
211.9291088229731
223.44626305710588
227.7702473056979
236.05451617303163
252.39405784934462
272.5726509370352
293.16882501800944
312.99718887876986
331.815276027011
346.74043029959086
356.5064383059805
361.813758531071
362.81056486394334
357.20689679087155
343.9924777157022
330.32006647727735
313.6572363022973
289.24895143735813
263.6552753511639
0.0
307.2588172497179
291.2964455596289
279.3617102779084
271.3333781739191
267.9927299018256
273.23269833728943
285.89483286319495
287.28227950763426
300.9142796614222
326.1981376285964
353.893189278072
379.55421720819703
401.4435454622671
419.7093479836672
431.6575536450346
436.46647070756785
437.1265181853993
430.55298449220277
416.9344547180618
401.3492529676505
392.2432924390924
378.9211104586286
355.7116872954419
330.40088864655104
0.0
440.22470002724896
432.7351821704538
426.5926998501879
422.25524529952617
419.7497590683041
420.70615433981277
424.12762475790663
425.2591346157283
430.95709516014364
442.13749051596227
453.02153805483067
463.44759351577864
474.1430560886871
484.7846371973118
492.51662148435054
496.8271353300225
498.6725741066864
496.26138040111164
491.4524633618516
484.367056149724
475.97502446243067
469.14555406019383
458.11333260897135
450.1792929763255
0.0
1621.9790197987313
1523.8205366033087
1454.7176108882036
1411.3834761171252
1403.3551445406608
1445.0728361589972
1522.9314934394936
1557.67154121646
1631.7854393319478
1755.8743574996365
1908.3722557158756
2055.320368207707
2187.7474365130697
2303.5655562861643
2385.3844976889086
2433.918189896148
2459.821684403914
2447.1460792190833
2384.2664584434647
2280.814125293991
2189.336938658271
2083.2444156285014
1923.3378211739428
1761.329851249195
0.0
79.0171074988649
75.56869639750269
73.13056198848972
71.24471217218387
70.3691390358149
71.11000861620363
73.97919441443841
75.27234856426112
77.6970126331915
82.18264113034128
87.42260957666592
93.22833291776746
98.60300490921152
103.68132908370524
107.61467298969943
110.20098131261796
111.61536869307803
110.82061768253944
108.3824832952481
104.51649112457659
100.4753843908652
96.2187519318999
90.10321037092791
84.02807989459272
0.0
1693.2910837729542
1579.6282210196675
1500.004947605002
1450.5418009553669
1437.2330896183125
1485.2549079575242
1565.9288693400151
1596.2775811408249
1654.3617557921123
1768.8058989978636
1910.2715764222864
2054.6468505441712
2193.5262190948774
2325.401003339713
2430.0521977487497
2498.508546342398
2535.646317414261
2542.704784045522
2503.398285450081
2410.7895890651475
2314.9749476925804
2198.213903206052
2027.167324162244
1847.7960657172648
0.0
255.15548075857618
244.02896681273722
236.13533828800124
230.0602078116661
227.2314330817769
229.61568605908852
238.88329092619398
243.05910121588562
250.89884835391499
265.3525401922005
282.284777479141
301.0489832174024
318.4122719005467
334.7787542818496
347.4812998691188
355.83292052607925
360.41284150698476
357.8265331840662
349.95984534104696
337.5132365403954
324.4604617261961
310.68028766781174
290.9462163326988
271.346848553566
0.0
52.08986612933745
49.38232459595163
47.3617712190109
46.00126527723417
45.43551032892903
46.311083461419145
48.466340402097835
48.695336447264246
51.01223765511924
55.295810819850175
59.98349466338266
64.33441960610371
68.05223783028723
71.15041966670648
73.17097306226573
73.99266477236377
74.10042761249332
72.98238807458414
70.6789572269818
68.03876747236187
66.4896765467824
64.22665676131952
60.293312849894946
56.00973968516401
0.0
415.1428974056818
393.56338729390495
377.43937134284596
366.60920521395724
362.0966359994053
369.155102452239
386.2624543797966
388.14830424109726
406.5622806981245
440.72310316653324
478.14375176103476
512.8029774230317
542.3838788562307
567.0750411895042
583.2125274891793
589.705239044133
590.5942824949841
581.7038476684068
563.3302822727431
542.2626456798973
529.950740435226
511.95434500251326
480.6088269076201
446.4075933545746
0.0
432.2771900382293
403.248573131021
382.92180618528033
370.3000827440117
366.9055530076344
379.1635768655992
399.75975100087754
407.50520558998625
422.33606739122257
451.55326929542184
487.66729333718064
524.5221869794981
559.9761636210028
593.6385829501272
620.3502986231043
637.8348205136128
647.317951028395
649.109508395079
639.074093276729
615.4336187095807
590.971452457935
561.175025299482
517.5041315802704
471.71839200346545
0.0
308.1209200498831
294.677504893086
285.14049291402006
277.79914899285205
274.3911489544051
277.273805094274
288.4542004811237
293.50558389632346
302.9752440857627
320.43282529455445
340.86735511455856
363.5379640538243
384.49783777240646
404.2588498668134
419.60158518698074
429.6908817153107
435.2137276191089
432.10207539761217
422.5920041778402
407.55908705427
391.7987706865149
375.1628811932515
351.32035128049637
327.6664063647321
0.0
127.94143998974405
122.23000911998591
118.02725807100035
115.34665725346524
114.40373236160352
116.46469678594401
121.24667314348736
123.4962225880919
129.4366494851737
137.8960329620936
147.52733741250302
157.10476045293262
165.79313998820712
173.57900568522587
178.94020729702297
182.18656307449982
183.34501366834232
181.12240495200078
177.18906104600663
170.5751163147196
164.06893441114977
156.84882366631507
146.4227682596712
136.14488673435045
0.0
33.042782932826775
30.82017421415796
29.271083294008896
28.301217672332594
28.04528091053973
28.97473546542195
30.55076710219747
31.143462756268267
32.274972650551256
34.51105172481809
37.27247467516561
40.08777905333563
42.79532057896373
45.368158550938894
47.41565264140301
48.749217869656356
49.476617090568205
49.61132064887576
48.84351036660024
47.0384826769006
45.16610321153813
42.88961307047721
39.54896481622652
36.046672289369134
0.0
402.6154664357566
378.24759267872736
361.0998296665329
350.3370153039978
348.3434026692841
358.70210628630116
378.0320669534735
386.65309472239437
405.05360082304793
435.84683433764644
473.6985343361094
510.17625801547626
543.057396636132
571.8031361060368
592.1029623700608
604.1589308824184
610.5842906167147
607.4456976902283
591.8335552581002
566.1590570026323
543.4480369787298
517.1134912687035
477.41635257115377
437.20734027709585
0.0
73.76366870547574
69.92461728323731
67.06890185068559
65.1426409606037
64.33441960610371
65.58716270309624
68.63146313341463
68.96822201715905
72.241518488765
78.30317863432684
84.95753443008063
91.11348705241632
96.36692586752712
100.75826188247264
103.62744769699866
104.77242791119416
104.93407217216428
103.3580405307341
100.09821440464118
96.35345548788014
94.1577875075594
90.96531317109317
85.38858585731528
79.31345533210649
0.0
249.996334492386
238.88329092619398
231.27253981548827
227.42001807876775
228.28212082462898
235.2058837525133
243.5709747348167
247.30226329520397
259.492935363542
278.13590787116607
298.1663270232295
316.1492521305993
330.751117904512
342.9822010031828
350.3235449786549
353.40825646413083
352.3306280162888
345.95914966869924
334.06482541731157
322.69584511880595
314.66751296051257
302.69236659415526
284.9384375916863
266.484050026749
0.0
148.75313979597215
139.7549420951312
133.4104044525315
129.4366494851737
128.70925026426184
132.53483135029649
139.67411994913073
142.85312396025404
149.65565365750106
161.03810433565366
175.0203337163717
188.49068963246273
200.6409505618599
211.2690613684148
218.7720496048569
223.21726702978222
225.58804965072002
224.4295990336044
218.66428675386658
209.1811562390844
200.7891244974871
191.0500571960874
176.3943100354681
161.53650752924182
0.0
61.11500455456255
58.447874093401204
56.56202427244073
55.10722584147783
54.42023769279046
54.999462996693644
57.22207170993205
58.21887804280439
60.09125751049417
63.553138968230165
67.60771608236428
72.10681493278474
76.26915490411541
80.1890284506327
83.23332888405417
85.22694154204113
86.33151074917699
85.71187435598237
83.8260245179549
80.83560554881721
77.71048299111685
74.41024580366023
69.6821508871275
64.99446704359504
0.0
413.8901542629187
388.84876270271513
371.2160669308835
360.1569047746712
358.1094106756737
368.7509917842983
388.61976667539153
397.48326087455627
416.3956404941408
448.06444711097424
486.98030517763243
524.4817759181345
558.2654284546231
587.8193892061055
608.6984407786872
621.091168169359
627.6916425442723
624.4587571464425
608.4155633413839
582.0136658417309
558.6695391458371
531.5941238119789
490.79241588402016
449.4518937554137
0.0
72.3088702838221
67.44607181286068
64.0515421331148
61.936696264660576
61.37094131635543
63.41843540681952
66.8668465112848
68.16000067041679
70.63854615320578
75.52828532372669
81.56300474800744
87.73242774999008
93.65938434500208
99.28999306875969
103.76215125297891
106.6852184542115
108.27472044425772
108.57106826120807
106.88727379981842
102.94045953745047
98.84547131618213
93.86143969060903
86.56050677650067
78.89587430081
0.0
13.268300528592373
12.500490240886444
12.02902778719787
11.746150314208954
11.746150314208954
12.150260987580092
12.783367713875364
13.174008033975795
13.914877610485672
14.99250607694616
16.164427040350535
17.255525862409044
18.211921128487315
19.04708319108027
19.572427070264034
19.80142312318817
19.720600981842303
19.59936778146008
19.0605535466783
18.279272908804753
17.72698831609762
16.78406340561738
15.53132031405526
14.332458639454837
0.0
251.72054001513936
234.81524340991555
222.98827100245853
215.63345667837046
213.65331436899956
220.79260296783372
232.78121969056485
237.29378888184365
245.9282870304116
262.94134648662583
283.96857199483475
305.440319232348
326.076904397959
345.68974255673874
361.2480036021601
371.4181222764905
376.94096812598457
377.9916558921098
372.14552144309823
358.37881778763415
344.14065159702534
326.7773629371542
301.35880141399974
274.6874967713554
0.0
120.73479962455627
114.45761377158325
109.76992993968737
106.61786668785794
105.31124213511515
107.35873623411271
112.32929755761604
112.881582161184
118.24278377298111
128.17043604034083
139.0544835559361
149.14378013856998
157.737867148197
164.91756683166807
169.6187210432109
171.50457088123838
171.76050761355194
169.17419929063334
163.82646800417913
157.69745611786422
154.12781176414308
148.8878433519524
139.76841242047414
129.82728985104464
0.0
1164.808612430719
1086.6131965899754
1031.8427294049409
997.8166105700899
988.6702389724102
1021.6995518545172
1077.1974173993567
1098.076469235701
1138.0295447198685
1216.7503043893705
1314.0601553892486
1413.3770891086942
1508.908852927592
1599.631699652926
1671.6172815234158
1718.709645652964
1744.262910553671
1749.1122386930829
1722.0637639323338
1658.3624511929402
1592.451999728966
1512.1417381469944
1394.4781799928799
1271.076249449457
0.0
32.921549732444554
31.48022165164928
30.46994496317892
29.67519396970735
29.311494360802964
29.621312547315252
30.82017421415796
31.358988451267066
32.36926513973742
34.2416446074272
36.42384225930194
38.84850631194112
41.08458538620796
43.18596089906416
44.82934431382981
45.90697278804801
46.49966844522189
46.16290954441047
45.152632855940105
43.54966050564123
41.865866024081505
40.08777905333563
37.541881792556495
35.00945488970272
0.0
225.58804965072002
213.85536969133332
205.09963836643215
199.213092856057
196.76148814342267
200.60053955480032
209.89508510362245
210.91883208718062
220.92730652381402
239.47598653682152
259.8162238854822
278.6477814133703
294.71791597772284
308.1478607548729
316.9170624051171
320.4462956742014
320.91775813176884
316.09537068958866
306.1003666558754
294.6640345134391
287.9692676671824
278.18978928114586
261.1497891199417
242.57416840194435
0.0
990.3675035962307
973.5026182075248
959.6820330024419
949.9294954843075
944.3123574737787
946.4541434467754
954.1457172387642
956.7050845618996
969.5019222636572
994.6780178685772
1019.1401839883416
1042.6190144264008
1066.6635997390672
1090.613891990803
1107.9906510148057
1117.689307526362
1121.8516474984685
1116.4365644844493
1105.6063982236794
1089.6709670446373
1070.7720579288234
1055.429322631929
1030.6034566340672
1012.7552352533473
0.0
288.750548298074
273.7445718794937
262.5372357643811
254.9938364976061
251.85524357111962
256.77192348464314
268.666247705
269.9863426141166
282.78318064169827
306.5448883851798
332.56961592188185
356.6815529465975
377.25078632258186
394.4254900397662
405.6597668365955
410.1723360821785
410.7919724520999
404.60907909374356
391.8257113915047
377.1699642308854
368.616288228318
356.0888572583928
334.2803511192922
310.5051730504679
0.0
401.80724509987505
374.82612226063344
355.9406833770696
344.19453306130913
341.04246975517566
352.4383908129751
371.57976651418744
378.78640690264837
392.5665809377594
419.72281836331416
453.2909452210953
487.5460601608474
520.5080209507768
551.7996576589634
576.625523493913
592.8707726756094
601.6803854104903
603.3641798718801
594.029223238421
572.0590728383504
549.3211121327311
521.6125901579125
481.0264079009037
438.4600833655548
0.0
587.0246381955669
577.0296341618538
568.8396577968944
563.0608751607826
559.733697214032
560.9999106821381
565.5663613144276
567.0750411895042
574.658851540916
589.5840058134958
604.0915790927919
618.0064567071563
632.2446228201879
646.455848305807
656.7606705128443
662.4990421108654
664.9641172574508
661.7581725413376
655.3328128070414
645.890093322592
634.6962275871263
625.603737438215
610.880638433665
600.306409091394
0.0
127.14668897920548
119.84575611940116
115.27930548711169
112.61217504922352
112.62564537456642
116.39734501959046
122.55329764192616
126.23070479233364
133.36999339116784
143.742167442136
154.88215171331794
165.33514787925574
174.50846019744063
182.5637330374507
187.61511645265048
189.83772519226517
189.06991494102053
187.87105323926806
182.6580255087941
175.24932982127257
169.8746578298285
160.80910830832997
148.86090264696256
137.33027803318276
0.0
540.6462029538304
507.9267085708717
484.8924000483021
470.4521785586326
467.7715777410974
481.68645535546204
507.6303607771944
519.2148667776808
543.9194994362971
585.2734919678239
636.1106149908594
685.0888289041307
729.2311851507292
767.837225075094
795.1146955373431
811.292592921655
819.9270912098618
815.6973993860669
794.7375256442116
760.2534145762855
729.7699992350111
694.396844855873
641.0946466397058
587.0919899619205
0.0
183.91076859725314
171.57192264759192
162.92395417368112
157.54928220551017
156.10795409678713
161.3209818272611
170.07671315216226
173.37695033961887
179.68107684327774
192.11421534185953
207.48389136701692
223.16338561980245
238.25018415335236
252.56917243565763
263.9381527884673
271.3737892585559
275.4014256126203
276.1692359414422
271.8991331028299
261.83677727949
251.43766257783594
238.74858737021373
220.17296657463913
200.69483202614367
0.0
677.7340146343467
647.6008285200023
626.9642433776645
616.5381879167165
618.8685594530176
637.646235570926
660.3303148122615
670.4465520998851
703.4893351056346
754.0301101410502
808.3291146435433
857.0783322812435
896.6677084303541
929.8047838686583
949.7274399447575
958.0925314002818
955.1559934625473
937.8735269564343
905.6524357670636
874.8187914160753
853.0776368804163
820.6140793228636
772.4575569544512
722.4421257865828
0.0
707.2610346808392
675.7269315967127
652.4232159078786
637.646235570926
632.4062671354621
643.8560696032413
670.2310263746313
682.6911055549298
715.5183627888789
762.2874383033939
815.5357551949164
868.487723920391
916.5364832671435
959.5742702135135
989.1821128404385
1007.178507978358
1013.5634567133523
1001.2515510963105
979.5238676074623
942.9383809064352
906.9590605913266
867.1137473530478
809.4202134943054
752.6291930704175
0.0
1892.0865957055473
1859.8789750199471
1833.463607187193
1814.847575392317
1804.098231378398
1808.1932196074235
1822.9163184800932
1827.7791171232755
1852.2278127392697
1900.3304536356409
1947.07258815813
1991.9288735640603
2037.8493166658143
2083.62158570006
2116.826012881445
2135.334282197701
2143.295262263817
2132.950028863535
2112.2595626060106
2081.8165580545797
2045.7160042140406
2016.417980458634
1968.9619169940293
1934.8819166095595
0.0
448.3607949279247
421.2180278587438
402.11706324216834
390.14191687581103
387.91930819050043
399.4499328042801
420.97556145177316
430.57992519719267
451.0683364814805
485.36386250586946
527.5260763732776
568.139199257699
604.7516265163193
636.7571920657708
659.3739195407528
672.790394015833
679.9566233196573
676.4543307865937
659.0641013674285
630.4665358874549
605.1826779202808
575.8577132193951
531.6614755783324
486.8725423809461
0.0
825.7328144578706
770.3023000975558
731.4807345255142
707.3553271987289
700.8626156049864
724.2875643693035
763.6210036464614
778.4249246263422
806.7530831650251
862.5472970776133
931.5424597710585
1001.9385392636162
1069.6674891871505
1133.9749675366904
1185.0141460604875
1218.393687773881
1236.4978462437693
1239.9462572737605
1220.7779411080478
1175.6118379166799
1128.8966436259593
1071.957449460387
988.5490056797111
901.0725149878589
0.0
563.3033415134493
538.2619499532457
521.1141869410512
512.4392777854237
514.3790090101577
529.9911514655588
548.8361793498208
557.255151742104
584.7077369846089
626.708306591047
671.8474691006983
712.3662996534155
745.2743790100918
772.8212566308476
789.3763239625949
796.327027517892
793.8888931073276
779.5294939265706
752.75042648724
727.1028689600352
709.039121644603
682.0579988984541
642.0375715858715
600.468053352364
0.0
758.0038652558044
712.1238331068057
679.8353901898702
659.5894452660066
655.8312159463255
675.3362912541149
711.7062521523108
727.9515012641876
762.5837863065294
820.5736682615001
891.8453208330196
960.517195469988
1022.4000099825532
1076.5238997358215
1114.7662400923978
1137.4503195742227
1149.5601696517147
1143.633212769667
1114.2408964963706
1065.8957893249103
1023.1408799322096
973.5564994468348
898.836435953932
823.119565406689
0.0
764.5100470119778
713.1879913456705
677.2490817971321
654.9152317594537
648.9074530727453
670.5812556558654
707.0050979174947
720.7179200466134
746.9447030064996
798.6035177373058
862.4799455672646
927.6629973526213
990.3675035962307
1049.9064765962494
1097.1604852970763
1128.0614811584132
1144.8320748050014
1148.0245490561326
1130.2706201933026
1088.4586352813044
1045.2053225243455
992.48234957019
915.2567997607302
834.2730202824919
0.0
105.876997064026
100.3810918962486
96.25916299326357
93.49774002972794
92.35275981553244
94.1577875075594
98.52218281751507
98.99364525180933
103.6947994633522
112.41011967258568
121.94713162837849
130.78368506824927
138.3270843893283
144.63121094729115
148.75313979597215
150.396523227029
150.6255192543527
148.36249948440522
143.67481567578247
138.30014368433842
135.1615507578519
130.5681593972994
122.5802383779469
113.85144775803556
0.0
17.56534404892133
16.79753376121541
16.245249173938685
15.827668142642205
15.639083158839455
15.80072742601575
16.43383415231102
16.73018198089797
17.26899621800707
18.265802550879414
19.424253158685765
20.71740732247237
21.91626898931507
23.03430853032735
23.909881657387068
24.48910696129024
24.798925145475213
24.623810517270492
24.084996285591792
23.22289350869969
22.320379665013526
21.377454759963687
20.016948812756564
18.669913226577865
0.0
1211.092755100262
1157.2652131717018
1120.383378645967
1101.740406076281
1105.916216552158
1139.4708727975606
1179.9897031563346
1198.0938618589546
1257.1344314947153
1347.439697102642
1444.493611013352
1531.5794619056467
1602.3392412763017
1661.5683959478417
1697.1705464241231
1712.1091708746494
1706.8692023926392
1675.9816768023409
1618.409375476041
1563.2886792269887
1524.440173260266
1466.4233503520584
1380.3881877378985
1290.9989060685964
0.0
1702.5317478885236
1626.8418184419143
1575.0078891946143
1548.808046629409
1554.6541814973377
1601.840838144775
1658.8069730851564
1684.2390046931646
1767.2433376274723
1894.1879711757356
2030.6292060063145
2153.061270285722
2252.5263779950988
2335.7731769717643
2385.829019813856
2406.829304399859
2399.4610194401193
2356.046062654922
2275.102694222532
2197.621207556635
2143.0123849428796
2061.4493798535323
1940.512524891127
1814.847575392317
0.0
1143.5254499807384
1092.6883269964912
1057.8809277091761
1040.2751723708138
1044.208516028561
1075.9042636219046
1114.1600739392113
1131.2404851385058
1186.9942885482858
1272.261640981021
1363.90047218802
1446.1369943978618
1512.936489103229
1568.851936541248
1602.4739445297305
1616.5774072884824
1611.6337863984493
1582.4704664395122
1528.1041098681144
1476.0681250812645
1439.3883460950792
1384.6044089493148
1303.3646926922167
1218.9729131522583
0.0
407.8015534069366
390.0072133198308
377.3854898785621
367.67336333645625
363.1607940908734
366.9594344719183
381.77682589350763
388.4446520347744
400.9855533843466
424.10068399861274
451.14915857317703
481.1476411315409
508.88310384238036
535.0290645554157
555.3423611990866
568.6914838612671
576.0058871007184
571.8839581977333
559.3026458411015
539.4069302450184
518.5413489977796
496.5307875130722
464.983214072572
433.6646366826686
0.0
220.29419980527643
208.84439730646633
200.29072135820294
194.53887940380804
192.14115602357626
195.89938534325745
204.9649348104519
205.97521154624437
215.74121952936085
233.87231851805376
253.7276230295001
272.11465880481063
287.8076234062123
300.9142796614222
309.4814259893325
312.92983711241635
313.4012995467106
308.686674978794
298.9341373520513
287.7537419419286
281.220619356642
271.67013707550626
255.03424758224295
236.88967821390304
0.0
315.54308614032476
299.13619267438514
286.89163921934045
278.6477814133703
275.2263110495805
280.58751266137756
293.5998764452441
295.02773415104696
309.02343385710805
334.9808096041834
363.4302012028339
389.7782172925072
412.2602412115088
431.02444694977027
443.29594113307786
448.22609137194445
448.8996092061497
442.1509608956093
428.1822018402341
412.1659487168923
402.8040514017165
389.13164019432264
365.30258066121445
339.3047938527754
0.0
426.74087378581504
404.5551976837637
387.9866599801272
376.84667565464116
372.212873232725
379.4733950621965
397.05220944732156
398.99194069532894
417.9312610509342
453.0350084344777
491.4928744232152
527.1354360074066
557.5380292337114
582.916179672229
599.5116580808556
606.1794842221223
607.0954684322672
597.9625671754461
579.0636578812043
557.416796003074
544.7546615314726
526.2598629051715
494.0253013051232
458.8811428602161
0.0
56.73713890064545
54.25859342018375
52.507447158306604
51.146941218857215
50.52730484815996
51.052648721913314
53.11361317340583
54.04306772828805
55.79421399016522
59.000158686108335
62.7718583249262
66.93419828927493
70.8001904250367
74.43718649623776
77.26596124396971
79.12487034442488
80.13514704220451
79.56939209157203
77.81824583667682
75.04335252064624
72.14722600656076
69.07598486271903
64.68464885941006
60.33372391668902
0.0
23.613533828800122
22.562846071208366
21.781565433334823
21.28316226534711
21.108047640245477
21.498687960345904
22.37426109283603
22.791842124132504
23.882940946191013
25.445502227368507
27.223589200441715
29.001676176617995
30.60464852458956
32.03250624435641
33.02931257722875
33.622008236729954
33.83753393172874
33.433423252927206
32.70602403744576
31.48022165164928
30.281359984806578
28.947794754225903
27.021533864144025
25.122213687585518
0.0
630.8437058504057
592.6552469736287
565.7818870396815
548.9304718444373
545.8053492743246
562.0371280996471
592.3184880720415
605.8292550184652
634.6558165800666
682.920101652073
742.2300785549487
799.3847983681975
850.8819691250692
895.9268390237384
927.757289870511
946.6292585218246
956.7050845618996
951.7749341756362
927.3127682886034
887.0768152507669
851.5016050062544
810.2419051322566
748.0492722524241
685.0349474476046
0.0
70.70589794283248
67.62118643796231
65.42551843591994
63.74172394660251
62.96044330872897
63.62049074622029
66.19332871819546
67.3517793182441
69.52050660986619
73.53467266186085
78.22235651004797
83.42191385001418
88.23083091254738
92.77034086312011
96.28610369825344
98.60300490921152
99.86921837731751
99.15528951277946
96.97309185780163
93.52468073471782
89.9011550485941
86.08904431893322
80.62007983985453
75.19152643455185
0.0
205.1669901327857
192.74732203712392
184.00506109186972
178.53609662908224
177.51234956794684
182.79272908804754
192.63955924043765
197.03089525538317
206.40626289590182
222.09922749730347
241.40224745948586
259.97786820075635
276.73499087035304
291.3772677056294
301.73597132264655
307.8784536429125
311.15175012537924
309.5487777789592
301.5877974645966
288.5080818911034
276.9370461926868
263.52057179518357
243.28809726648245
222.79968598219455
0.0
189.00256315139382
176.3134878894676
167.43652336495992
161.91367751546585
160.41846802003616
165.77966963183331
174.79133768904805
178.17239702250518
184.66510854642803
197.43500592332396
213.22226299606893
229.3328085674811
244.8371882029227
259.5602871531687
271.23908570257566
278.876777440694
283.02564704866893
283.82039805920755
279.42906204426197
269.09729910896147
258.4018365360531
245.36253204719677
226.27503781026826
206.24461865820484
0.0
97.98336853929004
92.89157403945342
89.09293371271264
86.53356607151079
85.46940794901175
87.13973208505847
91.16736849342693
91.62536057134741
95.96281517631321
104.03155836493939
112.85464140189009
121.0446178211536
128.02226215901769
133.85492620510908
137.6670369114968
139.18918711191634
139.40471283717025
137.30333732819292
132.9658827232271
127.99532139972376
125.08572455486498
120.84256247554663
113.44733709009485
105.36512354509489
0.0
727.9515012641876
686.1933979716277
660.0070263135943
644.7316427054764
644.7989944951031
666.4593267528803
701.6708370805069
722.7384735569868
763.5940628018327
822.9848618274358
886.7939379298292
946.5888472432448
999.1636461298924
1045.286144538465
1074.2069984550437
1086.9095444146835
1082.5182081282178
1075.6483270757765
1045.7710773989525
1003.3529271095397
972.5866342689002
920.7392345178298
852.2828856914502
786.2512013847247
0.0
869.8751707587733
817.233020035953
780.1626005287426
756.9262368002047
752.6157229079867
775.0034543323718
816.7480871754653
835.3775890241646
875.1286092015134
941.6856378645225
1023.4641679886864
1102.2792204863874
1173.294936635902
1235.4067474628268
1279.2931666047414
1305.3178946379373
1319.2058313533691
1312.4167717720065
1278.6870009945949
1223.2026051777539
1174.143569064178
1117.2447859444542
1031.492500340923
944.6087047554465
0.0
1495.4250268257972
1395.0439348674868
1324.7286768460083
1281.044313010912
1269.2981628115172
1311.7028428298913
1382.9475550610339
1409.7535632363852
1461.0486786166193
1562.1167587422353
1687.0543093382
1814.564697528339
1937.2122881613757
2053.676984823196
2146.097096405082
2206.552053654035
2239.352370221782
2245.589144656537
2210.862567383341
2129.084036716137
2044.4632611721277
1941.3476873586728
1790.2911164443537
1631.8662613460672
0.0
1563.18091643806
1493.700820884127
1446.0965836623225
1422.0385278458862
1427.4131995813254
1470.747334585135
1523.0392559181134
1546.3968530634736
1622.6121269594587
1739.1576456353985
1864.431955334651
1976.8420748132942
2068.171087381506
2144.61535704881
2190.5627409253743
2209.838820112747
2203.090171809964
2163.2179188829564
2088.9019654606504
2017.7650160184367
1967.6283511622255
1892.733172594273
1781.683558946472
1666.3099612983253
0.0
124.4930288666602
118.01378774565745
113.1914003034773
109.93157420065748
108.58453861758187
110.69938450620617
115.8315900906796
116.39734501959046
121.92019092338862
132.15766138734563
143.37846780452807
153.77758256048614
162.64107668207367
170.0497724471724
174.88563016039149
176.8388317880456
177.10823890000614
174.4411084078139
168.93173288366276
162.61413600035692
158.92325852460655
153.52164577386856
144.1193374050869
133.86839658475603
0.0
1755.524127892578
1677.4768861193427
1624.02651402961
1597.0184505474404
1603.053169908108
1651.7080954080466
1710.4388472583696
1736.6656300553439
1822.2562710875961
1953.147718564646
2093.832115846913
2220.076290491369
2322.6395804770277
2408.48615828814
2460.0910914538126
2481.751423975352
2474.1541427012526
2429.3786798524825
2345.929825336267
2266.023674367933
2209.7175871303566
2125.622155415106
2000.9136005904609
1871.3422476656726
0.0
2.8557154434125476
2.6806008169145232
2.559367613894678
2.478545478987719
2.465075123389694
2.5458972582966535
2.6806008169145232
2.7344822406254337
2.8691857990105722
3.084711493078441
3.3541186103141807
3.6100553717191635
3.8525217772158133
4.054577114909886
4.202751029668821
4.28357316457578
4.323984232688666
4.310513876547601
4.1892806735277555
4.014166047572772
3.8525217772158133
3.6639367948870336
3.38105932205327
3.0981818489091975
0.0
152.43054694637962
142.19307648242258
135.02684720187165
130.58162972264233
129.3827680984671
133.70675232378593
140.96727409895342
143.70175635749922
148.92825441331607
159.21960631828375
171.96256293588573
184.96145636337837
197.46194662831377
209.32933012040755
218.75857922520998
224.91453184754567
228.2551801196391
228.88828681490352
225.35905360012322
217.02090332280974
208.3864052285458
197.87952767590144
182.4829108914502
166.33195423540124
0.0
2348.004260574687
2243.622472439777
2172.1352941662767
2136.0078000939684
2144.076542949013
2209.15183225575
2287.7109476642822
2322.7877542342276
2437.2588384475193
2612.3330536669637
2800.486984374566
2969.3513653910245
3106.533469085179
3221.341312634491
3290.363415559705
3319.324680754864
3309.168032933401
3249.2923008300945
3137.663461803915
3030.803128592721
2955.503839178401
2843.012897452908
2676.2094811710977
2502.9133525895936
0.0
475.86726161144037
454.70533254725126
440.22470002724896
432.89682640815084
434.52673945956064
447.71421782974016
463.6361785127695
470.74852635230985
493.9444791901537
529.425396536648
567.5599739724146
601.7881482071767
629.5909627309159
652.8542673351131
666.8499670411742
672.7095718465595
670.6620777475619
658.5252871435076
635.8950892888787
614.2482273874753
598.9863142365815
576.1810017413354
542.3704085308877
507.2531907909705
0.0
579.5755314001354
540.6731437131243
513.422613738649
496.4903764517086
491.93739617579274
508.37123032344925
535.9854598269244
546.3711042032355
566.2533494739756
605.4251443505245
653.8376033116118
703.2603389541873
750.7972248828589
795.9363872295983
831.7540636948961
855.1790123506049
867.8950280382431
870.3062218369106
856.8493365099249
825.1535890794935
792.3667429069081
752.4001972060059
693.8580305388595
632.4601485454419
0.0
148.26820701306184
141.6812029634915
137.15516339256573
134.87867326624448
135.39054678517556
139.49900530851366
144.45609630667408
146.6787049919847
153.89881573681942
164.95797791630488
176.8388317880456
187.50735360166013
196.1687924552179
203.4158439050425
207.76676883535123
209.59873723236805
208.96563053710366
205.1804605124326
198.13546440821497
191.3868160976745
186.63178049942513
179.51943258230764
168.98561432467338
158.04768534479433
0.0
115.18501299249512
108.22083903427797
103.30415912075435
100.23291796062142
99.66716303171057
102.63064134085315
108.15348726792442
110.61856236020567
115.8854714773862
124.69508421226715
135.5252503411558
145.96477612744664
155.3670845272592
163.58400165151255
169.40319537226105
172.85160644104081
174.68357483805767
173.78106100755966
169.32237322626057
161.9810292818194
155.47484740152274
147.9449184600907
136.58940846365485
125.08572455486498
0.0
148.16044416207143
141.69467334313842
137.1012820058591
133.57204876780568
131.94213566209174
133.3161119811881
138.70425435227912
141.12891835992357
145.6818986901432
154.07393037743645
163.90729015017965
174.804808068695
184.88063424840877
194.3772351428379
201.75899014864274
206.6083182415087
209.261978354054
207.76676883535123
203.20031820306178
195.966737109611
188.39639710681524
180.3950057078158
168.93173288366276
157.54928220551017
0.0
163.85340876347308
156.56594622901164
151.58191452586135
149.0494876439534
149.61524257286428
154.154752523437
159.63718736587143
162.08879207850572
170.07671315216226
182.2943259254902
195.42792288568998
207.20101392971355
216.77843691583908
224.79329867121234
229.60221567944154
231.6227690967224
230.92231061183134
226.74650024456244
218.94716424547406
211.49805739573844
206.24461865820484
198.39140119483258
186.75301373006246
174.6566341330678
0.0
935.960736522025
894.3508071495767
865.8610043111348
851.4611942707153
854.6671387153082
880.6110445016534
911.9296217131293
925.9118509464506
971.5494164945359
1041.3258598731768
1116.3288014627892
1183.6401694931442
1238.3298146640593
1284.0886137375753
1311.6085503120016
1323.1526455148864
1319.1115388354792
1295.2420680548223
1250.7360122559508
1208.1427474345287
1178.1307945042754
1133.2879793693846
1066.7983029924962
997.7088477811612
0.0
531.5537127816461
499.38650297122433
476.7293644116056
462.53160930563365
459.90488989807824
473.57730110547215
499.090155154274
510.47260583242655
534.7596574434552
575.4266617921605
625.4016820383041
673.5582042670778
716.9596909208752
754.9191537392978
781.7251617905258
797.633652070635
806.1199762758179
801.9711068074819
781.3614623468607
747.4565764788842
717.4850347884224
682.718046166827
630.3048915721807
577.2182191588446
0.0
578.3362586913233
545.1587721994132
524.3470723621542
512.2102817348268
512.2776335244536
529.4792779233546
557.4437367390947
574.1873890833485
606.6509467339937
653.8376033116118
704.5265524455665
752.0230270801428
793.8080709846001
830.4339689099029
853.4278659444342
863.5036922948179
860.0283404900173
854.5593762366881
830.8246092525006
797.1352490477167
772.6865530515942
731.4942049749808
677.1009078615051
624.6473421667065
0.0
398.9111185803592
374.7722408506537
357.77265177408646
347.11760028581483
345.1374579531708
355.4018690988446
374.556715148673
383.0969207483202
401.3223122859338
431.8461386652986
469.34760940580077
505.4885741835802
538.0598946309117
566.5362269112791
586.66093858899
598.6091442503573
604.980622597947
601.8554999968034
586.3915314770294
560.9460292721584
538.4505349735097
512.358455670454
473.0250165562082
433.1797038997582
0.0
1036.0589511593976
990.0038042611737
958.4562307353386
942.5073292852579
946.076973607948
974.7823022569785
1009.4549977478241
1024.932436841188
1075.4462717689582
1152.6852918494567
1235.7165655585736
1310.2211040166596
1370.7568827366908
1421.4188911889291
1451.8753662441306
1464.6452637141188
1460.173105413534
1433.7442673097416
1384.4966459276545
1337.3369302877577
1304.1055620988325
1254.4807711106498
1180.8787468631904
1104.407536964117
0.0
795.5861579483641
747.4431062621495
713.5382205726006
692.2954692770762
688.3486550612545
708.8235959426222
746.9985844630255
764.0385846009564
800.3950751505362
861.2676132608912
936.0684993109535
1008.1483734666017
1073.1024297133713
1129.9069200824738
1170.0485806024205
1193.8506996399972
1206.5532450565966
1200.3434108536114
1169.4962959988527
1118.753465765227
1073.8837103985668
1021.8342551079464
943.4098432631524
863.9347433729552
0.0
557.9286695220051
524.1584873961942
500.3833093040967
485.4850956822027
482.72367277297127
497.06960176026627
523.848669199597
535.7968748609644
561.2962584758153
603.9838162418016
656.4373819598733
706.9781570728659
752.5349007852594
792.3667429069081
820.5197867506698
837.2095574444547
846.1269332708154
841.7625377591588
820.1291464623761
784.5404663812571
753.0871853190077
716.5825210277437
661.5830579007205
605.8561957234551
0.0
189.63566986993138
179.77536939219831
172.40708468846327
167.46346412425387
165.40249964560934
168.62191468706544
176.4481914454478
177.3102942223399
185.7157962892801
201.31446839606517
218.40834996724897
234.24948848100465
247.7602554274285
259.03494325459064
266.4032279350526
269.3667062209219
269.77081688886267
265.7162397755044
257.3242080882111
247.69290363780178
242.07576523938707
233.85884813840687
219.53985987937475
203.91424706759983
0.0
1813.0964292188778
1703.3669101233381
1626.1144189960282
1577.6884898104486
1568.703762473739
1615.3516050213796
1702.3701036275534
1741.2051398662777
1824.0612985003452
1962.7655530620825
2133.2329061844725
2297.490425879649
2445.516166338343
2574.9797567845117
2666.443473149193
2720.7020666989306
2749.6633318940894
2735.4925168492164
2665.204200378319
2549.5611951372334
2447.307724023094
2328.7012406125045
2149.94961804871
1968.8541539723692
0.0
573.5138712491432
548.0279579596353
530.5569064255006
521.7338233342458
523.7004952639697
539.5955152109783
558.7907723221704
567.3579186268074
595.3223773882437
638.0772869438566
684.0381411147323
725.2843707021759
758.7986162818586
786.8438972125684
803.6953123147198
810.7672490541079
808.2887035821796
793.6598972429159
766.3958969430977
740.3038176167689
721.9033114152651
694.4237854677702
653.6894293759846
611.3521008679594
0.0
1342.7789537662775
1283.0918072417905
1242.209277315228
1221.545751289473
1226.1526128434868
1263.3712059294694
1308.29484307848
1328.3656732220875
1393.8316025611139
1493.943287469525
1601.5444900873356
1698.1134711375576
1776.5648237571609
1842.2328087133142
1881.7009515697255
1898.2694891337233
1892.4637655443744
1858.2086506278956
1794.372634402341
1733.257629760892
1690.1929018069814
1625.8719529536709
1530.4748923882016
1431.3734842466135
0.0
115.41400904309195
108.42289437988494
103.50621444308817
100.42150298088545
99.85574799767055
102.81922628353998
108.35554259025822
110.83408806218641
116.1009972026401
124.93755061923778
135.7811871277734
146.23418323940714
155.66343234420955
163.90729015017965
169.7264838942013
173.17489501728514
175.0203337163717
174.11781990914682
169.64566172492766
162.2908474784167
155.77119519519994
148.227795928425
136.8453451959684
125.32819096183559
0.0
926.2081987711585
864.0290358908451
820.4793756893063
793.4309010914686
786.1569088668349
812.4106324386184
856.5529886852169
873.1484672567553
904.9250368642182
967.5083098151284
1044.895504195867
1123.8722009545381
1199.8315377613549
1271.9652931563128
1329.2143056503635
1366.6618950507054
1386.9751912366708
1390.82771311303
1369.3290251627693
1318.6670169432628
1266.2673325886244
1202.3909050844902
1108.8392839861222
1010.7212112935075
0.0
1082.396975378559
1016.8771644899142
970.7681358093399
941.8607523965316
936.4995503890907
964.3427763388065
1016.2844686077667
1039.4669506780776
1088.9300978707531
1171.7458457692812
1273.5143840229334
1371.5651044294275
1459.9441090991745
1537.2235406909847
1591.832363847781
1624.2150990653897
1641.5110360752733
1633.051652334591
1591.0780233943537
1522.042449965369
1461.0082673380398
1390.1946064953427
1283.4824475843884
1175.3828416023202
0.0
154.45110034038737
145.58760616449578
140.03781958673866
136.79146380926178
136.81840451425168
141.411795851531
148.87437302660948
153.34653113325146
162.02144031215218
174.616223048431
188.1539306765715
200.8430059617709
211.99646061259978
221.7894093007061
227.91842124132503
230.612492415234
229.6830378487152
228.22823941464924
221.8837017953227
212.88550409448177
206.35238150919523
195.36057111933647
180.83952746039333
166.8168870493425
0.0
113.75715528669217
108.70577181718832
105.24389036876158
103.49274414101839
103.8833844293122
107.03544768114159
110.83408806218641
112.53135290322301
118.08113951201099
126.56746367064768
135.68689460212593
143.8634006184693
150.5042860780194
156.06754301215028
159.40819128424377
160.82257868797694
160.32417547111558
157.4280489515997
152.01296595309597
146.84034930725883
143.1898828385681
137.7343887011235
129.6656455357705
121.2601434688303
0.0
1033.162824500243
979.4699858251118
939.3417958089358
912.3741430623054
901.139866730939
918.7321515655308
961.3119461159138
965.9996302270873
1011.8392513147226
1096.8237261937884
1189.9577667177894
1276.2353959173477
1349.8374203975388
1411.2891835992355
1451.4577848939914
1467.6222123873931
1469.8178801427398
1447.7130260392926
1401.9676977022787
1349.5410723400992
1318.9094835286608
1274.1070796723498
1196.0867789066554
1110.981069959119
0.0
307.1375840733846
291.1752123600225
279.240477078302
271.22561532292866
267.88496705083526
273.11146516095613
285.77359968686164
287.1745166566439
300.7930464307849
326.06343407261613
353.7450153424448
379.39257289292283
401.26843082165004
419.5477037459702
431.48243902769076
436.291356090224
436.93793316513535
430.364399495212
416.7728104570916
401.18760872995364
392.08164812381824
378.75946619765847
355.56351341411875
330.2661850672976
0.0
2120.7997678177717
1992.4542171600872
1902.0950700025414
1845.4387537009475
1834.9318754966546
1889.5002873748706
1991.2957666360642
2036.704336645562
2133.62354652707
2295.8739832699475
2495.275661122995
2687.4168172706945
2860.5647712416503
3011.9985119947974
3118.98007795565
3182.4389248854172
3216.3168697303377
3199.734861895301
3117.5252801499587
2982.2559661144423
2862.652676751109
2723.9214814145625
2514.8346178640377
2302.9998014115577
0.0
275.85941774484485
259.1696468105709
247.4100261461943
240.0417415200364
238.68123558058699
245.78011309478438
259.00800254960075
264.9214887649658
277.52974188089155
298.6377895351009
324.5682245228825
349.55573467310626
372.0781696767447
391.7853003068679
405.70017792123235
413.9575060292722
418.3623124238648
416.2070554738768
405.51159295527236
387.91930819050043
372.3610471683522
354.31077027135564
327.1141218154682
299.5537737219728
0.0
1341.3645664633948
1281.7313011782178
1240.8891819871947
1220.2525969689805
1224.8594585229948
1262.0376408734376
1306.9208667438681
1326.951285608896
1392.3498637478822
1492.3672555953638
1599.860695424245
1696.3219139958471
1774.6924446013313
1840.2796070003246
1879.7073385781564
1896.2624061814238
1890.4566825920754
1856.2554489149065
1792.4733139286618
1731.4256613406021
1688.414815169041
1624.1477473223094
1528.8584497785005
1429.851334154802
0.0
1325.9005978738014
1245.6576883452194
1189.1630155288235
1153.7494500883213
1147.175916317548
1181.2828574768273
1244.930288666602
1273.325798987154
1333.9154597222673
1435.347239415672
1560.0153829617377
1680.1305465034081
1788.3783260099449
1883.0614574005667
1949.9417743527845
1989.6119725160138
2010.800841905065
2000.4286677299729
1949.025789871119
1864.45889556642
1789.684950291167
1702.9493290059306
1572.2329960608902
1439.8059272124865
0.0
593.0458872619224
562.2257130656072
539.1914045430376
523.7139656436167
517.2616652043307
527.3644321123074
551.7996576589634
554.4937287785682
580.8013337836047
629.5909627309159
683.041334836164
732.5718333762765
774.8148692422883
810.0937313905722
833.1549802612768
842.4225851516553
843.6887986973386
830.9997237845098
804.7460001041181
774.6397546559753
757.0609403794582
731.3460309462607
686.5705680974906
637.7135873372794
0.0
44.10194509834836
42.17568421059379
40.81517826881708
39.764490511225326
39.27955769883564
39.683668377637176
41.28664072560874
42.01403994109019
43.36107552726888
45.86656172125393
48.78962894188082
52.03598470151495
55.026403707889685
57.85517843622733
60.050846443700095
61.50564487776608
62.28692551796694
61.842403775474416
60.481897828267286
58.32664089301899
56.07709146315412
53.69283847730902
50.284838439637795
46.90377912092034
0.0
156.25612803241432
149.29195407419718
144.14627811007674
140.87298162761002
139.71453103376757
142.24695794670637
148.0796220160709
150.8275745999596
158.07462604978423
168.41985934145845
180.1794800601391
191.8717489116158
202.4863893385237
211.99646061259978
218.54305352322922
222.51680854489112
223.93119589432027
221.2101839921483
216.41473730926202
208.31905343891916
200.37154344989943
191.5754010946654
178.8324444227594
166.27807277111748
0.0
12.62172344669907
12.05596849839392
11.65185782502278
11.38245070530457
11.288158216118397
11.490213550088766
11.96167600920775
12.190672054374161
12.76989735827734
13.605059423973385
14.561454692378966
15.504379602859213
16.366482374320906
17.13429266202683
17.659636538107502
17.982925077890496
18.09068792267469
17.8751622331063
17.48452191300587
16.837944833439884
16.191367751546586
15.477438886232758
14.453691839837056
13.429944795768668
0.0
18.14456935049719
17.336347995997194
16.74365233649599
16.366482374320906
16.23177881834066
16.514656291329576
17.201644440016953
17.511462624201915
18.360095042392896
19.558956714666014
20.91946265644273
22.279968598219455
23.519241339613952
24.623810517270492
25.378150449378392
25.849612903066962
26.01125717567366
25.687968633563358
25.135684043183545
24.192759130375983
23.276774931091794
22.253027887023407
20.771288744864464
19.316490308471167
0.0
4.997502025545282
4.714624552711519
4.539509926213496
4.431747079334715
4.431747079334715
4.579920993550609
4.822387399590299
4.9705613138061935
5.253438786950267
5.657549462803876
6.0886008509396135
6.506181882158517
6.869881490519857
7.179699676489099
7.381755013717709
7.462577148934976
7.435636437195888
7.395225369858772
7.179699676489099
6.896822201715905
6.681296508889271
6.331067256203532
5.85960480127372
5.4016127017092
