0.0
122.1830983110184
115.1647480504611
110.76941754458988
108.20547476255253
108.22910555892236
111.85643474676442
117.76413704532906
121.2969429902534
128.16169303524427
138.13389445030558
148.83865095490037
158.86992942615717
167.69603656718346
175.43512659480362
180.291257877916
182.42984603810442
181.68547561043516
180.53938133640017
175.5178344317039
168.40496087601215
163.24162907822017
154.5336759451514
143.04910273739668
131.96625327157432
0.0
124.82974898739445
119.26469339545338
115.15293259744864
112.54172821744994
111.62012665774597
113.64056081519855
118.29583018557135
120.49349545417198
126.29485911424483
134.54201144918574
143.94707350073082
153.29305849608042
161.76470356101743
169.36200864332505
174.596232887665
177.7627612617142
178.89704014539677
176.72300565750098
172.88299919789702
166.43178833740762
160.07510065195424
153.0449349853795
142.86005623067456
132.8405932019869
0.0
190.59429058836173
187.34505432519546
184.6865883106838
182.80793899933195
181.7209217814924
182.13446091377716
183.62320192576576
184.10763350459843
186.57705306460477
191.42136890514797
196.1238999570289
200.64919984032332
205.26902300308723
209.87703082771543
213.23260565627007
215.08762418691703
215.89107172299848
214.85131611878526
212.77180491035887
209.69979971134563
206.06065514881627
203.1068039577605
198.3333805637652
194.89509784609356
0.0
304.01035876233266
290.50535140234706
281.242074191681
276.56317402493835
277.6147450195039
286.0391284185979
296.2121917829504
300.74930710881404
315.5776398069877
338.23958565560076
362.60294985584613
384.46144822059455
402.2318166672547
417.09559553648563
426.02804139955043
429.7853400222541
428.4620147362828
420.7111093705269
406.26086958136415
392.425030925994
382.6773221887121
368.10892839159175
346.51036882346324
324.0729156526295
0.0
42.47637931175579
40.2668986632461
38.624557430469366
37.51390940581665
37.05310863379717
37.77384830164827
39.52252817813849
39.72339005432633
41.60203937612152
45.099399118658596
48.92759018791017
52.472211549295274
55.49695511379546
58.02545168300222
59.67960832179639
60.34127097522538
60.43579420769976
59.5260080592349
57.64735873743971
55.48513970777804
54.23270682658124
52.38950371761666
49.17571368294605
45.67835394040897
0.0
829.9849071469257
779.7576224485274
744.3941166715765
722.2166023495794
718.104841546353
739.4670929941329
779.2968216503992
797.0790054874121
835.0064541038386
898.502438041874
976.5313693971059
1051.736419481759
1119.4977644020357
1178.7520185040516
1220.6258118321705
1245.461792012029
1258.7186760701807
1252.2320191430674
1220.058672468654
1167.1138449084153
1120.313027380686
1066.0212433360375
984.1877515356089
901.2908735591292
0.0
58.32083679688612
54.79984624231419
52.30679588593803
50.747162490061584
50.46359278219511
51.96414915842778
54.764400029483596
56.016832910680385
58.67529893563547
63.141521846281194
68.62386955432693
73.90535538096314
78.66696341071444
82.83780121269794
85.77983694029783
87.51670140554894
88.45011836604867
88.00113299482494
85.7325753214498
82.01072289591171
78.7260404355799
74.90966476712407
69.16737815802502
63.33056832167329
0.0
238.80114113452916
222.76763715834173
211.5430028516403
204.5719141368276
202.69326482547575
209.46349164321393
220.84172623336354
225.1189026059571
233.30697798913596
249.44682058292852
269.40303885562025
289.76098087024434
309.35092157206094
327.9483683355074
342.70580863934987
352.35899414937916
357.5932183415024
358.5975277224415
353.04428757306954
339.988265516426
326.4714427660879
310.01258426726326
285.88552818736633
260.5887471049464
0.0
260.5296700487509
245.583183290403
236.2135675143486
230.74303520187692
230.7666660347985
238.51757140055435
251.1246080494226
258.6628361277515
273.2903069810674
294.5462197068088
317.37358128143916
338.77127890027646
357.5932183415024
374.09933845395324
384.4496328302421
388.9985635986749
387.4271148020027
384.9695106845654
374.27656951810627
359.09377469162655
348.0818176723521
329.51981718439635
305.02648353362434
281.39567442291246
0.0
1473.3218690959989
1384.1510111665325
1321.3875820047301
1282.0304690147768
1274.72854931788
1312.632367101385
1383.3475629516338
1414.906508387821
1482.2306841783588
1594.93782726025
1733.4734457135717
1866.940255648571
1987.2328891534514
2092.437251006889
2166.7561456141266
2210.839419966715
2234.3757061634747
2222.8556864713623
2165.740020790618
2071.772108425368
1988.6861838377326
1892.307928916455
1747.0493457289722
1599.900297996435
0.0
62.101766247289675
58.34446760369929
55.697816989983316
54.043660351189146
53.73645983650949
55.33153945043821
58.30902139086869
59.64416210374411
62.479859192852196
67.22965181658606
73.06646165815947
78.6905942227493
83.77121817319767
88.20199487101279
91.33307707400478
93.1880955837651
94.18058956390861
93.69615798507594
91.28581545515674
87.32765493537852
83.83029519284143
79.76579602934974
73.64541648513153
67.44232909879135
0.0
462.02957903878206
454.16051956063524
447.7093087001458
443.16037798392983
440.53735819269207
441.5416675736313
445.1335505225344
446.32690641019576
452.2936856918525
464.03819780066044
475.4518785618674
486.40475857716314
497.61757754572886
508.7949501865872
516.9003176806491
521.4256176683771
523.3633440359242
520.8348474197223
515.7896696298881
508.3577802213809
499.54348841849037
492.3833533013889
480.79244142381236
472.4743966423236
0.0
1090.6091002140622
1024.5964352068274
978.1264493399997
949.0014770316782
943.6018371657543
971.6516075943721
1024.0056652714734
1047.3647196730458
1097.2020959154306
1180.6306674498867
1283.1765633410287
1381.9769758953857
1471.0178648442761
1548.893195811626
1603.9057192943721
1636.5398670279972
1653.9557730852678
1645.4368665111383
1603.16134907557
1533.5922470294058
1472.0930666195468
1400.7516544540192
1293.2314727496405
1184.2934431586377
0.0
98.37505815704026
96.69727073231961
95.32668379094856
94.35782063850493
93.79068121755031
94.0033584997556
94.77135979167639
95.03129869272969
96.29554700083061
98.80041273711582
101.23438607906988
103.56202077208879
105.9487324638648
108.32362880706177
110.06049327753453
111.01754103440409
111.43108021890559
110.88757158909912
109.81236979294202
108.22910555892236
106.3622716431446
104.83808446532043
102.3686649262008
100.59635425856244
0.0
61.06201065351983
56.96206527719753
54.090921970037165
52.30679588593803
51.82236429666203
53.55922876713483
56.46581828190411
57.56465090576106
59.65597750976154
63.77955369289702
68.88380845538022
74.0944018511336
79.10413337592074
83.85392599965462
87.62304004926241
90.09245959360372
91.43941571249657
91.68753920753244
90.26969066820008
86.93774658902024
83.4758330540921
79.26954903927799
73.10190787099009
66.62706618280083
0.0
11.484573211409902
10.976510814276397
10.59841787132471
10.350294372111497
10.267586540955042
10.456633017913639
10.881987578669014
11.082849454334697
11.61454265828138
12.382543955423849
13.245068485040695
14.095777613861786
14.87559431180001
15.58451858407703
16.05713476211393
16.352519881219504
16.4588585197113
16.25799664352345
15.903534504774104
15.31276427700631
14.721994054460188
14.083962207844367
13.138729846548895
12.2171282920666
0.0
250.98282315632682
234.13405630592223
222.3304671409187
215.0049164022335
213.03174381141218
220.14461736710393
232.1018067111222
236.60347586592857
245.2050903813922
262.1720112397543
283.14435428373764
304.5420519547917
325.12448664719506
344.667165787602
360.1807919094662
370.33022444089715
375.8362029244261
376.8759585286393
371.0509640878616
357.3332793882323
343.1311631619871
325.82159551345467
300.4657373748392
273.88107717750506
0.0
147.1017864844276
139.45721973627687
133.73856396532102
129.89855750571704
128.3034778761233
130.80834365940356
136.869646168313
137.54312425386777
144.06522756090507
156.1642017458024
169.42108564730384
181.70910639114
192.18937021795546
200.93276957429813
206.65142534525398
208.95542928367647
209.2744451364918
206.11973215279502
199.60944423611014
192.14210855211238
187.78222434261852
181.40190587646032
170.29542562993316
158.18463595025
0.0
98.87130518366371
93.73160419790655
89.89159771741588
87.30402412856533
86.22882231674323
87.91842516314631
91.99473972743375
92.4437250986575
96.82724017762459
104.95623850982965
113.87686895643371
122.12402130703965
129.16600241618352
135.05007386093993
138.9018957108963
140.4378983365113
140.65057557172153
138.5356181922379
134.16391854017493
129.1423716354787
126.2121512251278
121.92315946218184
114.45582373118904
106.31501005040494
0.0
667.7357720592922
627.327088492507
598.8755943741735
581.034333533182
577.726020266037
594.905618464043
626.9608109738488
641.2574504273466
671.7766403637542
722.8546342118602
785.6416938932836
846.1365651310707
900.6528416446316
948.3279989461232
982.0137171521467
1001.9935662577599
1012.6628767479476
1007.4404679983936
981.5529166673191
938.9583831700689
901.3026889494815
857.6211383388253
791.7975196816625
725.0995610418704
0.0
171.12250389450267
163.65516826272167
158.36186701440297
154.28555243445052
152.39508773274628
153.99016736233997
160.2050701024809
163.00532101008838
168.2631759829164
177.9636231587887
189.31822691601678
201.90163273196347
213.53980622316638
224.51631701916693
233.0352236977303
238.63572540851186
241.7077306075251
239.9826815796214
234.7011957738719
226.3595201072448
217.59248997019736
208.35284359245287
195.11959052387292
181.9808606825457
0.0
113.68782246537661
108.72535253855077
105.20436199964387
102.49863437150579
101.24620147464395
102.2977724796529
106.43316409491416
108.28818260989618
111.78554235243325
118.2249377912402
125.77498131213822
134.14028770725338
141.86756229230443
149.15766685993245
154.81724567912624
158.53909807855595
160.5831630637084
159.425253399321
155.92789367767062
150.37465358051534
144.5614745300901
138.41746413206366
129.62680321431137
120.89521924832106
0.0
202.39787970114853
188.8101645042626
179.29876383511242
173.37924616708204
171.79598198005746
177.5264531935824
187.17963870361166
190.80696787578867
197.74261031511077
211.42484879146605
228.33269269806613
245.5949986807554
262.1956421248925
277.9573917574575
290.4699051268563
298.6461651196828
303.0887572182937
303.9276509254323
299.2251199257682
288.1659012928673
276.70495886581745
262.7509660980563
242.31031624653195
220.86535701406834
0.0
211.93291115100354
197.70716414405348
187.7349626767755
181.5436907173394
179.8777186934145
185.89175958869757
195.9939304542855
199.78667530026314
207.05314908718637
221.38523481617497
239.0847108162873
257.1504643350581
274.54273987270744
291.0488599329417
304.14032821285934
312.70649645283225
317.36176583887004
318.2361058214994
313.3208975344083
301.72998565683173
289.7373500373228
275.1216946787928
253.7121816173864
231.26291300398358
0.0
269.50937747322536
255.50812309183797
245.03967465537488
237.99769359844774
235.0674732925303
239.66366562237266
250.77014592111652
251.98713258948274
263.94432198571775
286.12183625549824
310.4143080091956
332.922653678794
352.12268602903066
368.144374562649
378.62463838946445
382.84273781029594
383.42169261638134
377.6557752317991
365.7104012259166
352.0399781921304
344.052764706026
332.36732965341344
312.00938758657264
289.8082424838707
0.0
386.1392356870885
379.5698707664249
374.1820462908536
370.3774860023068
368.17982078592297
369.0187145452782
372.0198272455268
373.0123212361138
378.0102373601051
387.81702315358257
397.36386999379
406.50899309206505
415.8904243106885
425.2245939156858
432.00663607155957
435.78756557940153
437.4062759897
435.2913185579997
431.0732191371682
424.85831634481065
417.49731933063475
411.50690921605644
401.8300928731057
394.87081965307885
0.0
1422.7046759415869
1336.6058231589172
1275.9927980698228
1237.982640937679
1230.9406597241018
1267.5329679252882
1335.826006142457
1366.297934204155
1431.3062901437504
1540.1497970296673
1673.9119912013093
1802.8062394305205
1918.9634816125536
2020.5523296319493
2092.319097103364
2134.88999981991
2157.611022724718
2146.492727140055
2091.3384185553464
2000.5961115159078
1920.357699345073
1827.299573499026
1687.0389062788847
1544.935035866232
0.0
69.30916301456911
66.2844194552906
64.14583123244212
62.491674598869615
61.723673301727146
62.3735205543604
64.89020171754973
66.0244805542373
68.15125337106835
72.0857830840334
76.6819754452058
81.77441480167157
86.48876121257484
90.94316872242483
94.39326685133555
96.66182453515403
97.90244197900336
97.20533310752211
95.0667449055603
91.67572380151502
88.13110244535159
84.39743461379605
79.03324095025954
73.70449350477531
0.0
1485.2554274504453
1385.5570439761036
1315.7161873252335
1272.3300218389045
1260.6564024899446
1302.778319746498
1373.5407774714567
1400.1608838920645
1451.1089086029447
1551.4925853443265
1675.577964060702
1802.2154693907328
1924.0322901308764
2039.7051010995938
2131.4989787158647
2191.5448644414423
2224.1199347011384
2230.311206869441
2195.833856465472
2114.6029501474
2030.5599776880183
1928.1440507774525
1778.1120443526247
1620.7781171865654
0.0
223.80739276255494
214.04786858270387
207.12404153373424
201.7952940621416
199.31405916399962
201.4053857627784
209.53438408976183
213.19715948521278
220.07372492055603
232.75165396375544
247.60361744263392
264.06247604589197
279.2925324337813
293.64824899569135
304.7901754132758
312.11572625639445
316.1329638323682
313.8644061172197
306.9642099011716
296.0467760569331
284.5976490724523
272.5104902256907
255.20092262937504
238.00950898880015
0.0
45.6901693464264
43.31527303455946
41.54296235125608
40.34960649492473
39.85335950485298
40.62136080199545
42.51182552458639
42.71268740077424
44.74493698513093
48.50223562349962
52.61399640583935
56.430372069073506
59.69142372259214
62.408966767191
64.18127744527271
64.90201712356716
64.9965403612632
64.01586178191546
61.995427608797876
59.67960832179639
58.32083679688612
56.33584883659913
52.885750712910074
49.12845206409803
0.0
364.13895242924434
345.21067437041347
331.06763514814696
321.5680498693492
317.609889349571
323.801161309007
338.8067250713337
340.46088170490617
356.6125397412678
386.5764056522949
419.3995994749081
449.80063535114135
475.7472636861947
497.4049002060852
511.55975481870405
517.2547798089549
518.0345965643317
510.2364295327327
494.120217719645
475.64092506858947
464.8416452845252
449.05626487125545
421.5618185202348
391.56250638593394
0.0
379.1681470244926
353.70595021605527
335.8765047654163
324.80547074216304
321.8279888226192
332.5800069408404
350.64576045961115
357.43961805805407
370.44837844885467
396.0759909310926
427.7530904796709
460.0800372808823
491.1781820233752
520.7048779691959
544.1348251828331
559.4712202405443
567.7892650742498
569.3607138187052
560.5582374583837
539.822202534749
518.3654278597162
492.2297530179408
453.9242114925034
413.7636514886359
0.0
270.26556339568043
258.4737896732461
250.1084832781309
243.66908780799395
240.67979044588103
243.2082870098661
253.0150727511268
257.4458494593853
265.7520788505216
281.0648431797446
298.9888118054197
318.87413763156354
337.258907107583
354.592105589037
368.0498513353962
376.899589309344
381.743905202104
379.0145467410444
370.6728711788508
357.4868797238972
343.66285635444603
329.07083177662093
308.1575657366163
287.40971537041224
0.0
112.22271228108785
107.21298075630068
103.52657457492322
101.17530902809608
100.34823071653152
102.15598763355217
106.35045624757052
108.32362880706177
113.5342222237018
120.95429625229981
129.40231048431528
137.80306310270436
145.4239990179336
152.2533028918672
156.95583383931464
159.80334636054855
160.81947113184017
158.86992942615717
155.41983126591643
149.6184676580603
143.91162722524015
137.578570424925
128.43344727443323
119.41829367890156
0.0
28.98318733167923
27.033645584222835
25.67487405931257
24.82416493571315
24.59967224749045
25.414935163480944
26.79733748998271
27.317215292089312
28.309709272232798
30.271066420484946
32.6932243511999
35.16264390076289
37.537540212629814
39.79428247998753
41.5902239701041
42.75994901962227
43.397980866238086
43.516134910747304
42.84265685652257
41.25939264861127
39.61705141583454
37.620248044308454
34.69002772272598
31.618022539377783
0.0
353.15062619067476
331.7765594047589
316.73554941915836
307.2950411965561
305.5463613357309
314.6324074300272
331.5875128980369
339.14937180928735
355.2892144552966
382.2992292274846
415.5005159591086
447.4966314127189
476.338033934849
501.5521071803688
519.357921850303
529.9327089043711
535.5686568384267
532.815667648879
519.1216137299544
496.6014527222205
476.6806806728027
453.58156480676655
418.7615676126273
383.4925850629292
0.0
64.7011552473793
61.33376495536888
58.828899192975285
57.1392963465722
56.430372069073506
57.529204692930485
60.19948611345963
60.4948712325652
63.36601453450389
68.68294657919236
74.51975642076579
79.91939629191124
84.52740406432272
88.37922593516579
90.8959071035768
91.90021649495938
92.04200134628181
90.65959901455835
87.8002711186371
84.51558865830529
82.58967771244039
79.78942684138458
74.89784936110665
69.56910191562241
0.0
219.28209277482705
209.53438408976183
202.85868049927637
199.47947478558348
200.23566070803855
206.30877860730038
213.64614484077148
216.91901188464254
227.611952998885
243.96447288010447
261.53397942969013
277.3075444526076
290.11544299855035
300.84383028384997
307.28322580620363
309.98895343434174
309.04372110959804
303.4550347369521
293.022032523763
283.0498311087017
276.0078499995578
265.50395533982083
249.9312521617612
233.74414795434228
0.0
130.4775123118024
122.58482205295076
117.0197665132264
113.5342222237018
112.8961903509776
116.25176525263564
122.51392965861962
125.30236512365799
131.2691444053147
141.25316126294513
153.51755117385974
165.33295567699895
175.99045062018416
185.31280478261223
191.89398509362826
195.7930686094277
197.87257981785407
196.85645499434568
191.7994618141588
183.4814170848867
176.1204200707108
167.5778825070092
154.7227223996568
141.69033117593472
0.0
53.60649039120451
51.267040286946504
49.61288365337403
48.33681996014238
47.73423432635717
48.242296727668005
50.1918384751244
51.06617841075867
52.708519638313724
55.745078608831335
59.30151537101219
63.24786048999466
66.89882049509325
70.33710321276487
73.0073846385157
74.75606450978424
75.7249276778929
75.18141907419479
73.52726244062231
70.90424262849783
68.1630687770858
65.26829466833391
61.12108767316361
57.00932689604555
0.0
363.04011982105243
341.07528278648226
325.6089182260277
315.9084711545889
314.11252962792054
323.44669918070105
340.8744208894077
348.64895708808507
365.2377850374364
393.01580112243175
427.150504840664
460.04459105760844
489.6776256210341
515.6006232275994
533.914500257071
544.7846723832496
550.5742206529701
547.7385235743053
533.66637674637
510.50818382413837
490.0320877493401
466.2831246828875
430.4942642788661
394.232787790798
0.0
63.42509155414766
59.15973051968979
56.1822485792593
54.327230059055616
53.83098307420554
55.6269245643221
58.65166812360062
59.78594696028818
61.95998139596727
66.24897324246
71.54227447511363
76.9537297522765
82.1525077472341
87.09134684636008
91.0140611533077
93.57800394056673
94.97222166786423
95.23216057413923
93.75523500471974
90.29332147501326
86.70143849478012
82.32973881660877
75.92578955408074
69.20282437607729
0.0
11.638173470316229
10.964695409825476
10.55115625352102
10.303032754307809
10.303032754307809
10.657494893579324
11.212818903294846
11.555465638637605
12.205312891270848
13.15054525256632
14.178485445540412
15.135533212853305
15.974426935656979
16.706982014747176
17.167782791988316
17.36864466817617
17.29775224251497
17.191413604023168
16.718797420764602
16.033503955300755
15.549072371246432
14.721994054460188
13.623161430603217
12.571590425594275
0.0
220.79446456752046
205.96613192156352
195.59220671235317
189.1409958518638
187.404131381391
193.66629573515826
204.1820058374644
208.14016635724258
215.71384065884547
230.63669658427185
249.08054306427016
267.9142978958484
286.0154976378931
303.2187266688204
316.865518869685
325.78614934239744
330.63046518294067
331.55206672697966
326.4241811524616
314.3488376960523
301.8599551073584
286.6298986672524
264.33423028508093
240.9397292947176
0.0
105.90147086590345
100.39549236670956
96.28373154781814
93.51892691570129
92.37283267299628
94.16877416311284
98.5286584509318
99.01309002976444
103.7156210137636
112.42357417294072
121.97042102359144
130.82015904975597
138.3583871280849
144.65599775734285
148.77957395092164
150.43373053227742
150.65822326227348
148.3896655993417
143.6989499378132
138.32294090481096
135.19185870181897
130.59566637197662
122.59663744330317
113.87686895643371
0.0
1021.7016613330509
953.1132379393379
905.0718029625377
875.2260911116848
867.2034314023066
896.1748033749633
944.8542700573944
963.1681469824326
998.212636906568
1067.2618613072757
1152.6163434534094
1239.7313209029376
1323.5261704782188
1403.1029195361177
1466.2444410847638
1507.5510960937002
1529.9649186404795
1534.2184638668512
1510.4931312155861
1454.6180830883468
1396.80530906351
1326.3618672958003
1223.1543088138892
1114.9133876191959
0.0
28.876848693187426
27.612600400751532
26.72644506432151
26.029336192840244
25.710320272143168
25.982074573992218
27.033645584222835
27.50626176225973
28.392417103911423
30.0347583314665
31.948853866092286
34.075626688145014
36.03698383639715
37.880186950583415
39.321666296728964
40.2668986632461
40.78677646013103
40.4913913514688
39.605236009817105
38.19920287128049
36.722277301861006
35.16264390076289
32.92953244544003
30.708236390912916
0.0
197.87257981785407
187.58136244554402
179.9013494741193
174.738017728544
172.58761407356974
175.9550043446935
184.10763350459843
185.00560426793257
193.78444979533248
210.05426183965164
227.8955226806431
244.41345823566314
258.50923589652
270.28919417638525
277.9810225381624
281.0766585700971
281.4901977023818
277.2602828911979
268.49325270193367
258.46197428289366
252.58971817627292
244.01173454594755
229.0652477353829
212.77180491035887
0.0
868.6921724142953
853.8992859393954
841.77668086936
833.2223279675227
828.2953042900791
830.1739536014309
836.9205495862477
839.1654764684746
850.3901107751761
872.4731018177038
893.9298764927365
914.5241265754923
935.61462367965
956.6224127902572
971.864284568499
980.3713762222267
984.0223360706752
979.2725432485178
969.772958178587
955.795334838988
939.2183220711222
925.7605763247628
903.9847857446981
888.3293747297381
0.0
253.27501165218013
240.11265097793134
230.28223445596583
223.66560792167587
220.9126186276947
225.22524127577893
235.65824348896805
236.81615315335551
248.04078746005695
268.8831610535137
291.7105226281441
312.8600967884972
330.9022194743464
345.9668602928685
355.8209076477556
359.7790681675338
360.32257675034526
354.89930605149993
343.68648718736756
330.83132708001517
323.32854512052677
312.34021893417383
293.21107903048505
272.35688999445927
0.0
352.44170193406273
328.7754466522937
312.21024948364726
301.9072167732014
299.1424120888679
309.13824433685073
325.9279341832765
332.2491755932392
344.3363344400008
368.15618995300133
397.6001781141385
427.646751809849
456.5590467263104
484.0062314637047
505.7820220437694
520.0313998836411
527.7586744686921
529.2356000381116
521.0475247071495
501.7765998581482
481.8321970280256
457.52790988397567
421.9280960388932
384.5914176711211
0.0
514.9035143613397
506.1364841720754
498.9527182220526
493.88390965151325
490.96550473594823
492.07615278670926
496.0815748678972
497.4049002060852
504.0569729636491
517.1484411913499
529.8736318481757
542.0789447551116
554.5678273438057
567.0330791517946
576.0718636324647
581.1052259275133
583.2674450250566
580.4553787270968
574.8194307408245
566.5368321826097
556.7182309987797
548.7428329030279
535.8285957916968
526.5535031906783
0.0
111.52560340960659
105.1216541523002
101.11623203456067
98.77678194074598
98.78859733632005
102.09691058780002
107.49655049549719
110.7221558996335
116.98432028995248
126.08218182681787
135.8535213448046
145.0222752760012
153.06856576608433
160.1341777081497
164.56495441640817
166.5144961220912
165.84101808875315
164.78944709418755
160.21688549283328
153.7184130709343
149.004066628701
141.05229936587057
130.57203553905512
120.45804928311475
0.0
474.2230765553655
445.5234588741144
425.31911714293847
412.65300343787476
410.30173799025937
422.50705084497855
445.2635199730611
455.42476789484454
477.0942198050874
513.3675117357246
557.9588484478509
600.919659359326
639.6387400692647
673.5016894438745
697.4278836266969
711.6181844625897
719.1918587641925
715.4818218073318
697.0970523313123
666.8496166863106
640.111356257745
609.0841039095834
562.3305481521306
514.9625913131017
0.0
161.31571815324193
150.49280758847289
142.90731789651764
138.1929714542843
136.92872317229177
141.50128477364603
149.181297692854
152.0760717754975
157.6056811441646
168.51129949361726
181.9926760728981
195.74580694358463
208.97906006438126
221.53883509962316
231.51103651468443
238.03313982172173
241.56594576664602
242.2394237999841
238.49394056763282
229.6678333743898
220.54634110903632
209.41623002958758
193.12278715234683
176.0377121815938
0.0
594.4684484988366
568.0373885327339
549.9361887906892
540.7910656924142
542.8351306775667
559.3058045667436
579.2029458354566
588.076314642326
617.0595019531185
661.3908997641912
709.0187954520566
751.7787444664572
786.504218433344
815.5701136332533
833.0450969033698
840.3824631368408
837.8067049592294
822.6475409656712
794.3850932496264
767.3396323063813
748.2695693544545
719.794444455416
677.5543731909053
633.6837761257437
0.0
620.3678152202635
592.7079532476589
572.267303343918
559.3058045667436
554.7096122369014
564.7527060985105
587.8872681356039
598.8165173701948
627.6106581742652
668.6337427704098
715.3400368620194
761.7863921570092
803.9319401420506
841.6821576421072
867.6524168100821
883.4377972233517
889.0382989863501
878.2390192545028
859.1807717451451
827.090133064282
795.5311875236613
760.5812208789954
709.9758432193694
660.1620977054727
0.0
1659.6271677647646
1631.3765352824214
1608.2065269176214
1591.87763823484
1582.4489451415068
1586.0408277771094
1598.9550652017408
1603.2204260273318
1624.6653856253124
1666.8581954328472
1707.8576490394198
1747.2029459079872
1787.481660494196
1827.6304045333272
1856.7553767372156
1872.9897427149108
1879.972646454559
1870.8984161161322
1852.7499549171112
1826.0471403463025
1794.3818566058105
1768.6833517814582
1727.0576808152728
1697.1647077163107
0.0
393.2757400234851
369.46769984862027
352.71345627768505
342.20956156573135
340.2600198600484
350.3740061682054
369.25502261341006
377.6794060647207
395.650636304022
425.7326562752232
462.7148725146892
498.3383171926933
530.4525867064777
558.5259878635837
578.3640521283179
590.1321950178308
596.4179902567363
593.345985057723
578.0922977846955
553.0081939897024
530.8306796677053
505.1085439582146
466.3422016868662
427.0559816134112
0.0
724.2842981154365
675.6639084892012
641.6119126078693
620.4505230571639
614.7554980669128
635.3024865360422
669.8034678251495
682.7885973830284
707.6363931098899
756.575798745591
817.0943008162992
878.8416048935096
938.2494589134569
994.6562000765056
1039.4247680616513
1068.7033402356876
1084.5832439806436
1087.607987879331
1070.7946671477666
1031.17761541341
990.2017927964089
940.2580776753354
867.0970927847015
790.3678556736527
0.0
494.09658693894016
472.13174990437005
457.09073997098614
449.4816193938925
451.18303769330817
464.87709150779915
481.4068424531717
488.79147030026905
512.871264714323
549.7116961129099
589.3051167532614
624.845853594365
653.7108868449833
677.873389148154
692.3945212794315
698.4912700638316
696.3526817992098
683.7574605406937
660.2684363752945
637.7719061482653
621.9274486788
598.2611933448143
563.1576264689168
526.6952880837741
0.0
664.8764440954892
624.6331763069381
596.3116516391312
578.5530985828234
575.2566007060308
592.3653065097054
624.266898736063
638.5162766281512
668.8936816714629
719.7589981799255
782.2743036221598
842.5092359588936
896.789204404323
944.2634998087401
977.8074333305343
997.7045744425972
1008.3266234758088
1003.1278451936594
977.3466323235396
934.9411455940951
897.439051656956
853.9465475008053
788.4064985776173
721.9921096718001
0.0
670.5832845283094
625.5665932413294
594.0430939239827
574.4531532221661
569.183482806769
588.1944687025002
620.143322542484
632.1714043330502
655.1759970240504
700.4880733831409
756.5167217416121
813.691464269685
868.6921724142953
920.9162604320029
962.3646995507846
989.469237811309
1004.179416136008
1006.9796669913989
991.4069637089059
954.7319484018533
916.7926842906409
870.5471909449423
802.809476700937
731.7752645801393
0.0
92.86907966306804
88.04839461367295
84.43288082662666
82.01072289591171
81.00641350975079
82.58967771244039
86.41786878691364
86.83140794530676
90.95498412844226
98.59955084526297
106.96485726648648
114.71576266879404
121.33238921352735
126.86199852997778
130.4775123118024
131.91899165794794
132.1198535550225
130.1348655738488
126.0231048228391
121.30875838060581
118.55576913884137
114.52671617773694
107.52018129186702
99.86379913769885
0.0
15.407287519924028
14.733809460477607
14.249377871201613
13.883100331656516
13.717684668299267
13.85946952484334
14.41479353455886
14.674732435612164
15.14734861364906
16.02168854928333
17.037813346683343
18.172092178149242
19.22366318315818
20.20434175728425
20.97234305442672
21.480405450515892
21.752159752364943
21.598559495025118
21.12594331176654
20.369757425863174
19.578125321907528
18.751047005121283
17.557691143568267
16.376150688032673
0.0
1062.2993909888246
1015.0850346421108
982.7344571124113
966.3819373356254
970.0447126788595
999.4768853452108
1035.0176222385314
1050.8975255135367
1102.6844436704716
1181.8949162018296
1267.0249060357012
1343.4114960432792
1405.4778158166544
1457.4301497518236
1488.658263631543
1501.7615475106795
1497.1653551286204
1470.072632571749
1419.5735933208614
1371.2249581426818
1337.149331846162
1286.2603846092118
1210.7953951535546
1132.3883708370954
0.0
1493.3607948400738
1426.970036767178
1381.5043602812898
1358.5233983709943
1363.651283841079
1405.040645955882
1455.0079915965766
1477.315475839051
1550.1219982880784
1661.4703704351086
1781.1486032239304
1888.5388154255663
1975.7837620123203
2048.802962114292
2092.7090056115944
2111.129220893154
2104.6661951644796
2066.585146003521
1995.5863804715143
1927.6241732886463
1879.7245230482913
1808.1822488290397
1702.1035467318898
1591.87763823484
0.0
1003.0333221752734
958.4419852020638
927.9109799275205
912.468246252204
915.9183443080116
943.7199912259287
977.2757398247751
992.2576731719139
1041.1616324799077
1115.953143066759
1196.3333403395563
1268.4663845985958
1327.0589761620597
1376.1047202064988
1405.5959702423459
1417.9666984575651
1413.630445080993
1388.0500941601647
1340.3631215727542
1294.7202142315793
1262.546867557166
1214.4936171377965
1143.2349123392194
1069.2114026996587
0.0
357.6995569591075
342.0914075577739
331.0203734823039
322.50146685595723
318.54330633617906
321.8752504362455
334.8721954366937
340.72082065817625
351.72096228709825
371.9961964648221
395.7215287505699
422.03443470871497
446.3623526334698
469.29605282570526
487.11368283377504
498.82274877152594
505.23851340874137
501.6229996269168
490.5874117747206
473.1360592853092
454.83399764619
435.5276266783482
407.8559492109579
380.38513369285874
0.0
193.22912582216867
183.18603190834273
175.6832500532878
170.63807236788674
168.5349303265388
171.8314282033314
179.78319541394507
180.66935078692677
189.2355190268998
205.1390536047773
222.5549598709148
238.68298707435494
252.44793333539386
263.94432198571775
271.4589192311251
274.483662816512
274.8972020010134
270.76181036486554
262.2074575152449
252.40067177398424
246.67020050824257
238.29307867055826
223.7010540927331
207.78570422893662
0.0
276.7758513123653
262.3846885271812
251.64448585152914
244.41345823566314
241.41234548319784
246.11487653507876
257.52855729628556
258.78099013570903
271.05719548919274
293.8254800076277
318.7796144043108
341.89054571291604
361.6104558652593
378.06931436408394
388.83314792487425
393.1575860155275
393.7483562119654
387.8288385439349
375.57626402337274
361.52774802835904
353.31604186447527
341.32340629718306
320.4219556475309
297.61822490582205
0.0
374.3120157413802
354.85204449009024
340.31909686402713
330.5477572938236
326.48325820865705
332.85176123224613
348.27086417907424
349.97228237405636
366.5847412085459
397.3756853841424
431.10866536044216
462.3722257767356
489.03959381096996
511.2998159698675
525.8563943244187
531.7050195981178
532.5084670819826
524.4976228151735
507.92061025617454
488.93325514114815
477.826774894621
461.6042244639282
433.3299614097476
402.50357095866036
0.0
49.76648391071384
47.59244947503476
46.056446885971496
44.86309102964015
44.31958241549871
44.78038319796153
46.58814008887385
47.40340300486434
48.9394055939276
51.75147187100084
55.05978514336749
58.71074514846606
62.101766247289675
65.2919254751471
67.7731604307275
69.40368625748683
70.28984159391683
69.79359460384511
68.25759200956017
65.82361867804944
63.28330670282527
60.589394470261254
56.73757258897482
52.92119692574068
0.0
20.712404153373427
19.79080259889113
19.105509138648955
18.668339168220985
18.51473891088116
18.857385643613082
19.625386940755554
19.991664475078977
20.948712242391874
22.31929917331956
23.878932569196003
25.43856597029412
26.844599108830735
28.097031990027528
28.9713719256618
29.491249727768395
29.68029619793882
29.325834059189475
28.687802217795326
27.612600400751532
26.561029400964262
25.391304351446095
23.701701505043005
22.03572946545309
0.0
553.3390252850869
519.8423534291356
496.2706213746193
481.489550290072
478.7483764908767
492.9859389403958
519.5469683570251
531.3978190312215
556.6827848277227
599.0173792672692
651.0406053879024
701.1733668590481
746.3436584294762
785.8543711807107
813.7741721065852
830.3275538326625
839.1654764684746
834.8410383778213
813.3842637550052
778.0916504246023
746.8871670122877
710.6965829707675
656.1448601817158
600.8723977456996
0.0
62.019058420832714
59.31333077702962
57.38741983638641
55.91049426696692
55.22520080672474
55.80415562847511
58.06089789583282
59.07702268801116
60.97930281661953
64.50029337119146
68.6120541483095
73.17280030187294
77.39089971748281
81.37269104929588
84.45651163343983
86.48876121257484
87.59940923722758
86.97319280185084
85.05909726200338
82.03435370272487
78.85600988088487
75.51225040090928
70.71519615310572
65.95358812335444
0.0
179.96042653031478
169.06662351899783
161.39842593792554
156.60137171100862
155.70340099989122
160.3350395530075
168.9721002917451
172.82392219391824
181.04744369593757
194.81239000919325
211.74386474871486
228.03730757373887
242.73567082138584
255.57901553838582
264.6650616326821
270.0528861082535
272.9240294101922
271.51799628732056
264.53509218215555
253.06233436475318
242.91290188553887
231.14475894380934
213.39802138228734
195.42679109076929
0.0
165.78194108477436
154.65183000532562
146.86547841629584
142.0211625235359
140.709652627917
145.4121836275812
153.3166892767852
156.28235585819334
161.9773807962276
173.17838432222425
187.02603842016347
201.15726225207754
214.75679283931586
227.67103000286372
237.91498576154748
244.61432013273773
248.2534647474839
248.95057361374344
245.09875171157034
236.03633645019562
226.65490528378876
215.21759363744368
198.475165456861
180.9056588550586
0.0
85.94525260365508
81.47902968778769
78.14708560860785
75.90215874726758
74.96874178676785
76.43385195016992
79.96665790553759
80.36838166313497
84.1729419203517
91.25036924232614
98.98945922817293
106.17322515208748
112.29360472763572
117.40967491702307
120.75343440744197
122.08857508376569
122.27762159048783
120.43441845019322
116.62985816164644
112.2699739312659
109.71784654480263
105.99599411404284
99.50933700417117
92.42009429184432
0.0
638.5162766281512
601.8885225692079
578.9193761014818
565.5207073591014
565.5797844152967
584.5789548684588
615.4644223235248
633.9437150790137
669.779836992228
721.8739556116258
777.8435269139015
830.2921076616052
876.4076315567771
916.863576684972
942.2312502139399
953.3731769448246
949.5213548337846
943.4954985481493
917.288931259826
880.0822223947973
853.0958384033141
807.618346370423
747.5724604881948
689.6533474280194
0.0
763.0033788253754
716.828777874008
684.3127845660744
663.9312117707454
660.1502823151202
679.7874846305631
716.403423351371
732.7441277900211
767.6113865977868
825.9913004038734
897.722621338714
966.8545533152386
1029.145366027477
1083.6261965788476
1122.120784297707
1144.9481457679037
1157.129827528618
1151.1748640028306
1121.5890913663316
1072.921440022036
1029.8897364551465
979.9814677139967
904.7646024478579
828.5552431911324
0.0
1311.6989504280773
1223.6505556264242
1161.9741438391115
1123.656786714455
1113.353754212876
1150.5486475309021
1213.0403224535153
1236.5529769296688
1281.5460378014611
1370.1970182421212
1479.7848953468406
1591.6295148285724
1699.2087729625468
1801.3647603454585
1882.4302508852963
1935.4577865957356
1964.2282960447174
1969.6988291926568
1939.2387156858438
1867.507395012087
1793.283023632102
1702.8361018736402
1570.3381554096065
1431.3771826947316
0.0
1371.130434915429
1310.1865782698667
1268.430938845272
1247.328626402979
1252.042972688562
1290.053129298539
1335.9205298918769
1356.4084405737767
1423.2599997058842
1525.4868796397775
1635.3701420254745
1733.9696925261067
1814.0781357163655
1881.13055638003
1921.432901120343
1938.3407447658594
1932.4212277244299
1897.447630507926
1832.262043190877
1769.8648918610334
1725.8879558127494
1660.194307128281
1562.788111784275
1461.5891717509423
0.0
109.19796871658768
103.51475917412746
99.28484431594848
96.42551644613559
95.24397598015663
97.09899446380864
101.60066360817163
102.09691058780002
106.94122647011666
115.92093390503445
125.76316592178581
134.88465818713934
142.65919438581673
149.15766685993245
153.39939711368552
155.11263075123676
155.34893887158526
153.00948876210558
148.17698831191473
142.6355635528952
139.39814273229808
134.66016550935998
126.41301312220234
117.42149030737549
0.0
1539.8425966716377
1471.3841426762347
1424.5006172593885
1400.8107314057816
1406.1040326541001
1448.7812736749502
1500.296437227179
1523.3010303359129
1598.3761102390054
1713.1863960410622
1836.5864814903973
1947.320452399201
2037.2829429443473
2112.5825160996023
2157.8473305317666
2176.8465012982288
2170.182612993662
2130.9082081539095
2057.711777196652
1987.6227976616817
1938.2344064615552
1864.4708356186138
1755.0838205676193
1641.4314441688664
0.0
2.504865761871417
2.3512655029650906
2.2449268618624534
2.174034434634752
2.1622190301838295
2.233111457411532
2.3512655029650906
2.398527121290947
2.51668116632234
2.7057276391036007
2.9420357296885524
3.166528415822581
3.3792056980278544
3.556436765836026
3.68640621531834
3.757298642546042
3.792744856943144
3.7809294519700547
3.6745908108674175
3.520990551961092
3.3792056980278544
3.213790034148438
2.965666539112564
2.717543043554523
0.0
133.70311774204708
124.72341031757261
118.43761507866714
114.53853157331102
113.48696057352373
117.27970546649642
123.64820843786879
126.04673560354394
130.63111254303388
139.65808163335143
150.8354543264265
162.2373196972809
173.20201510292904
183.6113864831966
191.8821697032758
197.28180951698286
200.21202992733376
200.7673539004976
197.67171792077954
190.35798252022997
182.78430821862713
173.5682926738042
160.06328526160183
145.8966152064138
0.0
2059.531349712892
1967.9737793815023
1905.2694276936293
1873.5805127546985
1880.6579402437667
1937.7381596490202
2006.6455991044152
2037.4129119249233
2137.8202198647436
2291.385033017747
2456.4226034659846
2604.5405146694875
2724.868594449859
2825.57128714849
2886.11342020877
2911.5165397521446
2902.607724669784
2850.0882518932667
2752.1739941375067
2658.4423901014725
2592.3942786620964
2493.723835610483
2347.413680801834
2195.408501681751
0.0
417.402796103382
398.84079556320944
386.1392356870885
379.71165560730395
381.14131956309706
392.70860060775215
406.6744087658657
412.9129423389281
433.2590689631997
464.3808445386141
497.830254780939
527.8531976959448
552.240192676895
572.6453963573621
584.9216016064124
590.0613025712828
588.2653611490481
577.6196815962153
557.7698019933454
538.7824469305357
525.3955935785076
505.3921136921895
475.73544829584216
444.9326886254599
0.0
508.3695956117334
474.2467073360703
450.34414393395275
435.49218040285757
431.49857371202205
445.91336727791105
470.1349465850606
479.24462346006175
496.684160506904
531.0433569029155
573.5079208452056
616.8586401082606
658.5552026855265
698.1486233258779
729.5657839734029
750.1127724425323
761.2665143549026
763.3814717866029
751.5778826215993
723.7762357558992
695.017541122886
659.9612358606148
608.611487721103
554.7568738505277
0.0
130.05215773694852
124.27442496201392
120.30444899966656
118.30764568035721
118.7566309836992
122.3603293751714
126.70839829874629
128.65794000442932
134.9909968569612
144.69144398061675
155.11263075123676
164.47043118915548
172.06773627146316
178.42442395691654
182.240799583599
183.84769460354514
183.29237057816462
179.9722419206672
173.79278535158352
167.87326768355317
163.702429876348
157.46389630328557
148.2242499255411
138.63014141949063
0.0
101.03352418721703
94.92496005423791
90.61233739571033
87.91842516314631
87.42217817307457
90.02156716794255
94.86588302937244
97.02810206947746
101.6479252583497
109.37519981207072
118.87478504387344
128.0317235847176
136.27887591965853
143.486272702603
148.5905274441995
151.61527097736965
153.22216604953252
152.4305339038035
148.51963504986836
142.08023957973137
136.37339919912796
129.76858805519038
119.80820197826476
109.71784654480263
0.0
129.9576345096958
124.28624035236633
120.25718738604021
117.16155140632218
115.73188739831231
116.93705872854282
121.66322050891182
123.78999338318127
127.78360007401673
135.14459708819263
143.76984238436108
153.32850466713765
162.16642725073305
170.496287474791
176.97112916820188
181.22467481230737
183.55230953143462
182.240799583599
178.23537745019442
171.89050520731016
165.25024784009864
158.23189756387632
148.17698831191473
138.1929714542843
0.0
143.72258082295144
137.33044696644086
132.95874726216115
130.7374512128557
131.23369818204077
135.2154895347405
140.0243591520098
142.17476275476739
149.181297692854
159.89786964001797
171.41788901882992
181.74455261441395
190.14530523280303
197.17547095159446
201.39357037242598
203.16588101395604
202.5514799845967
198.8887045891457
192.0475853770764
185.51366662747
180.9056588550586
174.0172780293629
163.80876849395312
153.198535216611
0.0
820.9697534469606
784.4719688385438
759.4823882185867
746.8517207890137
749.6637870869737
772.4202562150562
799.891071785372
812.1554616440696
852.1860522496274
913.3898477440265
979.1780202823487
1038.2195965747705
1086.190138948373
1126.3270681193192
1150.4659400595185
1160.5917417058117
1157.0471204227515
1136.1102231843086
1097.0721269348546
1059.7118176297274
1033.387096333447
994.0536145941488
935.7327777398243
875.1315678844322
0.0
466.2476784596135
438.03249240941176
418.1589819736203
405.70554560820034
403.4015417219946
415.3941773415035
437.77255350835844
447.7565703137722
469.05974470535676
504.7304510492039
548.5656018910917
590.805673051169
628.8749065084744
662.1707164673512
685.6833715178886
699.6373642856498
707.081069136726
703.4419245219798
685.3643556128568
655.624982379609
629.3357072543855
598.8401481508995
552.8664091488233
506.30189984587605
0.0
507.28257839389374
478.18123707514377
459.9264370496508
449.2807575490347
449.3398345530134
464.42810615224045
488.9568859740697
503.6434337791476
532.1185587826194
573.5079208452056
617.9692881590219
659.6304045130136
696.2817894048785
728.4078743612322
748.5767698691342
757.4146925049461
754.3663180866379
749.5692638597209
728.7505210991857
699.2001943204435
677.7552350879799
641.6237279982216
593.9131244734562
547.9039391958892
0.0
349.90138997972525
328.7281850386673
313.81714450359334
304.47115956046053
302.7342950899877
311.737633295167
328.53913858416183
336.0301049966477
352.0163474114255
378.790054063265
411.6841402802094
443.38487066170916
471.95451884021696
496.93228406982155
514.5844984040909
525.0647622309065
530.6534486035523
527.9122747521402
514.3481903359591
492.0288911730829
472.29716557817056
449.4107269995614
414.90974576267087
379.9597791180049
0.0
908.7700245812624
868.3731564570464
840.7014790940894
826.7120400508378
829.8431222538298
855.0217493282923
885.434600594878
899.0105004536282
943.3182674317794
1011.0677968050535
1083.8979505569532
1149.2489530778523
1202.347381130406
1246.785117715734
1273.499747363595
1284.7007510984583
1280.7780369063873
1257.5962129423676
1214.399093388377
1173.0333624720126
1143.884759330769
1100.3568093168612
1035.7974387328243
968.7213872362381
0.0
697.8414227589816
655.6131669892568
625.8737937037923
607.2409007692888
603.7789872709122
621.7384021720778
655.22325858546
670.1697453960245
702.0595221798131
755.4533353044774
821.0642767264299
884.2885064252764
941.2623871084913
991.0879482216075
1026.2978536628934
1047.1756731663238
1058.3175996883415
1052.870698469875
1025.813422188494
981.3047931566181
941.9476805321818
896.2929574351376
827.5036721443503
757.7927854139572
0.0
489.38224054892356
459.7610213758502
438.90683239204105
425.8389948928283
423.416836998665
436.0002428668285
459.4892670322278
469.9695308590433
492.3360916355458
529.7791086731397
575.7882939507065
620.1196917617792
660.0793898685724
695.017541122886
719.7117365662991
734.3510228099673
742.1728206222712
738.3446295530196
719.3690898805622
688.1527910778952
660.5638214474051
628.5440751608731
580.3017784436486
531.4214499163598
0.0
166.33726511015493
157.68838898106492
151.22536267800643
146.8891091970007
145.08135227997997
147.90523402050903
154.76998406549987
155.52616993573824
162.89898234026654
176.58122081662194
191.57496913637945
205.4698849001618
217.32073562657487
227.2102292569526
233.6732555600111
236.27264451832738
236.6271066466334
233.0706699210042
225.7096728546116
217.26165862259612
212.33463494515263
205.12723816220816
192.56746312696626
178.8615938699061
0.0
1590.3416354003582
1494.093349981824
1426.3320048526807
1383.855625363388
1375.9747507037555
1416.891496682295
1493.2190102602783
1527.282821479746
1599.9593749481974
1721.6225949871587
1871.1465395223997
2015.2235826303072
2145.0630631320455
2258.6209157813782
2338.8475128751616
2386.4399622353194
2411.843082300861
2399.4132766117127
2337.760495500672
2236.325247660291
2146.634511719851
2042.599874868937
1885.80945691229
1726.9631581101874
0.0
503.0526635827098
480.69791819655967
465.37333852920096
457.63424850158077
459.3592975817012
473.3014749591098
490.138426419162
497.6530237167861
522.1818034863986
559.6838975279712
599.998057815287
636.1768265186716
665.573552961749
690.173225230126
704.9542963146733
711.1573837166784
708.9833492809995
696.1518199543518
672.2374411096652
649.3510025832728
633.2111599372635
609.1077347425048
573.3779513946788
536.2421349239816
0.0
1177.8067857093574
1125.4527281366898
1089.5929758082875
1071.4681450766714
1075.50901343335
1108.1549759307263
1147.5593501687893
1165.164302889432
1222.587169450373
1310.3992559228109
1404.7807069503951
1489.4853420005456
1558.2982582286882
1615.8983556449152
1650.5174906286798
1665.0504385158263
1659.9579987990653
1629.9114255210889
1573.9182229681576
1520.31173281715
1482.5378845363884
1426.1193277219038
1342.4426330944807
1255.516701942808
0.0
101.23438607906988
95.10219111839089
90.789568465085
88.08384082650356
87.58759383121016
90.18698283652145
95.04311409874713
97.21714856053457
101.8369716971901
109.58787709949766
119.09927772165278
128.26803165284937
136.53881482071182
143.76984238436108
148.87409717817437
151.8988407635612
153.51755117385974
152.72591902813073
148.80320473162644
142.35199387113707
136.63333810018125
130.01671151367458
120.03269465604413
109.93052383745123
0.0
812.4154005973398
757.8754932508574
719.676290395242
695.9509580572774
689.5706395911192
712.598863062824
751.317943720546
765.8745221273141
793.7470613873455
848.6414309143508
916.5209299470184
985.7946469732889
1052.4217129576662
1115.6932041134887
1165.9086731082343
1198.7554984948033
1216.573128137356
1219.9523336421819
1201.0949484998496
1156.6572119145217
1110.6952883550146
1054.6666398398932
972.6086550483847
886.545248645639
0.0
949.4150162161795
891.9448885115629
851.5007587737202
826.1449006873216
821.4423696354406
845.8648108396649
891.425010709456
911.7593218911587
955.1454873774878
1027.7865945704486
1117.0519755183004
1203.0563050737178
1280.5771748526631
1348.3621506580778
1396.2618003762652
1424.6660330376228
1439.8370123170998
1432.4169381945117
1395.6001377854961
1335.0461896481638
1281.5105915259708
1219.397009877885
1125.795375135727
1030.9767539340692
0.0
135.4754284357938
127.70089223711642
122.83294556365166
119.9854330946345
120.00906387533931
124.03811684166543
130.58385092940753
134.50656527812853
142.11568580300533
153.16308904555373
165.0375706048884
176.16768163212043
185.95083659267632
194.54063571778758
199.9166447507898
202.27972564097428
201.46446276675715
200.1883990421955
194.6233435546878
186.73065329583622
181.00018213452796
171.35881201485117
158.62180591545626
146.3219697812677
0.0
99.78109134257194
95.35031459254009
92.31375564813082
90.77775305906756
91.1203997917995
93.88520445524638
97.21714856053457
98.70588948897642
103.57383617288453
111.01754103440409
119.0165699369692
126.18852044442299
132.01351488520064
136.89327694901783
139.823497307152
141.064114756223
140.62694479101668
138.0866328366792
133.3368402233887
128.7997248975251
125.59775024798523
120.81251141142076
113.73508406333792
106.3622716431446
0.0
906.2297126269252
859.1335101315187
823.9354200283685
800.2809801369519
790.4269327298481
805.8578510670286
843.206344825153
847.3181055761628
887.5259271936569
962.0693145308908
1043.7610213337903
1119.4386874502736
1183.9980578776606
1237.8999338318124
1273.1334695316364
1287.3119551860436
1289.2378665287554
1269.848787254063
1229.7236733690356
1183.7381188721736
1156.8698890452984
1117.5718535292742
1049.1370306278761
974.4873044641699
0.0
269.40303885562025
255.40178447423284
244.9333360377698
237.90317037119507
234.9729500130609
239.55732695255077
250.66380730351145
251.8926093100133
263.8379833158959
286.00368224754067
310.284338558669
332.78086883791497
351.9690857455825
368.00258972176994
378.471038158233
382.6891375790645
383.2562769947975
377.4903595579985
365.5686163850375
351.89819335125134
343.91097986514694
332.22554481253445
311.87941813604596
289.69008847591317
0.0
1860.2409210685137
1747.6637464450312
1668.406013344381
1618.7104212640581
1609.4944063458356
1657.3586097885325
1746.64762214369
1786.4773507477394
1871.4891866780872
2013.8057342215168
2188.709167101694
2357.2440974804495
2509.119307619956
2641.9480851182907
2735.7860285029637
2791.4483989772602
2821.164141743103
2806.619378256737
2734.509964673969
2615.859672307875
2510.9506952132483
2389.2638439758484
2205.8651346756455
2020.0560828194148
0.0
241.96766950857835
227.32838326491014
217.01353516411197
210.5505088610535
209.3571529733921
215.58387120831884
227.18659842403108
232.3735610547446
243.43277968764545
261.9475186141916
284.6921723519217
306.6097477728656
326.3651040962661
343.6510409640936
355.8563538710295
363.0991968250312
366.9628341175567
365.07236941585245
355.6909381972289
340.2600198600484
326.61322765918374
310.7805855800708
286.92528379157966
262.7509660980563
0.0
1176.5661681558531
1124.259372718979
1088.4350658306
1070.333866140772
1074.374734445234
1106.98525098042
1146.3541792040758
1163.9236853359278
1221.2874749451064
1309.0168532673438
1403.3037815898422
1487.9138934127407
1556.6559170899015
1614.1851214329802
1648.7688106634212
1663.2899429513486
1658.1975037567547
1628.1981913091531
1572.2522511530997
1518.7048374316869
1480.978251025635
1424.6069555636932
1341.0247846856903
1254.1815606398836
0.0
1163.0020837396721
1092.6177191325912
1043.0639123630974
1012.0012137916615
1006.2352965637297
1036.15190070448
1091.9796871658766
1116.8865600533668
1170.032249876197
1259.0022462741058
1368.3538145274429
1473.7117770820616
1568.6603679953296
1651.7108463074744
1710.3743304219195
1745.17069626097
1763.756327842931
1754.6584663060653
1709.570882207021
1635.3937727017455
1569.8064623215812
1493.7270726720328
1379.0703865268235
1262.9131448669575
0.0
520.1850001670894
493.15135456197976
472.94701283080377
459.3711130242703
453.7115342572932
462.57308767381016
484.0062314637047
486.3693124061059
509.4447974392205
552.240192676895
599.1237178848745
642.5689603751822
679.6220690089795
710.5666134680239
730.7945860321214
738.9235843591049
740.0342323576492
728.9041213304173
705.8758978587123
679.4684687255311
664.0493657787031
641.4937585999116
602.2193538645926
559.3648816229392
0.0
38.68363445533481
36.99403160893172
35.800675747378705
34.87907419289641
34.453719628485864
34.80818176723522
36.2142149109935
36.85224675238765
38.03378720792325
40.23145244519384
42.79539523767454
45.64290772757837
48.26592753448118
50.747162490061584
52.67307342548314
53.94913711871477
54.634430584178624
54.24452222737699
53.051166371045646
51.16070164845471
49.18752908896347
47.096202490184695
44.1069051385151
41.14123860410204
0.0
137.05869262281843
130.95012850028263
126.43664395512386
123.56550065318518
122.54937588189354
124.77067193119898
129.88674206314792
132.29708461917548
138.65377225241212
147.72800290413932
158.04285110937093
168.29862225840708
177.60916103048268
185.95083659267632
191.6931231965537
195.17866752785173
196.41928502913942
194.03257335825006
189.82628927555422
182.72523116243164
175.75414249983564
168.03868330513706
156.86131061206197
145.84935359278745
0.0
11.071034049883776
10.574787062422864
10.22032492315135
9.984016834132902
9.901309002976443
10.078540069740283
10.492079231266406
10.69294110693209
11.201003498843923
11.933558578978454
12.772452301782124
13.59953061856837
14.355716509693416
15.029194569139834
15.489995351602653
15.773565059469126
15.868088291943504
15.67904182177308
15.336395089041158
14.769255673308207
14.202116252353589
13.575899811755194
12.677929069307748
11.77995832163863
0.0
15.91534991079153
15.206425638514508
14.686547841629585
14.355716509693416
14.23756246518419
14.485685960220064
15.088271594005281
15.360025895854335
16.10439638096195
17.15596739119257
18.349323247523913
19.542679109076932
20.6296963216948
21.598559495025118
22.260222148454115
22.673761306847233
22.81554615816964
22.531976450303166
22.047544871470514
21.220466549462593
20.417019044711193
19.51904829182041
18.219353796997265
16.943290103765626
0.0
4.383515083666606
4.135391588108565
3.981791329202238
3.8872680930726915
3.8872680930726915
4.017237542555006
4.2299148242381115
4.359884274242593
4.608007769278467
4.962469905939145
5.3405628509795
5.7068403915689325
6.025856314354676
6.297610618292394
6.4748416866227325
6.545734113850435
6.52210330494859
6.4866570910736545
6.297610618292394
6.049487123256521
5.860440650997427
5.553240132662606
5.139700973747316
4.737977219282948
