0.0
107.19743915000001
104.51233952000001
103.324699312
102.885788787
104.3316117
108.63035287
114.37491706
119.24166013
123.74694745000001
124.77967807
121.82348667
119.79675281
117.07292581
115.05910107
112.02545484
112.32236486000001
113.17436766
116.40165093
122.08166932
123.07567257
124.27622189
122.04294195
117.60220023999999
112.28363748999999
0.0
116.51783304
115.23982889
115.16237415
115.91110387
117.96365598
121.70730447
126.69022973000001
131.81515554
135.04243872
134.88752914
132.29279339
128.83314579999998
125.25731601
122.67548946
120.41639119
119.13838705
119.6805706
122.58512551
126.66441148
128.61369052
128.949328
127.21950425
122.80458078999999
118.64783998
0.0
182.80623022999998
182.12204622
182.08331885
182.40604712
183.30968640999998
184.60059969
186.16260483000002
188.18933869
188.34424826
188.07315649
187.29860852
185.99478604
184.67805452
183.45168686
182.70295715
182.09622797
181.92840919
181.99295489
184.04550701
186.49824222
187.35024502000002
187.32442677
185.98187691
184.27787141
0.0
237.43768042
231.69311631000002
228.11728652
226.47782664
227.42019339
231.48657024
238.78023028
245.64788895
253.65155133
260.44175518
263.97885759999997
264.23704025
261.84885065
259.79629854
257.57592773
256.23337786999997
255.74283081000002
258.51829439
266.19922841
268.84560066
268.16141665000004
263.68194757000003
254.59391799
243.65988246
0.0
32.660106104
31.446647619
30.736645311
30.413916993
30.465553524
31.123919292
32.324468653
33.486290607
34.93211348
36.197208505000006
36.829756017
37.075029539
37.191211733
37.333212193
37.346121325999995
37.294484794999995
37.100847804
36.920119946
37.836668378
38.417579351
38.340124554
37.720486183999995
36.261754169
34.260838579
0.0
690.8451534799999
674.81201048
668.09926138
671.71381854
684.82949751
710.57030848
750.16261888
789.90983894
818.8908421599999
830.0701513
823.77049434
807.0015307799999
786.06291738
765.12430379
748.52315907
740.7002244700001
744.08241734
764.0141184500001
794.07948887
804.94897866
808.26662584
793.4340322200001
760.2188333700001
724.21526188
0.0
48.551248634000004
47.415244946
46.950516168
47.208698822
48.125247255000005
49.932525852999994
52.720898547999994
55.509271242000004
57.54891423
58.336371334999995
57.884551689000006
56.709820594
55.238179455
53.766538307
52.604716353
52.049623636999996
52.294897168
53.689083511
55.806181295
56.567820133999994
56.800184531999996
55.754544764
53.417991723
50.887801683
0.0
179.06258174
173.35674501
170.37473536000002
169.91000653999998
172.15619569
178.17185157
188.40879388000002
199.31701117
207.24321871
210.79323025
210.28977407
206.92049044
202.36356652
197.76791524
194.55354118
193.63699268
195.54754434
201.08556238
210.59959331
214.66597016
214.42069663
209.76049963
200.36265091
189.48025196
0.0
228.59492446000002
222.86326947999999
220.33307943
219.37780365
222.4759955
231.62857069999998
243.87933773999998
254.27118972
263.88849364
266.07013708
259.78338942
255.45882991
249.63681097
245.35097893
238.88350336000002
239.51605087000002
241.33623856999998
248.21680637
260.31266385
262.44267079
264.98576997
260.24811823
250.77281467
239.42568691
0.0
1226.3418023
1197.8642554
1185.9620349
1192.3649649
1215.6401308
1261.3513705
1331.615781
1402.1771009000001
1453.6329042000002
1473.4871505
1462.2949327
1432.5264716
1395.3481692
1358.1827761
1328.7241347
1314.8339075
1320.8366546
1356.220588
1409.5869431
1428.8860966000002
1434.7726608
1408.4380304
1349.4949299
1285.5689039
0.0
51.688167921
50.487618569
49.984162384
50.255254171
51.236348267000004
53.172718202
56.128909622
59.110919307
61.279653631
62.105838125000005
61.641109347000004
60.388923464
58.814009254000005
57.252004177
56.012727427
55.418907313000005
55.677089967
57.161640248
59.420738492
60.234013862
60.47928739300001
59.369101961
56.877639328
54.192539696
0.0
443.14471241999996
441.50525253
441.41488857999997
442.18943654
444.37107998
447.49509016999997
451.30328437
456.2087548
456.58311966
455.91184476999996
454.04002049
450.87728292
447.70163624
444.71962659
442.88652976
441.44070682999995
441.0276146
441.19543329
446.17835856
452.10365057999996
454.16911181
454.11747532000004
450.86437379999995
446.73345133
0.0
907.7702217799999
886.7025170000001
877.8855792300001
882.6361402099999
899.8569234400001
933.6917606000001
985.71556592
1037.94591743
1076.0278597000001
1090.718453
1082.4436982
1060.4078083
1032.8855373899999
1005.36326621
983.57264996
973.28407103
977.72481276
1003.91744319
1043.4322989
1057.7097998
1062.0730869
1042.5802966
998.93451796
951.6225461700001
0.0
94.352851977
94.004305394
93.978487136
94.146305853
94.61103463699999
95.282309544
96.08267578099999
97.128315539
97.205770343
97.063769884
96.676495894
95.99231185800001
95.321036941
94.688489431
94.301215451
93.991396265
93.90103232300001
93.939759739
94.998308626
96.250494508
96.702314162
96.689405033
95.99231185800001
95.114490817
0.0
45.788694205
44.329962199
43.56832336
43.43923203200001
44.020143014
45.556329816
48.176883785
50.96525648
52.991990335
53.895629634
53.766538307
52.914535538
51.739804452
50.565073364999996
49.751797995000004
49.519433606
49.997071517
51.417076134
53.843993103
54.889632862
54.825087199
53.63744698
51.236348267000004
48.447975572999994
0.0
10.714580265
10.598398071
10.598398071
10.662943733999999
10.856580724999999
11.192218175999999
11.656946963
12.121675739999999
12.418585802
12.405676669
12.173312271
11.850583953000001
11.527855635
11.282582105
11.076035981
10.959853787
11.011490318
11.282582105
11.656946963
11.837674821
11.863493086
11.708583493
11.295491237
10.921126389
0.0
188.18933869
182.19950096000002
179.06258174
178.57203468
180.93440603
187.25988106
198.01318877
209.48940786
217.80288937999998
221.53362884
221.00435431
217.48016110999998
212.69087279000001
207.84994797000002
204.48066433999998
203.51247934
205.52630408
211.33541381
221.3399918
225.61291481
225.35473216
220.44926163
210.58668418
199.14919247
0.0
113.09691291
108.90144474
106.43580030999999
105.31270572999999
105.49343364
107.76544104
111.94800009
115.97564948
120.94566563000001
125.34767996000001
127.54223253
128.39423532
128.79441843
129.28496549
129.34951111
129.13005591
128.45878094
127.82623343
131.04060757
133.0415231
132.78334045
130.64042438
125.55422603
118.66074911
0.0
76.00897420800001
73.194783247
71.542414241
70.780775402
70.896957596
72.433144408
75.247335368
77.94534413599999
81.288809543
84.245000961
85.716642106
86.29755308
86.55573574
86.89137319299999
86.9301006
86.788100131
86.336280477
85.9102791
88.07901342000001
89.421563234
89.24083536900001
87.807921631
84.38700142
79.752622734
0.0
555.80271476
542.8935818699999
537.49756437
540.40211928
550.94888083
571.66803898
603.51486978
635.49079182
658.80468573
667.80235135
662.74197126
649.25192743
632.3925998799999
615.5461815499999
602.19813817
595.89848139
598.6223083799999
614.65545138
638.8471663299999
647.59955842
650.2588398
638.33080102
611.60889602
582.6408019700001
0.0
154.80632108
152.84413293
152.5472229
153.1152247
155.5034143
159.72470073
165.71453836
173.08565323
177.28112141
176.77766522
172.93074365
168.03818225
163.93307803000002
160.31852087
157.72378511
156.43287184000002
157.19451068
159.77633722000002
165.84362969
168.98054901
169.91000653999998
168.42545624
163.49416755000001
158.25305954
0.0
102.84706139000001
101.54323898199999
101.349601987
101.723966838
103.311790183
106.11307203000001
110.08908493
114.98164623999999
117.77001894
117.43438153999999
114.89128237
111.63818085
108.91435386
106.50034601
104.7834313
103.918519416
104.42197557
106.13889028
110.17944888
112.25781924
112.87745763
111.89636351
108.61744374
105.13197791
0.0
151.75976572
146.93175003
144.40156007000002
144.00137688
145.91192854000002
151.01103601
159.68597336
168.94182154
175.64166152
178.64948951
178.22348807
175.38347887
171.51073896
167.6121809
164.90126303
164.12671498
165.74035661
170.42637185
178.49457984999998
181.94131830999999
181.73477223999998
177.78457759
169.81964259
160.60252177
0.0
158.91142539
153.8510453
151.20467304
150.79158081999998
152.77958722
158.12396822
167.2119978
176.89384743
183.91641568
187.06624412
186.62733355
183.6453239
179.59185617
175.51257020000003
172.65965188
171.84637644999998
173.55038204
178.45585248
186.89842532999998
190.51298258
190.2935273
186.1496957
177.82330496
168.16727358
0.0
207.21740046
199.52355733
195.01826991
192.9657178
193.27553695
197.43227775
205.10030264
212.48432663
221.58526533
229.66638245000001
233.66821368
235.24312786000002
235.96603933
236.86967862
236.98586082
236.58567771
235.35931006
234.21039724
240.08405267
243.76315553999999
243.27260847999997
239.34823208
230.04074731
217.40270628000002
0.0
370.36302141000004
368.99465330000004
368.91719847
369.5626552
371.3828429
374.00339682
377.17904350000003
381.27123869
381.59396696
381.03887428
379.46396002
376.81758786
374.1712156
371.67975293
370.15647525
368.93010768
368.5944702
368.73647065
372.89321146
377.85031847
379.58014221999997
379.52850573
376.80467864
373.35794018
0.0
1184.206393
1156.7099397
1145.2208115
1151.404286
1173.8790859
1218.0154112
1285.8658134
1354.0131259
1403.6874696
1422.8575318
1412.0525877
1383.3168575
1347.4036497
1311.5162606
1283.0774407
1269.6648523
1275.4610523000001
1309.6186181
1361.1647857
1379.8055736000001
1385.4855917
1360.0546
1303.1253247
1241.40676
0.0
62.699658238999994
61.912201134
61.783109807
62.015474196
62.983659158
64.687664695
67.114581674
70.109500492
71.800596896
71.59405077199999
70.044954828
68.05694837099999
66.404579365
64.932938226
63.887298458000004
63.358024016
63.667843202
64.713482961
67.166218205
68.444222353
68.81858721100001
68.22476709600001
66.22385150699999
64.09384459
0.0
1113.6708907999998
1078.235321
1059.6332609
1056.7416147
1070.7222061
1108.1328724
1171.8394429
1239.7156637
1288.9381872
1311.0257133
1307.8887948000001
1287.0018177
1258.6404527
1230.007996
1210.0504761
1204.3833674
1216.2597693
1250.649699
1309.8638922
1335.1528834
1333.6166959999998
1304.5969656
1246.2218673
1178.526374
0.0
202.46683960000001
199.91083131
199.51064811
200.2464687
203.38338801999998
208.89558771999998
216.73143138999998
226.37455365
231.86093509999998
231.20256925
226.18091662
219.77798675
214.4077875
209.67013568000002
206.28794292
204.59684646
205.5908497
208.96013342
216.89925009
221.00435431
222.21781284
220.28144293999998
213.83978560999998
206.98503606
0.0
35.125750479999994
33.821928058
33.060289218
32.711742635
32.763379166
33.473381474
34.764294755
36.016480647
37.565576582
38.933944668
39.605219579
39.876311366
40.005402693
40.147403153
40.173221418
40.108675755
39.902129630999994
39.695583508
40.702495869
41.322134248
41.23177031
40.573404542
38.998490332
36.855574283
0.0
279.9603641
269.56851213
263.48831053
260.71284695
261.12593927
266.75432118
277.12035481
287.07329622
299.38860898
310.29682626
315.70575288
317.83575982
318.80394481999997
320.03031239
320.18522205
319.64303839999997
318.00357852
316.42866434999996
324.38069023
329.33779716
328.6794314
323.37377785999996
310.80028245
293.72149971
0.0
284.29783273
275.26143974
270.51087879
269.77505829
273.33797895
282.89073725000003
299.15624457
316.48030084000004
329.04088713
334.68217816000003
333.88181195
328.55034007
321.30831653
314.00174738000004
308.90263991
307.45681706
310.49046321
319.26867355
334.38526813
340.83983458
340.45256059999997
333.04271836
318.14557906
300.86025016
0.0
244.49897613
241.40078427999998
240.92314634000002
241.81387651
245.59625246
252.25736498
261.71975933
273.35088808
279.98618235
279.18581605
273.11852367
265.3988622
258.9184775
253.19973164
249.10753654
247.05498443000002
248.25553375
252.33481981
261.91339636
266.88341249999996
268.34214447
266.00559146
258.22138437
249.94663021
0.0
104.74470393
103.595791101
103.518336307
104.20252037
106.04852632
109.40490092
113.88436999999999
118.49293041
121.39748532
121.25548487
118.93184089
115.80783079
112.60636584999999
110.28272187
108.25598810000001
107.09416607
107.58471313
110.20526713000001
113.87146088
115.62710286999999
115.92401299
114.36200794
110.39890408
106.66816471
0.0
21.726070583000002
21.041886539
20.680430823000002
20.61588516
20.886976947
21.622797521
22.862074271
24.191714959
25.146990789
25.585901302
25.521355638
25.108263390999998
24.553170675
23.998077959
23.610803978
23.494621783
23.726986172
24.398261082
25.560083036
26.050630089
26.024811823
25.456809974000002
24.320806286
22.991165598
0.0
293.95386402
287.1249328
284.27201439000004
285.8082012
291.3849466
302.34480038000004
319.17830968
336.10218285
348.43040464
353.19387471
350.50877509
343.37002463
334.46272296
325.5554213
318.49412558
315.16356932
316.59648305
325.07778336
337.87073405999996
342.50511271
343.91220819
337.59964219
323.46414172
308.14100106999996
0.0
49.738888861999996
47.892882865999994
46.821424840999995
46.317968656000005
46.395423451999996
47.402335813
49.235432677
51.003983878
53.198536467000004
55.134906392999994
56.090182223
56.477456204999996
56.64527493
56.864730196000004
56.890548460999995
56.800184531999996
56.50327447
56.219273551
57.639278168
58.517099193
58.400916998
57.458550301
55.225270322
52.191624106
0.0
171.25255631000002
167.10872472
164.52689816999998
163.35216701
164.03635111
166.96672427
172.23365043
177.17784833
182.94823068
187.8537012
190.4097095
190.59043732
188.8735227
187.37606327
185.78823997
184.82005497
184.45859924
186.45951484999998
191.9975328
193.92099367
193.41753749
190.19025421999999
183.63241478
175.74493460000002
0.0
108.60453462000001
106.0872537
105.02870483
105.59670672
107.66216795999999
111.70272656
117.92492852
124.1729489
128.72987272
130.49842393
129.50442068
126.87095764
123.56621963
120.28729987
117.66674585999999
116.4403783
116.96965273
120.10657204
124.83131466
126.54822928
127.06459459000001
124.72804158
119.5127519
113.84564254
0.0
48.499612103000004
47.879973733
47.789609804
47.970337662
48.719067369
50.035798915
51.907623177
54.218357961
55.535089506999995
55.380179915
54.179630563
52.643443751
51.35253047
50.216526773000005
49.403251403
49.003068287999994
49.235432677
50.048708048
51.946350575000004
52.940353804
53.224354733
52.759625946
51.223439133999996
49.57107013700001
0.0
302.18989081
295.16732255
292.2369494
293.81186357
299.54351855
310.81319157
328.12433872
345.5129407
358.18970909999996
363.0822705
360.33262517000003
352.98732855
343.83475335
334.66926903
327.41433637
323.99341616
325.46505734
334.19163119
347.34603753
352.09659838
353.54242132
347.06203662
332.52635305999996
316.77721096
0.0
47.557245406
46.033967735999994
45.246510631
45.117419304
45.724148542
47.311971884
50.035798915
52.940353804
55.031633330999995
55.974000029
55.844908702
54.954178535000004
53.740720040999996
52.514352424
51.662349656
51.429985267000006
51.93344144300001
53.405082590999996
55.935272631000004
57.006730655
56.942184991999994
55.702908233
53.2114456
50.319799835
0.0
10.2111240827
9.952941425999999
9.836759229199998
9.7980318312
9.940032293
10.3402154106
10.895308123000001
11.36003691
11.786038289999999
11.876402219
11.605310432
11.411673441
11.153490777
10.959853787
10.662943733999999
10.701671132
10.779125929000001
11.088945114
11.631128697
11.721492626
11.837674821
11.618219564
11.205127308
10.688762
0.0
165.55962879
160.29270253
157.51723904
157.0912376
159.16960805
164.73344423999998
174.19583867999998
184.29078054
191.61025881999998
194.88917858
194.42444986
191.32625791
187.10497149
182.84495769
179.87585707
179.03676349
180.8053147
185.9173313
194.72135988
198.47791748999998
198.24555318
193.9339028
185.25896554
175.18984182999998
0.0
81.417900873
78.397163781
76.62861258
75.815337213
75.944428543
77.583888405
80.59171636800001
83.483362121
87.072101059
90.24774773
91.809752807
92.442300317
92.713392106
93.07484783700001
93.11357523400001
92.958665627
92.481027724
92.02920806
94.339942848
95.785765734
95.59212873
94.043032801
90.38974819799999
85.41973204899999
0.0
766.07957969
741.72004597
728.91418624
726.92617975
736.5434837600001
762.28429461
806.09789145
852.79022502
886.65088052
901.84492977
899.68910469
885.32123986
865.80263086
846.1162034
832.380886
828.4823278700001
836.65380899
860.31624949
901.04456359
918.44607468
917.3875258200001
897.43000647
857.26969411
810.69354281
0.0
26.128084885
25.792447425
25.740810894
25.831174823
26.244267079
26.954269388
27.961181748999998
29.200458499
29.910460808
29.833006011000002
29.187549366
28.361364863000002
27.664271687
27.05754245
26.618631928
26.399176672
26.528267999
26.954269388
27.987000014000003
28.516274455999998
28.671184058
28.425910527000003
27.586816890999998
26.708995857
0.0
152.13413058
146.47993043
143.17519242
141.66482387
141.89718827
144.95665275
150.58503466
155.99396136000001
162.68089213
168.61909326999998
171.54946643
172.71128836999998
173.2405628
173.89892856
173.98929252
173.69238249
172.80165233
171.94964953
176.26129991000002
178.95930866
178.59785293
175.71911636000002
168.89018505
159.60851853
0.0
833.1812522800001
830.10887866
829.94105991
831.38688274
835.49198698
841.37855154
848.51730204
857.7473320099999
858.44442514
857.2051485100001
853.66804611
847.7169357600001
841.76582551
836.15035275
832.7165234
829.97978727
829.20523933
829.52796761
838.88708897
850.02767056
853.92622869
853.82295564
847.69111752
839.93272871
0.0
194.73426901000002
187.50515459
183.27095904
181.33458913
181.63149915999998
185.54296644
192.74626251
199.67846690000002
208.23722196
215.8277921
219.59725884
221.06890002
221.75308403
222.60508683
222.70835990999998
222.33399505
221.18508223
220.10071502
225.62582394
229.07256239999998
228.62074271
224.92873072
216.17633862
204.29993643
0.0
264.2628585
255.85901302000002
251.44408964000002
250.75990554999998
254.06464356
262.94612698000003
278.06272156
294.17331931
305.85608455
311.09719247
310.34846276
305.39135574
298.6656976
291.87549366
287.1249328
285.78238295
288.60948302
296.76805506
310.81319157
316.81593833
316.45448259
309.57391479
295.70950611
279.65054485999997
0.0
493.86469533
492.04450762
491.94123454
492.79323734
495.23306343
498.71852927000003
502.95272491
508.41328802
508.83928946000003
508.10346887000003
506.01218939
502.47508697
498.95089367
495.62033741
493.58069443
491.95414367
491.50232407
491.69596101
497.24688817
503.84345507
506.15418984
506.10255326
502.46217785
497.86652656
0.0
97.851226982
95.398491745
94.31412458
93.90103232300001
95.230673018
99.1550494
104.39615732
108.84980815
112.95491237
113.89727912999999
111.19927038
109.35326434000001
106.86180175000001
105.02870483
102.253241286
102.524333075
103.311790183
106.25507248
111.43163469
112.34818320000001
113.43255031000001
111.40581645
107.35234872
102.485605678
0.0
394.72255505
385.55707072999996
381.73596740999994
383.78851952
391.28872572
405.99222806999995
428.60902876
451.32910261
467.89152005
474.28154079
470.67989274999996
461.1013162
449.12164093
437.1677839
427.67957121999996
423.21301126
425.14938117
436.53523639
453.71729221000004
459.92658504
461.82422758
453.34292735
434.36650208
413.78934429
0.0
120.95857475
117.11165317999999
115.08491932
114.77510017
116.29837785
120.35184558
127.27114075
134.65516474
139.99954574
142.38773533
142.05209785
139.78009045000002
136.70771685
133.59661587
131.42788156
130.80824317
132.09915644
135.8298958
142.27155313
145.00828925
144.85337967
141.69064211
135.35225787
128.00696134
0.0
464.27696288
453.04601723999997
446.04926723
442.8478023
444.68089922
452.63292501
466.91042592
480.33592412999997
495.98179315
509.26529082
516.18458599
516.68804217
512.0278452700001
507.98728667
503.64981804
501.04217325
500.06107912
505.49582398999996
520.5091455
525.69861692
524.35606715
515.59076594
497.82779910000005
476.4502751
0.0
579.02624472
572.7007695899999
572.28767736
576.01841682
586.24245
604.8316013
629.57840893
655.04812803
671.09418024
670.30672306
657.46213587
640.21553443
622.4912950600001
609.6337987400001
598.41576231
592.0515598200001
594.7495685700001
609.2077973
629.46222673
639.16989469
640.80935458
632.21187206
610.3179827499999
589.63755197
0.0
1591.7993531
1585.9256973000001
1585.6158785
1588.3784326
1596.2013672
1607.4452222
1621.0901754
1638.7240511
1640.0666007
1637.6913203
1630.9398436
1619.5798066
1608.1939519
1597.4664628
1590.9086229
1585.6675149
1584.2087832999998
1584.8155124999998
1602.6946615
1623.9689122999998
1631.4303908000002
1631.236754
1619.5281702999998
1604.6955765
0.0
327.33688163
319.74631148
316.5706648
318.27467039
324.48396321999996
336.68309377
355.44006386
374.27448868
388.00980595
393.31545958
390.32054081
382.38142405
372.45430089
362.54008684999997
354.67842502
350.96059469
352.5613272
362.01081242
376.26249508999996
381.41323914000003
382.97524419
375.95267594
360.21644296
343.15056935
0.0
543.07430978
525.80189
516.72676964
515.31967416
522.13569625
540.37630103
571.44858378
604.5476004
628.54567831
639.3118951399999
637.78861747
627.60331165
613.76472121
599.80994857
590.07646245
587.31390799
593.09719956
609.87907227
638.74389325
651.0850242600001
650.33629454
636.18788495
607.7103379600001
574.70168521
0.0
385.89270822
376.54649599000004
370.73738626
368.06519576
369.60138257000006
376.21085859
388.07435166000005
399.22784247
412.24024836
423.27755697
429.0350302
429.44812243
425.57538260999996
422.21900802
418.61735998
416.44862566
415.63535024
420.15354678
432.62376910999996
436.94832862
435.82523405
428.53157402
413.77643516
396.0005592
0.0
553.41452517
540.5699379800001
535.19973873
538.09138451
548.58650948
569.21530376
600.93304315
632.76696474
655.9904947800001
664.9494329400001
659.90196206
646.4635547199999
629.68168201
612.91271842
599.61631163
593.35538221
596.06630008
612.0219882499999
636.11043021
644.82409484
647.48337622
635.5940648999999
608.98834211
580.1493392900001
0.0
502.81072437
486.81630883
478.42537247
477.10864086
483.42120686
500.31926178000003
529.08080977
559.72709117
581.9566178700001
591.92246849
590.5024638
581.07879683
568.2729371
555.35089507
546.3274112
543.77140291
549.1286930299999
564.65837985
591.39319397
602.81777656
602.12068343
589.0179135799999
562.65746432
532.10154688
0.0
71.400413781
68.754041547
67.204945603
66.494943294
66.598216356
68.031130106
70.67750234
73.220601513
76.357520791
79.14589348199999
80.514261574
81.069354281
81.314627811
81.62444699699999
81.663174394
81.521173935
81.10808167799999
80.707898559
82.73463242
83.99972744
83.831908704
82.47644976
79.274984812
74.911697914
0.0
13.928954339
13.761135614
13.735317347999999
13.774044746000001
13.993500003000001
14.380773993
14.910048435
15.581323345
15.955688203
15.904051672
15.568414212
15.129503699999999
14.755138842
14.432410524
14.200046135
14.083863941
14.148409604000001
14.380773993
14.922957568000001
15.206958496
15.297322425
15.155321964999999
14.716411444
14.238773533
0.0
829.6570589
809.58335747
797.07440758
791.35566177
794.6474906100001
808.86044591
834.3688924300001
858.3540613
886.31524303
910.05513834
922.4220876300001
923.31281774
914.97351797
907.7702217799999
900.02474209
895.35163602
893.60890315
903.32948015
930.14174908
939.43632475
937.0223169000001
921.35062965
889.60707187
851.40894779
0.0
1166.3143347
1138.0949703
1120.5127307999999
1112.4703416999998
1117.0918112000002
1137.0622395
1172.9238109
1206.6553743
1245.9636839
1279.333793
1296.7223947
1297.9745801
1286.2530880000002
1276.1194186999999
1265.2241103
1258.6662704
1256.2006267
1269.8713985000002
1307.5660658000002
1320.6301084
1317.2479157999999
1295.2120260000002
1250.5851534
1196.8960702000002
0.0
783.36490861
764.41430154
752.60244497
747.20642753
750.31752851
763.7301174400001
787.8185594600001
810.46117837
836.87326421
859.28351887
870.96628405
871.8053776899999
863.9308067
857.1276937
849.8082153299999
845.4062010600001
843.75383203
852.91931631
878.24703496
887.01233625
884.74032881
869.9464625500001
839.9714560699999
803.90333892
0.0
323.59323305
319.48812883
318.86849044
320.04322150999997
325.03905599
333.8559937
346.37785253
361.77844801
370.55665834999996
369.49810949000005
361.48153799
351.2575048
342.67293141
335.10817959999997
329.68634377
326.9754259
328.56324918999996
333.95926678
346.6489443
353.20678383
355.14315374
352.05787101
341.75638299
330.79652921999997
0.0
148.55830078999998
143.04610109
139.81881791
138.34717673
138.56663201
141.54864166
147.04793224
152.34067674
158.87269793
164.65598949999998
167.53472607
168.65782064
169.17418594999998
169.81964259
169.91000653999998
169.62600564000002
168.7481846
167.90909093000002
172.13037735
174.76384048
174.41529387
171.60110292
164.92708128
155.86487004
0.0
212.79414587
204.89375657
200.27228695
198.15518921999998
198.47791748999998
202.75084051
210.63832068000002
218.20307249
227.56219384
235.84985712
239.96787047
241.5815121
242.31733269
243.24679023
243.36297244
242.96278933000002
241.71060343
240.52296324
246.55152824
250.32099506999998
249.83044801
245.80279853
236.2371311
223.26345258999999
0.0
287.78329856
277.10744569
270.84651627
267.99359795
268.41959931
274.20289077999996
284.86583453000003
295.10277693
307.75372709
318.97176352
324.52269068000004
326.71724323999996
327.71124648999995
328.97634151
329.13125109000003
328.57615841
326.88506194
325.2714204
333.44290147000004
338.54200894
337.87073405999996
332.41017085
319.48812883
301.93170814999996
0.0
45.014146241999995
44.446144394
44.368689597
44.52359919
45.220692366
46.447059982999995
48.189792918
50.332708968
51.559076594
51.404167001
50.293981568999996
48.873976961000004
47.673427609
46.627787841
45.866149011000005
45.491784153
45.711239409
46.459969116
48.228520316
49.145068748
49.416160534999996
48.977250023
47.544336273
46.021058603
0.0
19.32497187
19.118425746
19.105516614
19.234607941
19.5702454
20.189883771
21.016068274
21.868071042
22.410254626
22.38443636
21.945525839
21.377523999
20.783703884999998
20.357702496
19.983337647
19.763882391
19.854246319999998
20.344793363999997
21.016068274
21.338796601
21.390433132
21.106432203
20.370611629000003
19.686427595
0.0
460.57204177
449.88327977
445.41671971999995
447.81781844
456.55730141
473.72644811
500.11271562
526.61516534
545.94013722
553.40161604
549.1932387400001
538.01392968
524.04624791
510.09147536
499.02834851
493.81305883
496.07215701999996
509.35565477
529.4035380400001
536.64556157
538.8530233500001
528.96462756
506.82546471999996
482.82738672
0.0
56.103091356
55.393089048
55.289815986
55.483452977
56.348364878000005
57.884551689000006
60.053286004
62.725476504
64.248754183
64.068026325
62.673839973
60.905288773
59.407829359000004
58.104006946
57.161640248
56.696911461
56.968003257
57.897460822
60.104922535
61.240926223
61.576563682999996
61.0343801
59.252919766999995
57.355277238999996
0.0
149.79757757
146.31211173
144.8662888
145.64083675999998
148.49375517
154.07050049
162.65507388
171.26546552
177.55221319
179.97913015
178.61076205
174.98329577
170.43928098
165.89526619
162.29361815
160.60252177
161.33834236
165.66290187
172.18201394000002
174.53147607
175.25438753999998
172.04001349
164.83671732
157.02669197999998
0.0
124.30204022
120.35184558
118.27347513000001
117.95074685
119.5127519
123.69531096
130.79533404
138.37299498000002
143.87228555000002
146.33792998
145.98938337
143.65283036
140.49009279999999
137.28862786000002
135.06825697
134.43570945
135.75244106
139.59936263
146.20883865000002
149.02302961
148.85521090999998
145.61501851
139.09590645
131.54406367
0.0
66.081851047
63.629115803
62.196202063
61.537836285
61.641109347000004
62.957840893
65.410576137
67.760038319
70.664593207
73.24641977799999
74.524423925
75.02788011499999
75.247335368
75.544245425
75.570063683
75.45388149200001
75.06660751199999
74.69224265199999
76.564066915
77.738798012
77.583888405
76.331702523
73.362601973
69.334952519
0.0
560.2563656
546.211229
540.00193617
537.66538307
545.25595322
567.67911696
597.7057599699999
623.1754790699999
646.7346464999999
652.0790275
636.6913411400001
626.0929431
611.8412604299999
601.32031713
585.46790204
587.0169979699999
591.49646705
608.3428854699999
637.99516354
643.21045321
649.4584735899999
637.81443571
614.61672401
586.79754268
0.0
635.09060872
620.34837899
614.17781344
617.49546058
629.55259068
653.22794032
689.61878583
726.16454091
752.7960819599999
763.08466089
757.28846026
741.87495559
722.61452937
703.3670123100001
688.1213263999999
680.91803032
684.0291313
702.36009994
729.99855335
739.9902222200001
743.0367776
729.4047333
698.87463411
665.76270837
0.0
983.5339225099999
952.24218449
935.8217674399999
933.26575918
945.60689013
978.65427033
1034.89936215
1094.8493752000002
1138.3273342
1157.8201254
1155.0575704
1136.6104202000001
1111.5667022
1086.277711
1068.6438352
1063.6480013
1074.1302173000001
1104.5054066
1156.8003039
1179.1331032
1177.7776443
1152.1530158
1100.5939389
1040.81174495
0.0
1070.8642066
1044.9426677
1028.80625139
1021.42222743
1025.66933208
1044.0003011
1076.9314984
1107.9005085000001
1143.9944438
1174.6278155999998
1190.5964137
1191.7453265
1180.9791094
1171.6716247
1161.6799558999999
1155.6513912
1153.3922927
1165.9399694
1200.5493546
1212.5419393
1209.4308386
1189.2022269
1148.2286396
1098.9286612
0.0
83.961000043
80.836989889
79.016802162
78.177708518
78.306799848
79.997896255
83.096088141
86.091006956
89.783018956
93.049029569
94.675580302
95.308127812
95.605037869
95.96649359
96.018130116
95.850311399
95.359764338
94.895035564
97.27031599799999
98.754866281
98.561229296
96.973405951
93.203939157
88.07901342000001
0.0
1202.6148162
1173.5176308
1155.3802994
1147.0926353
1151.8690147
1172.4590814
1209.4308386
1244.208042
1284.7427193
1319.1584676
1337.0892528
1338.3801661
1326.2843087
1315.8408206000001
1304.6098749
1297.8454887999999
1295.3023902
1309.3862543
1348.2685623
1361.7327877999999
1358.2473217
1335.5272478
1289.5061893
1234.1518276000002
0.0
2.0783703884999998
2.0396429894
2.013824724
2.0267338567
2.0654612558
2.142916053
2.2590982484
2.3881895765
2.4656443737
2.5043717727
2.4785535064
2.4398261082
2.3752804438000004
2.3107347792999997
2.2590982484
2.2332799829
2.2461891157
2.2978256465
2.3881895765
2.4269169754999997
2.4398261082
2.3881895765
2.2978256465
2.1816434512000002
0.0
100.252325684
97.063769884
95.385582606
95.12739995599999
96.379585838
99.748869513
105.49343364
111.59945348000001
116.02728607
118.01529247
117.73129157
115.85946728
113.30345898
110.72163244
108.92726298
108.42380680000001
109.48235566
112.58054761
117.91201939
120.18402678999999
120.05493546
117.43438153999999
112.18036441
106.0872537
0.0
1608.5037707
1569.5698264
1545.3264753
1534.2375301000002
1540.6146416
1568.1627312
1617.6176186
1664.1292243
1718.3475826000001
1764.368641
1788.3409003
1790.0707245
1773.9084905
1759.9408084000002
1744.9145776999999
1735.8652755
1732.4701736
1751.3045984999999
1803.3025854
1821.3108264
1816.650629
1786.2625303
1724.724694
1650.6649987
0.0
325.99433177000003
318.09394248
313.18847203999997
310.9422829
312.23319617
317.80994158
327.84033782
337.26400479
348.24967682
357.58297983
362.43681386000003
362.78536038000004
359.50644071
356.67934054
353.63278519000005
351.79968836
351.11550435
354.93660767
365.47046001
369.12374463000003
368.16846884
362.01081242
349.54059009
334.54017770999997
0.0
381.18087472999997
369.05919901
362.69499652
361.70099327
366.47737237999996
379.29614132
401.09966667000003
424.32319671
441.16961505
448.73436695
447.66290887
440.51124929
430.80358141
421.00554958
414.17661827
412.22733924
416.29371609
428.0668452
448.33418375
456.99621189
456.46693745
446.53981429000004
426.55647665
403.38458319
0.0
101.56905724
99.11632200300001
97.58013519299999
96.883042018
97.283225137
99.02595807
102.149968224
105.08034142
108.50126154
111.41872556999999
112.92909413
113.03236720999999
112.01254571
111.13472467
110.17944888
109.61144698999999
109.40490092
110.59254111
113.87146088
115.00746457999999
114.71055446
112.8000028
108.91435386
104.22833861999999
0.0
84.103000502
82.14081231600001
81.32753694
81.76644745600001
83.36717993
86.504099204
91.319205765
96.160130585
99.68432384799999
101.052691921
100.278143952
98.238500962
95.682492663
93.139393492
91.125568761
90.170292936
90.583385193
93.010302163
96.66358676499999
97.993227441
98.39341056
96.586131962
92.545573379
88.156468214
0.0
117.56347287
116.07892256
115.84655816
116.27255960000001
118.0927473
121.29421224
125.83822703
131.44079068
134.62934649
134.24207250999999
131.32460848
127.60677824
124.49567717000001
121.74603193
119.78384368
118.78984043
119.37075145
121.33293961
125.94150002
128.32968961
129.02678283
127.90368826
124.16003968
120.18402678999999
0.0
112.24491012
109.53399225
107.82998666
107.05543869
107.50725838000001
109.43071917
112.87745763
116.13055906
119.91293501
123.11439994
124.79258718999999
124.9087694
123.78567491
122.81748992
121.75894105
121.12639354
120.89402913
122.21076065
125.83822703
127.09041293
126.76768455999999
124.65058674000001
120.35184558
115.18819239999999
0.0
641.18371943
625.66694174
615.99800124
611.5830777799999
614.1261769500001
625.09893985
644.81118572
663.36160964
684.97149805
703.31537581
712.8681341199999
713.56522725
707.11066089
701.5468246099999
695.5569869699999
691.95533884
690.59987995
698.11299527
718.83215351
726.0096313299999
724.15071617
712.04194957
687.51459722
657.9914104000001
0.0
388.08726078
379.07668604
375.30721930000004
377.33395317000003
384.70506794
399.16329676
421.40573268
443.72562334
460.01694899999995
466.29078753
462.75368520999996
453.33001822999995
441.56979815
429.80957816
420.48918426999995
416.08716993
417.98481247
429.18993978000003
446.07508557
452.18110541
454.04002049
445.71362984
427.05993283
406.83132165
0.0
445.10690057
433.95340976
429.00921195
427.15029678999997
433.17886179000004
451.00637425
474.8624518
495.09106298
513.80930561
518.05641028
505.83146148
497.40179775
486.08048824
477.72827924999996
465.12896559
466.35533324000005
469.91825391
483.30502465999996
506.86419208999996
511.00802378
515.9651308
506.72219164
488.28794992
466.18751454
0.0
291.24294615
284.47856055
281.65146048
283.17473816
288.7127561
299.55642776999997
316.24793653
333.0039909
345.22893971
349.94077319
347.28149182
340.22019618999997
331.39034936
322.56050243
315.56375242999997
312.25901441999997
313.69192823
322.09577371
334.77254210999996
339.35528426999997
340.74947062
334.48854121
320.4950412
305.313901
0.0
709.74412393
692.57497723
681.87330611
676.9807447999999
679.79493575
691.95533884
713.77177341
734.29729461
758.21791783
778.52398379
789.10947276
789.87111158
782.7323610799999
776.57470463
769.93941037
765.9504883999999
764.4530289
772.7665104299999
795.70603966
803.65806536
801.59260412
788.1800151
761.0321087699999
728.3590934700001
0.0
580.85934163
567.36929781
561.7409158199999
564.77456205
575.79896154
597.4475773099999
630.72732175
664.1490667300001
688.5215095
697.9193582300001
692.6266138200001
678.52984072
660.90887443
643.30081716
629.35895374
622.77529596
625.61530516
642.37135963
667.6603509
676.80001689
679.58838959
667.1181672600001
639.19571294
608.91088728
0.0
407.33477784
397.88529262000003
393.92218884
396.05219579
403.7847663
418.96590659
442.30561874
465.74860398
482.84029584
489.43686274
485.7190325
475.83063671
463.47659658
451.13546558
441.35034296000003
436.72887334
438.72978895
450.47709982
468.21424841
474.61717826999995
476.57936643
467.82697443
448.24381989
427.00829634
0.0
127.89077913999999
123.14021819
120.35184558
119.08675054999999
119.2803875
121.84930492
126.58695674
131.13097144
136.75935334000002
141.74227869999999
144.20792304
145.18901716
145.62792764
146.18302040999998
146.26047515
146.01520162
145.25356278
144.54356052
148.17102681
150.4430342
150.13321506
147.71920721
141.97464301
134.1775268
0.0
1323.7412092
1293.0045638
1280.1599766999998
1287.0663633
1312.2004447
1361.5262417000001
1437.3803059
1513.5441899
1569.0792792
1590.5084398
1578.4384011
1546.3075689000002
1506.1730746
1466.0514896999998
1434.2562957999999
1419.2558838
1425.7362679
1463.9343927
1521.5478520000001
1542.3831928000002
1548.7344856
1520.308575
1456.6665501
1387.6801445
0.0
392.88945822999995
383.3754273
377.46304449
374.75212653
376.31413167
383.03978981
395.10982903999997
406.46986592
419.71463631
430.95849099000003
436.81923729
437.24523865
433.295044
429.87412378
426.20793013
424.00046835
423.17428388999997
427.76993518
440.47252192
444.87453616
443.72562334
436.30287198
421.27664136000004
403.19094624
0.0
919.86607927
897.61073424
883.74632555
877.39503221
881.0483167799999
896.79745894
925.0813689400001
951.6870917699999
982.69482887
1009.0036415699999
1022.7260498500001
1023.70714389
1014.4642048
1006.4734515499999
997.88887822
992.71231591
990.77594606
1001.54216289
1031.2848048399999
1041.5733835
1038.91410236
1021.52550048
986.33520433
943.99324865
0.0
84.25791009999999
82.308631033
81.48244653799999
81.92135704399999
83.522089518
86.659008802
91.487024492
96.340858441
99.877960843
101.23341979599999
100.471780956
98.43213795700001
95.876129657
93.320121358
91.293387497
90.338111672
90.75120392
93.178120899
96.844314621
98.173955307
98.574138425
96.766859827
92.726301245
88.324286941
0.0
609.1561608100001
589.7795524200001
579.6071557299999
578.01933235
585.6744481100001
606.1354236999999
640.97717327
678.1038393700001
705.03229044
717.1152387899999
715.39832417
703.9737415699999
688.45696388
672.79818574
661.87705934
658.77886748
665.2721613
684.09367701
716.48269128
730.3083725900001
729.46927892
713.6039547099999
681.66676004
644.64336702
0.0
790.24547643
771.9015986500001
764.2335736800001
768.36449625
783.36490861
812.81064062
858.09587862
903.56184449
936.7124976499999
949.51835748
942.30215217
923.11918085
899.15983022
875.2133888
856.22405437
847.27802531
851.1507651100001
873.9482937399999
908.33822362
920.7826277199999
924.56500368
907.60240313
869.61082506
828.4177822700001
0.0
118.86729527
115.89819474000001
114.56855401
114.07800695
115.69164858
120.44220944
126.81932106000001
132.22824777
137.22408216
138.36008585
135.09407521
132.83497703
129.81423992
127.5809599
124.22458539
124.54731375
125.50258954
129.07841933
135.36516708
136.47535244
137.80499317
135.32643962
130.40806006
124.50858629
0.0
77.932434997
76.047701605
74.872970508
74.33078694
74.640606116
75.97024681100001
78.371345513
80.630443765
83.250997739
85.484277714
86.646099663
86.723554476
85.949006497
85.26482246100001
84.541911018
84.103000502
83.935181766
84.851730204
87.369011106
88.233923008
88.014467755
86.542826601
83.560816925
79.972077987
0.0
696.75753629
670.88763408
655.74522125
648.82592608
649.87156582
663.87797495
689.6704223200001
714.45595741
745.1022388399999
772.25014517
785.71437077
791.02002437
793.4340322200001
796.46767848
796.84204324
795.5124025800001
791.42020746
787.5087402099999
807.2855317899999
819.63957186
818.00011205
804.8069782499999
773.4894219900001
731.00546572
0.0
207.12703651
199.44610249
194.94081517
192.87535384
193.1980822
197.35482301
205.0228479
212.39396276
221.49490138000002
229.57601858
233.57784973
235.15276399
235.86276625000002
236.76640554
236.88258774
236.48240463
235.2689461
234.10712415999998
239.98077959
243.65988246
243.1693354
239.24495909
229.93747431999998
217.31234232
0.0
1548.3988482
1512.4469135
1497.4206828
1505.5017999
1534.8958956000001
1592.5997191
1681.3241891
1770.4101151
1835.3817812
1860.4513169000002
1846.3158165
1808.7373302
1761.7868145
1714.8621165000002
1677.6709047999998
1660.1273932
1667.717963
1712.3835635
1779.7692361
1804.1416793
1811.5773401
1778.3234139
1703.8893532
1623.1814547
0.0
201.40829065
196.73518461999998
194.77299638
195.83154533
199.65264865
207.15285484
218.69361955000002
230.28602084000002
238.72859377999998
241.99460433000002
240.1615075
235.2689461
229.16292626
223.05690643
218.21598161
215.94397431
216.92506834
222.73417815
231.49947937
234.67512605000002
235.64331095999998
231.31875146
221.63690183
211.12886774
0.0
918.89789425
896.66836755
882.80395886
876.47848376
880.11885931
895.85509216
924.11318392
950.68017939
981.64918904
1007.9450927099999
1021.64168265
1022.6227767
1013.39274682
1005.4149026900001
996.83032936
991.6537670499999
989.7173971999999
1000.48361394
1030.18752862
1040.47610755
1037.8168261399999
1020.45404241
985.28956459
942.98633627
0.0
968.03005391
945.5552536499999
936.15740493
941.21778507
959.60039021
995.66850745
1051.1390515
1106.8419591000002
1147.4540913
1163.125779
1154.2959314
1130.80131
1101.4459421
1072.1034826999999
1048.8541344999999
1037.89428086
1042.6319329
1070.5543869
1112.6897963
1127.9225731
1132.5698612
1111.7861576
1065.2487333
1014.78693317
0.0
399.95075385
385.10525113
376.40449553999997
372.42848263999997
373.03521191
381.06469253
395.87146787999995
410.11024142
427.69248034
443.27380374
451.00637425
454.05292961
455.43420684
457.1769398
457.39639508
456.63475624
454.28529402
452.03910496
463.38623272
470.47334659
469.54388904999996
461.96622803
443.99671512
419.59845409999997
0.0
34.996659153
34.544839499
34.480293835000005
34.609385161999995
35.151568746
36.106844576
37.46230352
39.127581659
40.069948357
39.953766162
39.088854261
37.991577971
37.062120406
36.235935903
35.655024922
35.358114869000005
35.525933595
36.119753709
37.488121785999994
38.198124094
38.404670218
38.069032767
36.958847344
35.771207116
0.0
127.92950651000001
126.52241103
126.43204708
127.25823161999999
129.5173299
133.62243411999998
139.09590645
144.72428835
148.26139077
148.09357207
145.25356278
141.44536858
137.5339014
134.69389210999998
132.21533864
130.80824317
131.40206322
134.59061903
139.0700882
141.21300418
141.57445991
139.67681737
134.83589256000002
130.26605952
0.0
10.3402154106
10.2240332157
10.2111240827
10.2756697467
10.469306743
10.792035061
11.243854707
11.695674361
11.979675281
11.966766148
11.734401759
11.424582574
11.114763379000001
10.88239899
10.675852867
10.572579805
10.611307202999999
10.869489858
11.230945574
11.411673441
11.437491706
11.282582105
10.895308123000001
10.520943274
0.0
14.858411904
14.690593179
14.690593179
14.780957108
15.039139770999999
15.516777682
16.149325194
16.807690972
17.220783219
17.194964953
16.872236635
16.433326114
15.968597336
15.645869009
15.348958955999999
15.194049364
15.258595027
15.632959876000001
16.149325194
16.394598716
16.446235246
16.22677999
15.658778142
15.129503699999999
0.0
3.8469215882000003
3.7565576582
3.7049211273
3.6920119946
3.7436485255
3.8985581198999997
4.1051042452
4.2858321051
4.4407416995
4.4794690977
4.3761960349999995
4.2987412378
4.2083773079
4.1309225116
4.027649448
4.027649448
4.0663768471
4.1825590425
4.3891051677999995
4.4149234341
4.466559965
4.3891051677999995
4.2212864415
4.027649448
