0.0
138.31566414424188
131.44788871305184
125.87365536504468
121.7396546524247
118.1390733865944
117.05889891005401
117.07223438546917
119.13923479555211
128.12735253848567
139.78256762291346
151.81117634160324
163.22635254592063
173.6813738750717
182.46945937923206
187.92367323341105
191.9109837164644
193.7646163048131
192.67110635285758
188.09703462889988
179.73568466066203
175.12160640291302
167.0403016334852
155.451764033679
143.86322643387285
0.0
138.07562537167735
131.9946436352567
127.67394605173278
124.14004216297825
122.15305471293212
121.91301594036759
122.21973219755377
123.63329366701886
131.6612564272402
142.06293574718475
152.6779828888635
162.7996170099981
172.01443805008103
180.25576863203656
186.2300664575901
190.49742213945336
193.28453875968398
193.21786138260828
189.19054447330953
182.21608513125238
175.25496126461042
167.76041795117877
157.25205472036714
147.02373668836543
0.0
218.0885433580416
214.46129103383507
211.7675228490564
209.66051601272798
208.34030287116897
207.22012196838313
206.52667670906573
205.76655396512666
208.74036745626123
214.75467170806021
220.54227277025572
225.3297124234935
230.41053264341062
235.11795933661162
238.6918696516116
240.9589024080136
241.9857347678016
241.11892822054136
238.54517931449905
235.07795291036615
231.53071354619644
228.61024206426842
223.956157272728
221.3824084742316
0.0
347.4961026118408
331.0001059725145
318.6781166871455
309.6633278858358
304.3691398441845
303.08893312887096
303.5956816248303
306.15609494791164
327.45286660834483
359.0179627270253
390.2763426960655
417.7474445283714
438.35077092948734
452.51305743533584
461.2344654548745
467.115414952522
468.5423118974022
464.1416014613875
452.60640576324187
437.7106675718306
426.2954912599673
411.43975949480136
389.6229038629935
366.4724996142116
0.0
48.514499244759556
45.94075038173561
43.99376937944411
42.47352393458437
41.44669148875965
41.07329787600688
41.126639820685845
40.953278500479215
43.82040805923748
48.58117667560827
53.3552807781488
57.595965423145074
61.143204787314765
63.85030851203614
65.61059270795124
66.54407675058776
66.70410258462468
65.81062500049737
63.903650456715106
61.52993389699188
60.06303039681109
58.14272036685908
54.95553914002701
51.488312692875766
0.0
925.6427766396566
869.7404179923327
827.7203005445011
797.4354111411343
779.8725756082287
776.9521041263008
781.219459808164
793.4614362410421
850.6973435053404
932.150493912
1019.3912454884012
1105.6985128178285
1182.9643206102073
1248.45489436206
1301.5701366042454
1338.0293552115718
1358.112598609226
1356.1922882136182
1322.666875273084
1266.8578654913954
1216.7297716780306
1161.5208582900239
1083.3349029090912
998.987951433604
0.0
65.0505022780675
61.116533814975284
58.16939133919856
56.035713530530685
54.80884878140526
54.59548100268938
54.90219719534804
55.75566831021152
59.78298518724651
65.5039088185933
71.63823252120211
77.70587880371679
83.13342173932925
87.73416452166315
91.46810069220922
94.02851405830886
95.44207561381064
95.30872075211323
92.94833966780514
89.0277066908827
85.50713829905249
81.62651178063925
76.13229141417807
70.19800000411539
0.0
271.0570950480225
253.2675562179675
239.74537306977578
230.09048101835515
224.30287995615967
222.7692989928664
224.1561896190471
227.1966804872574
241.4656507964271
263.669235537912
288.2465368391202
312.317089644369
334.5740163950604
353.99048440876885
370.1931002663241
382.22170898501383
390.10298140812256
392.31667215531814
385.95564511254156
373.23359124208025
359.9381112834921
343.96219872308626
319.87831044242233
294.04747337673086
0.0
294.9409509823673
280.2985870389357
268.3899977065282
259.5885767269527
251.9206721255782
249.61363294293068
249.64030400130687
254.05434991273685
273.2307792614266
298.0481193351994
323.70559500540196
348.0561930094608
370.35312618639773
389.08948441620385
400.73136402521646
409.23940422302104
413.186708172283
410.8396626709359
401.10475765947854
383.2618769277629
373.4202880054383
356.19083968054923
331.49351899305884
306.7561918793229
0.0
1643.1186119111794
1543.8759227820105
1469.3038825291346
1415.5352022066988
1384.3568353052415
1379.1693312820032
1386.7572230308867
1408.494065164928
1510.0838003331735
1654.6804781299716
1809.5321459850602
1962.7435475678924
2099.899025135924
2216.1711297059337
2310.4263469430916
2375.1701338566036
2410.8158882485136
2407.388668485718
2347.885728357472
2248.8164010539754
2159.82869983218
2061.8528819429093
1923.0571402535388
1773.3263001200712
0.0
69.26451596147888
65.07717325040699
61.92999848208412
59.66296581171884
58.35608814557495
58.12938488068934
58.449436548763146
59.36958510522992
63.65027621949001
69.74459346358958
76.27898176204523
82.7333571434824
88.52095820567791
93.41508169450071
97.38905661610215
100.122831313163
101.61640577492867
101.4697154270615
98.96264400564087
94.78863678073873
91.0413651240229
86.90736436838456
81.0664213507555
74.74540084177033
0.0
528.6720198003442
519.910605247014
513.3762169162947
508.2687257455473
505.06820895726344
502.3477698216544
500.66749852124855
498.8005304574846
506.0416995229366
520.6173860892925
534.6329821504826
546.2348552257039
558.5701800940338
569.972020930482
578.6267515729451
584.1343074363306
586.6147077993751
584.5210365460077
578.2800288895133
569.865337019615
561.2639483863584
554.1828051334342
542.9276546340988
536.6599761343201
0.0
1216.2897014195141
1142.8378419618784
1087.6289285738717
1047.8225023034192
1024.7521110146738
1020.9114908687332
1026.525730642986
1042.62166269722
1117.8204705096996
1224.851083518979
1339.4829239676492
1452.887899172483
1554.4109569636526
1640.4781849827857
1710.262785474878
1758.177188003318
1784.5681151439917
1782.0343726641947
1737.9872612325257
1664.6554219139937
1598.7781195901935
1526.246409872029
1423.50982252753
1312.678595798555
0.0
112.56484003858722
110.69787197482337
109.29764587322754
108.21747150423303
107.53736170957619
106.95060030735297
106.60387766693967
106.20381307109282
107.73739395910395
110.84456231193595
113.83171127848564
116.29877627366085
118.92586697381788
121.3529255427476
123.19322265568118
124.36674546012763
124.9001649069173
124.44675831261856
123.12654517105952
121.3262545919173
119.49929295439891
117.99238294193594
115.5919954313824
114.25844681440822
0.0
69.30452241998809
64.75712158233317
61.30323062135167
58.83616565844025
57.35592667208972
56.95586208699746
57.315920213580505
58.08937842218012
61.74330167570774
67.42421884854532
73.70523290977586
79.85289209855439
85.54714475756171
90.50794567723321
94.65528191904129
97.73577925651543
99.74943768965565
100.30952811953938
98.6825987853217
95.44207561381064
92.02819111133837
87.94753230037901
81.79987310084589
75.1854718853718
0.0
12.69538298415851
12.148628040444502
11.748563455352249
11.415176290354111
11.241814970147468
11.215143997807983
11.241814970147468
11.375169831844886
12.108621581935276
13.068776596911281
14.042267098057026
14.975751140693546
15.829222266311614
16.576009502571747
17.136099921700907
17.522829031378013
17.776203268603105
17.776203268603105
17.402809655850337
16.762706308948136
16.12260296204594
15.429157670464772
14.469002655488767
13.522183126682505
0.0
284.88599434585444
266.17630695933263
251.97401402723872
241.8257089552739
235.7447272188532
234.13113340306907
235.5847014063255
238.78521808706358
253.77430471392688
277.1114058336128
302.94224279175836
328.2396603031142
351.6434387998759
372.04673296221875
389.07614894078876
401.7181899587591
409.9995269669601
412.3332371004379
405.6388229571907
392.2766656215268
378.2877405111671
361.4983631976157
336.20094568625973
309.03656000359416
0.0
167.98712124832812
159.09235183330065
152.33126031297778
147.07707869757192
143.5165038579871
142.20962619184323
142.39632295520124
141.82289708216612
151.75783433239675
168.22715991334678
184.77649845433365
199.43219798072633
211.71418083984994
221.08902769246058
227.1966804872574
230.42386811882574
230.9839586239916
227.91679669740512
221.28906003877964
213.06106493223925
208.00691566315248
201.32583699532054
190.32406074396465
178.32212308365106
0.0
112.89822724660372
106.92392933501348
102.37652849735856
98.85596010552835
96.46890805963537
95.58876596167781
95.7087853372055
95.32205623828298
102.00313488460579
113.0715885345466
124.19338417218475
134.0483084623786
142.28963904433414
148.59732407790418
152.70465383969383
154.86500268522875
155.25173179490585
153.1847313848229
148.7306789396016
143.19645212538578
139.80923857374378
135.31517970227702
127.91398482429732
119.84601553028466
0.0
744.6935627483027
699.7129673922979
665.9075095755916
641.5435759885718
627.4212960165146
625.0609149322065
628.501470385509
638.3563947832488
684.4038290328332
749.9344088882935
820.1057378447873
889.5436151157181
951.713652370367
1004.4021588615378
1047.1290570441017
1076.467126617534
1092.6297361563895
1091.0694840271742
1064.1051311210113
1019.204548725043
978.8780380530325
934.4708685700625
871.5673796298511
803.703089748459
0.0
193.64459691853082
184.97653080065274
178.57549733163074
173.50801258712883
170.10746356007172
168.6138890230239
169.13397299439845
170.34750233263622
178.5621618562156
191.00417063541278
203.95292780302344
217.47511095121513
230.8772747131245
243.42596729564286
252.76080772200814
258.70843470427724
262.4823772580504
263.3225129620263
259.00181537850244
250.4671041223217
241.2256121314085
231.38402320908392
217.9685239717593
204.33965691270052
0.0
128.64743650986017
122.88650650604089
118.63248629959273
115.27194380632696
113.00491104992496
112.0180851163824
112.36480779981405
113.16493696999855
118.61915082417758
126.88715235696344
135.50187657318094
144.4766588406993
153.38476373114196
161.71944264100358
167.92044376370652
171.86774771296842
174.38815460980425
174.93490953200907
172.06778005928751
166.4001983833743
160.26587463774715
153.7181508316126
144.81004594116993
135.74191523819957
0.0
229.74375833492348
214.66132338015413
203.2061405344995
195.01815196175048
190.11069302977631
188.80381536363242
189.99067364349403
192.56442254953632
204.65970864530186
223.47607983514484
244.30610942586424
264.70940348066114
283.5791166797105
300.02177130983034
313.7573221722103
323.9589692533817
330.64004792121364
332.5203514603927
327.11947950787425
316.3444065536678
305.0625851035019
291.5270664798951
271.12377242509825
249.21356835783845
0.0
240.55883782292136
224.76962191832766
212.76768425801413
204.19296657558797
199.0588043464644
197.69858477865986
198.92544948476697
201.6325532525067
214.2879297458922
233.99777854137167
255.81463417317948
277.1647477352734
296.92793843241344
314.1573867573026
328.53304108488527
339.2147656036399
346.21589589652723
348.1762123957431
342.52196619524494
331.24014474507914
319.42490384812356
305.24928197440585
283.8858328293509
260.94879640230306
0.0
307.7696888712416
291.4870600536496
279.0850578082438
269.47017207552267
262.9491193277643
260.54873181721086
260.89545439309654
259.84195097493233
278.05822534090987
308.2230953579945
338.5479912951527
365.40566072063217
387.88929066092714
405.0653970841556
416.2672055742846
422.1748260227624
423.20165849009635
417.57408324042854
405.4254551354565
390.3563556561023
381.11486366518903
368.85955164934984
348.6962963671176
326.7060794473669
0.0
441.84466828445056
434.5234863665076
429.05593692936765
424.7885813550502
422.1081485381408
419.8411158892846
418.4408897876888
416.88063798111114
422.93494876670144
435.11024771495795
446.81880470104636
456.5270387616735
466.82203417075095
476.3569069434352
483.59807600888723
488.19881879122113
490.26581920130394
488.5188704162765
483.3046953346621
476.27689398339845
469.0757314517378
463.16811100326004
453.75325761685804
448.5124114768674
0.0
1586.669498664288
1490.8406936074082
1418.829067215343
1366.9006831454735
1336.802491043194
1331.7883477701691
1339.1228657012568
1360.112920996958
1458.2087579498727
1597.8446352356736
1747.362108622866
1895.305993114877
2027.7540439897077
2140.0255027087946
2231.0535323143836
2293.570292252464
2328.0025181665033
2324.681981776846
2267.2193721833114
2171.563927876645
2085.6300546116627
1991.0147791081124
1856.9931414890182
1712.4097983072681
0.0
78.42599506763743
74.91876216197696
72.33167781278327
70.27801292113385
68.90445782414125
68.29102546033313
68.504393239049
68.99780623808404
72.31834232661353
77.35915616330348
82.61333776795475
88.08088716207645
93.52176558385864
98.58925038213351
102.37652849735856
104.7902515263456
106.31049696045076
106.65721961161866
104.91027090187328
101.44304445472204
97.70910828417595
93.72179787640476
88.28091945462256
82.7600281158219
0.0
1685.8988521029496
1575.2143158186336
1491.16074480228
1431.0710439708587
1395.0919016181108
1385.503687481495
1394.158417263591
1413.0548014134708
1501.8157991230253
1639.9047599701175
1792.769438977064
1942.4736088049767
2080.9359636089684
2201.688791359938
2302.4783980032735
2377.2771406929323
2426.338394322167
2440.100616135377
2400.4942218886063
2321.3881167682016
2238.6547597537747
2139.278715870454
1989.5612114274932
1828.828594397395
0.0
253.25422074255232
241.93239286614102
233.55770742248805
226.92997076386257
222.48925379405642
220.52893729484057
221.20904707874283
222.7959699436967
233.5310364716577
249.81366528924977
266.7497329399137
284.4325877515557
301.968752333631
318.3714004299594
330.57337043659203
338.3612944242488
343.3087598900143
344.3889342590088
338.7480235339259
327.5862214700423
315.50427095723785
302.622191166703
285.0726911092125
267.2431459604579
0.0
52.16842249828719
49.40797682888685
47.314305467973625
45.674040658340765
44.58053078166735
44.16713069965077
44.220472644329725
44.04711132412309
47.140944147766966
52.24843541530564
57.38259764442921
61.943333968253874
65.7572830558184
68.66441907308591
70.55805813069843
71.55821960418365
71.74491642131463
70.78476139558403
68.73109650393461
66.17068313783498
64.610431234466
62.5300953704771
59.11621086800483
55.382274697458755
0.0
415.84047003836207
393.8235820602352
377.0742112804752
364.0854475790731
355.2706911240824
352.03016790955303
352.496909979267
351.0700129268408
375.6739851788793
416.44056686222757
457.4071808918949
493.6930391791914
524.0846124934254
547.288358643868
562.4241356078439
570.3987564664047
571.7856470925854
564.1844198682866
547.7684361889972
527.4051485604457
514.923133355003
498.3737948140162
471.12939627885976
441.417932748528
0.0
430.38948554634175
402.13159001926647
380.67479254630547
365.32564776059536
356.13749777888864
353.69710373454376
355.91079448173923
360.73824056122254
383.3952317894603
418.64092213400795
457.6738906152896
495.88005886801074
531.2324331234253
562.0507420811279
587.7882306038215
606.8846471000204
619.4066687317085
622.9272371450477
612.8056030239132
592.6156766833047
571.4922663108143
546.1281714223826
507.9086675867005
466.87537617995747
0.0
305.822707847441
292.1538343621367
282.0322002410021
274.0309084316112
268.656707429923
266.30966182103015
267.12312657417567
269.030101064185
282.00552929017186
301.6620360764448
322.10533666503295
343.468785702542
364.6455379766931
384.4487352076245
399.1844475865081
408.5859653899491
414.56026332304856
415.86714098919236
409.05270745966294
395.57053073771675
380.9815088034917
365.4323316714624
344.24224392189626
322.7187689643136
0.0
124.1267066875631
118.65915725042302
114.77853078578273
111.59134958045985
109.8043943691869
109.59102654745269
109.87107185380854
111.1379429861611
118.36577657619789
127.71395247797827
137.26216072607767
146.34362690446318
154.63829938807936
162.0528297414742
167.41369526774713
171.254315306142
173.74805125214743
173.69470935048685
170.06745702628038
163.81311400191686
157.54543539459226
150.81101482509968
141.36949048786732
132.16800492319956
0.0
32.89864475716381
30.738295976156458
29.098031155769025
27.924508362077148
27.217727584326244
27.031030777949855
27.204392098156497
27.56445022473953
29.298063448315155
31.991831686866778
34.97898062115273
37.899452124589956
40.606555849311334
42.95360144744967
44.92725342208063
46.38082142533709
47.34097644031309
47.60768617446253
46.8342279658629
45.28731154866367
43.67371771137032
41.74007219524857
38.819600681056734
35.68576139890364
0.0
393.8502530110655
370.05974540462665
352.1901938296267
339.29477845613076
331.8269062010753
330.5867059120072
332.4003320741104
337.6145072632708
361.96510526732965
396.62403426342684
433.7366926717383
470.4626219703726
503.334595755197
531.2057621725951
553.7960760237572
569.3185820974102
577.866628829006
577.0398287079911
562.7841937666908
539.0336926940432
517.7102499752338
494.2131231505659
460.9544202560645
425.055291078445
0.0
73.89192971615225
69.97129673922979
66.99748328035899
64.69044415148446
63.13019224811549
62.54343085664685
62.63677925983504
62.38340502260994
66.74410904313389
73.99861360551017
81.26645365405622
87.7208290354934
93.12170098801181
97.24236626823499
99.93613450678663
101.34969605153385
101.5897348025892
100.2428506886907
97.32237918525344
93.70846239023504
91.4947716645487
88.5476291780174
83.70684764462816
78.42599506763743
0.0
250.6404654102646
238.74521166081811
229.85044224579062
223.3560604488626
219.52877588588285
218.60862732941612
218.968685380717
220.82231796906575
236.18479823019095
258.94847336929587
281.4987807942125
301.31531350055906
316.1710452657249
326.3860277147656
332.68037727292045
336.9210618964075
337.94789436374134
334.7740486338337
326.4527051993872
315.71763867142613
307.47630808947054
296.76791261988575
281.03203872449853
264.3360098463991
0.0
145.51682678344838
136.728741279288
130.12767557149283
125.36690686908531
122.59312572426983
122.13971923751697
122.80649354600405
124.74013909438958
133.72825683732313
146.54365925078227
160.25253916233197
173.81472873676913
185.96335673419526
196.2583522508186
204.60636663609534
210.34062579663023
213.50113605112287
213.19441979393667
207.92690270311567
199.15215278191636
191.2708803588076
182.60281424092946
170.30749579884488
157.05202237404802
0.0
60.66312728520407
57.94268807431295
55.94236512734249
54.35544225163403
53.288603347300096
52.82186132060454
52.98188716539604
53.368616264318554
55.929029641172754
59.836327131925486
63.890314970545354
68.13099962629622
72.33167781278327
76.25231078970573
79.17278229314297
81.03975037841602
82.22660866903222
82.49331839242706
81.1330987923588
78.46600152614666
75.5722009950489
72.47836816065043
68.27768997416338
64.01033434607305
0.0
404.89203568866685
380.4347537737409
362.0584537027815
348.8029802779847
341.1217400936492
339.8415334858814
341.7218370250604
347.0693670759182
372.10007486387934
407.73249431810393
445.8853206691644
483.6380824351326
517.4435402518388
546.0881648885913
569.3185820974102
585.2678237069856
594.0559092111462
593.2157736147161
578.5467386129083
554.1427987071888
532.2059236890987
508.0686933992283
473.86317099742973
436.97721577872176
0.0
71.98495517236998
67.26419301450841
63.676947191829505
61.103198328805554
59.56961740853065
59.15621732651405
59.529610939266824
60.34307560637567
64.13035372160073
70.02463868390875
76.54569149619465
82.94672492219829
88.85434537067606
94.0151785721391
98.30920517256892
101.50972188557074
103.60339323572941
104.19015463795262
102.49654787288624
99.12266983967777
95.58876596167781
91.34808130592697
84.94704787992332
78.0926079026393
0.0
13.175460486269218
12.522021653197273
11.988602206407602
11.588537610560756
11.255150456317208
11.148466566959275
11.148466566959275
11.348498859505398
12.20196998512347
13.308815347966636
14.455667169319025
15.549177056747038
16.536003044062525
17.37613868351085
17.89622264413078
18.282951743053292
18.45631307401453
18.349629184656596
17.90955813030053
17.122764435531167
16.682693391929682
15.909235183330066
14.802389820486903
13.695544457643738
0.0
250.62712993484942
234.1711398293145
221.67578914845674
212.7410133071838
207.39348325632602
205.96658620389988
207.24679291921342
210.0605805978203
223.2493765379955
243.78602545448976
266.5096941673492
288.76662081049477
309.3432762607803
327.29284079581714
342.2819274226805
353.40372306031855
360.684898552016
362.7385634866838
356.8442785136212
345.0957151012873
332.7870611837875
318.02467785407356
295.7677511033822
271.87055969362217
0.0
120.9395254822402
114.53849201321822
109.65770403207434
105.88376140301904
103.32334802616481
102.37652849735856
102.50988335905598
102.09648328779399
109.25763944698207
121.11288677018308
133.02147610259055
143.58318123506285
152.41127316546869
159.15902921037645
163.55973975393712
165.88011441199976
166.29351447250716
164.07982372531166
159.30571965503486
153.38476373114196
149.7575114069355
144.9434008028674
137.02212195351314
128.38072678646535
0.0
1159.7205680335194
1083.5882767268872
1025.7656078990467
984.4256003426635
959.6749377535124
953.0872075211325
959.0348343958557
972.0369335726728
1033.0867899245354
1128.0754594925313
1233.239103792772
1336.2157292645604
1431.4577725428064
1514.5245175180714
1583.8557109856813
1635.3173523405615
1669.0561331028298
1678.5376638663074
1651.293264363238
1596.8711448850922
1539.9552899986707
1471.5975868816427
1368.6076257193474
1258.0431084986756
0.0
32.6719414922782
31.218373478267157
30.138199087763482
29.27139247597567
28.711302056846506
28.457927808866827
28.537940725885278
28.75130851535574
30.124863601593734
32.231870437922126
34.41889020202357
36.6992583585586
38.96629103967848
41.07329787600688
42.64688525479101
43.66038222520057
44.28715007517844
44.4338404230456
43.7003886837098
42.2601561558685
40.69990425249952
39.04630395669694
36.77927127557706
34.485567632872275
0.0
225.95648019818927
213.99454907166708
204.89974731032052
197.84527511577247
193.05783546253468
191.29755130963792
191.53759008220246
190.76413186284825
204.13962467392733
226.28986740620576
248.54679404935132
268.2699783202459
284.77931043498734
297.3946805021274
305.60934002570673
309.9433730846458
310.70349582858483
306.56949511596486
297.64805475010706
286.59293659709056
279.8051740183915
270.80372080004275
256.0013309365375
239.86539245605806
0.0
994.0138150170084
977.5178183776823
965.2491709939737
955.6342853687986
949.6066455340384
944.4991542557452
941.3519794766678
937.8447466462893
951.4469426469722
978.8513671022023
1005.2022880317222
1027.01914366353
1050.1962188631426
1071.6530163361033
1087.9223094631886
1098.2706472041102
1102.9247322107424
1099.0174340424505
1087.2688713829377
1071.4529840973303
1055.2770391906056
1041.9682238641478
1020.7914715899968
1009.0162371192869
0.0
289.2333628802087
273.924224520744
262.26900954386207
253.2408852671372
247.1198969969252
244.85286434806906
245.18625155608555
244.18609003958198
261.308854453604
289.6600984161313
318.14469724035587
343.3887728500511
364.5255185904109
380.6614570708903
391.1964912525322
396.7440535421632
397.70420863242134
392.4100204832242
381.00817975432193
366.83255777305834
358.15115617976505
346.6426314324498
327.69290538090945
307.02290160271775
0.0
400.05125424131427
373.78034616428516
353.8437940716563
339.57482376248663
331.0401125063059
328.7730797499039
330.8267446845717
335.30746808062327
356.3642009684922
389.12949094999516
425.4020136543308
460.9277493052343
493.7863875070975
522.444347619265
546.3548746119861
564.1044069082499
575.7462865172624
579.0134806826221
569.6119627716353
550.8489334834529
531.2057621725951
507.62862238789063
472.102886844533
433.9633958613418
0.0
589.1884567054174
579.4135452677143
572.132369668471
566.4381170417277
562.8775422021426
559.8370513339323
557.9700832701685
555.8897473846704
563.9577165711372
580.2003389624838
595.8161933640428
608.7649506391994
622.5005015015794
635.2092200041714
644.8507765801768
650.9851003258041
653.7455459952043
651.4251713371417
644.4640474704998
635.0892006178891
625.5009859435443
617.6197135204355
605.0710209379171
598.0832261204448
0.0
126.24704899930666
119.97937039198206
114.88521469664985
111.12460751074595
107.84407786997107
106.85725190416477
106.85725190416477
108.75089095102271
116.95221499918688
127.58059761628083
138.56903839222153
148.9973886629964
158.53226143568065
166.560224195902
171.53436061249784
175.1749483045736
176.8685550803946
175.86839367143693
171.69438642502556
164.0664882498965
159.8524745772397
152.47795065009038
141.90290993465703
131.31453385135447
0.0
528.8853875145326
496.93356228617483
472.9296869655478
455.62022568062184
445.59193999493925
443.9250041699486
446.3653982142935
453.36652850718093
486.06514100406235
532.6059882741911
582.4407006605095
631.7553290754537
675.9091243104438
713.3284988683955
743.6667302809689
764.5100953471034
775.9786136681732
774.8851037162177
755.722009950489
723.8368620992072
695.1922374624548
663.6538122946047
618.9799331957857
570.7988210514969
0.0
183.10956273688888
171.0942894936142
161.9594814135681
155.43842855826387
151.51779555983222
150.47762761708316
151.42444723192614
153.47811205904804
163.11966874259946
178.10875536946273
194.7247712875253
210.98072915428705
226.00982220739579
239.13194077049522
250.0803750126446
258.2016862083179
263.5358806762146
265.0294552132624
260.72209310515365
252.13403994731237
243.14592209683295
232.3575136672113
216.0882203250344
198.63206881054182
0.0
679.4830346254437
647.2378287228611
623.1272693838209
605.5110919492547
595.1494190555558
592.6690186925113
593.6291736752235
598.6433165180648
640.3033758070494
702.0200064673994
763.1365403038839
816.8652147378039
857.1383834006078
884.8361885300632
901.8789399840483
913.3874647313635
916.1745813515942
907.5865281937529
885.022885293421
855.8981831115397
833.5745790913185
804.5165543940586
761.8696690639854
716.5956930337553
0.0
686.1907842441061
655.972572217815
634.5024392694388
616.9129327857029
607.0446729125481
605.8444791572713
607.3913954884338
614.3925258888671
654.3189718682394
705.9939813674916
758.7758362941144
809.0372842163557
854.8180087425452
895.8112937230427
925.482750827129
946.6995095275255
960.5284088253575
960.2350281511324
940.1784566722213
905.5461987345001
870.9539472230246
833.6812630021853
781.4861695315589
730.6246246779064
0.0
1899.0532651480032
1867.554847051674
1844.0977266532516
1825.7347615199783
1814.2395726782613
1804.464661025467
1798.4503560208466
1791.7426069399137
1817.74680550864
1870.101924146519
1920.4300500911113
1962.1301154837035
2006.4172661181206
2047.383879287421
2078.4688985062476
2098.2587599391263
2107.1535289239705
2099.658985933176
2077.2286975719044
2047.0104864059804
2016.1121647033326
1990.6813922227334
1950.2348613040738
1927.711225260171
0.0
438.59080970205184
412.10653380328847
392.19665276903584
377.8476694998293
369.526325957837
368.13943543920215
370.16642931549376
375.9673658531044
403.07840963410945
441.68464247192276
483.0113146604369
523.9112512054826
560.5171611178347
591.5621732651405
616.7129004393838
633.9956907734795
643.5172279632027
642.5970794067358
626.7145151742361
600.2702458092641
576.5197447366168
550.3688560458697
513.3228750146341
473.35642250147043
0.0
822.1327318286247
768.1506831467251
727.1573981662275
697.8593348039491
680.3098347464587
675.642414587049
679.8564282597058
689.0712492997887
732.3582378799728
799.6891083145752
874.2478123392145
947.2462644497305
1014.7638317552368
1073.6533393691107
1122.7946067112036
1159.280496699544
1183.1910241224487
1189.9121088938884
1170.6023247910473
1132.0227625814262
1091.669581496315
1043.2217595210855
970.2099719351544
891.8239833475353
0.0
564.7578457413216
537.9535182175028
517.923617796968
503.2812538535364
494.6665296373189
492.5995292272359
493.39965850496634
497.56033016841656
532.1925882136835
583.4808686032586
634.2890714477047
678.9362797032389
712.4216857873439
735.4387351744285
749.601021680277
759.1625654037914
761.4829399543082
754.3484547997236
735.5854255115411
711.3815178445949
692.8318563781467
668.681290720407
633.2355680295404
595.6028256498544
0.0
741.5063814354339
696.712482950333
663.0670509461544
638.7964657945867
624.7275277241899
622.3938176982581
625.8077022007303
635.6226200646788
681.47002207549
746.7205566245945
816.5985050144088
885.7430015035688
947.6329935594074
1000.108132228844
1042.64833364805
1071.8530486824225
1087.9489808442024
1086.402064405494
1059.544394764923
1014.8438446077278
974.6773598557909
930.456887243725
867.8334433947776
800.2625341876105
0.0
761.1762238046679
711.2081565566519
673.2553624443647
646.1176478200753
629.8750254287288
625.5543279527507
629.4616253682212
637.9963366244019
678.0561375730176
740.4128715910244
809.4240133260328
877.0215934840302
939.5383534221103
994.0538214432539
1039.5545007706335
1073.3332876365093
1095.4835309065172
1101.6978669669058
1083.814980239128
1048.1025475022293
1010.7365148459379
965.8759388762153
898.278358718218
825.7066421436247
0.0
106.05712272322567
100.4428829812368
96.17552736390104
92.85499126461697
90.61462956659116
89.78782941331255
89.90784878884024
89.53445516533289
95.81546922656342
106.21714855726256
116.65883432496176
125.91366189883603
133.66157946024737
139.58253538414027
143.44982637336545
145.476820249657
145.83687840850385
143.88989738470315
139.70255477042258
134.5150505320925
131.3278693267696
127.11385565411281
120.166067262886
112.5781755140024
0.0
17.42948062818982
16.64268693342046
16.06926101736697
15.615854487595744
15.30913829493709
15.175783433239674
15.215789891748901
15.335809267276579
16.06926101736697
17.189441866379877
18.349629184656596
19.576493923027435
20.776687689058793
21.910204024241445
22.750339663689772
23.28375912123403
23.630481761647317
23.69715919249603
23.31043009357352
22.5369718849739
21.710171731695315
20.830029633737762
19.616500381536664
18.389635643165825
0.0
1214.2227005792477
1156.6133994655956
1113.52644376946
1082.0413602881788
1063.5183697725608
1059.0909882781698
1060.8112660048212
1069.7593773215094
1144.2113976503733
1254.4958696722354
1363.7268382759326
1459.7290040830262
1531.7006234035705
1581.1886137517326
1611.6468641204049
1632.2101837726377
1637.1843199741418
1621.835175726161
1581.5220006371114
1529.4735975035974
1489.6004937485236
1437.672109678654
1361.4598053044392
1280.5534099275303
0.0
1706.928913394713
1625.9291703351732
1565.3727267887627
1521.1122475353595
1495.068042970572
1488.8270355291693
1491.2674292508764
1503.842792891771
1608.499689556419
1763.5380527767697
1917.082842320439
2052.037964294053
2153.2276341243846
2222.798866794743
2265.6057772920685
2294.5171122974903
2301.5182422677403
2279.941425193406
2223.2522727437663
2150.0937952509057
2094.0314105759626
2021.0329581428089
1913.8956617603917
1800.1572985947203
0.0
1146.4784306218671
1092.0829814492765
1051.3964126184192
1021.6716136126723
1004.1887910398036
999.9881128425619
1001.6283777167223
1010.0830760128662
1080.361089095319
1184.4979013584089
1287.6345529653624
1378.2758529235455
1446.2334917781188
1492.9743707492912
1521.7256796195484
1541.1421481709863
1545.8362391736805
1531.3539008276846
1493.2810873291153
1444.1398206322976
1406.4804070866894
1357.4591594535166
1285.4875390575132
1209.1018739330852
0.0
404.75868082696934
386.66242595482004
373.2735976683258
362.6718860020622
355.5640717983076
352.4569035530215
353.537077922016
356.070820294267
373.22025576666516
399.2377894881688
426.3088267353824
454.5667222624577
482.5979144923836
508.81548066775207
528.3252971169126
540.7539704206946
548.6619137946336
550.4088624721152
541.3807381953903
523.5378575712206
504.2414088362486
483.6514179105478
455.60689020520675
427.10895590556686
0.0
220.662292156538
208.9804061212799
200.0989722892134
193.20452579964723
188.52377016482242
186.8034924381711
187.0568666861508
186.29674394221172
199.35218502068952
220.98234388913934
242.71918656091037
261.97562876209105
278.0982317671553
290.4202211600703
298.44818392029157
302.67553306836356
303.4223203368874
299.38166795217353
290.67359540804995
279.8718515030132
273.24411473684177
264.45602923268143
250.0003620526078
234.2378172063903
0.0
316.0643613548578
299.34166152592803
286.6062720725057
276.73801219935086
270.04359805610375
267.57653306092857
267.9232557443602
266.8430812678198
285.55276865434155
316.5311033170258
347.66946389978375
375.2472496429568
398.3443119900782
415.9871603754747
427.4823495398288
433.5499958008344
434.60349921899854
428.82923363221823
416.3472185343214
400.8780543623291
391.3831881234362
378.8078244825416
358.09781417055854
335.5075004269424
0.0
427.45567858899847
404.82535831159106
387.60924546211714
374.2604236018683
365.2056284818589
361.8717568318776
362.3384989015915
360.87159542292
386.16901293427577
428.0824464712402
470.1825767715626
507.48193205077797
538.7269764368571
562.5708260525024
578.1333385524008
586.334662600565
587.7615596529911
579.9469647145041
563.077574440916
542.1408609393294
529.312123158001
512.2960425473002
484.2915212682046
453.73992214144283
0.0
56.31575874009526
53.79535182175029
51.928383736477244
50.46148024705105
49.47465425973556
49.03458320537949
49.181273553246655
49.54133169058428
51.928383736477244
55.54230053149565
59.31624316055096
63.23687613747342
67.14417363898075
70.78476139558403
73.50520060647514
75.23881383005076
76.33232370672418
76.57236246853412
75.31882674706921
72.83842629798804
70.15799354560616
67.2908639868479
63.38356649609516
59.42292704990889
0.0
22.910365497726673
21.8968685380717
21.176752284905643
20.589990882682407
20.269939214608605
20.229932756099377
20.283274700778346
20.509977965663957
21.843526593392735
23.563804330798618
25.337424012883464
27.00435980561037
28.537940725885278
29.911495822877868
30.898321810193355
31.605102587944266
32.07184460388523
32.05850911771549
31.391734798473802
30.231547490951677
29.07136018342954
27.831159958888957
26.084211249143596
24.390604484077198
0.0
617.112965024476
579.8402808036369
551.8224240491262
531.6324977085177
519.9239407224292
517.9769596986285
520.8307538034809
528.9920714253997
567.1448977764601
621.4469980834151
679.603054011726
737.1456774256646
788.6606611123891
832.3210433268351
867.7267594839103
892.0506865371389
905.4395148236332
904.1459726329044
881.7956975543069
844.5896907105436
811.1709620035143
774.365019744843
722.2499392342534
666.0141933789129
0.0
70.17132903177591
67.0374897388682
64.71711512382394
62.87681801089039
61.649953272519554
61.103198328805554
61.28989513518193
61.729966189538004
64.70377963765421
69.22450950296965
73.91860068849174
78.81272416655995
83.66684118611893
88.21424202377383
91.60145555390665
93.761804334914
95.12202393498227
95.42874012764092
93.86848822427193
90.77465540062806
87.42744832900449
83.85353799249532
78.99942097293633
74.05195555018915
0.0
200.69906911307888
188.57711206648304
179.4689749372672
172.9079156557175
169.09396656815295
168.46719868591134
169.38734724237813
172.04110900091132
184.4564468292782
202.11263069008984
221.0223503153848
239.74537306977578
256.4947439570817
270.69703688917565
282.20556152894505
290.113504902884
294.47420902019934
294.060808852146
286.79296883586375
274.6843472646831
263.8159258750246
251.8539946409565
234.89125603946223
216.60830429640896
0.0
188.17704748139076
175.82838713764554
166.44020480961973
159.73245519095744
155.71847375707387
154.6516348634945
155.61178984620676
157.71879679008103
167.62706308948134
183.04288525226718
200.11230776462858
216.82167211814317
232.27750081472036
245.74634195370555
257.0014924530411
265.3495068383179
270.8303917508731
272.36397260662045
267.9365912197753
259.1084992893695
249.88034266632553
238.78521808706358
222.075853733549
204.13962467392733
0.0
98.14917933853204
92.9616751539749
89.00103571854319
85.93387386723882
83.85353799249532
83.09341528082003
83.20009917017795
82.86671200517983
88.6809840504694
98.2958696863992
107.96409725625335
116.52547946326435
123.69997115164051
129.18085595664985
132.75476637919576
134.63506991837477
134.96845701884536
133.16816643970316
129.3008753429321
124.4867648464099
121.53962230610564
117.63232489063505
111.20462047078274
104.19015463795262
0.0
722.8500361656646
686.9642424634603
657.7995338553335
636.2093815206749
617.4196812816623
611.7787705565794
611.8187769828248
622.6471919462379
669.6414457031193
730.4912698162088
793.3547523301751
853.0310536388182
907.6798765216589
953.5939560170917
982.1318967429771
1002.9752618091117
1012.6434894434934
1006.8958948075433
983.0387097164828
939.3249856003761
915.2010908934669
872.9809410993162
812.4378332434127
751.8147124274726
0.0
850.9373822779048
799.5424179774626
760.9228495566884
733.0783540901205
716.9290802417718
714.2486474248624
718.169280423294
729.4377663980447
782.0462599291789
856.9250155788736
937.1112948531808
1016.4574385310577
1087.4955738197202
1147.7052947902446
1196.5265102921908
1230.0519232327247
1248.5082360486288
1246.7346160976792
1215.9163074626142
1164.6146911674407
1118.5272502765192
1067.7857253468783
995.9074540316025
918.3749366233745
0.0
1488.907047521293
1391.144597453757
1316.9192808522257
1263.8440456815615
1232.0655813109631
1223.6108825846356
1231.252117095547
1247.934809960502
1326.3207985481208
1448.2738212373713
1583.2822848975543
1715.490296569637
1837.7767061442662
1944.4205895061393
2033.4349610334903
2099.4989597980107
2142.8126200818465
2154.9745837697797
2119.9956031486267
2050.130989588952
1977.0658597787226
1889.3050248762222
1757.0836775136331
1615.1274255697695
0.0
1567.2263587318364
1492.8676873761538
1437.2587097256926
1396.6121466758052
1372.7016203283595
1366.9806962130563
1369.2210578035358
1380.7695894072806
1476.8517682819563
1619.1947487977677
1760.1908460815569
1884.0908494719704
1976.9991824016472
2040.8761623377152
2080.1758400046624
2106.7267932805016
2113.1544982380833
2093.337965424191
2041.3028979811836
1974.1187173459643
1922.6437403005775
1855.619585800523
1757.2570393393053
1652.8268461868984
0.0
124.70013256059823
118.09906685280305
113.0715885345466
109.17762648694527
106.53720023609095
105.56370973494522
105.71040008281238
105.2703290284563
112.65818847403919
124.88682943150218
137.16881229062574
148.05056915569935
157.15870628491516
164.1198301515571
168.65389555681523
171.04094759195365
171.4676831278762
169.1873150036049
164.2665204886697
158.15886780141875
154.41159609092998
149.45079525729517
141.2761420524154
132.36803726951865
0.0
1760.057491327405
1676.5373404031166
1614.100593532619
1568.4532239756725
1541.6088898105163
1535.1678502378868
1537.6882570271766
1550.650349240019
1658.5611049172494
1818.4269149699044
1976.7591442743574
2115.9149442301214
2220.238452933932
2291.983369817694
2336.1238300074524
2365.941976910922
2373.156474702906
2350.899548167306
2292.463447147731
2217.0246009928705
2159.215267747991
2083.9364477282957
1973.4652792657134
1856.1930118886503
0.0
2.7871166417398188
2.6270908055519975
2.4937359427791206
2.4003875385154685
2.3470455927610416
2.3470455927610416
2.360381078930784
2.3870520512702673
2.5604133736278296
2.813787614079302
3.0671618545307746
3.3338715811519886
3.5605748481885184
3.7606071428855636
3.920632979073384
4.04065235567652
4.093994301430946
4.093994301430946
3.9873104109975523
3.81394908863999
3.6672587386219115
3.507232902434092
3.2671941492278203
3.0138199087763478
0.0
151.75783433239675
141.7962260237899
134.2350053332825
128.82079790534894
125.58027469081954
124.72680361897443
125.50026173078275
127.20720398201887
135.19516031599474
147.62383361977678
161.3860554329871
174.85489667951816
187.32357640954564
198.19199769165823
207.2734638700437
213.99454907166708
218.42193045851218
219.6621307475803
216.0882203250344
208.96707064586474
201.5258693416396
192.57775802495146
179.09558130300528
164.62657864751648
0.0
2354.0733941123053
2242.375360405887
2158.8552094815986
2097.805352914644
2061.8928890144302
2053.2914998434444
2056.6520422291646
2074.001509940336
2218.318143613783
2432.139331505053
2643.9068542465634
2830.0302366857404
2969.572765213452
3065.521589333977
3124.5577878226923
3164.444227268273
3174.0857830914574
3144.320977874557
3066.1616927991786
2965.2520681676574
2887.946253303757
2787.263332184477
2639.5061430577275
2482.654152814907
0.0
477.0903586289981
454.4467028761754
437.52397080847254
425.14863940635104
417.8807993900689
416.1338507125873
416.81396049648947
420.33452890982886
449.5792503704467
492.9195809598373
535.8331759057593
573.545931245482
601.8304977233877
621.2736367954723
633.2489035049556
641.3302082743834
643.2771891906381
637.249549463424
621.4069916571697
600.9636911761273
585.294494657816
564.8912006030191
534.9396983001228
503.14789899183893
0.0
577.0398287079911
539.1670475557406
510.38906805729084
489.82574808242043
477.5037587970514
474.2232291562766
477.1970425398651
483.66475338596297
514.0429913323277
561.303954812604
613.6324031449282
664.8673416328425
712.2616599748163
753.5883320557845
788.0872352393538
813.6913689003503
830.4807462139015
835.1881729071025
821.6393188080806
794.5549460854517
766.2437086567159
732.2248830182754
680.9766090549458
625.967728013258
0.0
148.65066608711066
141.59619378501674
136.32867669419576
132.47472118038576
130.1943529485686
129.6609335017789
129.87430132351315
130.96781116792278
140.07594829713864
153.58479596991518
166.94695330557911
178.70885219332814
187.51027317290368
193.5779194339092
197.29852019356764
199.8189270904034
200.43235938968405
198.55205585050504
193.61792596770053
187.24356344950886
182.362775468365
176.00174853313433
166.6802435821843
156.77197717523805
0.0
112.68485942486952
105.8704259168493
100.76293464931061
97.06900494802835
94.93532712860589
94.57526900202285
95.09535296264279
96.58892743516306
103.55005129105042
113.47165311963887
124.08670026131763
134.5950634921293
144.0099167709854
151.971202154131
158.43891300022872
162.87962997003487
165.32002390683388
165.09332071723037
161.01266190627103
154.2115638521568
148.1172465327751
141.39616143869767
131.8746242489744
121.60629979072729
0.0
147.05040763919575
140.47601288223086
135.60856037650214
131.7679403381073
129.18085595664985
128.04733968599476
128.447404271087
129.36755282755377
135.59522490108702
145.05008471373446
154.87833816064386
165.146662618891
175.33497422464723
184.85651141437043
191.95099014270986
196.4583844895918
199.33884954527434
199.965617427516
196.68508778674115
190.20404146522824
183.18957558937976
175.70836775136328
165.52005625315294
155.17171883486904
0.0
164.2665204886697
156.47859650101293
150.65098901257196
146.38363333070868
143.876561909288
143.2764650854226
143.5165038579871
144.73003308867902
154.79832520060705
169.72073445039462
184.49645325552365
197.48521695692568
207.22012196838313
213.91453611163024
218.03520134883507
220.82231796906575
221.4890923850987
219.42209197501577
213.96787801329086
206.92674129415795
201.5258693416396
194.49806799037594
184.18973710588335
173.24130286373398
0.0
938.3781660930791
893.8509772238269
860.5656033784952
836.2283408498516
821.9193640068905
818.478808553588
819.8256926459774
826.7334746109588
884.2627625494821
969.5031912004218
1053.9168196228009
1128.1021297980865
1183.7377788295614
1221.9839541538036
1245.5210865443498
1261.4169865749022
1265.2576062906594
1253.3890234920432
1222.2373279715996
1182.0175016406397
1151.199191930116
1111.059378666739
1052.1698708377735
989.6397755318238
0.0
519.9772827316357
488.57221242548303
464.9684015824022
447.9523210792474
438.0973966815077
436.4437963319321
438.85751942544675
445.7252948566367
477.8771523237674
523.6312058991267
572.6391181644306
621.1269464583597
664.533954424826
701.3265612080819
731.1580441246961
751.6413511395297
762.9231724821495
761.8429981131552
743.013291447897
711.6615631509509
683.4970159517815
652.4920102307211
608.5649182928803
561.1839354263217
0.0
574.2793830385908
545.7681132635358
522.5910380639235
505.44160259152534
490.5191934492837
486.03847005323206
486.06514100406235
494.6665296373189
532.0058913427796
580.3470292995963
630.3017610721972
677.7094148895861
721.1164228560523
757.602313489668
780.2726401933209
796.8219787343078
804.5165543940586
799.942482562555
780.9927565110146
746.2538146624263
727.0907207891518
693.5519726958404
645.4508735115883
597.2830969502603
0.0
390.23633626982
366.6591964851155
348.9496706150973
336.1742747354295
328.7730797499039
327.54621504379685
329.346505730485
334.5073389104388
358.6312337248941
392.97011098839
429.749382188685
466.14192438684876
498.7071820220328
526.3249741914512
548.7152556962942
564.0910714328346
572.5591053119394
571.7323050833788
557.6100251113216
534.0728917528626
512.9494813803722
489.6790577453079
456.7137356325774
421.1479935554285
0.0
1038.7277006496186
989.4397431855047
952.593794500588
925.6561121150719
909.8135544163634
906.0129408042142
907.4931797583008
915.1477488842603
978.8380315192412
1073.186597299397
1166.6283503211382
1248.748275251377
1310.3182151444305
1352.6583840022258
1378.7159242575208
1396.3054311714402
1400.559450840159
1387.4373324921514
1352.938429201036
1308.4112404393295
1274.2990667956208
1229.878561407052
1164.6813685445163
1095.4701952160103
0.0
778.2723172678598
731.2647280355632
695.9390247309786
670.4682458241341
655.7058624944201
653.2521329746602
656.8527143480363
667.1343742816985
715.262144416781
783.753202180415
857.0983769743624
929.6567579659944
994.6272474238349
1049.689470367183
1094.35001442077
1125.0082969206699
1141.8910229923108
1140.2640934860194
1112.0862107038895
1065.1586345391754
1023.0184978126076
976.5976698212154
910.8670578345277
839.9489415019642
0.0
545.781448738951
512.8161265186747
488.0387929786934
470.1825767715626
459.82090387786354
458.1006261512123
460.621033048048
467.8488666380848
501.58764707771536
549.6220687773458
601.0570395040335
651.9452553085163
697.4992766451022
736.1188450658767
767.4305669365774
788.9407063111992
800.7826181589849
799.6357664129147
779.8725756082287
746.960595397159
717.409157679355
684.857235627132
638.756459368341
589.0284308928896
0.0
189.95066721724854
179.89571047318978
172.24114134723044
166.3068499479223
162.2928685140387
160.81262955995197
161.01266190627103
160.3592230731991
171.60103798957363
190.23071241605854
208.94039969503444
225.51640918685158
239.39865049389007
250.0003620526078
256.90814401758917
260.54873181721086
261.18883506732175
257.70827318777367
250.21372987434202
240.91889587422227
235.21130777206355
227.65008697401024
215.20807830235898
201.6325532525067
0.0
1773.633016699895
1666.5090549325255
1586.0027238180714
1527.966687060951
1494.3079193662654
1488.7070153900659
1496.9083392231385
1520.3654606970197
1630.0231638687267
1786.1016958921928
1953.2486821893667
2118.6220474601314
2266.6726164007396
2392.186213606937
2493.935974910348
2563.8139230850707
2602.3001365366013
2598.592871574996
2534.369169063042
2427.431904811852
2331.3763962427306
2225.6126544733497
2075.7884655817925
1914.1757069592018
0.0
574.9994992487385
547.7150942873366
527.3118001249939
512.4027264581673
503.62797642942206
501.53430506850884
502.3477698216544
506.5884544451415
541.8474802651042
594.0692446865612
645.7975961950199
691.258268988608
725.3437721116701
748.7742215592622
763.2032176809596
772.938122799963
775.2985037767252
768.0306637604428
748.9342473717899
724.2902686935058
705.4072200190413
680.8165832424181
644.7174217184794
606.4045695548912
0.0
1346.2573504256582
1282.3670358745414
1234.612659481267
1199.7003562371901
1179.1637068905122
1174.2429123755767
1176.1632227711852
1186.084824868638
1268.6181497518382
1390.9045593264677
1512.0041107287816
1618.4479619594274
1698.2475122316032
1753.123038734231
1786.8751541115475
1809.692171044767
1815.1997273383363
1798.1836465125434
1753.483097000624
1695.780447128882
1651.5599749469995
1593.9906798294098
1509.483702864033
1419.7892218754175
0.0
112.89822724660372
106.07045820939541
100.9496314664416
97.25570175440473
95.12202393498227
94.76196580839922
95.28204977977377
96.77562424153943
103.75008359435114
113.68502094137308
124.32673903388218
134.86177321552415
144.27662649438028
152.26458282835614
158.74562914986902
163.1863461196752
165.64007563943522
165.4000368668707
161.3193780559113
154.50494452638193
148.397291839131
141.6628711620925
132.1279984969541
121.84633856329181
0.0
922.1622146525627
861.6191067966595
815.651685399566
782.7797116147417
763.0965338776384
757.8556877376478
762.5897853816789
772.924787217002
821.4792929955529
897.0114874783197
980.6249867305143
1062.5048727806422
1138.2504354077805
1204.3010984817945
1259.4299988022185
1300.3432713604088
1327.1742698350579
1334.7088198973725
1313.0386540649479
1269.77833654314
1224.5176966336005
1170.1622534570715
1088.2690320390743
1000.3481710014087
0.0
1058.8242785547752
994.8806216718145
946.8195289138077
912.1739353931258
892.0773575955151
888.7434859455336
893.6242739266775
907.6398700954135
973.1037724662522
1066.2788154419613
1166.0682599235183
1264.7908646511291
1353.1784684037839
1428.0972301570862
1488.8403701442176
1530.5671069178236
1553.5308142957017
1551.3171240862357
1512.977601079363
1449.1406282148155
1391.7980366094666
1328.6545088966905
1239.213401725871
1142.7311585887405
0.0
153.37142814818094
145.7568655560129
139.56919980117925
134.98179260180643
130.9944821187531
129.8076238388915
129.8076238388915
132.11466302153897
142.0762713301458
154.985022071511
168.3338438242139
180.98922042514533
192.59109350036664
202.32599851182408
208.38030929741444
212.80769068425954
214.86135561892735
213.63449091282027
208.5803415361876
199.29884311902893
194.17801636532053
185.22990504863242
172.3744962089278
159.51908736922323
0.0
114.05841446808914
108.64420704015559
104.59021923379949
101.62974126109842
99.89612804827739
99.4827279662608
99.64275380029771
100.48288943974603
107.47068427872748
117.83235712940821
128.10068158765537
137.1154703889651
143.876561909288
148.51731122541324
151.3844406981348
153.31808624652032
153.7848283162342
152.34459578839292
148.5573176516587
143.66319419509966
139.91592248461092
135.03513450346702
127.88731387346701
120.28608664916827
0.0
1034.9004160866389
980.1182382345547
938.4315079947396
906.1062891321203
884.1827496969911
876.1147804029785
877.2616322565947
873.7010574170098
934.9642815906068
1036.4206614669713
1138.3571187809184
1228.6650318537227
1304.2905755247623
1362.0465660076138
1399.705979553222
1419.5491837481284
1423.0297451974927
1404.0800193610442
1363.2467598704368
1312.5585767349107
1281.5002288970977
1240.3069122155564
1172.5092994961483
1098.5506924029203
0.0
307.6496694849594
291.36704066736735
278.9783738973767
269.3634882722015
262.8424354168973
260.4420479063437
260.78877048222944
259.7352670640653
277.9382059546276
308.10307597171226
338.4013009580401
365.2589703835196
387.72926484839934
404.905371164082
416.0938442863418
422.00146473481954
423.02829709460747
417.40072195248564
405.26542932292875
390.1963298435746
380.9548377451154
368.7128613122373
348.5629415054202
326.57272458566945
0.0
2074.641613405539
1949.328048330568
1855.1661798514997
1787.2752194494608
1747.9088633299789
1741.3611393087524
1750.949354520827
1778.393785079665
1906.667828277901
2089.2306362001304
2284.742200644696
2478.1867653244535
2651.361390165837
2798.1717592475593
2917.190975194559
2998.9375061678975
3043.944772259641
3039.6107395233403
2964.478609948303
2839.405083000622
2727.0402755234454
2603.3269685737514
2428.0853428921023
2239.0414894011815
0.0
269.85690118519983
253.56093689219264
241.30562498389938
232.47753305349357
227.35670629978512
226.50323522794
227.7567708848774
231.3173457244622
248.01337460256167
271.75054030733986
297.18131268039315
322.3453754375975
344.8690118041379
363.9654281927908
379.44792784019836
390.0763104572923
395.94392437197877
395.37049849894356
385.5955870612406
369.3262937190638
354.7106007264624
338.62800414764365
315.8243225822933
291.2470212810851
0.0
1344.8304541260532
1281.0201515670606
1233.3057811698477
1198.4334849972918
1177.9101713411208
1173.002712516692
1174.9230229123007
1184.8312893192465
1267.271265444357
1389.424320264835
1510.4038515280454
1616.7276847705057
1696.4472219750987
1751.269405715699
1784.9948507874599
1807.771861724618
1813.279416942728
1796.2766718074424
1751.6294639820915
1693.9801568723774
1649.813026377064
1592.297072946043
1507.8967804292622
1418.28231250823
0.0
1297.0360706612578
1218.6900880697003
1159.8272524821157
1117.3803991757243
1092.7764266010481
1088.6824319920358
1094.670065615642
1111.832836886093
1192.0191157302168
1306.1575431583426
1428.3906110464036
1549.3301363135515
1657.6009502571749
1749.3757667011048
1823.7877808188148
1874.8893639073024
1903.0272406933707
1900.3201363879016
1853.3525539044883
1775.1532617575897
1704.915255316474
1627.5694344565125
1518.0050789674358
1399.8126640018188
0.0
594.0425737357308
562.5974970033327
538.6736345351965
520.1106375933331
507.5352739524385
502.8945247438593
503.56129905234627
501.5076341176786
536.6733116097352
594.909380390537
653.4254943701488
705.2605296819287
748.6808731238101
781.8195566320294
803.4497155004792
814.8382207539663
816.8252082040124
805.9567869219
782.5130018913468
753.4283062432568
735.5854255115411
711.9416083497608
673.0286592547611
630.5818062710073
0.0
43.76706611455851
41.820085112267016
40.366517098255976
39.219665276903584
38.44620706830397
38.112819914060424
38.2328392895881
38.49954901298294
40.366517098255976
43.18030471233528
46.10077621577251
49.154602580907174
52.195093470626674
55.02221657087571
57.12922340720411
58.47610752110263
59.3295786467207
59.51627545309709
58.54278495195134
56.622474921999334
54.528803571840676
52.301777359984605
49.27462196718944
46.1941246189607
0.0
151.59780851986903
144.93006532745218
140.18263220800574
136.28867026795027
134.11498594700026
133.8482762236054
134.19499890703705
135.74191523819957
144.55667169319025
155.97184800505354
167.64039856489651
178.73552314415846
188.85715726529298
197.91195249284823
204.47301177439795
209.15376751676868
212.20759386039413
212.14091637577246
207.71353498892736
200.058965862968
192.41773210487787
184.18973710588335
172.6545414077378
161.4127264913633
0.0
12.241976443632696
11.708556986088432
11.321827887165918
11.015111705261855
10.841750385055212
10.815079412715727
10.841750385055212
10.961769760582886
11.681886013748946
12.602034570215727
13.54885409902199
14.442331683149284
15.255796350258125
15.989248100348515
16.52266755789278
16.896061170645556
17.149435407870648
17.136099921700907
16.776041795117877
16.162609420555164
15.549177056747038
14.882402737505354
13.948918694868835
13.042105624571798
0.0
17.602841948396463
16.829383739796846
16.28262879608284
15.829222266311614
15.575848029086522
15.549177056747038
15.589183515256263
15.762544835462906
16.78937728128762
18.10959042284665
19.469810033669503
20.763352202889052
21.93687499658093
22.990378425499717
23.750501137175
24.297256080889003
24.643978721302293
24.643978721302293
24.123894760682358
23.230417176555072
22.350275078597516
21.39012006362151
20.05657142513814
18.749693769748852
0.0
4.960800912143298
4.720762157861568
4.520729863164522
4.374039514221903
4.240684650373566
4.20067819186434
4.20067819186434
4.2806911099582505
4.600742781258432
5.014142856822265
5.454213905801042
5.867613982440335
6.241007599494943
6.547723784625382
6.7477560793224285
6.8944464293405066
6.961123860189216
6.92111740167999
6.761091565492171
6.454375380361731
6.29434954417391
6.000968845213213
5.587568769649379
5.160833206840344
