173.58200000000002
163.928
155.22
149.054
149.406
153.476
162.168
162.81199999999998
174.99800000000002
188.428
204.646
216.528
223.55800000000002
230.178
230.992
232.364
227.748
229.764
232.438
231.17999999999998
226.17600000000002
220.024
201.144
183.224
150.81199999999998
139.77200000000002
132.156
126.202
122.40599999999999
125.9
132.246
137.75
150.882
163.46800000000002
176.394
187.09
196.47
202.956
209.07
215.41
217.0
218.284
213.758
198.514
190.42000000000002
186.754
172.326
154.00199999999998
375.68
374.148
372.488
372.064
371.502
371.222
372.204
373.25
375.176
377.498
378.51
378.476
378.26800000000003
379.262
380.632
382.584
383.23
382.914
382.302
379.408
377.864
377.88
378.456
376.774
353.34
344.784
336.154
329.702
330.704
335.92
343.0
348.06399999999996
362.962
381.074
401.72799999999995
425.242
444.694
465.61400000000003
477.092
481.644
486.10200000000003
479.324
467.406
449.96799999999996
438.32399999999996
427.32000000000005
400.92
376.922
70.102
69.20400000000001
68.516
68.29599999999999
68.426
68.296
68.40599999999999
68.83200000000001
69.836
71.876
74.524
76.854
79.794
81.22200000000001
82.57000000000001
83.52
84.128
82.742
81.248
79.438
78.958
78.058
75.698
72.36800000000001
881.34
815.2099999999999
771.126
754.4399999999999
749.538
771.83
804.29
854.562
943.0640000000001
1030.346
1144.8700000000001
1266.674
1291.506
1345.866
1343.0040000000001
1330.698
1338.664
1334.324
1317.002
1268.488
1209.238
1179.3419999999999
1080.918
952.494
61.93
57.29
54.192
53.016
52.67
54.236
56.518
60.054
66.27
72.404
80.456
89.012
90.75999999999999
94.58
94.38000000000001
93.514
94.07
93.766
92.55000000000001
89.14
84.98
82.878
75.96000000000001
66.938
253.06
237.454
225.356
214.56
211.846
220.928
230.476
237.84
246.656
261.03
278.67600000000004
295.702
314.762
332.038
345.4
353.392
357.646
360.23
355.568
346.994
333.912
323.49199999999996
298.57599999999996
274.146
370.136
349.556
330.982
317.828
318.578
327.276
345.79
347.17199999999997
373.166
401.8
436.374
461.702
476.69599999999997
490.822
492.562
495.478
485.634
489.94
495.64
492.964
482.282
469.17400000000004
428.918
390.69800000000004
1564.486
1447.1
1368.836
1339.222
1330.522
1370.09
1427.7079999999999
1516.944
1674.056
1828.984
2032.28
2248.5
2292.574
2389.0660000000003
2383.988
2362.146
2376.2799999999997
2368.576
2337.828
2251.714
2146.532
2093.464
1918.752
1690.792
65.94399999999999
60.998
57.696000000000005
56.454
56.086
57.751999999999995
60.18
63.94
70.568
77.096
85.664
94.782
96.634
100.704
100.488
99.57000000000001
100.164
99.842
98.546
94.91799999999999
90.48400000000001
88.244
80.878
71.268
910.72
907.0160000000001
902.976
901.9540000000001
900.592
899.912
902.3019999999999
904.82
909.502
915.1320000000001
917.5799999999999
917.49
916.996
919.394
922.724
927.4639999999999
929.028
928.264
926.766
919.754
916.028
916.0600000000001
917.452
913.364
1158.088
1071.196
1013.26
991.338
984.894
1014.188
1056.84
1122.89
1239.188
1353.88
1504.366
1664.416
1697.0420000000001
1768.466
1764.704
1748.544
1759.002
1753.3
1730.542
1666.7939999999999
1588.94
1549.6519999999998
1420.326
1251.578
193.9
193.112
192.258
192.04
191.74599999999998
191.598
192.10999999999999
192.648
193.64600000000002
194.844
195.36200000000002
195.34599999999998
195.236
195.75
196.458
197.464
197.802
197.64
197.32
195.826
195.032
195.03799999999998
195.334
194.46800000000002
64.71
60.714
57.624
54.86
54.168
56.494
58.93
60.82
63.07
66.74799999999999
71.254
75.614
80.482
84.902
88.314
90.36
91.452
92.108
90.92
88.72
85.38
82.718
76.348
70.096
13.872
12.862
12.161999999999999
11.61
11.258000000000001
11.58
12.164
12.676
13.882
15.042
16.226
17.212
18.076
18.674
19.234
19.818
19.96
20.084
19.662
18.258
17.516000000000002
17.178
15.85
14.168000000000001
265.966
249.562
236.852
225.506
222.648
232.192
242.23
249.972
259.23
274.344
292.88800000000003
310.786
330.81
348.978
363.014
371.416
375.88800000000003
378.602
373.704
364.68600000000004
350.94599999999997
339.99
313.8
288.128
242.742
239.632
237.28199999999998
236.52
236.97
236.496
236.866
238.36200000000002
241.846
248.888
258.07
266.13
276.33000000000004
281.26399999999995
285.92
289.222
291.326
286.534
281.368
275.094
273.432
270.298
262.138
250.60399999999998
163.148
161.06199999999998
159.48
158.964
159.27
158.958
159.20000000000002
160.206
162.55200000000002
167.286
173.448
178.868
185.722
189.042
192.172
194.394
195.806
192.582
189.108
184.89
183.77800000000002
181.67000000000002
176.188
168.436
709.054
655.848
620.38
606.96
603.014
620.952
647.0640000000001
687.508
758.712
828.93
921.062
1019.0600000000001
1039.03
1082.7659999999998
1080.46
1070.5639999999999
1076.97
1073.478
1059.548
1020.52
972.8480000000001
948.798
869.616
766.296
216.748
213.43599999999998
211.10999999999999
206.128
202.54
203.5
204.832
207.258
212.32
222.962
234.422
244.284
251.616
257.952
267.49
272.782
275.322
274.168
272.26399999999995
263.978
253.02800000000002
250.496
237.55599999999998
221.384
143.99800000000002
141.8
140.252
136.944
134.558
135.19400000000002
136.076
137.69
141.06
148.124
155.736
162.29000000000002
167.16
171.368
177.704
181.218
182.91400000000002
182.14200000000002
180.874
175.372
168.09799999999998
166.41400000000002
157.82
147.072
214.486
201.258
191.008
181.856
179.546
187.25199999999998
195.338
201.59
209.04999999999998
221.23600000000002
236.192
250.62199999999999
266.776
281.424
292.746
299.516
303.13
305.322
301.364
294.1
283.016
274.178
253.058
232.352
224.578
210.73
200.0
190.416
188.008
196.06199999999998
204.538
211.07999999999998
218.89800000000002
231.658
247.322
262.42400000000004
279.34000000000003
294.682
306.536
313.62
317.402
319.69399999999996
315.558
307.942
296.33799999999997
287.092
264.976
243.3
444.75
439.048
434.736
433.334
434.16
433.3
433.98199999999997
436.722
443.10200000000003
456.014
472.826
487.592
506.27799999999996
515.316
523.854
529.908
533.758
524.974
515.5120000000001
504.014
500.97
495.23199999999997
480.276
459.154
761.146
758.048
754.672
753.814
752.672
752.112
754.1
756.214
760.128
764.8340000000001
766.876
766.796
766.386
768.392
771.168
775.136
776.444
775.806
774.554
768.688
765.5759999999999
765.6
766.766
763.354
1510.74
1397.384
1321.808
1293.21
1284.806
1323.02
1378.6580000000001
1464.832
1616.54
1766.1519999999998
1962.468
2171.254
2213.81
2306.992
2302.0860000000002
2280.996
2294.65
2287.2019999999998
2257.512
2174.356
2072.79
2021.55
1852.838
1632.704
87.792
86.446
85.50399999999999
83.494
82.034
82.424
82.962
83.95
85.996
90.31
94.95
98.942
101.918
104.48
108.344
110.48400000000001
111.518
111.04599999999999
110.276
106.922
102.488
101.46
96.22
89.666
1573.9199999999998
1476.8700000000001
1401.64
1334.516
1317.588
1374.082
1433.4460000000001
1479.3
1534.084
1623.51
1733.27
1839.164
1957.688
2065.176
2148.2599999999998
2197.956
2224.444
2240.516
2211.4880000000003
2158.156
2076.826
2012.004
1857.026
1705.0900000000001
283.488
279.152
276.108
269.596
264.904
266.158
267.89
271.07399999999996
277.69399999999996
291.616
306.602
319.494
329.094
337.37600000000003
349.85
356.764
360.09
358.58000000000004
356.088
345.254
330.93600000000004
327.616
310.69800000000004
289.546
75.39
74.422
73.694
73.46
73.596
73.452
73.566
74.02799999999999
75.112
77.304
80.154
82.658
85.822
87.356
88.802
89.824
90.482
88.996
87.384
85.436
84.924
83.948
81.414
77.834
600.8919999999999
593.19
587.364
585.4739999999999
586.596
585.434
586.354
590.046
598.6759999999999
616.116
638.8280000000001
658.786
684.03
696.236
707.774
715.95
721.168
709.292
696.506
680.976
676.86
669.108
648.902
620.3599999999999
401.79999999999995
377.022
357.81399999999996
340.68
336.356
350.78200000000004
365.94
377.644
391.63
414.46
442.478
469.514
499.77
527.204
548.4159999999999
561.1039999999999
567.8679999999999
571.97
564.558
550.94
530.18
513.634
474.068
435.278
342.322
337.096
333.414
325.556
319.88800000000003
321.398
323.498
327.336
335.332
352.14000000000004
370.23400000000004
385.806
397.394
407.398
422.464
430.81199999999995
434.834
432.998
429.998
416.91400000000004
399.618
395.614
375.184
349.64000000000004
135.572
125.652
118.80000000000001
113.45
110.044
113.18
118.88199999999999
123.832
135.64399999999998
146.956
158.578
168.19
176.624
182.452
187.95000000000002
193.64600000000002
195.076
196.226
192.164
178.464
171.18800000000002
167.892
154.922
138.44
30.71
28.812
27.349999999999998
26.042
25.706
26.811999999999998
27.964
28.864
29.934
31.676000000000002
33.818
35.882
38.196
40.29
41.918
42.886
43.397999999999996
43.717999999999996
43.15
42.106
40.52
39.254
36.234
33.269999999999996
375.0
346.866
328.104
321.00800000000004
318.92199999999997
328.40200000000004
342.21799999999996
363.60200000000003
401.264
438.39799999999997
487.128
538.962
549.518
572.65
571.43
566.196
569.586
567.738
560.3720000000001
539.7239999999999
514.52
501.796
459.918
405.27799999999996
106.766
105.396
104.362
104.024
104.22800000000001
104.02
104.184
104.838
106.36999999999999
109.47
113.50999999999999
117.05199999999999
121.542
123.706
125.756
127.208
128.138
126.026
123.758
120.99799999999999
120.268
118.884
115.298
110.22800000000001
254.85399999999998
248.68
242.462
237.80599999999998
238.528
242.29
247.402
251.052
261.794
274.856
289.76
306.714
320.748
335.834
344.116
347.404
350.608
345.726
337.13
324.552
316.156
308.218
289.17199999999997
271.862
138.554
128.156
121.22800000000001
118.602
117.834
121.33600000000001
126.43599999999999
134.34
148.254
161.972
179.978
199.126
203.028
211.574
211.12800000000001
209.196
210.442
209.764
207.038
199.416
190.102
185.398
169.926
149.73999999999998
67.9
66.866
66.13199999999999
64.57000000000001
63.446
63.748000000000005
64.166
64.928
66.51400000000001
69.844
73.438
76.52799999999999
78.82600000000001
80.81
83.794
85.45400000000001
86.25200000000001
85.884
85.288
82.698
79.262
78.472
74.416
69.348
385.50800000000004
356.58000000000004
337.302
329.998
327.858
337.608
351.806
373.796
412.50600000000003
450.686
500.78
554.0600000000001
564.9159999999999
588.6940000000001
587.446
582.064
585.55
583.644
576.0699999999999
554.85
528.934
515.858
472.804
416.632
67.202
63.064
59.846000000000004
56.982
56.262
58.674
61.208
63.168
65.508
69.32600000000001
74.01
78.532
83.58999999999999
88.182
91.73
93.854
94.98
95.664
94.426
92.14800000000001
88.67999999999999
85.916
79.298
72.804
16.532
15.61
14.784
14.198
14.228
14.620000000000001
15.448
15.502
16.666
17.939999999999998
19.488
20.618000000000002
21.292
21.919999999999998
22.0
22.128
21.686
21.878
22.14
22.016
21.538
20.95
19.154
17.451999999999998
233.976
219.55
208.36
198.382
195.86800000000002
204.268
213.096
219.908
228.056
241.342
257.662
273.406
291.02200000000005
307.0
319.356
326.742
330.68
333.066
328.75399999999996
320.822
308.736
299.098
276.064
253.476
174.754
172.518
170.822
170.272
170.6
170.25799999999998
170.524
171.604
174.108
179.184
185.786
191.59
198.93200000000002
202.48399999999998
205.834
208.216
209.732
206.284
202.562
198.042
196.85
194.596
188.71800000000002
180.416
1082.694
1015.928
964.178
918.004
906.362
945.22
986.058
1017.598
1055.286
1116.804
1192.3020000000001
1265.152
1346.68
1420.622
1477.78
1511.96
1530.1779999999999
1541.24
1521.2740000000001
1484.58
1428.634
1384.042
1277.44
1172.92
36.574
36.013999999999996
35.624
34.782000000000004
34.182
34.342
34.564
34.97
35.828
37.620000000000005
39.554
41.222
42.462
43.53
45.134
46.032000000000004
46.462
46.266000000000005
45.943999999999996
44.542
42.698
42.27
40.082
37.356
326.524
322.332
319.17199999999997
318.14
318.75
318.118
318.62
320.624
325.314
334.792
347.132
357.98199999999997
371.698
378.332
384.594
389.044
391.87
385.42199999999997
378.474
370.038
367.80400000000003
363.586
352.604
337.1
1712.314
1705.348
1697.752
1695.836
1693.2640000000001
1691.99
1696.4859999999999
1701.224
1710.032
1720.616
1725.208
1725.038
1724.112
1728.622
1734.8799999999999
1743.788
1746.734
1745.3039999999999
1742.482
1729.298
1722.2820000000002
1722.352
1724.98
1717.29
417.954
412.6
408.54400000000004
407.23199999999997
408.00399999999996
407.204
407.84
410.406
416.412
428.54
444.342
458.226
475.778
484.274
492.29
497.982
501.61
493.35400000000004
484.456
473.654
470.798
465.4
451.342
431.49600000000004
373.47799999999995
350.442
332.6
316.668
312.65
326.056
340.144
351.026
364.024
385.24199999999996
411.288
436.416
464.54
490.042
509.764
521.552
527.836
531.648
524.76
512.11
492.808
477.428
440.652
404.604
1014.9599999999999
1010.826
1006.322
1005.192
1003.668
1002.91
1005.572
1008.384
1013.602
1019.88
1022.606
1022.5
1021.9480000000001
1024.624
1028.328
1033.614
1035.36
1034.51
1032.838
1025.0240000000001
1020.866
1020.91
1022.4639999999999
1017.906
158.446
149.63400000000001
141.68
136.056
136.37
140.096
148.02200000000002
148.612
159.742
171.992
186.794
197.636
204.058
210.102
210.85
212.096
207.88
209.726
212.166
211.018
206.454
200.838
183.602
167.244
503.568
465.788
440.592
431.06
428.258
441.0
459.546
488.264
538.834
588.71
654.144
723.734
737.926
768.98
767.348
760.32
764.87
762.388
752.49
724.7719999999999
690.9159999999999
673.8399999999999
617.596
544.2239999999999
170.952
160.404
152.234
144.942
143.108
149.242
155.692
160.67399999999998
166.622
176.336
188.25400000000002
199.756
212.626
224.304
233.328
238.726
241.604
243.352
240.198
234.406
225.572
218.52599999999998
201.692
185.19
690.912
674.182
657.318
644.6840000000001
646.648
656.85
670.698
680.59
709.732
745.136
785.532
831.504
869.548
910.448
932.894
941.796
950.504
937.256
913.95
879.86
857.09
835.572
783.95
737.022
749.462
694.628
656.7620000000001
627.158
608.324
625.6719999999999
657.206
684.562
749.8299999999999
812.386
876.626
929.772
976.396
1008.628
1039.01
1070.494
1078.404
1084.774
1062.28
986.55
946.328
928.104
856.41
765.332
3271.384
3258.076
3243.556
3239.906
3234.984
3232.556
3241.136
3250.1980000000003
3267.012
3287.238
3296.024
3295.696
3293.9159999999997
3302.5440000000003
3314.4900000000002
3331.52
3337.148
3334.4100000000003
3329.018
3303.82
3290.432
3290.554
3295.57
3280.89
417.606
386.27
365.376
357.47200000000004
355.154
365.718
381.094
404.918
446.854
488.206
542.4720000000001
600.1840000000001
611.948
637.7080000000001
636.354
630.518
634.2919999999999
632.24
624.0319999999999
601.046
572.968
558.806
512.172
451.318
767.524
720.1899999999999
683.508
650.77
642.52
670.066
699.02
721.3779999999999
748.092
791.7040000000001
845.222
896.8639999999999
954.664
1007.082
1047.596
1071.826
1084.748
1092.5839999999998
1078.4260000000002
1052.424
1012.754
981.152
905.576
831.48
574.262
560.348
546.3340000000001
535.834
537.468
545.942
557.454
565.674
589.8960000000001
619.328
652.904
691.11
722.7280000000001
756.724
775.382
782.782
790.016
779.006
759.64
731.3059999999999
712.376
694.496
651.586
612.576
706.016
653.0459999999999
617.724
604.356
600.432
618.29
644.2860000000001
684.5640000000001
755.4599999999999
825.376
917.1179999999999
1014.6959999999999
1034.58
1078.126
1075.838
1065.98
1072.358
1068.886
1055.0059999999999
1016.146
968.6800000000001
944.73
865.886
763.012
710.6179999999999
666.8000000000001
632.838
602.53
594.8860000000001
620.394
647.196
667.9000000000001
692.634
733.006
782.564
830.376
883.89
932.4219999999999
969.928
992.3679999999999
1004.322
1011.5840000000001
998.476
974.4
937.678
908.414
838.44
769.8380000000001
153.254
151.288
149.806
149.326
149.61200000000002
149.31
149.544
150.494
152.686
157.138
162.932
168.026
174.46
177.578
180.512
182.602
183.93
180.90800000000002
177.642
173.68
172.628
170.654
165.5
158.222
19.509999999999998
19.21
19.002
18.554
18.228
18.314
18.436
18.654
19.112
20.068
21.099999999999998
21.983999999999998
22.644
23.212
24.072
24.549999999999997
24.779999999999998
24.676000000000002
24.502000000000002
23.756
22.77
22.542
21.378
19.928
1234.6580000000001
1204.752
1174.62
1152.05
1155.548
1173.7839999999999
1198.5259999999998
1216.212
1268.28
1331.552
1403.7440000000001
1485.8899999999999
1553.8719999999998
1626.96
1667.084
1682.99
1698.5439999999999
1674.874
1633.228
1572.3039999999999
1531.62
1493.166
1400.91
1317.048
1735.6499999999999
1693.6080000000002
1651.24
1619.516
1624.4379999999999
1650.076
1684.858
1709.7140000000002
1782.914
1871.8519999999999
1973.348
2088.816
2184.3900000000003
2287.13
2343.536
2365.898
2387.766
2354.492
2295.948
2210.302
2153.108
2099.048
1969.356
1851.4740000000002
1165.774
1137.54
1109.076
1087.766
1091.074
1108.296
1131.652
1148.348
1197.5240000000001
1257.252
1325.422
1402.982
1467.1760000000002
1536.18
1574.066
1589.086
1603.772
1581.4199999999998
1542.102
1484.578
1446.166
1409.854
1322.744
1243.564
453.06600000000003
446.142
441.276
430.87
423.37
425.366
428.144
433.228
443.812
466.05400000000003
490.006
510.616
525.948
539.186
559.1239999999999
570.186
575.5
573.0780000000001
569.1
551.79
528.902
523.5939999999999
496.552
462.746
318.862
314.774
311.688
310.684
311.274
310.66200000000003
311.146
313.11
317.688
326.942
338.992
349.584
362.978
369.456
375.578
379.92
382.682
376.38599999999997
369.596
361.356
359.17400000000004
355.06
344.33799999999997
329.19399999999996
456.73199999999997
450.882
446.44599999999997
445.01
445.86
444.986
445.682
448.488
455.044
468.296
485.57
500.738
519.922
529.202
537.9680000000001
544.1899999999999
548.1460000000001
539.1279999999999
529.402
517.6
514.476
508.582
493.22
471.528
617.682
609.76
603.776
601.832
602.982
601.792
602.734
606.534
615.396
633.326
656.674
677.1959999999999
703.144
715.688
727.544
735.958
741.314
729.1139999999999
715.962
700.0
695.7760000000001
687.802
667.034
637.69
63.034
62.068
61.391999999999996
59.946
58.903999999999996
59.18
59.564
60.276
61.748
64.836
68.17200000000001
71.042
73.176
75.01400000000001
77.792
79.32600000000001
80.068
79.72800000000001
79.18
76.764
73.584
72.844
69.084
64.382
25.024
23.189999999999998
21.924
20.936
20.312
20.892
21.939999999999998
22.858
25.034000000000002
27.119999999999997
29.266
31.038
32.596
33.674
34.686
35.736000000000004
36.0
36.216
35.461999999999996
32.937999999999995
31.596
30.986
28.593999999999998
25.554
587.5780000000001
543.492
514.098
502.968
499.706
514.564
536.202
569.722
628.726
686.914
763.264
844.472
861.022
897.262
895.35
887.15
892.462
889.566
878.022
845.678
806.174
786.2420000000001
720.626
635.0120000000001
78.548
77.35000000000001
76.512
74.702
73.40599999999999
73.75
74.232
75.112
76.946
80.808
84.956
88.532
91.188
93.48
96.94
98.854
99.78
99.358
98.674
95.67
91.704
90.782
86.09599999999999
80.22800000000001
191.098
176.762
167.2
163.584
162.51600000000002
167.352
174.392
185.286
204.48000000000002
223.408
248.24
274.65
280.034
291.814
291.2
288.52799999999996
290.254
289.31399999999996
285.558
275.036
262.19599999999997
255.712
234.37
206.522
175.678
164.84799999999998
156.44799999999998
148.96
147.07
153.374
159.998
165.12
171.236
181.218
193.464
205.286
218.518
230.51600000000002
239.78799999999998
245.334
248.294
250.084
246.846
240.896
231.818
224.578
207.278
190.32399999999998
141.834
140.018
138.644
138.196
138.46200000000002
138.188
138.398
139.274
141.30800000000002
145.428
150.79
155.5
161.45600000000002
164.34199999999998
167.058
168.988
170.222
167.422
164.404
160.73399999999998
159.76399999999998
157.934
153.166
146.43
907.15
856.712
811.2
778.952
780.7860000000001
802.106
847.4879999999999
850.866
914.5780000000001
984.7479999999999
1069.494
1131.576
1168.324
1202.9360000000001
1207.2
1214.3400000000001
1190.218
1200.776
1214.754
1208.172
1182.01
1149.88
1051.2140000000002
957.5400000000001
810.216
749.4259999999999
708.894
693.556
689.05
709.5360000000001
739.3739999999999
785.592
866.956
947.192
1052.472
1164.45
1187.274
1237.248
1234.618
1223.302
1230.628
1226.632
1210.712
1166.1119999999999
1111.644
1084.162
993.684
875.622
1390.01
1304.292
1237.8580000000002
1178.5700000000002
1163.62
1213.518
1265.9479999999999
1306.442
1354.826
1433.798
1530.734
1624.254
1728.926
1823.858
1897.238
1941.116
1964.51
1978.71
1953.0739999999998
1905.9759999999999
1834.138
1776.9
1640.03
1505.848
1593.594
1554.9979999999998
1516.098
1486.9660000000001
1491.488
1515.0220000000002
1546.962
1569.7820000000002
1636.9959999999999
1718.654
1811.838
1917.866
2005.61
2099.946
2151.728
2172.2599999999998
2192.342
2161.7859999999996
2108.034
2029.3999999999999
1976.892
1927.256
1808.18
1699.942
180.196
177.882
176.136
175.572
175.906
175.56
175.82999999999998
176.938
179.53
184.75799999999998
191.572
197.55800000000002
205.124
208.784
212.24200000000002
214.694
216.26
212.702
208.864
204.206
202.97400000000002
200.65
194.59
186.028
1789.672
1746.324
1702.64
1669.924
1675.006
1701.4360000000001
1737.296
1762.924
1838.41
1930.114
2034.77
2153.838
2252.38
2358.324
2416.484
2439.534
2462.09
2427.778
2367.4080000000004
2279.098
2220.122
2164.386
2030.654
1909.1
2.6599999999999997
2.454
2.33
2.272
2.258
2.328
2.424
2.576
2.8459999999999996
3.106
3.454
3.822
3.892
4.054
4.046
4.008
4.036
4.026
3.968
3.828
3.642
3.554
3.256
2.87
141.686
132.946
126.17399999999999
120.132
118.608
123.69200000000001
129.042
133.16400000000002
138.102
146.144
156.028
165.564
176.232
185.906
193.382
197.85999999999999
200.238
201.686
199.076
194.272
186.956
181.116
167.17
153.49
2393.6800000000003
2335.71
2277.2760000000003
2233.522
2240.318
2275.662
2323.634
2357.908
2458.872
2581.53
2721.502
2880.75
3012.552
3154.25
3232.036
3262.872
3293.04
3247.14
3166.404
3048.286
2969.41
2894.854
2716.0040000000004
2553.4120000000003
485.122
473.368
461.52599999999995
452.66200000000003
454.036
461.20000000000005
470.92
477.87199999999996
498.33
523.186
551.558
583.8340000000001
610.546
639.26
655.0260000000001
661.276
667.39
658.088
641.726
617.784
601.802
586.69
550.444
517.492
538.72
505.502
479.752
456.774
450.98
470.318
490.63599999999997
506.332
525.086
555.692
593.256
629.506
670.0699999999999
706.864
735.3059999999999
752.308
761.374
766.876
756.9440000000001
738.69
710.85
688.666
635.622
583.6139999999999
151.148
147.48999999999998
143.802
141.042
141.464
143.698
146.726
148.892
155.266
163.01000000000002
171.85
181.90800000000002
190.234
199.176
204.088
206.034
207.94
205.044
199.944
192.49
187.506
182.8
171.506
161.236
107.288
99.24
93.868
91.84
91.242
93.958
97.908
104.02799999999999
114.80000000000001
125.428
139.36599999999999
154.196
157.216
163.836
163.482
161.986
162.95399999999998
162.428
160.318
154.412
147.202
143.56400000000002
131.582
115.946
164.606
162.088
160.316
156.538
153.814
154.53799999999998
155.55
157.392
161.24
169.318
178.024
185.512
191.078
195.892
203.138
207.15200000000002
209.084
208.202
206.756
200.468
192.156
190.226
180.4
168.122
167.034
162.99
158.914
155.85600000000002
156.336
158.802
162.148
164.542
171.588
180.144
189.91400000000002
201.01999999999998
210.218
220.108
225.54
227.686
229.792
226.588
220.958
212.716
207.214
202.01
189.528
178.18
954.1759999999999
931.06
907.7679999999999
890.328
893.036
907.124
926.25
939.912
980.154
1029.052
1084.8500000000001
1148.326
1200.8700000000001
1257.354
1288.358
1300.648
1312.6779999999999
1294.3799999999999
1262.1979999999999
1215.11
1183.668
1153.95
1082.654
1017.848
495.09799999999996
457.948
433.176
423.80199999999996
421.052
433.572
451.80600000000004
480.048
529.766
578.794
643.1320000000001
711.552
725.504
756.038
754.436
747.5219999999999
751.994
749.552
739.822
712.576
679.292
662.492
607.204
535.062
720.7
680.628
644.466
618.852
620.304
637.242
673.302
675.98
726.5980000000001
782.348
849.6719999999999
898.992
928.1899999999999
955.692
959.078
964.754
945.5880000000001
953.968
965.076
959.8520000000001
939.068
913.544
835.1519999999999
760.734
371.55600000000004
343.68
325.092
318.058
315.984
325.384
339.074
360.264
397.574
434.374
482.654
534.006
544.468
567.39
566.1800000000001
560.996
564.348
562.522
555.214
534.764
509.786
497.18
455.69
401.55
1056.208
1030.632
1004.8480000000001
985.544
988.54
1004.13
1025.304
1040.428
1084.9759999999999
1139.094
1200.8619999999999
1271.128
1329.288
1391.808
1426.134
1439.744
1453.052
1432.798
1397.172
1345.056
1310.252
1277.3519999999999
1198.434
1126.69
741.0219999999999
685.426
648.352
634.324
630.208
648.948
676.2420000000001
718.5079999999999
792.92
866.306
962.5999999999999
1065.008
1085.888
1131.588
1129.186
1118.844
1125.538
1121.886
1107.3200000000002
1066.5339999999999
1016.7180000000001
991.576
908.824
800.85
519.658
480.672
454.674
444.834
441.942
455.084
474.226
503.866
556.054
607.516
675.0419999999999
746.8580000000001
761.502
793.548
791.86
784.608
789.302
786.746
776.5360000000001
747.9300000000001
712.99
695.364
637.336
561.6080000000001
274.482
270.962
268.306
267.44
267.952
267.42
267.84
269.52799999999996
273.46799999999996
281.436
291.812
300.926
312.456
318.036
323.306
327.038
329.42199999999997
323.99600000000004
318.156
311.062
309.188
305.646
296.414
283.374
1688.7440000000001
1562.04
1477.55
1445.586
1436.19
1478.906
1541.1
1637.4260000000002
1807.012
1974.248
2193.694
2427.084
2474.656
2578.8179999999998
2573.328
2549.7599999999998
2565.014
2556.698
2523.514
2430.556
2317.02
2259.738
2071.148
1825.0839999999998
584.6759999999999
570.51
556.246
545.556
547.212
555.846
567.564
575.94
600.596
630.558
664.744
703.648
735.8399999999999
770.446
789.448
796.98
804.35
793.14
773.416
744.564
725.304
707.088
663.408
623.688
1368.902
1335.752
1302.334
1277.312
1281.2
1301.412
1328.842
1348.4460000000001
1406.186
1476.332
1556.374
1647.45
1722.822
1803.8600000000001
1848.344
1865.9779999999998
1883.2279999999998
1856.982
1810.806
1743.264
1698.156
1655.516
1553.23
1460.254
107.492
99.424
94.05000000000001
92.012
91.414
94.134
98.092
104.222
115.022
125.664
139.632
154.492
157.51999999999998
164.15
163.79600000000002
162.298
163.266
162.74
160.63
154.714
147.48600000000002
143.838
131.834
116.17
860.922
807.832
766.682
729.966
720.702
751.61
784.082
809.1600000000001
839.122
888.04
948.08
1006.002
1070.8319999999999
1129.624
1175.076
1202.254
1216.746
1225.538
1209.658
1180.49
1136.0
1100.542
1015.7760000000001
932.664
1008.152
932.512
882.08
862.994
857.39
882.884
920.014
977.522
1078.7640000000001
1178.6019999999999
1309.606
1448.936
1477.336
1539.512
1536.244
1522.1680000000001
1531.2740000000001
1526.308
1506.4959999999999
1451.008
1383.228
1349.028
1236.448
1089.544
192.476
181.776
172.114
165.274
165.664
170.188
179.82
180.534
194.048
208.936
226.924
240.092
247.892
255.232
256.142
257.656
252.532
254.772
257.738
256.348
250.792
243.98000000000002
223.042
203.17000000000002
115.968
113.162
110.33200000000001
108.208
108.538
110.256
112.576
114.238
119.12599999999999
125.068
131.856
139.572
145.952
152.816
156.592
158.082
159.54
157.322
153.41
147.684
143.864
140.25400000000002
131.584
123.708
1495.4640000000002
1476.294
1461.794
1457.086
1459.868
1456.9859999999999
1459.276
1468.4660000000001
1489.9299999999998
1533.334
1589.872
1639.5439999999999
1702.374
1732.75
1761.4479999999999
1781.81
1794.778
1765.244
1733.4080000000001
1694.762
1684.53
1665.232
1614.94
1543.904
444.56399999999996
438.862
434.558
433.156
433.98199999999997
433.13
433.80400000000003
436.544
442.924
455.82599999999996
472.63
487.396
506.072
515.1
523.638
529.69
533.542
524.766
515.2959999999999
503.808
500.772
495.034
480.07800000000003
458.968
1975.348
1827.138
1728.32
1690.922
1679.934
1729.894
1802.6460000000002
1915.32
2113.694
2309.31
2565.998
2838.998
2894.648
3016.478
3010.06
2982.4880000000003
3000.3360000000002
2990.606
2951.784
2843.06
2710.2540000000004
2643.25
2422.652
2134.824
256.94
237.66
224.804
219.948
218.512
225.012
234.48
249.13400000000001
274.936
300.382
333.772
369.278
376.516
392.366
391.526
387.94
390.266
389.004
383.952
369.80400000000003
352.53
343.816
315.124
277.686
1367.458
1334.338
1300.96
1275.958
1279.838
1300.03
1327.44
1347.024
1404.694
1474.768
1554.732
1645.708
1721.0
1801.95
1846.394
1864.008
1881.236
1855.0220000000002
1808.894
1741.416
1696.356
1653.764
1551.588
1458.712
1234.9579999999999
1142.304
1080.518
1057.138
1050.272
1081.504
1126.9920000000002
1197.43
1321.4460000000001
1443.746
1604.224
1774.898
1809.686
1885.862
1881.8439999999998
1864.6100000000001
1875.768
1869.69
1845.414
1777.442
1694.414
1652.526
1514.608
1334.664
858.408
847.406
839.0799999999999
836.378
837.9739999999999
836.3240000000001
837.638
842.916
855.2379999999999
880.146
912.598
941.1120000000001
977.174
994.6120000000001
1011.086
1022.7719999999999
1030.218
1013.2660000000001
994.99
972.8040000000001
966.936
955.856
926.9879999999999
886.2139999999999
48.994
48.244
47.716
46.592
45.782
46.0
46.304
46.848
47.994
50.397999999999996
52.992000000000004
55.217999999999996
56.876
58.31
60.466
61.658
62.234
61.976
61.54600000000001
59.668
57.196
56.623999999999995
53.7
50.042
165.58200000000002
153.466
145.102
138.558
134.402
138.23
145.20000000000002
151.23999999999998
165.666
179.482
193.674
205.416
215.72
222.83599999999998
229.548
236.504
238.254
239.662
234.692
217.964
209.078
205.05200000000002
189.208
169.084
13.378
12.4
11.72
11.198
10.858
11.168000000000001
11.732000000000001
12.216
13.38
14.5
15.644
16.598
17.432000000000002
18.002
18.542
19.106
19.248
19.362
18.96
17.606
16.894
16.566000000000003
15.288
13.66
19.232
17.82
16.852
16.092000000000002
15.606
16.056
16.862
17.566000000000003
19.242
20.842
22.490000000000002
23.854
25.05
25.884
26.658
27.47
27.67
27.834
27.26
25.312
24.282
23.812
21.972
19.637999999999998
6.232
5.888
5.572
5.35
5.364000000000001
5.51
5.819999999999999
5.844
6.282
6.7700000000000005
7.348000000000001
7.774
8.024
8.264
8.296
8.346
8.178
8.248
8.352
8.304
8.118
7.9
7.224
6.58
