0.0
146.992
138.378
130.692
123.97200000000001
121.19
117.994
115.776
115.706
127.53
139.098
150.218
160.922
169.40200000000002
176.142
180.322
184.63
188.09400000000002
187.46200000000002
183.744
178.32
175.292
170.314
158.94
150.482
0.0
140.24200000000002
131.864
125.694
121.046
117.916
116.08800000000001
113.824
114.642
125.732
139.75400000000002
151.552
162.358
172.042
179.458
184.7
188.182
189.958
190.134
185.94199999999998
180.65
176.728
170.94400000000002
159.62199999999999
146.262
0.0
312.06
309.882
308.246
306.84999999999997
306.038
305.02
304.11
303.906
305.978
308.626
311.028
314.428
316.95799999999997
317.77799999999996
318.808
320.128
321.232
321.524
321.476
320.562
319.942
319.41200000000003
317.53
314.654
0.0
323.95799999999997
311.838
303.376
298.164
290.744
287.46999999999997
287.296
286.404
300.30199999999996
317.322
337.496
354.324
367.39799999999997
378.24399999999997
386.514
392.106
392.798
388.502
381.444
372.86
368.26
360.51800000000003
347.90000000000003
330.58799999999997
0.0
57.873999999999995
56.65
55.22
54.598
53.978
53.108
52.422
52.294
53.926
57.232
61.186
63.214
64.69
65.88000000000001
66.856
67.382
67.61
66.736
66.362
64.442
64.182
63.644
62.054
59.72
0.0
795.3520000000001
738.4000000000001
691.854
657.5659999999999
634.5260000000001
617.836
604.698
611.266
674.486
756.952
837.592
913.49
982.936
1035.692
1073.772
1100.51
1119.0
1125.532
1096.344
1058.7
1034.416
988.706
912.386
838.308
0.0
55.89
51.89
48.62
46.208
44.592
43.418
42.494
42.958
47.4
53.194
58.858000000000004
64.194
69.074
72.782
75.458
77.332
78.63600000000001
79.09400000000001
77.046
74.39999999999999
72.692
69.482
64.112
58.906
0.0
236.31
223.16799999999998
213.524
205.798
199.29
194.45600000000002
192.304
193.108
205.786
222.982
244.506
265.148
282.934
296.344
306.65799999999996
313.422
316.892
316.91999999999996
311.158
302.7
296.28000000000003
285.878
268.11
249.514
0.0
313.448
295.072
278.67199999999997
264.36400000000003
258.414
251.602
246.868
246.732
271.938
296.606
320.324
343.13399999999996
361.22200000000004
375.596
384.512
393.7
401.094
399.74
391.806
380.248
373.784
363.168
338.922
320.88
0.0
1411.844
1310.744
1228.124
1167.248
1126.352
1096.7259999999999
1073.418
1085.0720000000001
1197.2859999999998
1343.672
1486.836
1621.546
1744.826
1838.474
1906.066
1953.538
1986.3539999999998
1997.954
1946.1399999999999
1879.324
1836.2160000000001
1755.0739999999998
1619.584
1488.088
0.0
59.512
55.254
51.768
49.198
47.482
46.232
45.25
45.738
50.466
56.642
62.674
68.35000000000001
73.544
77.494
80.33999999999999
82.34400000000001
83.732
84.21600000000001
82.032
79.22
77.402
73.982
68.268
62.726
0.0
756.498
751.222
747.242
743.86
741.904
739.428
737.222
736.726
741.7479999999999
748.178
754.004
762.232
768.366
770.36
772.86
776.054
778.74
779.444
779.322
777.114
775.594
774.312
769.754
762.768
0.0
1045.092
970.256
909.102
864.042
833.762
811.834
794.578
803.21
886.274
994.634
1100.606
1200.328
1291.578
1360.9
1410.94
1446.076
1470.364
1478.952
1440.604
1391.1380000000001
1359.2279999999998
1299.168
1198.872
1101.538
0.0
161.066
159.942
159.09799999999998
158.38
157.962
157.43
156.96200000000002
156.856
157.92600000000002
159.294
160.534
162.28400000000002
163.596
164.014
164.55
165.23000000000002
165.80599999999998
165.954
165.93
165.458
165.13199999999998
164.864
163.89
162.404
0.0
60.422
57.066
54.598
52.624
50.961999999999996
49.722
49.174
49.378
52.62
57.016
62.524
67.8
72.348
75.778
78.414
80.138
81.026
81.034
79.56
77.396
75.76
73.098
68.554
63.802
0.0
12.902
12.128
11.566
11.134
10.847999999999999
10.682
10.472
10.548
11.564
12.854000000000001
13.942
14.938
15.824
16.506
16.994
17.31
17.474
17.494
17.104
16.618000000000002
16.259999999999998
15.73
14.687999999999999
13.458
0.0
248.36599999999999
234.558
224.414
216.294
209.458
204.372
202.11599999999999
202.96
216.282
234.356
256.98
278.666
297.36400000000003
311.46
322.294
329.414
333.05199999999996
333.084
327.034
318.14
311.394
300.464
281.784
262.232
0.0
200.428
196.17
191.204
189.07
186.908
183.91
181.52200000000002
181.082
186.75
198.19
211.884
218.886
224.028
228.144
231.516
233.334
234.14000000000001
231.092
229.816
223.16199999999998
222.25199999999998
220.404
214.9
206.812
0.0
134.71
131.852
128.514
127.07
125.622
123.606
122.006
121.704
125.518
133.208
142.408
147.118
150.572
153.334
155.606
156.828
157.368
155.316
154.462
149.988
149.376
148.132
144.436
139.00400000000002
0.0
639.87
594.054
556.612
529.0219999999999
510.486
497.06
486.492
491.778
542.632
608.976
673.856
734.914
790.7860000000001
833.226
863.86
885.38
900.2520000000001
905.504
882.03
851.746
832.202
795.434
734.02
674.426
0.0
191.58599999999998
184.212
179.364
175.016
171.786
168.712
167.782
166.922
174.67000000000002
185.226
194.37
202.76000000000002
211.04000000000002
217.846
222.352
225.99599999999998
228.53
229.954
227.282
222.018
218.12
213.472
205.16
195.67
0.0
127.282
122.38
119.16
116.27000000000001
114.13
112.08
111.464
110.894
116.038
123.05
129.126
134.698
140.208
144.728
147.718
150.142
151.828
152.766
150.99599999999998
147.494
144.906
141.822
136.304
129.99
0.0
200.286
189.148
180.97400000000002
174.422
168.91
164.816
162.992
163.676
174.42
188.994
207.24
224.726
239.8
251.174
259.908
265.644
268.586
268.606
263.732
256.556
251.12
242.306
227.238
211.472
0.0
209.718
198.056
189.502
182.64
176.864
172.578
170.666
171.378
182.63
197.894
216.998
235.312
251.096
263.002
272.152
278.15799999999996
281.228
281.26
276.148
268.644
262.944
253.716
237.942
221.434
0.0
367.20799999999997
359.42199999999997
350.32
346.4
342.45000000000005
336.95
332.576
331.77
342.158
363.124
388.212
401.038
410.45000000000005
417.99399999999997
424.17400000000004
427.50399999999996
428.98199999999997
423.394
421.068
408.864
407.202
403.812
393.73199999999997
378.916
0.0
632.254
627.838
624.516
621.686
620.054
617.986
616.144
615.72
619.9200000000001
625.294
630.166
637.0459999999999
642.1700000000001
643.834
645.922
648.59
650.836
651.424
651.326
649.482
648.206
647.14
643.328
637.488
0.0
1363.3419999999999
1265.7160000000001
1185.94
1127.15
1087.66
1059.048
1036.542
1047.7959999999998
1156.158
1297.5140000000001
1435.7540000000001
1565.844
1684.886
1775.314
1840.59
1886.422
1918.112
1929.318
1879.284
1814.762
1773.1280000000002
1694.786
1563.9479999999999
1436.964
0.0
77.6
74.614
72.65
70.88799999999999
69.58
68.334
67.96
67.612
70.748
75.02
78.72999999999999
82.122
85.476
88.236
90.06400000000001
91.538
92.564
93.13799999999999
92.06
89.92
88.346
86.462
83.1
79.256
0.0
1469.768
1388.052
1328.052
1279.976
1239.528
1209.454
1196.08
1201.0700000000002
1279.922
1386.884
1520.758
1649.108
1759.752
1843.16
1907.3000000000002
1949.39
1970.938
1971.118
1935.32
1882.7
1842.766
1778.08
1667.554
1551.856
0.0
250.58
240.93200000000002
234.59
228.898
224.682
220.654
219.43800000000002
218.314
228.444
242.25
254.21
265.184
276.022
284.916
290.816
295.572
298.896
300.75
297.262
290.37600000000003
285.27000000000004
279.202
268.33
255.92000000000002
0.0
62.25
60.924
59.384
58.722
58.052
57.122
56.378
56.244
58.001999999999995
61.552
65.81
67.98400000000001
69.57600000000001
70.858
71.902
72.468
72.72200000000001
71.774
71.378
69.312
69.03
68.452
66.744
64.23
0.0
496.134
485.61400000000003
473.322
468.01599999999996
462.68
455.256
449.348
448.254
462.292
490.608
524.5079999999999
541.84
554.562
564.746
573.1020000000001
577.596
579.596
572.042
568.9
552.418
550.174
545.5880000000001
531.9680000000001
511.948
0.0
375.21
354.35200000000003
339.034
326.762
316.43399999999997
308.752
305.34
306.614
326.742
354.046
388.226
420.99399999999997
449.234
470.53
486.9
497.646
503.14599999999996
503.19399999999996
494.06
480.62
470.43
453.914
425.7
396.168
0.0
302.584
290.944
283.276
276.406
271.31600000000003
266.452
264.986
263.63
275.858
292.53200000000004
306.974
320.224
333.308
344.052
351.178
356.924
360.93
363.168
358.95799999999997
350.642
344.48
337.154
324.02000000000004
309.034
0.0
126.078
118.536
112.998
108.822
106.0
104.36
102.322
103.066
113.028
125.63600000000001
136.242
145.952
154.66
161.324
166.044
169.172
170.766
170.93
167.16
162.402
158.868
153.674
143.49599999999998
131.484
0.0
28.678
27.078
25.914
24.97
24.182
23.594
23.334
23.432
24.97
27.058
29.668
32.174
34.338
35.961999999999996
37.21
38.036
38.455999999999996
38.456
37.762
36.73
35.958
34.692
32.54
30.278
0.0
338.414
314.18399999999997
294.378
279.784
269.98199999999997
262.882
257.298
260.09
286.986
322.07
356.39
388.68199999999996
418.226
440.678
456.878
468.258
476.124
478.898
466.482
450.464
440.132
420.68399999999997
388.20799999999997
356.688
0.0
88.15
86.286
84.098
83.154
82.206
80.89
79.84
79.648
82.14
87.17
93.196
96.27000000000001
98.53200000000001
100.342
101.82600000000001
102.63
102.982
101.64
101.08
98.152
97.752
96.94
94.516
90.962
0.0
233.662
224.918
218.816
215.06199999999998
209.70600000000002
207.348
207.22
206.576
216.6
228.87199999999999
243.43200000000002
255.57
264.99399999999997
272.816
278.784
282.818
283.31399999999996
280.216
275.132
268.94
265.62
260.03200000000004
250.93
238.44
0.0
125.032
116.084
108.766
103.374
99.75
97.124
95.06400000000001
96.09599999999999
106.03
119.0
131.674
143.604
154.52200000000002
162.82
168.804
173.00400000000002
175.916
176.936
172.352
166.436
162.614
155.428
143.43
131.786
0.0
60.022
57.706
56.19
54.826
53.82
52.85
52.562
52.288000000000004
54.717999999999996
58.022
60.888
63.513999999999996
66.11200000000001
68.24
69.652
70.794
71.592
72.036
71.198
69.548
68.328
66.86999999999999
64.27
61.294000000000004
0.0
347.892
322.98199999999997
302.626
287.62199999999996
277.546
270.24399999999997
264.50800000000004
267.378
295.03
331.096
366.372
399.574
429.95
453.024
469.68399999999997
481.376
489.464
492.322
479.554
463.08599999999996
452.46799999999996
432.474
399.086
366.682
0.0
62.76
59.266
56.704
54.658
52.93
51.64
51.07
51.282000000000004
54.648
59.217999999999996
64.938
70.41799999999999
75.14200000000001
78.702
81.44
83.23400000000001
84.16
84.168
82.63600000000001
80.392
78.68599999999999
75.924
71.202
66.264
0.0
14.002
13.176
12.446000000000002
11.806
11.538
11.238
11.026
11.018
12.142
13.25
14.308
15.322
16.134
16.778
17.172
17.580000000000002
17.912
17.854000000000003
17.497999999999998
16.986
16.692
16.218
15.138
14.33
0.0
218.488
206.34199999999998
197.422
190.27800000000002
184.262
179.796
177.808
178.54600000000002
190.268
206.172
226.074
245.152
261.602
273.996
283.53
289.794
292.992
293.016
287.698
279.87600000000003
273.942
264.32
247.89
230.69
0.0
144.286
141.224
137.656
136.116
134.562
132.4
130.684
130.364
134.448
142.684
152.536
157.578
161.284
164.24
166.672
167.982
168.56
166.36599999999999
165.44799999999998
160.65400000000002
160.002
158.668
154.708
148.888
0.0
1011.044
954.828
913.5559999999999
880.49
852.66
831.9720000000001
822.7760000000001
826.204
880.446
954.0300000000001
1046.116
1134.414
1210.5259999999998
1267.9
1312.02
1340.972
1355.792
1355.918
1331.2920000000001
1295.098
1267.63
1223.132
1147.1
1067.512
0.0
32.33
31.082
30.266
29.536
28.986
28.466
28.316
28.169999999999998
29.47
31.256
32.796
34.214
35.614000000000004
36.762
37.524
38.134
38.568
38.798
38.356
37.464
36.806
36.022
34.618
33.013999999999996
0.0
269.596
263.872
257.198
254.316
251.42000000000002
247.378
244.17000000000002
243.582
251.2
266.59200000000004
285.012
294.434
301.342
306.88
311.416
313.862
314.942
310.848
309.136
300.18
298.95799999999997
296.46799999999996
289.068
278.186
0.0
1422.358
1412.424
1404.948
1398.59
1394.908
1390.252
1386.116
1385.172
1394.612
1406.706
1417.652
1433.132
1444.6699999999998
1448.4080000000001
1453.1100000000001
1459.116
1464.1580000000001
1465.4959999999999
1465.27
1461.108
1458.2559999999999
1455.85
1447.278
1434.1460000000002
0.0
345.088
337.768
329.224
325.532
321.816
316.656
312.548
311.788
321.55
341.246
364.82
376.876
385.726
392.81399999999996
398.626
401.75
403.134
397.888
395.702
384.23600000000005
382.67400000000004
379.484
370.012
356.092
0.0
348.758
329.372
315.134
303.726
294.13
286.99399999999997
283.822
285.004
303.71000000000004
329.09000000000003
360.86
391.32
417.568
437.362
452.584
462.572
467.68199999999996
467.724
459.232
446.74600000000004
437.268
421.916
395.694
368.242
0.0
843.086
837.204
832.766
829.004
826.816
824.056
821.604
821.046
826.644
833.808
840.298
849.472
856.312
858.532
861.318
864.876
867.866
868.654
868.522
866.058
864.37
862.938
857.856
850.0799999999999
0.0
134.172
126.306
119.288
113.162
110.618
107.706
105.67399999999999
105.61999999999999
116.406
126.968
137.12
146.882
154.62800000000001
160.77599999999998
164.59199999999998
168.524
171.696
171.112
167.72
162.766
160.004
155.462
145.086
137.36
0.0
454.434
421.89599999999996
395.29999999999995
375.712
362.55
353.012
345.51
349.262
385.378
432.49399999999997
478.576
521.938
561.616
591.758
613.52
628.7959999999999
639.358
643.092
626.418
604.91
591.034
564.916
521.3040000000001
478.976
0.0
159.634
150.76
144.24
139.018
134.63
131.358
129.908
130.45000000000002
139.01399999999998
150.63400000000001
165.17000000000002
179.11599999999999
191.13
200.194
207.154
211.72400000000002
214.06400000000002
214.09
210.196
204.488
200.15
193.126
181.114
168.548
0.0
633.462
609.762
593.202
583.02
568.518
562.1080000000001
561.774
560.032
587.208
620.486
659.9359999999999
692.838
718.394
739.612
755.788
766.708
768.066
759.668
745.87
729.0840000000001
720.088
704.95
680.2760000000001
646.414
0.0
696.952
655.294
624.644
601.56
585.986
576.9300000000001
565.64
569.7320000000001
624.838
694.52
753.166
806.846
854.986
891.826
917.886
935.208
943.996
944.9060000000001
924.048
897.7800000000001
878.258
849.53
793.272
726.8620000000001
0.0
2717.414
2698.442
2684.154
2672.014
2664.9719999999998
2656.088
2648.174
2646.368
2664.4080000000004
2687.518
2708.436
2737.998
2760.042
2767.1820000000002
2776.176
2787.642
2797.2839999999997
2799.826
2799.406
2791.456
2785.998
2781.3979999999997
2765.02
2739.938
0.0
376.85999999999996
349.874
327.824
311.56800000000004
300.656
292.744
286.526
289.638
319.59
358.662
396.872
432.84
465.746
490.74
508.784
521.454
530.214
533.3059999999999
519.482
501.64599999999996
490.14
468.482
432.316
397.21
0.0
716.734
676.8820000000001
647.622
624.182
604.456
589.7900000000001
583.264
585.7
624.148
676.312
741.592
804.186
858.1379999999999
898.814
930.092
950.618
961.12
961.21
943.7520000000001
918.092
898.626
867.074
813.174
756.756
0.0
526.5039999999999
506.806
493.044
484.582
472.528
467.202
466.92
465.478
488.062
515.718
548.512
575.8620000000001
597.096
614.7339999999999
628.178
637.258
638.386
631.406
619.932
605.982
598.504
585.924
565.412
537.27
0.0
637.13
591.51
554.224
526.75
508.3
494.92600000000004
484.412
489.668
540.3100000000001
606.3679999999999
670.97
731.764
787.4
829.66
860.164
881.5840000000001
896.3919999999999
901.628
878.244
848.096
828.6419999999999
792.026
730.882
671.536
0.0
663.598
626.698
599.612
577.904
559.644
546.066
540.0260000000001
542.28
577.88
626.168
686.612
744.5659999999999
794.522
832.182
861.14
880.1419999999999
889.872
889.948
873.784
850.03
831.9979999999999
802.792
752.89
700.6560000000001
0.0
126.53999999999999
123.852
120.72200000000001
119.364
118.00999999999999
116.114
114.60600000000001
114.328
117.908
125.128
133.776
138.196
141.43800000000002
144.03799999999998
146.17
147.314
147.824
145.898
145.098
140.894
140.322
139.15
135.672
130.574
0.0
17.24
16.581999999999997
16.14
15.754
15.462
15.187999999999999
15.104
15.02
15.718
16.672
17.496000000000002
18.25
18.996
19.61
20.016
20.34
20.566
20.698
20.456
19.986
19.632
19.215999999999998
18.464000000000002
17.605999999999998
0.0
1131.988
1089.638
1060.054
1041.854
1015.9399999999999
1004.484
1003.89
1000.7719999999999
1049.336
1108.796
1179.2959999999998
1238.094
1283.768
1321.678
1350.592
1370.1039999999998
1372.532
1357.528
1332.8619999999999
1302.866
1286.794
1259.7420000000002
1215.644
1155.136
0.0
1591.318
1531.78
1490.194
1464.61
1428.176
1412.078
1411.234
1406.858
1475.126
1558.718
1657.828
1740.4840000000002
1804.68
1857.98
1898.622
1926.0539999999999
1929.472
1908.372
1873.706
1831.532
1808.94
1770.91
1708.92
1623.862
0.0
1068.828
1028.846
1000.904
983.7280000000001
959.258
948.444
947.874
944.9359999999999
990.794
1046.932
1113.502
1169.022
1212.136
1247.938
1275.23
1293.662
1295.952
1281.78
1258.502
1230.17
1215.002
1189.4560000000001
1147.82
1090.686
0.0
400.47200000000004
385.058
374.92
365.82
359.084
352.65200000000004
350.7
348.906
365.1
387.166
406.286
423.812
441.13599999999997
455.352
464.78
472.382
477.688
480.656
475.08
464.072
455.91400000000004
446.218
428.846
409.00600000000003
0.0
263.272
257.688
251.16400000000002
248.35
245.516
241.578
238.442
237.866
245.31199999999998
260.34
278.332
287.53000000000003
294.274
299.682
304.11400000000003
306.5
307.56
303.554
301.882
293.142
291.95
289.51599999999996
282.288
271.664
0.0
377.104
369.106
359.764
355.732
351.67600000000004
346.036
341.544
340.71
351.38
372.91
398.67
411.846
421.512
429.26
435.608
439.02799999999996
440.544
434.802
432.414
419.88800000000003
418.176
414.698
404.338
389.13
0.0
510.0
499.17400000000004
486.542
481.094
475.61
467.974
461.9
460.784
475.20799999999997
504.32
539.158
556.978
570.05
580.528
589.1120000000001
593.734
595.782
588.026
584.79
567.852
565.538
560.832
546.83
526.258
0.0
55.720000000000006
53.576
52.166000000000004
50.896
49.955999999999996
49.06
48.794
48.546
50.792
53.866
56.522
58.966
61.374
63.352000000000004
64.666
65.722
66.46199999999999
66.872
66.092
64.562
63.43
62.08
59.664
56.906
0.0
23.268
21.880000000000003
20.852
20.086000000000002
19.562
19.258
18.888
19.022000000000002
20.856
23.189999999999998
25.142
26.933999999999997
28.548
29.772000000000002
30.642
31.221999999999998
31.512
31.548
30.849999999999998
29.97
29.324
28.362
26.485999999999997
24.268
0.0
530.2439999999999
492.274
461.246
438.384
423.024
411.898
403.142
407.526
449.66400000000004
504.64799999999997
558.414
609.008
655.304
690.476
715.864
733.69
746.016
750.374
730.916
705.818
689.63
659.1519999999999
608.27
558.88
0.0
69.43599999999999
66.75999999999999
65.0
63.426
62.257999999999996
61.14
60.806
60.498000000000005
63.302
67.12599999999999
70.44399999999999
73.48400000000001
76.48599999999999
78.94800000000001
80.584
81.904
82.82199999999999
83.336
82.366
80.464
79.048
77.36200000000001
74.35
70.914
0.0
172.45
160.106
150.008
142.57399999999998
137.584
133.96
131.116
132.54
146.242
164.12800000000001
181.612
198.07
213.126
224.564
232.822
238.614
242.63
244.044
237.718
229.55599999999998
224.292
214.38
197.832
181.768
0.0
164.058
154.934
148.238
142.87199999999999
138.354
135.002
133.508
134.064
142.86599999999999
154.804
169.74599999999998
184.072
196.424
205.732
212.892
217.592
219.99200000000002
220.018
216.016
210.148
205.68800000000002
198.464
186.132
173.216
0.0
117.104
114.626
111.72
110.47200000000001
109.206
107.45599999999999
106.062
105.81
109.122
115.806
123.80600000000001
127.892
130.9
133.306
135.278
136.334
136.806
135.024
134.284
130.394
129.862
128.778
125.564
120.838
0.0
768.208
723.178
682.99
647.9100000000001
633.334
616.638
605.0400000000001
604.706
666.47
726.942
785.0659999999999
840.972
885.3040000000001
920.522
942.378
964.896
983.014
979.7059999999999
960.266
931.928
916.088
890.062
830.658
786.4300000000001
0.0
731.164
678.808
636.018
604.49
583.316
567.9680000000001
555.898
561.938
620.048
695.8620000000001
769.998
839.7620000000001
903.614
952.104
987.116
1011.698
1028.694
1034.696
1007.868
973.26
950.9399999999999
908.914
838.7479999999999
770.652
0.0
1298.028
1225.858
1172.87
1130.41
1094.69
1068.124
1056.32
1060.718
1130.36
1224.818
1343.054
1456.404
1554.12
1627.788
1684.424
1721.602
1740.626
1740.7839999999999
1709.1699999999998
1662.702
1627.442
1570.306
1472.6960000000001
1370.52
0.0
1461.084
1406.414
1368.2240000000002
1344.74
1311.286
1296.508
1295.73
1291.714
1354.402
1431.1460000000002
1522.144
1598.034
1656.978
1705.914
1743.23
1768.424
1771.552
1752.182
1720.352
1681.632
1660.89
1625.97
1569.058
1490.958
0.0
148.776
145.622
141.934
140.348
138.75
136.522
134.746
134.422
138.63
147.12
157.28400000000002
162.482
166.296
169.35399999999998
171.86
173.212
173.808
171.546
170.596
165.656
164.984
163.60999999999999
159.524
153.52200000000002
0.0
1640.854
1579.462
1536.576
1510.196
1472.636
1456.032
1455.166
1450.6499999999999
1521.048
1607.232
1709.424
1794.654
1860.854
1915.808
1957.716
1986.01
1989.53
1967.772
1932.026
1888.542
1865.2440000000001
1826.036
1762.11
1674.406
0.0
2.396
2.23
2.086
1.98
1.914
1.864
1.82
1.844
2.032
2.28
2.526
2.7520000000000002
2.964
3.124
3.234
3.316
3.376
3.392
3.304
3.1959999999999997
3.118
2.984
2.754
2.526
0.0
132.306
124.95400000000001
119.546
115.226
111.58399999999999
108.87400000000001
107.66799999999999
108.12
115.218
124.84400000000001
136.9
148.454
158.41400000000002
165.918
171.696
175.482
177.422
177.44
174.218
169.482
165.886
160.058
150.108
139.698
0.0
2194.638
2112.526
2055.168
2019.884
1969.644
1947.4440000000002
1946.2740000000001
1940.234
2034.39
2149.666
2286.356
2400.348
2488.894
2562.386
2618.44
2656.2819999999997
2660.9900000000002
2631.888
2584.08
2525.916
2494.76
2442.31
2356.8199999999997
2239.5139999999997
0.0
444.77799999999996
428.138
416.51
409.364
399.178
394.68199999999996
394.444
393.222
412.30600000000004
435.664
463.368
486.47200000000004
504.416
519.3059999999999
530.668
538.336
539.292
533.396
523.706
511.92
505.602
494.97799999999995
477.65000000000003
453.87199999999996
0.0
503.07
475.10200000000003
454.56
438.104
424.26399999999995
413.97
409.396
411.09799999999996
438.086
474.7
520.518
564.452
602.324
630.87
652.826
667.23
674.61
674.668
662.418
644.402
630.7379999999999
608.596
570.768
531.168
0.0
138.578
133.396
129.77599999999998
127.55
124.376
122.976
122.902
122.516
128.466
135.74599999999998
144.37
151.572
157.16
161.80599999999998
165.34199999999998
167.732
168.03
166.196
163.17
159.49800000000002
157.534
154.22
148.828
141.42
0.0
96.822
89.89
84.222
80.044
77.242
75.20599999999999
73.612
74.41199999999999
82.106
92.14399999999999
101.964
111.202
119.65
126.078
130.70999999999998
133.96200000000002
136.214
137.012
133.46
128.882
125.92
120.358
111.066
102.046
0.0
145.496
139.896
136.212
132.908
130.45600000000002
128.124
127.414
126.76
132.64
140.66000000000003
147.608
153.976
160.264
165.436
168.86
171.618
173.552
174.62800000000001
172.6
168.59799999999998
165.636
162.11599999999999
155.79999999999998
148.598
0.0
153.15
147.416
143.416
140.952
137.446
135.898
135.812
135.392
141.96
150.004
159.54399999999998
167.5
173.67600000000002
178.806
182.72199999999998
185.358
185.69
183.65599999999998
180.32
176.262
174.088
170.43
164.462
156.276
0.0
874.8299999999999
842.1020000000001
819.2339999999999
805.168
785.1419999999999
776.2900000000001
775.828
773.4159999999999
810.956
856.9
911.388
956.828
992.128
1021.42
1043.764
1058.8519999999999
1060.724
1049.126
1030.07
1006.886
994.468
973.5559999999999
939.478
892.716
0.0
446.792
414.798
388.65
369.39
356.44599999999997
347.072
339.692
343.38
378.888
425.218
470.52
513.154
552.162
581.804
603.1940000000001
618.21
628.6
632.264
615.874
594.728
581.08
555.406
512.532
470.92
0.0
610.318
574.542
542.606
514.736
503.162
489.902
480.688
480.418
529.486
577.526
623.704
668.1239999999999
703.3439999999999
731.328
748.686
766.574
780.966
778.34
762.898
740.388
727.802
707.126
659.922
624.788
0.0
335.298
311.29400000000004
291.674
277.216
267.504
260.466
254.92999999999998
257.698
284.348
319.11199999999997
353.11400000000003
385.108
414.38599999999997
436.622
452.68
463.95
471.744
474.5
462.194
446.32800000000003
436.088
416.82
384.644
353.41200000000003
0.0
968.382
932.154
906.844
891.27
869.104
859.304
858.79
856.128
897.674
948.538
1008.852
1059.154
1098.22
1130.656
1155.384
1172.078
1174.162
1161.32
1140.222
1114.556
1100.8100000000002
1077.672
1039.944
988.188
0.0
668.728
620.836
581.7099999999999
552.87
533.498
519.47
508.43
513.95
567.102
636.434
704.246
768.05
826.4440000000001
870.802
902.818
925.298
940.842
946.342
921.798
890.148
869.7339999999999
831.3000000000001
767.12
704.844
0.0
468.954
435.376
407.932
387.712
374.13
364.292
356.548
360.42
397.686
446.31600000000003
493.866
538.6120000000001
579.5600000000001
610.662
633.116
648.886
659.784
663.6419999999999
646.428
624.236
609.916
582.968
537.964
494.284
0.0
226.63
221.824
216.20999999999998
213.784
211.346
207.96
205.262
204.76399999999998
211.166
224.108
239.59
247.51
253.314
257.976
261.79
263.83799999999997
264.748
261.306
259.866
252.34199999999998
251.31
249.222
242.994
233.856
0.0
1523.98
1414.846
1325.674
1259.9560000000001
1215.818
1183.832
1158.676
1171.258
1292.3819999999998
1450.396
1604.922
1750.342
1883.414
1984.49
2057.454
2108.694
2144.118
2156.636
2100.7160000000003
2028.584
1982.056
1894.474
1748.218
1606.282
0.0
536.056
516.0
501.99199999999996
493.37
481.098
475.678
475.394
473.916
496.92
525.07
558.4580000000001
586.304
607.932
625.884
639.578
648.82
649.9639999999999
642.862
631.184
616.97
609.362
596.554
575.672
547.02
0.0
1255.07
1208.12
1175.3139999999999
1155.132
1126.406
1113.702
1113.0400000000002
1109.588
1163.434
1229.3600000000001
1307.524
1372.7179999999998
1423.354
1465.386
1497.438
1519.0819999999999
1521.7740000000001
1505.1299999999999
1477.786
1444.528
1426.7060000000001
1396.7140000000002
1347.82
1280.742
0.0
97.006
90.054
84.384
80.196
77.392
75.354
73.752
74.55199999999999
82.264
92.324
102.154
111.41199999999999
119.88
126.31800000000001
130.95999999999998
134.222
136.47400000000002
137.274
133.712
129.12400000000002
126.162
120.59
111.27799999999999
102.24
0.0
803.95
759.246
726.426
700.13
678.008
661.554
654.2460000000001
656.968
700.1020000000001
758.606
831.832
902.044
962.558
1008.184
1043.268
1066.294
1078.08
1078.176
1058.594
1029.816
1007.9739999999999
972.586
912.1279999999999
848.85
0.0
909.792
844.6419999999999
791.408
752.174
725.826
706.7280000000001
691.708
699.2199999999999
771.534
865.86
958.1120000000001
1044.928
1124.366
1184.712
1228.2740000000001
1258.86
1280.01
1287.484
1254.0939999999998
1211.032
1183.252
1130.972
1043.664
958.928
0.0
162.996
153.44
144.91199999999998
137.474
134.382
130.838
128.378
128.308
141.41
154.24200000000002
166.572
178.432
187.838
195.312
199.954
204.73
208.57000000000002
207.87199999999999
203.748
197.73
194.37
188.85
176.24599999999998
166.86200000000002
0.0
106.32799999999999
102.35000000000001
99.572
97.86
95.42399999999999
94.352
94.292
94.00200000000001
98.562
104.146
110.768
116.292
120.58399999999999
124.142
126.864
128.694
128.924
127.50800000000001
125.194
122.378
120.868
118.33
114.18799999999999
108.5
0.0
1234.746
1208.546
1177.966
1164.7659999999998
1151.48
1133.012
1118.298
1115.586
1150.51
1221.0
1305.352
1348.492
1380.146
1405.51
1426.29
1437.484
1442.442
1423.66
1415.826
1374.812
1369.224
1357.826
1323.9180000000001
1274.112
0.0
367.06
359.26800000000003
350.18199999999996
346.25600000000003
342.306
336.814
332.44
331.634
342.022
362.97
388.048
400.874
410.286
417.822
424.0
427.33000000000004
428.808
423.21799999999996
420.894
408.7
407.036
403.64799999999997
393.568
378.76
0.0
1782.618
1654.972
1550.656
1473.794
1422.154
1384.75
1355.318
1370.038
1511.718
1696.546
1877.306
2047.3980000000001
2203.05
2321.29
2406.6420000000003
2466.574
2508.004
2522.654
2457.234
2372.866
2318.44
2215.99
2044.9160000000002
1878.89
0.0
231.87
215.27
201.702
191.70000000000002
184.986
180.122
176.294
178.206
196.636
220.68
244.188
266.31
286.56
301.93600000000004
313.04200000000003
320.836
326.22200000000004
328.12800000000004
319.62
308.64599999999996
301.56600000000003
288.24199999999996
265.99
244.394
0.0
1253.75
1206.8419999999999
1174.068
1153.916
1125.212
1112.532
1111.864
1108.412
1162.206
1228.054
1306.144
1371.268
1421.844
1463.836
1495.856
1517.472
1520.164
1503.54
1476.224
1442.9959999999999
1425.204
1395.24
1346.396
1279.388
0.0
1114.466
1034.662
969.4499999999999
921.39
889.11
865.722
847.326
856.526
945.1039999999999
1060.652
1173.662
1280.0020000000002
1377.318
1451.24
1504.598
1542.062
1567.9660000000001
1577.128
1536.232
1483.484
1449.452
1385.406
1278.452
1174.652
0.0
708.752
693.714
676.1659999999999
668.5840000000001
660.96
650.36
641.916
640.352
660.406
700.868
749.284
774.048
792.214
806.774
818.6999999999999
825.13
827.9739999999999
817.198
812.702
789.154
785.948
779.402
759.942
731.348
0.0
43.308
41.644
40.544000000000004
39.564
38.83
38.134
37.926
37.734
39.480000000000004
41.868
43.940000000000005
45.832
47.705999999999996
49.24
50.264
51.082
51.654
51.977999999999994
51.372
50.190000000000005
49.304
48.254
46.376
44.23
0.0
153.976
144.772
138.004
132.90800000000002
129.464
127.466
124.97
125.872
138.048
153.44400000000002
166.4
178.258
188.896
197.034
202.79399999999998
206.62
208.562
208.756
204.156
198.348
194.03799999999998
187.692
175.26
160.59
0.0
12.44
11.696
11.148
10.734
10.46
10.296
10.096
10.172
11.156
12.395999999999999
13.442
14.4
15.264
15.916
16.386
16.689999999999998
16.854
16.864
16.494
16.028000000000002
15.672
15.162
14.158
12.978
0.0
17.884
16.814
16.03
15.432
15.032
14.802000000000001
14.516
14.618
16.036
17.822
19.326
20.702
21.939999999999998
22.884
23.554
23.996000000000002
24.218
24.242
23.712
23.038
22.538
21.796
20.358
18.648
0.0
5.28
4.97
4.6899999999999995
4.454
4.352
4.234
4.1579999999999995
4.152
4.578
4.998
5.3919999999999995
5.776000000000001
6.086
6.328
6.474
6.63
6.7540000000000004
6.73
6.594
6.402
6.296
6.117999999999999
5.71
5.404
