0.0
105.7658558
99.69053253
95.88578459
93.6663483
93.68680393
96.82674376
101.9406523
104.9987696
110.9411313
119.5734088
128.839811
137.5232277
145.163407
151.8626272
156.06626
157.9174948
157.2731424
156.2810441
151.9342219
145.777076
141.30752
133.7696188
123.8281807
114.2344883
0.0
108.0568869
103.239585
99.68030471
97.41995715
96.62218742
98.37114413
102.400904
104.303278
109.3251362
116.4641524
124.6054948
132.6956981
140.0290429
146.6055292
151.1364522
153.8775071
154.8593776
152.9774592
149.6534187
144.0690306
138.566465
132.4809139
123.6645356
114.9913468
0.0
164.9849164
162.1722667
159.8710079
158.244785
157.3038258
157.6617994
158.9505044
159.3698449
161.5074586
165.7008636
169.7715348
173.6887887
177.6878651
181.6767138
184.5814138
186.1871811
186.8826727
185.9826248
184.182529
181.5232965
178.3731289
175.8161746
171.6841366
168.7078418
0.0
263.161732
251.4713372
243.4527286
239.4025131
240.3127888
247.6052223
256.4113728
260.3388545
273.1747649
292.7917179
313.8814766
332.8029381
348.1855749
361.0521687
368.7843984
372.0368442
370.8913287
364.1818808
351.6732605
339.6964868
331.2585378
318.6476394
299.9511898
280.5285653
0.0
36.7690022
34.85640042
33.43473385
32.47331905
32.07443419
32.69833102
34.21204794
34.38592083
36.01214374
39.03957758
42.35339029
45.4217354
48.04005656
50.2288094
51.66070379
52.23346154
52.31528407
51.52774216
49.90151926
48.02982874
46.94568014
45.35014068
42.56817445
39.54074061
0.0
718.4632346
674.9847845
644.3729281
625.1753156
621.6160352
640.1079284
674.5858996
689.9787642
722.8100569
777.7743455
845.3188492
910.4189045
969.0754351
1020.367938
1056.615321
1078.114192
1089.589803
1083.974732
1056.124386
1010.293538
969.7811545
922.7843353
851.9464746
780.1881104
0.0
50.48450483
47.43661535
45.27854596
43.92847412
43.68300651
44.98193927
47.4059319
48.49008051
50.79133934
54.65745417
59.40316127
63.97499548
68.09680574
71.70722515
74.25395159
75.75744069
76.56543824
76.17678119
74.21304032
70.99127796
68.14794483
64.84435993
59.87364085
54.82109925
0.0
206.7144099
192.8352622
183.118836
177.0844239
175.458201
181.3187402
191.168128
194.8705977
201.9584749
215.929673
233.2044559
250.8269847
267.7847053
283.8832893
296.6578328
305.0139593
309.5448822
310.4142467
305.6071727
294.3054348
282.6048122
268.3574631
247.4722607
225.5745045
0.0
225.5233654
212.5851768
204.4745179
199.7390386
199.7594943
206.4689423
217.382023
223.9073703
236.5694078
254.9692506
274.7293931
293.2519697
309.5448822
323.8331426
332.7927103
336.7304199
335.3701202
333.2427343
323.9865598
310.843815
301.3114895
285.243589
264.0413243
243.5856902
0.0
1275.357644
1198.168309
1143.838145
1109.769286
1103.448495
1136.259332
1197.472817
1224.791316
1283.069418
1380.632564
1500.553719
1616.08714
1720.216545
1811.285028
1875.617997
1913.777982
1934.151794
1924.179672
1874.738405
1793.396576
1721.474567
1638.046263
1512.305481
1384.928248
0.0
53.75740627
50.50496046
48.21392945
46.78203506
46.51611182
47.89686712
50.47427701
51.63002033
54.08469642
58.19627886
63.24882047
68.11726138
72.5152227
76.35065408
79.06102559
80.66679286
81.52592949
81.106589
79.02011432
75.59379562
72.56636178
69.04799272
63.74998351
58.38037957
0.0
399.9485569
393.1368307
387.5524426
383.6147331
381.3441577
382.2135222
385.3227785
386.3557881
391.5208357
401.6872858
411.567357
421.0485434
430.7547418
440.4302567
447.4465391
451.3637931
453.0411551
450.8524022
446.4851243
440.0518274
432.4218759
426.2238188
416.1903303
408.9899471
0.0
944.0684225
886.9256088
846.6996045
821.4880355
816.8139231
841.0947607
886.414218
906.6346122
949.7755444
1021.99416
1110.761384
1196.28639
1273.363219
1340.774761
1388.395477
1416.644708
1431.72051
1424.346254
1387.751125
1327.529738
1274.293951
1212.538392
1119.465257
1025.164784
0.0
85.15680454
83.70445452
82.51802774
81.67934675
81.18841153
81.37251224
82.03732034
82.26233232
83.35670874
85.52500595
87.63193626
89.64681621
91.71283525
93.76862647
95.27211557
96.10056875
96.45854235
95.98806276
95.05733142
93.68680393
92.07080884
90.75142045
88.61380669
87.07963414
0.0
52.85735838
49.30830587
46.82294633
45.27854596
44.85920546
46.36269457
48.87873755
49.82992454
51.64024815
55.20975629
59.62817325
64.13864055
68.47523497
72.58681741
75.84949105
77.9871048
79.15307594
79.3678601
78.14052206
75.25627766
72.25952727
68.61842441
63.27950392
57.67466019
0.0
9.941438147
9.501642015
9.17435187
8.959567712
8.887972993
9.051618066
9.419819479
9.593692368
10.05394413
10.71875224
11.46538288
12.20178571
12.87682163
13.49049065
13.89960333
14.15529876
14.24734911
14.07347622
13.76664171
13.25525086
12.74386001
12.19155789
11.37333253
10.5755628
0.0
217.2592892
202.6744221
192.4568329
186.1155864
184.4075409
190.5646868
200.9152376
204.8120359
212.2578867
226.9450319
245.0994071
263.6219838
281.438841
298.3556504
311.7847741
320.570469
325.3366317
326.2366796
321.1943658
309.3198702
297.0260342
282.0422822
260.0933869
237.0807986
0.0
127.3363219
120.7189243
115.7686609
112.4446204
111.0638651
113.2321623
118.4790324
119.062018
124.707773
135.1810576
146.6566683
157.293598
166.3656717
173.9342563
178.8845197
180.8789441
181.1550951
178.424268
172.7887408
166.3247604
162.550696
157.0276748
147.4135268
136.9300143
0.0
85.58637285
81.13727245
77.81323191
75.57333999
74.64260864
76.10518647
79.63378334
80.02244039
83.81696051
90.85369862
98.57570047
105.7147168
111.8104957
116.9039486
120.2382169
121.5678331
121.7519338
119.9211546
116.1368623
111.7900401
109.2535414
105.5408439
99.07686351
92.02989758
0.0
578.0148513
543.035717
518.4071336
502.9631299
500.0993412
514.9705871
542.7186547
555.0943133
581.5127647
625.7276177
680.0782373
732.4446605
779.6358082
820.9050499
850.0645563
867.3597949
876.5955136
872.0748185
849.6656714
812.794391
780.1983382
742.3860986
685.40693
627.6709029
0.0
148.1294739
141.6654936
137.0834316
133.5548347
131.918384
133.2991393
138.678971
141.1029637
145.6543422
154.05138
163.8803122
174.7729373
184.8473371
194.3489791
201.7232352
206.5712204
209.2304528
207.7371916
203.1653574
195.9445185
188.3554783
180.3573254
168.9021703
157.5288378
0.0
98.4120554
94.11637225
91.06848278
88.72631268
87.64216407
88.55243979
92.13217575
93.73794302
96.76537686
102.3395371
108.8751122
116.1164067
122.805399
129.1159621
134.0150865
137.2368488
139.0062612
138.0039351
134.9765013
130.1694273
125.1373413
119.8188764
112.2093806
104.6510238
0.0
175.2025056
163.440516
155.2071233
150.082987
148.7124595
153.6729508
162.0290773
165.1690171
171.1727457
183.0165578
197.652564
212.5954046
226.9654876
240.6093955
251.4406537
258.5183031
262.3639623
263.0901373
259.0194661
249.4462294
239.5252469
227.446195
209.7520715
191.1885836
0.0
183.4563539
171.1420623
162.5097847
157.1504086
155.7082864
160.9142452
169.6590288
172.942158
179.2322655
191.6386076
206.9598775
222.5982097
237.6535564
251.9418167
263.274238
270.6894053
274.7191652
275.4760237
271.2212518
261.1877633
250.806529
238.1547194
219.6219149
200.1890626
0.0
233.2965063
221.1765431
212.1146972
206.0189183
203.4824197
207.4610405
217.0751885
218.1286537
228.4792045
247.676817
268.7052088
288.1892003
304.8094029
318.6783228
327.7503965
331.4017272
331.9028902
326.9117155
316.5713925
304.7378082
297.8238039
287.7084929
270.0859641
250.8678959
0.0
334.2552881
328.5686219
323.9047373
320.6113802
318.7090063
319.4351813
322.0330468
322.8921834
327.21855
335.7076382
343.9717143
351.8880447
360.0089314
368.0889069
373.9596738
377.2325753
378.6337862
376.803007
373.1516763
367.7718445
361.3999145
356.2144113
347.8378291
341.8136449
0.0
1231.541676
1157.011573
1104.542872
1071.639984
1065.544205
1097.219755
1156.336537
1182.714077
1238.987526
1333.206177
1448.995293
1560.570549
1661.120218
1749.058989
1811.18275
1848.033575
1867.701667
1858.077291
1810.333841
1731.784206
1662.327101
1581.772814
1460.358398
1337.348443
0.0
59.99637466
57.3780535
55.52681862
54.09492424
53.43011613
53.99264607
56.17117109
57.15304153
58.99404859
62.39991166
66.37853248
70.78672162
74.86762061
78.72350763
81.7100302
83.67377107
84.74769186
84.14425065
82.29301577
79.35763228
76.28928718
73.057297
68.41386807
63.80112259
0.0
1285.687739
1199.385419
1138.928792
1101.372248
1091.267165
1127.729333
1188.983729
1212.027001
1256.129348
1343.024881
1450.437416
1560.059158
1665.507952
1765.638281
1845.098191
1897.075957
1925.274049
1930.633425
1900.788655
1830.472413
1757.72195
1669.067232
1539.194412
1403.0008
0.0
193.7353101
185.2871332
179.2936324
174.6808869
172.5330454
174.343369
181.3801071
184.5507304
190.5033199
201.4777675
214.3341335
228.5814827
241.7651388
254.1919365
263.8367679
270.1780145
273.6554723
271.6917314
265.7186863
256.2681833
246.3574286
235.8943718
220.9106199
206.0291461
0.0
39.55096843
37.49517721
35.96100465
34.92799513
34.49842682
35.16323493
36.79968565
36.97355854
38.73274307
41.98518888
45.54446921
48.8480541
51.6709316
54.02332952
55.55750207
56.18139891
56.26322145
55.41431263
53.66535592
51.66070379
50.48450483
48.76623157
45.779709
42.52726318
0.0
315.2110928
298.82613
286.583433
278.3602681
274.9339494
280.2933255
293.2826531
294.7145475
308.6959734
334.6337174
363.0465931
389.3627663
411.8230524
430.570641
442.8235658
447.7533736
448.4284096
441.6780503
427.7273079
411.7310021
402.3827773
388.7184138
364.9182836
338.9498562
0.0
328.2208761
306.1799304
290.7461545
281.16269
278.5852801
287.8925936
303.5309258
309.4119206
320.6727471
342.8568823
370.2776597
398.2609671
425.1805815
450.7398962
471.0216574
484.2973639
491.4977471
492.8580467
485.238323
467.2885042
448.7147884
426.0908572
392.9322744
358.1679243
0.0
233.9510866
223.7437252
216.5024308
210.9282705
208.3406328
210.5293856
219.0184737
222.8539051
230.0440605
243.2993114
258.8149098
276.0283258
291.9428091
306.9470167
318.5965003
326.2571352
330.4505402
328.0879145
320.8670757
309.4528319
297.4862859
284.8549319
266.7516958
248.7916491
0.0
97.14380609
92.80721167
89.61613276
87.58079717
86.86484998
88.42970598
92.06058103
93.76862647
98.27909378
104.7021629
112.015052
119.2870299
125.8839719
131.7956502
135.8663213
138.3312252
139.2108175
137.5232277
134.5367051
129.514847
124.5748113
119.0927014
111.176371
103.3725467
0.0
25.08883516
23.40124535
22.22504639
21.48864357
21.29431504
22.00003442
23.19668901
23.64671296
24.50584959
26.20366721
28.3003697
30.43798346
32.49377468
34.44728773
36.00191592
37.01446981
37.56677193
37.6690501
37.08606453
35.71553705
34.29387048
32.5653694
30.02887078
27.36963835
0.0
305.699223
287.197102
274.1770909
266.0050651
264.4913482
272.3565395
287.0334569
293.5792598
307.5504579
330.9312476
359.6714134
387.3683419
412.3344433
434.1606048
449.5739251
458.7278213
463.60649
461.2234087
449.3693687
429.8751495
412.63105
392.6356677
362.4942909
331.9642571
0.0
56.00752602
53.09259817
50.92430096
49.46172313
48.8480541
49.79924109
52.11072773
52.36642316
54.8517827
59.45430036
64.50684197
69.18095435
73.16980299
76.50407133
78.68259636
79.55196081
79.67469461
78.47804002
76.0029083
73.15957517
71.49244099
69.06844836
64.83413211
60.22138663
0.0
189.8180561
181.3801071
175.6013905
172.6762348
173.3308151
178.587913
184.9393874
187.7724927
197.0286671
211.1839659
226.3927298
240.0468655
251.1338192
260.420677
265.9948373
268.3370074
267.5187821
262.6810246
253.6498622
245.0175846
238.9218057
229.8292763
216.3490135
202.3369042
0.0
112.9457834
106.1136016
101.2962998
98.27909378
97.72679166
100.6314917
106.0522347
108.4659995
113.6310471
122.2735525
132.8900266
143.1178436
152.3433346
160.4130822
166.1099763
169.4851559
171.2852517
170.4056594
166.0281537
158.8277706
152.4558406
145.0611288
133.9332639
122.6519817
0.0
46.40360584
44.37849806
42.94660368
41.84199944
41.32038077
41.76017691
43.44776672
44.20462518
45.62629174
48.25484072
51.33341364
54.74950453
57.90989999
60.88619474
63.19768139
64.71139831
65.5500793
65.07959972
63.64770534
61.37712996
59.00427641
56.49846124
52.90849746
49.34921714
0.0
314.2599059
295.246394
281.8581815
273.4611438
271.9065156
279.986491
295.0725211
301.8024247
316.1622798
340.2078776
369.756041
398.2302836
423.8816487
446.3214793
462.1745957
471.5841873
476.5958177
474.1411416
461.9598115
441.9132901
424.1884832
403.630571
372.6505132
341.2613428
0.0
54.90292178
51.21067984
48.63326995
47.02750267
46.59793436
48.15256255
50.7708837
51.75275414
53.63467247
57.34737005
61.92943208
66.61377227
71.11401176
75.38923928
78.78487453
81.00431083
82.21119323
82.43620521
81.15772808
78.16097769
75.05172132
71.26742902
65.72395219
59.90432431
0.0
10.07439977
9.491414198
9.133440602
8.918656444
8.918656444
9.225490955
9.706198355
10.00280505
10.56533499
11.38356035
12.27338043
13.10183361
13.82800862
14.46213327
14.86101813
15.03489102
14.97352412
14.88147377
14.47236109
13.8791477
13.4598072
12.74386001
11.79267303
10.88239731
0.0
191.1272167
178.2913064
169.311283
163.7268949
162.2234058
167.6441488
176.746906
180.1732247
186.7292554
199.6469883
215.6126107
231.915751
247.5847667
262.4764683
274.2895969
282.0115988
286.2050038
287.0027735
282.5639009
272.1110719
261.3002693
248.1166132
228.8167224
208.5656447
0.0
91.67192398
86.90576125
83.34648092
80.95317174
79.96107349
81.51570168
85.28976616
85.70910666
89.77977783
97.31767898
105.5817551
113.2423901
119.7677373
125.2191638
128.788672
130.2205663
130.4148949
128.451154
124.3907106
119.7370539
117.0266824
113.0480616
106.1238294
98.57570047
0.0
884.4197936
825.0473158
783.4610118
757.625546
750.6808582
775.7594656
817.8980717
833.7511881
864.0868934
923.8582561
997.7440063
1073.153701
1145.68938
1214.573727
1269.231181
1304.98763
1324.389799
1328.071813
1307.534356
1259.167009
1209.122301
1148.144056
1058.804074
965.1070421
0.0
24.99678481
23.90240838
23.13532211
22.5318809
22.25572984
22.49096963
23.40124535
23.81035803
24.57744431
25.99911087
27.65601723
29.4970243
31.19484192
32.79038138
34.03817505
34.85640042
35.30642436
35.05072894
34.28364266
33.06653244
31.78805531
30.43798346
28.50492604
26.58209644
0.0
171.2852517
162.3768231
155.728742
151.259186
149.3977233
152.3126511
159.3698449
160.147159
167.746427
181.830131
197.2741347
211.5726229
223.7744087
233.9715422
240.6298511
243.3095392
243.6675128
240.0059543
232.416914
223.7334974
218.6502723
211.2248772
198.2866886
184.182529
0.0
751.9695632
739.1643363
728.670596
721.2656565
717.0006568
718.6268797
724.4669632
726.4102485
736.1266746
755.2424646
773.8161804
791.6432654
809.8999188
828.0849775
841.2788614
848.6428897
851.8032852
847.6917027
839.4685378
827.3690303
813.019403
801.3699194
782.5200526
768.9681951
0.0
219.2434857
207.8496975
199.3401538
193.6125763
191.2294949
194.9626481
203.9938105
204.9961366
214.7125628
232.754432
252.5145745
270.822367
286.4402436
299.4807103
308.0107097
311.4370284
311.9075079
307.2129399
297.5067416
286.3788767
279.8842128
270.372343
253.8135073
235.7614102
0.0
305.085554
284.5992365
270.259837
261.3411806
258.9478714
267.6006046
282.1343326
287.6062147
298.0692715
318.6885506
344.1762707
370.1856093
395.2130776
418.9722965
437.8221633
450.1569106
456.845903
458.1243801
451.0365029
434.3549333
417.0903782
396.0517586
365.2353459
332.9154441
0.0
445.7180381
438.1289978
431.9104851
427.5227516
424.9964808
425.9578956
429.4251255
430.570641
436.328902
447.6613233
458.6766822
469.2420172
480.0528198
490.8431668
498.6674468
503.0244968
504.8961874
502.4619669
497.5832982
490.4135985
481.9142825
475.010506
463.831502
455.8026656
0.0
96.54036488
90.99688806
87.52965809
85.50455032
85.51477813
88.3785669
93.05267928
95.84487333
101.2656163
109.1410355
117.5994401
125.5362261
132.5013695
138.6176041
142.4530355
144.1406253
143.5576397
142.647364
138.6891988
133.0638995
128.9830005
122.0996796
113.0276059
104.2725946
0.0
410.5036641
385.6602965
368.1707294
357.2065095
355.171174
365.7365089
385.4352845
394.2312072
412.9890236
444.3884218
482.9882033
520.176546
553.6931024
583.006026
603.7173554
616.0009637
622.5569944
619.3454599
603.4309766
577.247765
554.1022151
527.2439676
486.7724956
445.7691771
0.0
139.6403858
130.2717054
123.7054469
119.6245479
118.5301715
122.4883367
129.1364177
131.6422329
136.4288513
145.8691264
157.5390656
169.4442446
180.8993997
191.7715692
200.4038468
206.0496018
209.107719
209.6907046
206.4484866
198.8083073
190.9124326
181.2778289
167.1736692
152.3842458
0.0
514.5921579
491.7125312
476.0435155
468.1271852
469.8965975
484.1541744
501.3778183
509.0589089
534.147744
572.5225135
613.7508439
650.7653137
680.824868
705.9852979
721.1122392
727.4637136
725.2340495
712.1117603
687.6468219
664.2353488
647.7276521
623.0786131
586.5141672
548.5382826
0.0
537.0115328
513.0682132
495.3740897
484.1541744
480.1755536
488.8691981
508.8952638
518.3559946
543.2811846
578.7921654
619.222726
659.4282748
695.9108981
728.5887735
751.0695153
764.7338788
769.5818641
760.2336393
743.7361705
715.9574195
688.6389202
658.3850374
614.5792971
571.4588205
0.0
1436.629863
1412.175152
1392.118403
1377.98356
1369.821762
1372.931018
1384.110022
1387.802264
1406.365752
1442.889287
1478.379812
1512.438442
1547.305071
1582.059193
1607.270762
1621.323782
1627.368422
1619.513459
1603.803532
1580.688665
1553.278116
1531.032614
1495.000014
1469.123637
0.0
340.4328896
319.8238383
305.3207938
296.2282644
294.5406746
303.295686
319.6397376
326.9321712
342.4886808
368.528703
400.5417703
431.3786386
459.1778453
483.4791385
500.6516433
510.838549
516.2797477
513.6205153
500.4164035
478.702748
459.5051354
437.2391777
403.6817101
369.6742185
0.0
626.9651835
584.8777165
555.4011478
537.0831275
532.1533197
549.9394935
579.8047192
591.0450901
612.5541893
654.9178075
707.3046863
760.755258
812.180722
861.0083205
899.7615192
925.1060498
938.8522358
941.470557
926.9163734
892.6225029
857.1524335
813.9194509
750.5888079
684.1693641
0.0
427.7068523
408.6933404
395.6733294
389.0866152
390.5594209
402.4134608
416.7221768
423.1145624
443.9588535
475.849187
510.1226019
540.8878755
565.8744325
586.7903183
599.3603054
604.637859
602.7866241
591.8837711
571.5508709
552.0771073
538.3616047
517.8752872
487.4884428
455.9253995
0.0
575.5397195
540.7037748
516.1876974
500.8152884
497.9617274
512.7716065
540.3867124
552.7214598
579.0171773
623.0479296
677.1633095
729.3047207
776.2913121
817.3866809
846.4234534
863.6470973
872.8419048
868.3416653
846.0245685
809.3169332
776.853842
739.2052475
682.4715465
624.980987
0.0
580.4797552
541.5117723
514.2239565
497.2662359
492.7046295
509.1611871
536.8172043
547.229122
567.1426818
606.36636
654.8666684
704.3590749
751.9695632
797.1765144
833.0556966
856.5183088
869.251941
871.6759336
858.1956708
826.4485268
793.6070063
753.5753305
694.9392555
633.4496195
0.0
80.3906418
76.21769246
73.08798045
70.99127796
70.12191351
71.49244099
74.80625371
75.1642273
78.73373545
85.35113306
92.59242751
99.30187548
105.029453
109.8160714
112.9457834
114.1935771
114.36745
112.6491767
109.0898964
105.0089974
102.625916
99.13823041
93.07313491
86.44550948
0.0
13.3370734
12.75408783
12.33474733
12.017685
11.87449556
11.99722937
12.47793677
12.70294874
13.11206142
13.86891988
14.74851215
15.73038258
16.6406583
17.48956711
18.15437522
18.59417135
18.82941114
18.69644952
18.28733684
17.63275655
16.94749281
16.23154562
15.1985361
14.17575439
0.0
919.5625729
878.6922161
850.6884531
836.5331543
839.7037776
865.1812698
895.9465434
909.6927295
954.5212515
1023.088537
1096.779959
1162.902796
1216.629518
1261.60123
1288.63335
1299.975999
1295.997378
1272.544994
1228.831304
1186.979077
1157.482053
1113.430845
1048.105777
980.2339835
0.0
1292.704021
1235.233918
1195.877278
1175.984174
1180.423046
1216.251089
1259.504527
1278.814646
1341.838454
1438.225402
1541.822961
1634.78359
1710.30579
1773.5137
1811.520268
1827.465434
1821.870819
1788.906564
1727.447612
1668.617208
1627.153638
1565.224206
1473.398865
1377.98356
0.0
868.2598427
829.6600613
803.2313821
789.8636253
792.8501478
816.9162013
845.9632016
858.9320736
901.2650083
966.00709
1035.586929
1098.027752
1148.747497
1191.203165
1216.731797
1227.440321
1223.686712
1201.543488
1160.264019
1120.753962
1092.903616
1051.307084
989.6231195
925.5458459
0.0
309.6369326
296.1259863
286.5425217
279.1682657
275.741947
278.6261914
289.8767901
294.9395595
304.4616572
322.0125912
342.5500477
365.3273963
386.3864715
406.2386644
421.6622124
431.7979791
437.3516837
434.2219717
424.6691906
409.5627049
393.7198163
377.0075633
353.0540158
329.2743413
0.0
167.2657196
158.5720751
152.0774113
147.7101335
145.889582
148.743143
155.6264638
156.3935501
163.8087174
177.5753592
192.6511615
206.6121317
218.5275385
228.4792045
234.9840961
237.6024173
237.9603909
234.3806549
226.9757154
218.4866273
213.526136
206.2746137
193.6432597
179.8663902
0.0
239.5866138
227.1291326
217.832047
211.5726229
208.9747574
213.0454286
222.9254998
224.0096484
234.6363503
254.3453537
275.9465033
295.9521134
313.02234
327.2696891
336.5872304
340.3306115
340.8420023
335.717866
325.1116197
312.9507453
305.8424124
295.4611782
277.3681699
257.628483
0.0
324.0172433
307.1720287
294.5918137
286.133409
282.61504
288.1278334
301.4751346
302.9479402
317.328251
343.9819421
373.1823597
400.2451636
423.3293466
442.5985539
455.1992244
460.2619939
460.9574854
454.0230255
439.6733982
423.2372962
413.6231482
399.5803555
375.1051893
348.4208147
0.0
43.0795653
41.19764697
39.86803076
38.83502124
38.36454165
38.76342652
40.32828252
41.0340019
42.36361811
44.79783856
47.66162733
50.82202279
53.75740627
56.51891687
58.66675845
60.0781972
60.84528347
60.41571516
59.08609894
56.97916864
54.78018798
52.4482457
49.11397735
45.81039245
0.0
17.92936324
17.13159351
16.53838013
16.1599509
16.02698928
16.32359597
16.98840408
17.3054664
18.13391958
19.32034636
20.6704182
22.02049005
23.23760028
24.32174888
25.07860734
25.52863129
25.69227636
25.38544185
24.83313973
23.90240838
22.99213267
21.97957878
20.51700095
19.07487875
0.0
478.9891268
449.9932656
429.5887706
416.7937715
414.420918
426.7454375
449.7375702
459.9960706
481.8835991
518.5298675
563.5629458
606.9595734
646.0605179
680.262338
704.4306697
718.7598413
726.4102485
722.6668674
704.0931517
673.5426623
646.5309975
615.203194
567.9813628
520.1356347
0.0
53.68581156
51.34364146
49.67650728
48.39803015
47.80481677
48.3059798
50.25949285
51.13908512
52.78576366
55.83365313
59.39293345
63.34087083
66.9922015
70.43897584
73.10843608
74.86762061
75.82903541
75.28696111
73.63005475
71.01173359
68.26045081
65.3659786
61.21348488
57.09167462
0.0
155.7798811
146.3498338
139.7119805
135.5594868
134.7821727
138.791477
146.2680113
149.6022796
156.7208402
168.6362471
183.2927089
197.3968686
210.1202729
221.23791
229.1031013
233.7669859
236.2523454
235.0352352
228.9905953
219.059385
210.2736902
200.0867844
184.7246033
169.1680936
0.0
143.5065007
133.871897
127.1317656
122.9383606
121.8030729
125.8737441
132.7161537
135.2833358
140.2131436
149.9091141
161.8961157
174.1285848
185.9008022
197.0798062
205.9473236
211.7464958
214.8966635
215.5001047
212.1658363
204.3211007
196.200214
186.2996871
171.8068704
156.5981064
0.0
74.39714103
70.53102619
67.64678179
65.70349656
64.89549901
66.16374832
69.22186561
69.56961139
72.86296847
78.98943087
85.68865102
91.90716377
97.20517299
101.6338178
104.52829
105.6840333
105.8476784
104.2521389
100.9587818
97.18471736
94.97550888
91.75374652
86.13867497
80.00198476
0.0
552.7214598
521.015227
501.1323507
489.5340062
489.5851453
506.031475
532.7669887
548.7632946
579.7842636
624.8787089
673.3278781
718.7291579
758.6483277
793.6683732
815.6274963
825.2723278
821.9380594
816.7218728
794.0365746
761.8291788
738.4688447
699.101977
647.1242109
596.9874518
0.0
660.4817399
620.511431
592.3644785
574.7214942
571.4485927
588.4472246
620.1432296
634.2883005
664.4705886
715.0062325
777.0993096
836.942267
890.8633184
938.0237827
971.3460105
991.106153
1001.651032
996.4962126
970.8857588
928.7573804
891.5076708
848.3053717
783.1950886
717.2256688
0.0
1135.451335
1059.233642
1005.844437
972.6756267
963.7569703
995.9541383
1050.049063
1070.402418
1109.349946
1186.089257
1280.95226
1377.768776
1470.89305
1559.322756
1629.495808
1675.398251
1700.302985
1705.038465
1678.671152
1616.578075
1552.326929
1474.032989
1359.338249
1239.048893
0.0
1186.897254
1134.142174
1097.997069
1079.730188
1083.811087
1116.713974
1156.41836
1174.153394
1232.022383
1320.513456
1415.632154
1500.983287
1570.327887
1628.370748
1663.257832
1677.893838
1672.769702
1642.495364
1586.068497
1532.055395
1493.98746
1437.120798
1352.802674
1265.201421
0.0
94.52548493
89.60590494
85.94434645
83.46921473
82.44643303
84.0522003
87.94899858
88.3785669
92.57197188
100.3451128
108.8648844
116.7607591
123.4906627
129.1159621
132.7877484
134.2707819
134.4753382
132.4502305
128.2670533
123.4702071
120.6677852
116.5664306
109.4274143
101.6440456
0.0
1332.940254
1273.680282
1233.096304
1212.589531
1217.171593
1254.114468
1298.70775
1318.62131
1383.608859
1482.992557
1589.811878
1685.666979
1763.541578
1828.723456
1867.906223
1884.352553
1878.584064
1844.5868
1781.225474
1720.554063
1677.801788
1613.949526
1519.260396
1420.879024
0.0
2.168297209
2.035335588
1.943285234
1.881918332
1.871690515
1.933057417
2.035335588
2.076246856
2.178525026
2.342170098
2.546726439
2.741054962
2.925155669
3.078572924
3.191078911
3.252445813
3.283129265
3.272901447
3.180851094
3.047889473
2.925155669
2.78196623
2.567182073
2.352397915
0.0
115.7379774
107.9648365
102.5236378
99.14845822
98.23818251
101.5213118
107.0341051
109.110352
113.078745
120.8927972
130.5683121
140.4381555
149.9295697
158.9402765
166.0997485
170.7738608
173.3103595
173.7910669
171.1113788
164.7803601
158.2243294
150.2466321
138.5562372
126.2930846
0.0
1782.800558
1703.545203
1649.266178
1621.835173
1627.961636
1677.37222
1737.020849
1763.654084
1850.570073
1983.501011
2126.363159
2254.579073
2358.739162
2445.910846
2498.318181
2520.307987
2512.596213
2467.133567
2382.375647
2301.238375
2244.064877
2158.652378
2032.001319
1900.420453
0.0
361.318092
345.2501914
334.2552881
328.6913557
329.9289215
339.9419544
352.0312341
357.4315215
375.0438224
401.9838925
430.9388425
456.9277255
478.0379399
495.7013799
506.3280817
510.7771821
509.222554
500.0072908
482.8245582
466.3884563
454.8003396
437.4846454
411.8128246
385.1489056
0.0
440.0620552
410.5241197
389.8332458
376.9768798
373.5198777
385.9978145
406.9648394
414.8504863
429.9467442
459.6892361
496.4480105
533.9738712
570.0678374
604.3412523
631.5370177
649.3231915
658.9782508
660.8090301
650.5914409
626.5253874
601.6308808
571.2849477
526.8348549
480.2164649
0.0
112.577582
107.5761795
104.1396329
102.4111319
102.7997889
105.9192731
109.6831098
111.3706996
116.8528095
125.2498473
134.2707819
142.371213
148.9476993
154.4502649
157.7538498
159.1448329
158.6641255
155.7901089
150.4409606
145.3168243
141.7064049
136.3061175
128.3079646
120.0029771
0.0
87.45806337
82.17028197
78.43712875
76.10518647
75.67561816
77.9257379
82.11914288
83.9908334
87.98990985
94.67890219
102.9020671
110.8286253
117.9676415
124.2066099
128.6250269
131.243348
132.6343312
131.9490674
128.56366
122.9894997
118.0494641
112.3321144
103.7100646
94.97550888
0.0
112.4957594
107.5864073
104.0987217
101.4190336
100.1814677
101.2247051
105.3158319
107.156839
110.6138411
116.9857711
124.4520775
132.7263815
140.3767886
147.5873996
153.1922434
156.8742575
158.8891375
157.7538498
154.2866198
148.7942821
143.0462489
136.9709256
128.2670533
119.6245479
0.0
124.4111663
118.8779173
115.093625
113.1707954
113.6003637
117.047138
121.2098595
123.0713222
129.1364177
138.4130478
148.3851694
157.3242815
164.5962594
170.6818105
174.3331412
175.8673137
175.3354672
172.164844
166.2429379
160.5869551
156.5981064
150.6352891
141.7984552
132.6138755
0.0
710.6594102
679.0656834
657.4338504
646.500314
648.9345345
668.6333101
692.4129847
703.0294587
737.6813028
790.661395
847.6098802
898.7182818
940.243219
974.9871134
995.8825436
1004.647783
1001.579438
983.4557459
949.6630384
917.322681
894.5351047
860.4867018
810.002197
757.5437235
0.0
403.5998876
379.1758605
361.9726723
351.1925531
349.1981288
359.5793631
378.9508485
387.5933539
406.034108
436.9118876
474.8570888
511.4215346
544.3755611
573.1975494
593.5509053
605.6299572
612.0734819
608.9233143
593.2747543
567.5313388
544.7744459
518.3764502
478.5800142
438.2721873
0.0
439.1210961
413.9299828
398.1280055
388.9127423
388.9638814
402.0248037
423.2577519
435.9709284
460.6199675
496.4480105
534.935286
570.9985688
602.7252572
630.5346917
647.9935753
655.6439825
653.0052057
648.852712
630.8312984
605.251528
586.6880401
555.4113756
514.1114505
474.284331
0.0
302.8865733
284.5583252
271.6508201
263.5606169
262.0571278
269.8507243
284.3946802
290.8791161
304.7173526
327.893586
356.3678285
383.8090616
408.5399232
430.1615284
445.441887
454.5139607
459.3517182
456.9788646
445.2373307
425.9169843
408.8365299
389.0252483
359.1600226
328.9061398
0.0
786.6623185
751.6934121
727.7398647
715.6301293
718.3405008
740.1359789
766.4623799
778.2141417
816.5684555
875.2147583
938.2590225
994.8290784
1040.792888
1079.259708
1102.384802
1112.080773
1108.685138
1088.618161
1051.225261
1015.417674
990.1856495
952.5063716
896.6215794
838.5582621
0.0
604.075329
567.521111
541.7776955
525.6484281
522.6516777
538.1979596
567.183593
580.1217816
607.7266597
653.9461648
710.7412328
765.4702817
814.7888154
857.9195197
888.3984145
906.4709671
916.1157986
911.400775
887.979074
849.4508872
815.3820287
775.8617438
716.315393
655.9712726
0.0
423.6259533
397.984816
379.932719
368.6207533
366.5240508
377.416676
397.7495762
406.8216499
426.1829075
458.5948597
498.4219792
536.7967487
571.3872258
601.6308808
623.0070183
635.6792836
642.4500985
639.1362858
622.7104117
595.6885191
571.8065663
544.0891822
502.3290053
460.0165263
0.0
143.9872081
136.500446
130.9058301
127.1522212
125.5873652
128.0318135
133.9741752
134.6287555
141.0109133
152.8547254
165.8338252
177.861738
188.1202385
196.6809214
202.2755373
204.525657
204.8324915
201.7539186
195.3819886
188.0690994
183.8040997
177.5651313
166.6929618
154.8286941
0.0
1376.653944
1293.338146
1234.681615
1197.912613
1191.090659
1226.50959
1292.581288
1322.068084
1384.979387
1490.295218
1619.728243
1744.446244
1856.839725
1955.139274
2024.586152
2065.783799
2087.773606
2077.013942
2023.645193
1935.839384
1858.200025
1768.144096
1632.420964
1494.918192
0.0
435.4595376
416.1085078
402.8430291
396.1438089
397.6370702
409.7058943
424.2805336
430.7854252
452.0183733
484.4814646
519.3787763
550.696352
576.1431607
597.4374758
610.2324749
615.6020788
613.7201605
602.6127512
581.9116495
562.100368
548.1291699
527.2644232
496.3355045
464.1894756
0.0
1019.549712
974.2302549
943.1888303
927.4993589
930.9972724
959.2567308
993.3665006
1008.605948
1058.313139
1134.326275
1216.026077
1289.349297
1348.916104
1398.776712
1428.744216
1441.324431
1436.916241
1410.906903
1362.437278
1316.033672
1283.335341
1234.497515
1162.064115
1086.818065
0.0
87.63193626
82.32369922
78.59054601
76.24837591
75.81880759
78.06892734
82.27256014
84.15447847
88.15355492
94.86300289
103.0963956
111.0331816
118.1926535
124.4520775
128.8704945
131.4888157
132.8900266
132.2047628
128.8091276
123.2247395
118.2744761
112.5468985
103.9043931
95.15960959
0.0
703.2544707
656.0428673
622.9763349
602.4388783
596.9158571
616.8498725
650.3664289
662.9670995
687.0945198
734.6129577
793.3717665
853.3374577
911.0121179
965.7820781
1009.2503
1037.683632
1053.10718
1056.032335
1039.70874
1001.24192
961.4557115
912.9554031
841.9232139
767.4237947
0.0
821.8460091
772.0979071
737.0880894
715.1391941
711.0685229
732.2094207
771.6478831
789.2499562
826.8065004
889.6871194
966.958277
1041.406557
1108.511265
1167.188251
1208.651821
1233.239493
1246.37201
1239.948941
1208.079063
1155.661501
1109.319262
1055.551628
974.5268616
892.44863
0.0
117.27215
110.5422464
106.3283858
103.8634819
103.8839375
107.3716231
113.0378337
116.433469
123.0201832
132.5831921
142.8621482
152.4967518
160.9653843
168.4010073
173.054664
175.1002274
174.3945081
173.2899038
168.472602
161.6404202
156.679929
148.3340303
137.3084435
126.661286
0.0
86.37391476
82.53848338
79.9099344
78.58031819
78.87692488
81.27023407
84.15447847
85.44318341
89.65704403
96.10056875
103.0248009
109.2330858
114.2753996
118.499488
121.0359867
122.1099074
121.7314782
119.5324976
115.4209151
111.4934334
108.721695
104.5794291
98.45296667
92.07080884
0.0
784.4633379
743.6952592
713.2265923
692.7505026
684.2205032
697.5780323
729.9081619
733.4674422
768.2727035
832.8000011
903.515128
969.0242961
1024.909088
1071.56839
1102.06774
1114.34112
1116.008255
1099.224407
1064.49074
1024.684076
1001.42602
967.408301
908.1687848
843.5494368
0.0
233.2044559
221.0844928
212.0226469
205.9370958
203.4005971
207.3689901
216.9831382
218.0468311
228.3871541
247.5745389
268.5927029
288.0664665
304.6764413
318.555589
327.6174349
331.2687656
331.7597008
326.7685261
316.4486587
304.6150744
297.7010701
287.5857591
269.9734581
250.7656178
0.0
1610.287968
1512.837327
1444.229131
1401.210932
1393.233235
1434.666122
1511.957735
1546.435706
1620.02485
1743.218906
1894.621281
2040.510863
2171.979223
2286.960342
2368.189665
2416.372911
2442.095871
2429.505428
2367.085061
2264.377322
2173.564535
2068.228247
1909.472071
1748.629421
0.0
209.4554648
196.7831995
187.8543153
182.2596994
181.2266898
186.6167494
196.6604657
201.1504774
210.7237141
226.7507034
246.4392512
265.4118518
282.5127618
297.4760581
308.0413931
314.3110449
317.6555411
316.0190904
307.8982037
294.5406746
282.727546
269.0222712
248.3723086
227.446195
0.0
1018.475791
973.1972454
942.1865042
926.5174885
930.0154019
958.2441769
992.3232632
1007.532027
1057.188079
1133.12962
1214.7476
1287.988998
1347.494437
1397.293678
1427.230499
1439.800486
1435.392297
1409.423869
1360.995156
1314.642689
1281.985269
1233.188354
1160.836777
1085.662321
0.0
1006.734257
945.8071514
902.9116868
876.0227559
871.0315812
896.9284139
945.2548493
966.8150876
1012.819809
1089.835271
1184.493717
1275.695162
1357.885899
1429.777225
1480.558337
1510.679258
1526.767614
1518.892195
1479.862845
1415.65261
1358.877998
1293.021084
1193.770347
1093.220678
0.0
450.2898723
426.8886269
409.3990598
397.6472981
392.7481737
400.4190365
418.9722965
421.01786
440.9927866
478.0379399
518.6219178
556.229601
588.3040352
615.090688
632.6007107
639.6374488
640.5988636
630.96426
611.0302446
588.1710736
574.8237723
555.2988697
521.3016059
484.2053135
0.0
33.48587293
32.0232951
30.99028558
30.19251585
29.82431444
30.13114895
31.34825918
31.9005613
32.923343
34.82571696
37.04515326
39.51005716
41.78063254
43.92847412
45.59560829
46.70021253
47.29342592
46.95590795
45.92289843
44.28644771
42.57840227
40.76807866
38.18044095
35.61325888
0.0
118.6426775
113.3548961
109.44787
106.9625104
106.0829182
108.0057478
112.4343925
114.5208672
120.0234328
127.8783962
136.8072805
145.6850257
153.7445455
160.9653843
165.9361034
168.9533094
170.0272302
167.9612112
164.3201083
158.1731903
152.1387782
145.4600137
135.7844988
126.2521733
0.0
9.583464551
9.153896236
8.847061725
8.642505385
8.570910666
8.724327921
9.082301517
9.256174406
9.695970538
10.33009519
11.0562702
11.77221739
12.42679768
13.00978325
13.40866812
13.65413573
13.73595826
13.57231319
13.2757065
12.78477128
12.29383606
11.75176176
10.97444767
10.19713357
0.0
13.77686953
13.16320051
12.71317656
12.42679768
12.32451951
12.53930367
13.06092234
13.29616213
13.9405146
14.85079032
15.88379984
16.91680936
17.85776852
18.69644952
19.26920727
19.62718087
19.74991467
19.50444706
19.08510657
18.36915937
17.67366782
16.89635372
15.77129385
14.66668961
0.0
3.794520116
3.579735958
3.446774337
3.364951801
3.364951801
3.477457788
3.661558494
3.774064482
3.988848639
4.29568315
4.622973295
4.940035622
5.216186682
5.451426473
5.604843729
5.666210631
5.645754997
5.615071546
5.451426473
5.236642316
5.072997244
4.807074001
4.449100405
4.101354626
