0.0
137.426
128.84
121.48
118.10799999999999
119.25
122.272
130.998
133.236
143.316
154.458
168.644
181.12400000000002
190.042
196.736
199.15
200.706
198.90800000000002
200.516
201.628
197.196
189.67
185.104
168.09199999999998
151.724
0.0
139.59
131.516
125.82
122.024
119.582
122.994
128.89600000000002
133.94400000000002
144.468
154.92000000000002
166.444
177.44400000000002
186.31199999999998
193.884
201.138
208.01
210.50799999999998
211.32999999999998
207.184
193.548
185.532
181.846
168.302
151.138
0.0
272.502
269.344
267.304
266.682
266.05400000000003
265.616
267.182
268.786
271.49
274.834
277.36
280.552
282.54
284.848
286.558
288.606
290.024
289.488
288.584
285.66999999999996
283.21999999999997
281.868
278.18
274.642
0.0
307.30400000000003
296.19800000000004
287.532
280.74600000000004
281.678
289.038
298.182
303.734
317.634
335.12600000000003
355.326
379.146
400.658
421.442
435.06
440.238
444.852
438.416
426.088
408.198
396.164
384.464
357.92600000000004
333.91
0.0
50.872
49.336
47.948
47.222
46.408
47.178000000000004
47.75
48.326
50.647999999999996
53.138
56.205999999999996
59.08
62.29
64.146
65.7
66.72399999999999
67.278
65.88
64.256
62.248
61.652
60.484
57.690000000000005
53.894
0.0
740.234
690.218
656.484
640.0600000000001
643.036
664.2919999999999
702.518
747.216
809.328
872.29
964.254
1061.344
1115.8799999999999
1185.688
1209.126
1219.412
1231.26
1227.45
1206.478
1151.512
1086.056
1050.616
950.924
840.212
0.0
52.018
48.502
46.134
44.976
45.188
46.682
49.37
52.508
56.874
61.302
67.75999999999999
74.586
78.41799999999999
83.324
84.97200000000001
85.69399999999999
86.526
86.254
84.78399999999999
80.916
76.32000000000001
73.82600000000001
66.82600000000001
59.046
0.0
223.66
208.202
196.222
184.966
181.652
192.03
201.47
208.682
217.476
232.27599999999998
250.168
267.19800000000004
286.322
303.318
317.412
325.81
329.764
332.324
327.964
319.062
304.914
294.922
269.522
245.01
0.0
293.044
274.73
259.03999999999996
251.85
254.284
260.73199999999997
279.328
284.108
305.594
329.36
359.61199999999997
386.224
405.228
419.51
424.662
427.982
424.142
427.572
429.938
420.49
404.444
394.712
358.432
323.528
0.0
1314.0040000000001
1225.214
1165.336
1136.182
1141.47
1179.198
1247.05
1326.402
1436.654
1548.42
1711.6680000000001
1884.012
1980.816
2104.73
2146.346
2164.6059999999998
2185.634
2178.878
2141.638
2044.068
1927.882
1864.972
1688.002
1491.474
0.0
55.39
51.644
49.118
47.89
48.114
49.708
52.562
55.910000000000004
60.558
65.27
72.148
79.41199999999999
83.496
88.72
90.474
91.244
92.128
91.84599999999999
90.274
86.164
81.26599999999999
78.616
71.152
62.870000000000005
0.0
660.604
652.942
647.994
646.486
644.966
643.904
647.694
651.582
658.15
666.256
672.382
680.122
684.932
690.528
694.674
699.63
703.078
701.772
699.588
692.514
686.576
683.3040000000001
674.362
665.792
0.0
972.668
906.946
862.62
841.04
844.952
872.882
923.106
981.846
1063.458
1146.194
1267.036
1394.608
1466.2659999999998
1557.9959999999999
1588.798
1602.32
1617.884
1612.8799999999999
1585.314
1513.092
1427.082
1380.518
1249.522
1104.042
0.0
140.65200000000002
139.016
137.964
137.642
137.322
137.092
137.898
138.728
140.13
141.85
143.154
144.804
145.83
147.022
147.904
148.956
149.696
149.412
148.95000000000002
147.444
146.178
145.48399999999998
143.578
141.758
0.0
57.187999999999995
53.234
50.17
47.296
46.444
49.102000000000004
51.513999999999996
53.36
55.606
59.392
63.966
68.32600000000001
73.208
77.56
81.164
83.306
84.318
84.976
83.856
81.584
77.966
75.412
68.91199999999999
62.65
0.0
12.842
12.097999999999999
11.574
11.225999999999999
11.0
11.314
11.856
12.318
13.292
14.25
15.312
16.322
17.138
17.834
18.506
19.134
19.364
19.442
19.06
17.805999999999997
17.066
16.726
15.478
13.906
0.0
235.068
218.82
206.226
194.398
190.91400000000002
201.822
211.74200000000002
219.32999999999998
228.564
244.126
262.928
280.83
300.932
318.786
333.602
342.426
346.58599999999996
349.272
344.692
335.338
320.46799999999996
309.964
283.268
257.508
0.0
176.17000000000002
170.844
166.034
163.524
160.696
163.36599999999999
165.352
167.34
175.388
184.012
194.64000000000001
204.59
215.716
222.142
227.516
231.044
232.98000000000002
228.126
222.50799999999998
215.546
213.488
209.454
199.778
186.628
0.0
118.404
114.828
111.598
109.906
108.006
109.802
111.14
112.47200000000001
117.876
123.676
130.824
137.506
144.984
149.304
152.92
155.292
156.59199999999998
153.328
149.546
144.868
143.49
140.77599999999998
134.272
125.434
0.0
595.5300000000001
555.29
528.15
514.9399999999999
517.334
534.434
565.188
601.146
651.1139999999999
701.774
775.7620000000001
853.866
897.74
953.902
972.76
981.036
990.566
987.506
970.628
926.406
873.75
845.24
765.032
675.964
0.0
173.984
167.048
162.344
158.85999999999999
156.612
157.858
161.256
163.8
170.414
180.15800000000002
191.01000000000002
201.02599999999998
209.874
217.98999999999998
228.214
234.504
239.314
238.566
236.188
227.698
216.692
212.91
199.772
183.18
0.0
115.59
110.98
107.852
105.536
104.044
104.87599999999999
107.128
108.82000000000001
113.216
119.69
126.898
133.548
139.428
144.822
151.616
155.796
158.988
158.49
156.912
151.268
143.958
141.448
132.71599999999998
121.696
0.0
189.566
176.464
166.308
156.768
153.96
162.756
170.76
176.87
184.318
196.872
212.034
226.47
242.682
257.078
269.028
276.14
279.49800000000005
281.666
277.968
270.424
258.436
249.962
228.44
207.66
0.0
198.496
184.77
174.14
164.152
161.208
170.422
178.8
185.2
192.998
206.14
222.022
237.136
254.10399999999998
269.188
281.69599999999997
289.144
292.656
294.93
291.058
283.162
270.606
261.736
239.192
217.44
0.0
322.772
313.016
304.20799999999997
299.598
294.418
299.316
302.95799999999997
306.596
321.33
337.144
356.618
374.842
395.23199999999997
406.99199999999996
416.85200000000003
423.31600000000003
426.864
417.96
407.668
394.914
391.152
383.75
366.03
341.932
0.0
552.106
545.6999999999999
541.568
540.302
539.038
538.146
541.318
544.562
550.05
556.83
561.948
568.4200000000001
572.438
577.114
580.5840000000001
584.722
587.6080000000001
586.51
584.688
578.774
573.814
571.08
563.604
556.442
0.0
1268.86
1183.124
1125.3
1097.1480000000001
1102.258
1138.686
1204.208
1280.828
1387.302
1495.228
1652.87
1819.2920000000001
1912.77
2032.4260000000002
2072.608
2090.242
2110.55
2104.02
2068.064
1973.852
1861.65
1800.904
1630.014
1440.236
0.0
70.47
67.662
65.752
64.34
63.434
63.938
65.312
66.344
69.024
72.96799999999999
77.368
81.422
85.004
88.294
92.436
94.98400000000001
96.92999999999999
96.632
95.66
92.228
87.764
86.23400000000001
80.914
74.194
0.0
1391.088
1294.9379999999999
1220.42
1150.402
1129.778
1194.3419999999999
1253.07
1297.932
1352.604
1444.684
1555.964
1661.9
1780.8400000000001
1886.534
1974.202
2026.41
2051.01
2066.916
2039.818
1984.468
1896.47
1834.306
1676.318
1523.866
0.0
227.554
218.478
212.324
207.77
204.83599999999998
206.46
210.906
214.23
222.88400000000001
235.628
249.826
262.922
274.492
285.106
298.48
306.70799999999997
312.99800000000005
312.022
308.906
297.8
283.408
278.46
261.276
239.576
0.0
54.716
53.062
51.568
50.786
49.910000000000004
50.742000000000004
51.354
51.976
54.472
57.152
60.45
63.542
66.996
68.99
70.66
71.76
72.356
70.85
69.106
66.948
66.306
65.05
62.05
57.964
0.0
436.096
422.912
411.014
404.79
397.786
404.404
409.32800000000003
414.23600000000005
434.14599999999996
455.514
481.826
506.44599999999997
533.998
549.894
563.208
571.942
576.7280000000001
564.708
550.8000000000001
533.564
528.48
518.486
494.54
461.984
0.0
355.126
330.576
311.55400000000003
293.678
288.416
304.898
319.888
331.342
345.298
368.806
397.216
424.258
454.62
481.6
503.98400000000004
517.308
523.592
527.652
520.736
506.60200000000003
484.138
468.272
427.94
389.018
0.0
274.79
263.826
256.396
250.89
247.35
249.312
254.678
258.692
269.142
284.536
301.676
317.488
331.466
344.282
360.428
370.368
377.96000000000004
376.78000000000003
373.018
359.60999999999996
342.234
336.25399999999996
315.508
289.30400000000003
0.0
125.49000000000001
118.228
113.106
109.696
107.5
110.568
115.872
120.408
129.87
139.266
149.63
159.514
167.49
174.296
180.81799999999998
186.99200000000002
189.238
189.978
186.254
173.996
166.788
163.474
151.30200000000002
135.87
0.0
27.144000000000002
25.266000000000002
23.812
22.444
22.044
23.304000000000002
24.45
25.322
26.388
28.186
30.356
32.428
34.744
36.806
38.522
39.54
40.018
40.33
39.8
38.716
37.004
35.788
32.705999999999996
29.73
0.0
314.964
293.678
279.32399999999996
272.34000000000003
273.606
282.648
298.912
317.93399999999997
344.358
371.15
410.278
451.594
474.796
504.498
514.468
518.85
523.888
522.264
513.346
489.954
462.108
447.03200000000004
404.608
357.498
0.0
77.48400000000001
75.14200000000001
73.03
71.92
70.67999999999999
71.856
72.726
73.602
77.142
80.93599999999999
85.612
89.984
94.878
97.70400000000001
100.072
101.618
102.476
100.33200000000001
97.866
94.804
93.902
92.122
87.86800000000001
82.086
0.0
221.652
213.64000000000001
207.392
202.498
203.172
208.47400000000002
215.07399999999998
219.076
229.1
241.718
256.28999999999996
273.46999999999997
288.988
303.976
313.8
317.53000000000003
320.864
316.216
307.32800000000003
294.43
285.742
277.306
258.164
240.842
0.0
116.36800000000001
108.502
103.2
100.62
101.092
104.428
110.438
117.46600000000001
127.232
137.13000000000002
151.582
166.85
175.424
186.392
190.082
191.69799999999998
193.558
192.966
189.66400000000002
181.026
170.736
165.16400000000002
149.48999999999998
132.086
0.0
54.502
52.330000000000005
50.856
49.762
49.06
49.448
50.512
51.312
53.386
56.438
59.838
62.978
65.744
68.28999999999999
71.494
73.462
74.968
74.736
73.99199999999999
71.33
67.88
66.694
62.577999999999996
57.38
0.0
323.786
301.906
287.154
279.97
281.27599999999995
290.56800000000004
307.284
326.842
354.014
381.55
421.778
464.24800000000005
488.096
518.6279999999999
528.886
533.382
538.568
536.9
527.728
503.68600000000004
475.05
459.55
415.942
367.52
0.0
59.398
55.294000000000004
52.11
49.120000000000005
48.244
50.995999999999995
53.504
55.42
57.756
61.686
66.44
70.964
76.042
80.55
84.294
86.524
87.578
88.256
87.10000000000001
84.738
80.976
78.32199999999999
71.576
65.068
0.0
13.09
12.27
11.568
11.245999999999999
11.354
11.644
12.475999999999999
12.686
13.645999999999999
14.712
16.058
17.248
18.098
18.738
18.968
19.114
18.942
19.098000000000003
19.204
18.779999999999998
18.066
17.626
16.01
14.452
0.0
206.794
192.504
181.424
171.014
167.95000000000002
177.54999999999998
186.278
192.94799999999998
201.076
214.766
231.308
247.054
264.73400000000004
280.45
293.476
301.236
304.898
307.262
303.23199999999997
295.002
281.924
272.682
249.198
226.534
0.0
126.83
122.996
119.532
117.72200000000001
115.688
117.614
119.044
120.472
126.262
132.472
140.126
147.288
155.3
159.92
163.796
166.336
167.72799999999998
164.232
160.18200000000002
155.178
153.696
150.78799999999998
143.82600000000002
134.358
0.0
956.922
890.78
839.518
791.35
777.168
821.582
861.976
892.84
930.446
993.792
1070.338
1143.212
1225.026
1297.734
1358.0420000000001
1393.954
1410.876
1421.818
1403.1760000000002
1365.102
1304.568
1261.808
1153.1319999999998
1048.2620000000002
0.0
29.360000000000003
28.189999999999998
27.396
26.804
26.432
26.638
27.212
27.642
28.76
30.402
32.232
33.924
35.416
36.782
38.512
39.572
40.382
40.257999999999996
39.856
38.42
36.568
35.926
33.708
30.912
0.0
236.976
229.81
223.338
219.96
216.15200000000002
219.752
222.422
225.09199999999998
235.91000000000003
247.524
261.822
275.2
290.166
298.806
306.038
310.78799999999995
313.38599999999997
306.854
299.3
289.93399999999997
287.172
281.738
268.73199999999997
251.04
0.0
1242.0520000000001
1227.6419999999998
1218.34
1215.502
1212.652
1210.6480000000001
1217.784
1225.082
1237.436
1252.682
1264.192
1278.7459999999999
1287.788
1298.31
1306.114
1315.4299999999998
1321.912
1319.45
1315.352
1302.048
1290.882
1284.74
1267.916
1251.8
0.0
303.33
294.156
285.88
281.552
276.68399999999997
281.284
284.706
288.122
301.976
316.834
335.132
352.262
371.422
382.478
391.738
397.816
401.144
392.782
383.11
371.124
367.584
360.636
343.97999999999996
321.336
0.0
330.092
307.274
289.592
272.978
268.08799999999997
283.404
297.338
307.984
320.954
342.808
369.214
394.354
422.572
447.654
468.45799999999997
480.842
486.684
490.45799999999997
484.03000000000003
470.896
450.01
435.264
397.774
361.598
0.0
736.21
727.674
722.154
720.4820000000001
718.788
717.596
721.828
726.158
733.478
742.514
749.342
757.962
763.322
769.562
774.188
779.71
783.554
782.09
779.664
771.78
765.16
761.512
751.548
741.99
0.0
125.44
117.60000000000001
110.888
107.804
108.848
111.61
119.574
121.616
130.812
140.988
153.94
165.32999999999998
173.464
179.578
181.784
183.204
181.558
183.03
184.04
179.996
173.126
168.958
153.432
138.494
0.0
422.946
394.368
375.09000000000003
365.70599999999996
367.41
379.554
401.394
426.938
462.424
498.4
550.944
606.418
637.572
677.46
690.8580000000001
696.732
703.502
701.3259999999999
689.338
657.934
620.542
600.288
543.3299999999999
480.07000000000005
0.0
151.088
140.648
132.552
124.946
122.708
129.72
136.096
140.97
146.90800000000002
156.91
168.998
180.5
193.424
204.898
214.42000000000002
220.098
222.766
224.494
221.55
215.542
205.982
199.228
182.068
165.512
0.0
600.9
579.1800000000001
562.238
548.9639999999999
550.788
565.1800000000001
583.0600000000001
593.912
621.0880000000001
655.304
694.798
741.3820000000001
783.444
824.078
850.71
860.826
869.85
857.26
833.1659999999999
798.188
774.6419999999999
751.776
699.884
652.916
0.0
693.726
653.586
625.282
606.4
594.278
611.24
640.544
665.648
717.9399999999999
769.888
827.178
881.8140000000001
925.904
963.526
999.58
1033.7240000000002
1046.134
1050.224
1029.628
961.856
922.024
903.714
836.408
751.098
0.0
2372.938
2345.42
2327.64
2322.226
2316.774
2312.946
2326.572
2340.53
2364.122
2393.25
2415.242
2443.0460000000003
2460.322
2480.42
2495.3340000000003
2513.14
2525.518
2520.822
2512.982
2487.566
2466.236
2454.4939999999997
2422.3599999999997
2391.572
0.0
350.742
327.046
311.06
303.278
304.692
314.76
332.87199999999996
354.054
383.486
413.314
456.888
502.894
528.732
561.8100000000001
572.918
577.798
583.4060000000001
581.6
571.662
545.6179999999999
514.608
497.816
450.57800000000003
398.114
0.0
678.362
631.474
595.134
560.988
550.936
582.418
611.056
632.936
659.592
704.496
758.766
810.422
868.42
919.966
962.71
988.176
1000.172
1007.928
994.71
967.72
924.804
894.4979999999999
817.456
743.112
0.0
499.44
481.39
467.306
456.278
457.794
469.752
484.616
493.636
516.22
544.66
577.49
616.2040000000001
651.164
684.938
707.074
715.48
722.982
712.5219999999999
692.49
663.422
643.8480000000001
624.84
581.7180000000001
542.678
0.0
592.978
552.91
525.888
512.728
515.116
532.14
562.764
598.574
648.326
698.7660000000001
772.438
850.212
893.896
949.816
968.594
976.834
986.322
983.2719999999999
966.47
922.4399999999999
870.006
841.622
761.754
673.066
0.0
628.0740000000001
584.66
551.01
519.4
510.09000000000003
539.24
565.756
586.01
610.69
652.272
702.512
750.342
804.044
851.764
891.342
914.914
926.022
933.2040000000001
920.97
895.98
856.2479999999999
828.184
756.852
688.018
0.0
111.226
107.862
104.83
103.24000000000001
101.452
103.146
104.396
105.654
110.726
116.176
122.89
129.168
136.196
140.25
143.642
145.87199999999999
147.09
144.024
140.484
136.082
134.786
132.236
126.13
117.82600000000001
0.0
15.662
15.036
14.610000000000001
14.298
14.094
14.21
14.51
14.74
15.338
16.216
17.19
18.094
18.89
19.618
20.54
21.105999999999998
21.541999999999998
21.47
21.256
20.496000000000002
19.502
19.163999999999998
17.98
16.482
0.0
1073.802
1034.992
1004.72
980.994
984.2560000000001
1009.968
1041.9279999999999
1061.318
1109.88
1171.022
1241.6
1324.838
1400.012
1472.618
1520.212
1538.2839999999999
1554.422
1531.9199999999998
1488.856
1426.358
1384.276
1343.414
1250.688
1166.752
0.0
1509.516
1454.96
1412.4
1379.056
1383.6399999999999
1419.78
1464.714
1491.972
1560.236
1646.184
1745.41
1862.426
1968.094
2070.17
2137.072
2162.478
2185.1580000000004
2153.528
2092.9919999999997
2005.136
1945.984
1888.534
1758.182
1640.188
0.0
1013.89
977.24
948.6560000000001
926.26
929.3420000000001
953.616
983.7940000000001
1002.102
1047.9560000000001
1105.678
1172.328
1250.9260000000002
1321.894
1390.456
1435.394
1452.46
1467.69
1446.446
1405.786
1346.772
1307.048
1268.46
1180.906
1101.656
0.0
363.684
349.17199999999997
339.342
332.052
327.364
329.96599999999995
337.068
342.384
356.206
376.582
399.264
420.20000000000005
438.692
455.652
477.028
490.18399999999997
500.226
498.67199999999997
493.68800000000005
475.942
452.942
445.034
417.57800000000003
382.886
0.0
231.41799999999998
224.418
218.10399999999998
214.798
211.088
214.6
217.208
219.814
230.382
241.716
255.67800000000003
268.744
283.36
291.8
298.864
303.498
306.03999999999996
299.66
292.282
283.132
280.436
275.136
262.426
245.15
0.0
331.474
321.45
312.408
307.67
302.35200000000003
307.37800000000004
311.12399999999997
314.856
329.99199999999996
346.23
366.23
384.944
405.884
417.966
428.086
434.726
438.36199999999997
429.226
418.656
405.556
401.69399999999996
394.098
375.896
351.146
0.0
448.286
434.728
422.5
416.096
408.902
415.7
420.764
425.812
446.27799999999996
468.24
495.288
520.598
548.91
565.25
578.942
587.918
592.844
580.484
566.182
548.474
543.244
532.97
508.356
474.888
0.0
50.596000000000004
48.578
47.216
46.2
45.546
45.903999999999996
46.896
47.635999999999996
49.558
52.396
55.548
58.458
61.034
63.396
66.37
68.198
69.598
69.38
68.68799999999999
66.21600000000001
63.016
61.912
58.096000000000004
53.272000000000006
0.0
23.164
21.818
20.872
20.244
19.844
20.408
21.387999999999998
22.221999999999998
23.97
25.702
27.616
29.438
30.912
32.172
33.374
34.513999999999996
34.924
35.064
34.374
32.114
30.78
30.17
27.922
25.076
0.0
493.502
460.152
437.666
426.72
428.7
442.872
468.356
498.156
539.5640000000001
581.5400000000001
642.852
707.578
743.934
790.472
806.106
812.962
820.8620000000001
818.3199999999999
804.3340000000001
767.696
724.058
700.432
633.9639999999999
560.154
0.0
63.056
60.540000000000006
58.836
57.57
56.756
57.21
58.44
59.36
61.757999999999996
65.29
69.222
72.852
76.062
79.002
82.706
84.98400000000001
86.72800000000001
86.46199999999999
85.592
82.52
78.53
77.16
72.4
66.382
0.0
160.504
149.656
142.34
138.77800000000002
139.428
144.038
152.324
162.018
175.484
189.134
209.07399999999998
230.12599999999998
241.948
257.09
262.166
264.396
266.966
266.142
261.596
249.676
235.484
227.802
206.188
182.182
0.0
155.272
144.542
136.226
128.406
126.104
133.314
139.866
144.874
150.976
161.254
173.676
185.50400000000002
198.778
210.574
220.35999999999999
226.186
228.932
230.704
227.684
221.502
211.684
204.74800000000002
187.108
170.096
0.0
102.93799999999999
99.822
97.014
95.546
93.89200000000001
95.452
96.62
97.778
102.47800000000001
107.518
113.73
119.54
126.044
129.796
132.934
135.002
136.132
133.29399999999998
130.006
125.946
124.744
122.38199999999999
116.734
109.04599999999999
0.0
718.204
673.322
634.874
617.2439999999999
623.222
639.02
684.594
696.308
748.97
807.214
881.36
946.586
993.1600000000001
1028.168
1040.788
1048.922
1039.504
1047.924
1053.72
1030.558
991.226
967.3739999999999
878.464
792.9259999999999
0.0
680.496
634.512
603.5
588.404
591.1419999999999
610.682
645.816
686.914
744.016
801.89
886.438
975.692
1025.82
1089.994
1111.5439999999999
1121.002
1131.894
1128.3899999999999
1109.108
1058.578
998.408
965.83
874.178
772.4
0.0
1228.536
1143.626
1077.81
1015.9739999999999
997.7620000000001
1054.78
1106.6460000000002
1146.266
1194.55
1275.87
1374.152
1467.702
1572.742
1666.094
1743.512
1789.616
1811.346
1825.396
1801.456
1752.576
1674.864
1619.9660000000001
1480.44
1345.802
0.0
1385.972
1335.878
1296.804
1266.1879999999999
1270.396
1303.58
1344.836
1369.8639999999998
1432.546
1511.452
1602.556
1709.998
1807.018
1900.7359999999999
1962.168
1985.492
2006.32
1977.274
1921.69
1841.026
1786.714
1733.972
1614.2839999999999
1505.952
0.0
130.776
126.822
123.25
121.39
119.28399999999999
121.27
122.748
124.22
130.19
136.594
144.488
151.87199999999999
160.134
164.898
168.89000000000001
171.512
172.94400000000002
169.342
165.17
160.006
158.482
155.482
148.3
138.536
0.0
1556.504
1500.2440000000001
1456.362
1421.98
1426.708
1463.974
1510.3039999999999
1538.406
1608.8
1697.424
1799.74
1920.392
2029.3539999999998
2134.6099999999997
2203.594
2229.792
2253.1760000000004
2220.56
2158.136
2067.5480000000002
2006.5500000000002
1947.314
1812.91
1691.244
0.0
2.23
2.078
1.98
1.93
1.936
2.0060000000000002
2.116
2.2560000000000002
2.436
2.632
2.908
3.2
3.364
3.576
3.646
3.68
3.716
3.702
3.64
3.474
3.278
3.172
2.866
2.5300000000000002
0.0
125.22800000000001
116.57000000000001
109.858
103.556
101.704
107.51
112.8
116.836
121.758
130.048
140.066
149.606
160.308
169.82600000000002
177.718
182.416
184.632
186.062
183.622
178.64
170.71800000000002
165.124
150.902
137.176
0.0
2081.82
2006.574
1947.882
1901.896
1908.22
1958.0620000000001
2020.0220000000002
2057.618
2151.768
2270.2980000000002
2407.142
2568.528
2714.258
2855.0319999999997
2947.2999999999997
2982.3399999999997
3013.618
2969.996
2886.502
2765.342
2683.762
2604.5319999999997
2424.7619999999997
2262.0319999999997
0.0
421.912
406.662
394.77
385.452
386.73199999999997
396.836
409.394
417.01
436.092
460.116
487.84999999999997
520.554
550.0899999999999
578.622
597.3199999999999
604.4159999999999
610.758
601.9159999999999
584.9979999999999
560.436
543.908
527.852
491.416
458.436
0.0
476.14
443.23199999999997
417.72200000000004
393.758
386.7
408.8
428.9
444.254
462.962
494.48600000000005
532.5740000000001
568.83
609.5400000000001
645.72
675.722
693.596
702.014
707.4599999999999
698.184
679.2420000000001
649.12
627.84
573.766
521.586
0.0
131.46
126.708
123.00200000000001
120.098
120.494
123.644
127.556
129.932
135.87199999999999
143.36200000000002
152.002
162.192
171.394
180.286
186.112
188.32
190.298
187.546
182.268
174.618
169.472
164.46200000000002
153.114
142.83800000000002
0.0
90.11
84.02199999999999
79.918
77.918
78.28
80.864
85.52
90.958
98.522
106.182
117.378
129.198
135.838
144.336
147.192
148.44
149.88
149.416
146.864
140.178
132.206
127.892
115.756
102.28
0.0
132.13
126.85799999999999
123.284
120.636
118.936
119.884
122.456
124.38799999999999
129.416
136.81799999999998
145.054
152.664
159.38
165.544
173.31
178.086
181.734
181.17000000000002
179.364
172.91400000000002
164.556
161.686
151.71
139.108
0.0
145.272
140.022
135.926
132.722
133.15800000000002
136.638
140.964
143.586
150.152
158.424
167.976
179.23600000000002
189.406
199.23
205.666
208.112
210.292
207.252
201.422
192.96599999999998
187.278
181.75
169.202
157.846
0.0
829.8580000000001
799.862
776.466
758.1379999999999
760.66
780.524
805.222
820.212
857.744
904.992
959.542
1023.87
1081.96
1138.076
1174.856
1188.82
1201.288
1183.906
1150.618
1102.326
1069.8
1038.218
966.564
901.694
0.0
415.824
387.728
368.78
359.556
361.23
373.17
394.638
419.75
454.64
490.008
541.674
596.21
626.842
666.058
679.226
685.006
691.662
689.52
677.74
646.866
610.092
590.182
534.184
471.988
0.0
570.588
534.932
504.384
490.38
495.12800000000004
507.678
543.886
553.194
595.028
641.3
700.206
752.0219999999999
789.026
816.84
826.868
833.3299999999999
825.852
832.538
837.1419999999999
818.744
787.498
768.542
697.9100000000001
629.95
0.0
312.066
290.982
276.76
269.836
271.09000000000003
280.048
296.166
315.014
341.194
367.736
406.514
447.44
470.426
499.856
509.74
514.076
519.072
517.468
508.626
485.452
457.856
442.922
400.888
354.214
0.0
918.6
885.402
859.5
839.21
842.0
863.992
891.336
907.922
949.468
1001.764
1062.152
1133.36
1197.66
1259.782
1300.4940000000001
1315.956
1329.7540000000001
1310.506
1273.672
1220.202
1184.21
1149.248
1069.924
998.124
0.0
622.3820000000001
580.326
551.962
538.158
540.662
558.532
590.672
628.254
680.478
733.414
810.738
892.3679999999999
938.222
996.916
1016.6239999999999
1025.278
1035.234
1032.036
1014.398
968.184
913.15
883.352
799.53
706.444
0.0
436.46
406.97
387.078
377.394
379.15
391.682
414.218
440.57599999999996
477.2
514.326
568.548
625.792
657.946
699.108
712.924
718.992
725.9780000000001
723.732
711.364
678.952
640.3679999999999
619.468
560.6899999999999
495.40799999999996
0.0
199.20399999999998
193.186
187.746
184.904
181.706
184.726
186.97400000000002
189.218
198.31400000000002
208.074
220.094
231.34400000000002
243.926
251.188
257.264
261.258
263.446
257.948
251.6
243.73
241.402
236.83599999999998
225.898
211.028
0.0
1418.366
1322.53
1257.89
1226.42
1232.1280000000002
1272.854
1346.098
1431.7459999999999
1550.764
1671.4
1847.614
2033.6480000000001
2138.142
2271.8940000000002
2316.8160000000003
2336.53
2359.228
2351.93
2311.7419999999997
2206.416
2081.008
2013.096
1822.072
1609.932
0.0
508.502
490.122
475.782
464.55400000000003
466.1
478.272
493.40999999999997
502.586
525.588
554.536
587.9639999999999
627.382
662.9780000000001
697.366
719.898
728.462
736.1039999999999
725.446
705.052
675.458
655.528
636.178
592.266
552.522
0.0
1190.552
1147.528
1113.96
1087.662
1091.2740000000001
1119.778
1155.218
1176.712
1230.56
1298.344
1376.6000000000001
1468.894
1552.232
1632.742
1685.512
1705.542
1723.438
1698.4859999999999
1650.74
1581.446
1534.794
1489.4859999999999
1386.676
1293.618
0.0
90.278
84.18
80.066
78.066
78.428
81.018
85.684
91.132
98.71
106.39
117.60600000000001
129.446
136.1
144.61399999999998
147.47
148.72400000000002
150.168
149.704
147.148
140.446
132.46
128.14000000000001
115.98
102.474
0.0
760.908
708.318
667.5559999999999
629.256
617.978
653.292
685.414
709.952
739.86
790.224
851.0980000000001
909.044
974.096
1031.91
1079.864
1108.422
1121.8780000000002
1130.582
1115.7540000000001
1085.478
1037.346
1003.342
916.928
833.54
0.0
846.746
789.528
750.942
732.154
735.562
759.876
803.602
854.728
925.784
997.804
1103.0
1214.056
1276.442
1356.29
1383.1019999999999
1394.872
1408.426
1404.068
1380.074
1317.2
1242.33
1201.788
1087.746
961.106
0.0
152.384
142.864
134.708
130.966
132.232
135.584
145.25
147.74
158.91400000000002
171.26999999999998
187.0
200.84
210.724
218.148
220.828
222.556
220.56
222.342
223.574
218.66400000000002
210.318
205.254
186.392
168.238
0.0
100.864
97.214
94.372
92.146
92.44800000000001
94.868
97.87
99.692
104.252
109.994
116.624
124.444
131.5
138.32
142.79
144.49
146.006
143.892
139.85000000000002
133.976
130.028
126.19
117.476
109.592
0.0
1085.3319999999999
1052.5140000000001
1022.898
1007.408
989.986
1006.452
1018.6980000000001
1030.926
1080.472
1133.646
1199.128
1260.408
1328.964
1368.528
1401.666
1423.396
1435.322
1405.398
1370.784
1327.9
1315.238
1290.368
1230.78
1149.744
0.0
322.644
312.88800000000003
304.08
299.48
294.3
299.194
302.836
306.468
321.202
337.00600000000003
356.474
374.69
395.06800000000004
406.82800000000003
416.68
423.142
426.686
417.79200000000003
407.5
394.756
390.988
383.596
365.878
341.794
0.0
1659.084
1546.98
1471.372
1434.564
1441.24
1488.872
1574.548
1674.734
1813.946
1955.066
2161.1859999999997
2378.786
2501.012
2657.474
2710.018
2733.07
2759.6220000000003
2751.09
2704.074
2580.8779999999997
2434.182
2354.752
2131.304
1883.1680000000001
0.0
215.804
201.222
191.388
186.6
187.468
193.662
204.80599999999998
217.838
235.948
254.306
281.114
309.42
325.32
345.666
352.502
355.5
358.954
357.844
351.726
335.70599999999996
316.62
306.294
277.23
244.948
0.0
1189.292
1146.3139999999999
1112.78
1086.512
1090.12
1118.5939999999998
1153.998
1175.472
1229.256
1296.97
1375.146
1467.338
1550.5919999999999
1631.016
1683.7259999999999
1703.746
1721.612
1696.694
1648.994
1579.774
1533.168
1487.91
1385.21
1292.252
0.0
1037.2359999999999
967.154
919.88
896.8720000000001
901.044
930.826
984.388
1047.022
1134.058
1222.28
1351.1399999999999
1487.184
1563.598
1661.416
1694.262
1708.682
1725.274
1719.94
1690.5520000000001
1613.53
1521.816
1472.154
1332.458
1177.33
0.0
622.9879999999999
604.154
587.1519999999999
578.264
568.262
577.71
584.744
591.756
620.202
650.718
688.3100000000001
723.484
762.8380000000001
785.548
804.566
817.04
823.886
806.712
786.8439999999999
762.23
754.958
740.684
706.48
659.968
0.0
39.333999999999996
37.758
36.698
35.912
35.398
35.686
36.449999999999996
37.025999999999996
38.518
40.726
43.176
45.438
47.438
49.28
51.586
53.01
54.1
53.924
53.39
51.467999999999996
48.982
48.13
45.158
41.408
0.0
153.268
144.396
138.146
133.972
131.29399999999998
135.042
141.51999999999998
147.064
158.612
170.092
182.746
194.822
204.56199999999998
212.874
220.84
228.38
231.124
232.028
227.47400000000002
212.506
203.70600000000002
199.66
184.788
165.942
0.0
12.38
11.666
11.16
10.822
10.61
10.91
11.432
11.884
12.814
13.741999999999999
14.764
15.74
16.526
17.201999999999998
17.838
18.456
18.672
18.747999999999998
18.376
17.172
16.458
16.128
14.93
13.406
0.0
17.799999999999997
16.772
16.046
15.558
15.25
15.684
16.44
17.08
18.424
19.756
21.224
22.626
23.756
24.724
25.648
26.522
26.84
26.945999999999998
26.42
24.68
23.656000000000002
23.186
21.46
19.276
0.0
4.936
4.6259999999999994
4.359999999999999
4.24
4.282
4.390000000000001
4.704
4.784
5.15
5.5440000000000005
6.054
6.504
6.824
7.068
7.152
7.208
7.1419999999999995
7.2
7.24
7.082
6.811999999999999
6.646
6.0360000000000005
5.45
