0.0
152.52921308629305
149.9062136561717
150.22959715679013
150.5529806433982
154.5593427696913
165.82386775350227
183.84351446241422
190.18542401654923
188.33495182484626
185.94550707243891
181.81338469339735
178.1843033222364
173.62100294755925
170.27937356311062
168.35703837472954
166.57842917970459
169.00380536039933
173.1179619552456
180.37612471313452
181.97507648651586
181.72355605262717
177.01652968459382
167.3150249462478
158.5297734272227
0.0
163.7937380000524
162.30258080730684
162.30258080730684
164.06322421813644
168.195346581611
177.60939931767763
192.21555364546293
197.69510720832687
195.6829433791756
192.8982521995234
189.8800062456416
185.6760208699219
181.058823282762
177.9866801008304
174.71691371305994
172.57898953464456
173.4593111700077
176.40569412721146
182.8194666935916
185.28077444267703
185.71195243831258
181.56186427507566
173.78269472511076
167.08147017201824
0.0
254.75432762928543
254.12552642781097
254.0895948594203
254.59263585173395
256.33531361847145
259.6589772187247
265.2283595780291
268.0489821859688
265.80326356702085
264.20431179363953
262.1741821802929
260.467435997513
257.97019680457316
257.21563525383465
256.1915876095482
255.88616983864057
255.9400670511233
256.0298958319967
259.20983343889384
262.21011360858023
263.4497503830042
262.4795999667676
259.4613539973188
256.3173478342761
0.0
331.41418059267164
324.0302576100549
320.6167652289282
321.6587786418429
330.372167179757
352.164621253186
381.9697996663767
393.2522903783417
394.2224407945782
396.68374855923065
398.4803235228839
397.3844127573833
394.5278585810529
394.6176873619264
392.6773863893499
391.689270188918
391.74316740140074
395.12072835424
400.92366536323783
400.3667271428745
396.2525705635951
384.1077238603591
365.22572116017596
346.1101636857634
0.0
46.08214741763313
44.447264209737554
43.60287399176488
43.423216493842844
44.19574372603436
47.07026363363209
52.927097973422036
54.74163866522931
53.69962519160321
53.7175909493346
53.663693693264186
53.55589919357694
53.28641295369906
53.44810470945672
53.57386495130833
53.663693693264186
53.98707718765579
54.22063192763791
55.87348087925455
56.73583685340192
56.8076998531934
55.42433714145464
52.513885735517874
48.90277008161405
0.0
970.7433416463424
951.4121951818954
946.9207578038964
956.6761597547251
991.7812343091362
1072.7349014291153
1191.6322314956408
1239.0977416032188
1218.580855732501
1199.9144420379193
1183.4578155339977
1158.305766276358
1131.5367994767082
1108.199290982484
1085.8858301169787
1071.2796758047605
1079.849338193648
1111.3432970054232
1159.7430261165177
1172.3190508153891
1171.3668660432447
1138.2559898139962
1074.1901271935735
1008.7768332336586
0.0
68.21595077898935
66.85055381097165
66.54513607275473
67.22783454898006
69.68914223268396
75.38428481827296
83.73835832609552
87.07998772766783
85.62476201613757
84.31326230419029
83.16345434800071
81.40281089825352
79.51640719420114
77.88152400031588
76.30053803448041
75.2764903185857
75.88732579657625
78.09711298412333
81.49263964020938
82.37296137208814
82.3190641160177
79.98351668817571
75.49207931640348
70.89284744650071
0.0
255.5448206238784
248.4303838593457
246.14873367200715
247.5680278680746
255.65261504884393
277.73252126465565
311.32847270202245
324.3716068248171
319.413060022895
314.0233351008012
308.18446652341277
301.48324197032025
295.64437340849884
292.1051208026443
289.66177883775424
290.02109383671166
294.4765997708563
304.05234415993823
318.01173147091964
321.22760064620735
318.353080825785
306.35196013147214
286.7872590173318
267.02493455724937
0.0
325.2519286002835
319.6645804567837
320.3293132266489
321.02997744036844
329.581674185164
353.5839154492535
392.03061940368013
405.52289729073857
401.5883981331029
396.5040909819169
387.6829080190373
379.9756014813175
370.2022337462934
363.10576276595606
358.9916061711097
355.21879865092234
360.37496879878654
369.1602203333786
384.6466964210634
388.04222301799473
387.4852848131983
377.46039650418226
356.7638531962539
338.04354214908614
0.0
1723.1668960221805
1688.8702796550103
1680.8934870081753
1698.212469534502
1760.535654139115
1904.2436840772812
2115.2873432571446
2199.546708613492
2163.130134474783
2129.9833266148758
2100.7530522996462
2056.126130101625
2008.6067238401226
1967.1956705060488
1927.563227347723
1901.6386515957684
1916.8556403912437
1972.7650525540125
2058.6772664136456
2080.990728291008
2079.319912944968
2020.5359809150764
1906.8127872320542
1790.682181704799
0.0
72.63552515252681
71.18029944255325
70.85691594660494
71.57554592272604
74.21651110435195
80.27096867021797
89.1640146718066
92.72123306964001
91.17617860370027
89.77485014979715
88.55317917980572
86.66677548976367
84.67257730003436
82.92989959400823
81.25908490022725
80.16317418609775
80.79197540625266
83.16345434800071
86.7745699878942
87.72675470399741
87.65489170576264
85.17561827989438
80.3787631683485
75.47411356022879
0.0
617.5546726087667
616.0635154160211
615.9736866351477
617.1953576253762
621.4173087852913
629.4839303219685
642.9762080844907
649.785227202652
644.3775366364661
640.4610032474588
635.5743193176787
631.4062655103496
625.369773587019
623.5552329637065
621.0579937863338
620.3213980042235
620.4291925848594
620.6447815748936
628.3880195564678
635.6461823143567
638.6464624996103
636.310915099789
628.9808893296549
621.3454457886132
0.0
1275.5502473570193
1250.1646433251497
1244.253911751083
1257.0814568838432
1303.2175015762273
1409.5927041719308
1565.8048959679604
1628.1819782676334
1601.2153875927627
1576.674174359516
1555.0613777232975
1522.0223644284592
1486.845426955205
1456.1778927064138
1426.8398236704452
1407.6524031993542
1418.916928127124
1460.3100151010224
1523.9087680640164
1540.4192919205236
1539.1796551149657
1495.66660999592
1411.4970735761162
1325.5309624417325
0.0
131.49132043595293
131.16793695401492
131.14997119784024
131.4014916939971
132.29977916959686
134.02449111944833
136.89901103949967
138.35423674947322
137.18646302154193
136.3600385457336
135.31802508767453
134.43770335579578
133.1441694015799
132.76688866357148
132.22791616980538
132.06622442961475
132.10215592795382
132.13808742784954
133.79093637946616
135.33599083139558
135.98275780772516
135.47971682942187
133.91669661976107
132.29977916959686
0.0
65.341430858938
63.52689016713071
62.934020432861246
63.293335413138266
65.35939660110236
71.01860768679559
79.60623595016732
82.94786535018292
81.67229713813141
80.28893442639264
78.79777721808006
77.0910310244033
75.599873814534
74.68362058431623
74.07278510632567
74.16261384828154
75.29445607631709
77.75576374445396
81.31298214228735
82.13940661809566
81.40281089825352
78.33066773811578
73.3361893724732
68.26984802260615
0.0
15.073263813509342
14.929537818285125
14.929537818285125
15.091229562678867
15.46851030208831
16.330866279193412
17.678297491036428
18.18133846933973
18.00168097297441
17.750160489271213
17.462708493218653
17.08542775521024
16.65424976113139
16.366797779089154
16.079345783036597
15.881722541393506
15.953585541184994
16.223071781062878
16.81594151533236
17.049496255314494
17.08542775521024
16.708147017201824
15.98951704108074
15.360715805358806
0.0
268.58795474667306
261.11420298318285
258.7067924465802
260.17998399523367
268.6777835275465
291.90749759680534
327.1922295728599
340.9180621096117
335.70799474926474
330.0308179649949
323.90449740089406
316.8619236330395
310.7176372847433
306.9987271171419
304.42962492752395
304.8248713547688
309.49596629451474
319.5747518160136
334.2348033407145
337.6123641534505
334.57615255547665
321.98216221251295
301.4293447578375
280.6429726690357
0.0
159.57178684013738
153.9125757980318
150.98415863903375
150.37332313613598
153.03225406459637
163.02121078965473
183.26861047342248
189.53865703087948
185.92754142834684
185.9814386408296
185.80178107908276
185.44246608012529
184.50824709217608
185.0831510811678
185.55026064519404
185.8377126474734
186.93362327287085
187.7420820516592
193.4911218326072
196.45547058957328
196.68902536380287
191.92810164318354
181.86728206155036
169.38108614355215
0.0
107.25552440074718
103.44678550520028
101.48851881536672
101.07530657901924
102.8539157709308
109.57310607085778
123.17317842802612
127.39512955992046
124.96975337611234
125.00568487600808
124.87992463415648
124.62840413799968
124.01756866000912
124.39484939801753
124.70026713623446
124.91585613405222
125.63448611017331
126.19142434610373
130.05406048371074
132.030292929719
132.19198466990966
128.9940812679203
122.23895946809762
113.83098870264789
0.0
780.9711298412334
765.4307565254989
761.8196409385331
769.6527076854138
797.9128316933761
863.0386735109086
958.6883237239798
996.8835071044143
980.3729833880101
965.3356510801565
952.0948937359559
931.8654597118473
910.342491840935
891.568283721388
873.6025342405259
861.8529340890708
868.7517818635694
894.1014543270481
933.0332334740261
943.1479504238122
942.3754232134145
915.7322167785961
864.2064472730874
811.5668012334498
0.0
215.96627447566377
213.79241886896102
213.738521516375
215.42730205506274
220.1522940671881
231.54257935978893
250.87372568413255
259.20983343889384
254.84415641015886
250.10119847373483
244.7833366884224
239.30378310999143
233.1235651933046
229.3507578132205
226.40437499612003
224.41017679549375
225.99116264457658
229.38668938161118
237.4712765623805
241.6932277222955
243.00472749339744
238.72887912099972
229.26092917245032
219.8648420804758
0.0
143.47447534140036
142.0372153891582
142.00128388926248
143.11516036112334
146.25916651326907
153.82274705918937
166.66825796057802
172.20170875149176
169.30922314687405
166.14725118406903
162.6259642223066
158.97891720705357
154.86476051413504
152.36752135077253
150.40925463447502
149.07978919281703
150.13976840393735
152.38548709293687
157.75724621682502
160.5599030405693
161.44022481603574
158.6016364239008
152.31362408069177
146.07950902157384
0.0
216.59507569270522
210.5585839094779
208.6182829369014
209.82198812736766
216.66693868938333
235.40521538064317
263.8629625944444
274.92986430080805
270.7258789250884
266.1625785659783
261.20403162395303
255.5268548396831
250.56830803776108
247.58599365226993
245.50196668633734
245.80738431714173
249.59815748142125
257.7186762461482
269.54013937871434
272.27093334588375
269.80962572133456
259.6589772187247
243.07659049007557
226.3145462152466
0.0
226.7996214233649
220.47567763785813
218.44554788440826
219.70315042746046
226.871484420043
246.4900828867693
276.29526128439284
287.8652038585339
283.48156106117074
278.6847058966969
273.5105701047406
267.5639069778504
262.37180540169885
259.2457650072845
257.0719092449114
257.39529281558146
261.3477576173092
269.845557165189
282.22395864265474
285.0805126788817
282.5293762890262
271.87568691863885
254.52077285505584
236.96823557006684
0.0
292.356641236533
281.9904038528581
276.636610499155
275.52273408956216
280.39145209504375
298.69855079066804
335.7798577459429
347.2779374635092
340.66654169129004
340.7563703320602
340.4329869014934
339.75028834743296
338.06150793328146
339.10352150186645
339.94791169337515
340.4868841139762
342.4810823146024
343.972239507348
354.5181344372027
359.943790803151
360.37496879878654
351.6615802608724
333.22872135608725
310.3223907173952
0.0
516.1200510463569
514.8804144120363
514.8085514153582
515.8146332598823
519.3538860058401
526.09104198722
537.3735326991849
543.0686752676502
538.5413064769308
535.2715399490571
531.1753491384062
527.7079595292296
522.659583821898
521.1504609694933
519.0484682193653
518.4376328020863
518.5274614428563
518.7071190046032
525.1747887834662
531.2472121350843
533.7624170966525
531.8041503398805
525.6778297757799
519.2999887933573
0.0
1663.9697507378569
1630.8409097207032
1623.1515683444973
1639.877681331142
1700.0629413214624
1838.8303910358197
2042.6338526660109
2123.982766026431
2088.8237953803628
2056.808829340635
2028.5846364184854
1985.4848038533546
1939.618244694105
1899.6085205658221
1861.3414746401531
1836.3151852959004
1850.9932033675816
1904.9982463285355
1987.94611202275
2009.505010247824
2007.8880938733419
1951.11632462961
1841.3096644912655
1729.1674552095928
0.0
87.47523422185091
86.59491248997216
86.57694674780782
87.25964522403315
89.1640146718066
93.78121228543044
101.61427905721831
104.9918399571297
103.21323076521813
101.29089556127
99.15297137351443
96.92521844535968
94.42797926331674
92.90089056756203
91.69718533973497
90.88872662165804
91.53549359954432
92.91885630972638
96.1886227115072
97.8953689191943
98.43434139739334
96.69166370537756
92.86495906766629
89.05622017367605
0.0
1589.4118909449085
1545.1981812852353
1530.9333761877792
1539.7365933820302
1590.0227259263108
1727.4427438497316
1936.2945822458123
2017.445872322558
1986.6705430883878
1953.1105235307525
1916.8376751051933
1875.1751023179538
1838.7585281792458
1816.80438198579
1801.5694265032314
1803.8510768306735
1831.5542629140457
1891.146653209014
1977.9032574625273
1997.9530342984976
1979.9872846619653
1905.4294234679842
1783.7474024241783
1660.7538818739097
0.0
282.457513276781
279.6189248846461
279.547061887968
281.7568490786285
287.93706685521204
302.84863895390504
328.1264485608091
339.0136927054259
333.3005843527654
327.1024007919865
320.16762144909734
312.9813216878865
304.8967343514469
299.95615334928726
296.11148297252504
293.50644921451646
295.57251041182076
300.01005056177
310.5739112913871
316.0893962825385
317.83207404927606
312.22676026168415
299.83039314012643
287.5597862121625
0.0
49.567502815675034
47.80685936592786
46.8906061497204
46.71094865179836
47.53737312760668
50.62748203146549
56.91549435132394
58.87376104115751
57.74191882713226
57.75988458330695
57.705987327236514
57.59819282910599
57.31074084550705
57.49039832941874
57.63412432744502
57.7239530834112
58.065302323080566
58.31682280522707
60.095432011148915
61.0116852289131
61.08354822714789
59.61035677500997
56.48431637125543
52.60371447747373
0.0
395.0129337891713
380.99964925014
373.75945213634327
372.2503292839386
378.825793487767
403.56463053396675
453.67110582784085
469.1935133438129
460.26453595596786
460.4082619648911
459.95911818506016
459.024899197111
456.7432490097724
458.16254320583994
459.3123511838234
460.0489469659336
462.7438093647125
464.73800754977157
478.98484686303243
486.31487263316643
486.90774240635346
475.1222107020748
450.2216820184268
419.28466141144816
0.0
405.756451940432
394.4559955843749
390.82691419764694
393.07263281659476
405.9001779337881
440.9872867040036
494.30963117316566
515.0241402652892
507.17310787431666
498.60344532975876
489.33311858704815
478.69739487632
469.40910234941424
463.80378856182233
459.9231867567728
460.49809060566116
467.57659594190653
482.77562002731185
504.92738911526527
510.04762769473894
505.4663616759697
486.42266719823516
455.3598863820957
423.9737219952861
0.0
341.07975390273026
337.6482957218412
337.57643272516316
340.2353636956545
347.7091154591447
365.6928307242023
396.21663899520445
409.3855334672631
402.4687199085693
394.99496800497593
386.6049630377318
377.92750606820846
368.1721041329468
362.2254409904896
357.57231183493894
354.42830579643254
356.90757920517706
362.27933820297227
375.05298610768284
381.70031346385963
383.8023060738843
377.02921852411373
362.063749212938
347.2599716793138
0.0
147.24728274327836
145.91781728605335
145.91781728605335
147.48083747547696
151.1997476150577
159.6616156210108
172.79457852467883
177.73515954240548
175.92061891909316
173.40541394195793
170.69258577455088
166.91977839446673
162.7696902312298
160.00296483577293
157.07454766276453
155.15221250084738
155.9247397392657
158.58367063970545
164.35067620484878
166.5604633955093
166.9557099628574
163.2188340110607
156.23015748370943
150.1936656584511
0.0
31.008883608326883
30.146527632622817
29.877041378734614
30.038733134492283
31.026849350491236
33.70374603045621
37.78197115031397
39.362957116149445
38.77008738032326
38.105354646262285
37.40469041230556
36.578265938053946
35.87760171810755
35.446423722472005
35.15897172641943
35.194903226315176
35.73387571852456
36.90164943244555
38.59042988395793
38.98567637814104
38.62636138229697
37.17113567232342
34.79965674614241
32.4102120606733
0.0
413.03258048251615
404.8222330925861
402.8998979042049
407.0499859273386
421.99748959442223
456.43783122329774
507.02938186539336
527.2228841810081
518.491530014569
510.55066868705256
503.54402648758855
492.85440554881063
481.464120271777
471.52906088373754
462.0251793667975
455.80903002182316
459.45607719274653
472.8585262989316
493.4652409660899
498.80106855116463
498.40582212391973
484.3206744481072
457.0666325804425
429.2197207839204
0.0
70.19218321254398
67.69494404295466
66.41937583090312
66.14988959102524
67.31766330494624
71.70130617858796
80.61231792234095
83.36107758808708
81.78009163626196
81.798057379983
81.7261943801915
81.56450264000087
81.1512904020967
81.40281089825352
81.6004341383399
81.74416013792289
82.21126961633047
82.57058461217451
85.10375528010287
86.41525499205015
86.50508374801633
84.42105680387755
80.00148243034009
74.5039630863942
0.0
239.03429676737116
233.71643496649168
231.25512735750956
232.00968878371185
238.27973534116882
254.0177318627422
275.5047683053669
283.6432528387221
284.34391705244184
286.1225262318997
287.4160602188063
286.62556722421334
284.559506042476
284.6313690391541
283.2300404871787
282.5114106449341
282.5653078574168
284.99068403811157
289.17670362963594
288.7814572023911
285.79914267679663
277.04982271059515
263.4317845988088
249.6340890498119
0.0
152.60107608297113
149.56486442895596
148.86420018721572
150.39128889231068
155.906773983091
168.64449036144188
187.328869840219
194.80262160370916
191.56878664422607
188.6403694712177
186.0533016530747
182.08287091148134
177.87888553576164
174.21387272074628
170.71055155874618
168.4109355872123
169.7583667866017
174.71691371305994
182.316425701278
184.29265810214181
184.14893209321866
178.93886487297493
168.86007936704317
158.58367063970545
0.0
67.6590125446156
66.97631406683358
66.95834831065889
67.4793550466936
68.97051225656288
72.52773065439628
78.5821882202623
81.20518764415681
79.83979069014944
78.34863348028016
76.67781878649915
74.97107258036878
73.03077163269958
71.84503217661424
70.92877894483975
70.29997771067451
70.78505294681347
71.86299791877859
74.39616860227397
75.70766831422127
76.1208805505687
74.79141508244675
71.80910067671849
68.88068350059672
0.0
424.6204889809559
416.15862101703374
414.200354260262
418.4582368484644
433.81895272698836
469.2294449277707
521.2402896258305
541.9907302863448
533.025821330109
524.8514053528994
517.6471398074932
506.6521010822406
494.93843237464006
484.7338866595475
474.97848470871867
468.5826779265338
472.33751952242267
486.1172494273276
507.28090229928205
512.7784216619085
512.3652094504682
497.88481534741067
469.8582461292451
441.2388072779957
0.0
67.87460154087668
65.97023209310323
65.37736235883375
65.75464309684216
67.89256728459776
73.76736736655204
82.67837911030504
86.14576875372897
84.8342690417817
83.39700908798284
81.85195463605343
80.07334543013157
78.51032522047079
77.57610624653192
76.92933927020233
77.01916802616853
78.20490748225386
80.75604390635691
84.45698830221659
85.31934427792065
84.54681705818277
81.36687939835778
76.15681205046444
70.91081320267539
0.0
14.534291329706159
14.282770836507076
14.30073658614361
14.336668084326986
14.713948823269419
15.791893785427327
17.51660574928908
18.109475471104943
17.92981798719324
17.714228989375467
17.31898249519237
16.977633257079702
16.528489519279795
16.223071781062878
16.025448539419784
15.863756785218818
16.097311539211276
16.49255801938405
17.175256497166092
17.336948251367055
17.301016753028012
16.851873015228104
15.93561978345361
15.091229562678867
0.0
236.28553715610963
229.7100728121779
227.59011440239084
228.88364838929755
236.37536593698306
256.8024230423944
287.84723821444186
299.9022561368045
295.3389557621274
290.3444773918147
284.95475246972086
278.756568908942
273.34887832718914
270.0791119394186
267.81542753627537
268.1567767510375
272.27093334588375
281.128047877154
294.0274559910254
297.00977039208357
294.33287377750014
283.24800627137404
265.17446236554633
246.8853292984471
0.0
114.87300217471726
110.7947770408492
108.69278435298936
108.26160635891051
110.16597580668396
117.37024135831692
131.94046417375284
136.44986730169975
133.86279937770098
133.89873087759673
133.7729706217348
133.5034843818569
132.83875164779593
133.2519638857001
133.5753473816484
133.79093637946616
134.58142935382207
135.15633333347358
139.30642146557642
141.42637991116766
141.60603739507934
138.1745792515512
130.93438221558952
121.93354171431363
0.0
1093.3416160962736
1062.9256022658042
1053.1163029623895
1059.1707605298118
1093.7727940919092
1188.2906021111921
1331.9627006522046
1387.8002500829346
1366.6186314267845
1343.532643366449
1318.5782173146479
1289.9228468950078
1264.860626418241
1249.7693967578014
1239.2953648246248
1240.8583850140483
1259.9200452759783
1300.899919820498
1360.5821396435572
1374.3798351769874
1362.0193996238202
1310.727184768005
1227.0427236964233
1142.4240436213252
0.0
36.434539938470955
36.075224958193935
36.075224958193935
36.344711198071806
37.153169930159066
39.075505120096885
42.32730577815665
43.74659998979115
43.01000425593869
42.20154552385143
41.30325804825162
40.38700483204414
39.34499135997476
38.69822438208847
38.19518338821813
37.871799906280145
38.14128614615803
38.716190124252826
40.063621336095835
40.78225131221692
40.9978403100347
40.27921033391362
38.68025862435708
37.09927267408864
0.0
214.65477486023207
207.01933130362332
203.10279793018304
202.2763733671994
205.85155754144458
219.28993809148406
246.5260143150567
254.95195085069142
250.10119847373483
250.17306148598
249.93950669618334
249.43646584397297
248.19682906954907
248.96935627994674
249.58019183732918
249.975438264574
251.44862967312426
252.54454045419195
260.2877784201992
264.2582091617925
264.5815925767923
258.1857858101745
244.63961069506624
227.8236691921875
0.0
1161.1084231001023
1158.305766276358
1158.1440744832396
1160.425724670578
1168.3665858579911
1183.529678530676
1208.8973167783504
1221.7068961113484
1211.5382819646463
1204.1902904103172
1194.9738608800892
1187.1587599018371
1175.804406193194
1172.3909138120673
1167.701853228229
1166.318490460449
1166.516113666288
1166.9293260178317
1181.4815829774639
1195.1355526576408
1200.7767980291906
1196.3751894320646
1182.5774937585318
1168.2587914330259
0.0
274.7502067390613
264.9948047882325
259.9823607738277
258.9223814366145
263.4856818112916
280.69686988151847
315.5504238619375
326.3478393657842
320.1316900208099
320.2394844457754
319.9340666748677
319.28729981373414
317.68834805591985
318.6764642563518
319.4669572509448
319.9879640274538
321.8564020033521
323.2577304152243
333.15685835940917
338.2591311546874
338.67234350623085
330.4799617448258
313.14301346543806
291.620045594526
0.0
377.15497887337784
366.66298114043883
363.2674545435075
365.3694471690992
377.29870486673406
409.9065401036689
459.45607719274653
478.71536066051533
471.42126631866876
463.4444735628649
454.8388796055867
444.9577173054938
436.31619190436106
431.10612454401416
427.49500880137833
428.0339813776496
434.60944572158127
448.74849046977334
469.33723935273616
474.09816307335547
469.84028034504973
452.1440172068079
423.2730577815665
394.0787148012221
0.0
688.2319310014084
686.5790821712144
686.4712876061459
687.8187188055351
692.5437109577638
701.5265856981948
716.5639180060487
724.1634299786997
718.1269381954723
713.761261042201
708.3176390321609
703.6824756608057
696.9453195393224
694.9331555700678
692.1484645305188
691.3220399675351
691.4478001766961
691.6813549664927
700.3049147079662
708.4074676884981
711.7490972130498
709.1440634550412
700.9696474933985
692.4718479610857
0.0
139.23455846734163
136.84511378342927
137.1325657794818
137.42001777553435
141.0850306714983
151.36143936458856
167.8180659541285
173.58507151927185
171.89629096501704
169.72243535831427
165.94962797823013
162.64393000650193
158.47587621473994
155.43966450312675
153.6790210502662
152.06210360632878
154.25392504081458
158.02673243490906
164.6560939913235
166.11131975578166
165.877764965985
161.56598502519657
152.72683632015261
144.71411205511285
0.0
554.6565836259867
543.6076476882513
541.0385456543037
546.6079278735048
566.675670120062
612.9374750371737
680.8659738185539
707.9762896928623
696.2626211253652
685.5909659707826
676.1769132347159
661.8222793408194
646.5154608148815
633.1848747053746
620.4291925848594
612.093084830098
616.979768619775
634.9814496845947
662.6307381196077
669.8170378808186
669.2780653201141
650.3601312072108
613.7638994444872
576.3771748428409
0.0
172.63288674712732
167.83603159822056
166.2730113932299
167.24316194956975
172.70474974380542
187.61632184249837
210.3070634755892
219.12824643846878
215.76865126982483
212.13956988309687
208.1871049412659
203.65973613497945
199.70727119314844
197.33579222493643
195.6829433791756
195.91649802886897
198.93474398275075
205.40241376161367
214.81646649768032
217.00828790414548
215.05002127190994
206.94746830694527
193.74264240659915
180.37612471313452
0.0
648.0425494514815
633.5980869168147
626.9327937764427
628.9629235454595
645.9944540383725
688.6092117845611
746.8901031957483
768.9700092714565
770.838447247355
775.6712338245492
779.1745550021164
777.0366308081339
771.4313168804389
771.6289401018448
767.820201277906
765.9158318737204
766.0056605300576
772.61705644238
783.9714100109198
782.8754993855223
774.808877833278
751.0761227872725
714.1565076095492
676.7697828677997
0.0
814.0101431983398
806.6082544315278
806.6082544315278
815.3036771852466
835.8924260682096
882.6572719776349
955.2388999145656
982.5109075664258
972.4860194130799
958.5984949431062
943.5970942036432
922.7747905464506
899.7786312514214
884.4897783851427
868.2846722995432
857.7028459414009
862.0146257420862
876.6387458384995
908.5459170018181
920.7805923458246
922.9544479680944
902.2579046601658
863.6315432840956
830.2871122806176
0.0
2218.3029512290504
2212.9671230368613
2212.625774195708
2216.9914515669175
2232.172509634622
2261.1512632513236
2309.604890695727
2334.092206514119
2314.6532660605835
2300.586084527008
2282.997615704763
2268.0680770902236
2246.3834182823794
2239.8618510108276
2230.896942101293
2228.2739429326975
2228.633257215572
2229.4237500389277
2257.216764264925
2283.3030325727823
2294.1004478275568
2285.6745124438826
2259.336723593167
2231.9389556231768
0.0
459.95911818506016
450.8145516515106
448.67662747309527
453.29382518479133
469.9301091259232
508.2869842839094
564.627574706953
587.1206929941015
577.4012224871273
568.5441080959603
560.7469727618001
548.8356808483607
536.1518617245234
525.102925786788
514.5210994130789
507.6042858699521
511.6645452367486
526.5940829795336
549.518379402421
555.465042404775
555.0338644091395
539.3317993158536
508.9876484820619
477.9787648784051
0.0
775.0783640513621
753.5014989679673
746.5487538408828
750.8425679974761
775.3658160536417
842.3780616312677
944.2258954051177
983.8044415533321
968.8030406737658
952.436242950718
934.7399796723728
914.4207170074941
896.6705565166662
885.962969793693
878.5431153827886
879.6390260081861
893.1492696950069
922.2178523260872
964.5271923013682
974.3005600363922
965.5332742859954
929.188563097264
869.8476926290699
809.8600550351032
0.0
538.6131694736089
526.612048763729
521.0785979728153
522.7673783869668
536.9243889193541
572.352846904332
620.7885075682498
639.1315377077285
640.6945578971522
644.7009200514659
647.611371455846
645.832762260821
641.1796332453737
641.3413248828219
638.1793530756873
636.5983670865012
636.6702300831793
642.1677494458056
651.5997678259644
650.6835146222105
643.982290069118
624.2558971774262
593.5703971288724
562.5076161726297
0.0
777.6295004412178
762.1430244936364
758.5498745507628
766.3649755134481
794.481373512487
859.3377291275027
954.5741671447005
992.6076587320165
976.1689980122907
961.2035287011148
948.0166685849642
927.8770633261619
906.4439242516903
887.7415789887177
869.865658288729
858.1699553653239
865.032871695968
890.2567839502858
929.0268713197122
939.105656825644
938.3510952749057
911.8156833895887
860.5055029052487
808.0994116398406
0.0
717.6059314189632
697.645983753042
691.2142455425698
695.1846761284928
717.8933834212427
779.9291164127517
874.2313354420002
910.8634986174441
896.9759742875738
881.8128817705591
865.4460839074081
846.63594421947
830.1793177155488
820.280189771364
813.3993076409575
814.4413211939756
826.9454827560658
853.840209764876
893.0055437016508
902.0782470828518
893.957728333692
860.2899138996472
805.3506518884755
749.8185202286534
0.0
100.75192308307096
97.1767389415165
95.32626673735986
94.94898599935144
96.61980070558604
102.92577876916557
115.71739239268996
119.66985728626317
117.3882071004813
117.42413860037702
117.31634410224649
117.08278936226438
116.48991962643817
116.84923462228222
117.13668660432445
117.3343098584212
118.0170083362032
118.53801507223793
122.16709646830608
124.0355344021735
124.17926040019974
121.1789802382968
114.81910493265718
106.93214090479889
0.0
19.438940939226896
19.24131769914051
19.24131769914051
19.385043683156468
19.81622167723531
20.84026939313001
22.58294709915613
23.33750857672966
22.942262080989856
22.511084100921337
22.02600886478239
21.540933627086737
20.9839953911563
20.64264615304363
20.37315991316575
20.19350241524372
20.337228414826708
20.64264615304363
21.379241886896097
21.75652262490451
21.864317123035047
21.487036371016305
20.624680396868946
19.780290178896266
0.0
1158.0362799181707
1132.2194980307688
1120.3261717614214
1123.93728748849
1154.3892328873505
1230.5460448584233
1334.6934946193742
1374.1462804027574
1377.4879099273094
1386.129435328442
1392.3635504576118
1388.554811509137
1378.5478891244195
1378.907204123377
1372.0981850052158
1368.6667268243268
1368.8463844016405
1380.6498817500114
1400.9332129866027
1398.9749462298307
1384.5843809076468
1342.1672463828643
1276.197014358256
1209.382391986469
0.0
1627.9304575691053
1591.6396438574961
1574.9135307151807
1580.0158036505625
1622.810219503344
1729.886085332044
1876.2889786964129
1931.7312815909283
1936.4383079589618
1948.5831550046728
1957.350440630533
1951.996647152294
1937.9294654630478
1938.4325054590715
1928.8387962820843
1924.0419403703931
1924.2934610689213
1940.8758483424165
1969.4054579769156
1966.656698381221
1946.3913328198557
1886.7809758378046
1794.0238108401754
1700.1168388919866
0.0
1093.431444877147
1069.0519228299047
1057.8233293304224
1061.2368217115493
1089.9820209276297
1161.8989160791282
1260.225463062453
1297.4684616551763
1300.630433617981
1308.7868837954286
1314.679649725403
1311.0864997669623
1301.6365156026084
1301.959899033175
1295.5281606825995
1292.3122916474151
1292.4739832848636
1303.6127480034722
1322.7642369061723
1320.9317304986646
1307.3316581710735
1267.2680368303077
1204.98078340491
1141.9030369849195
0.0
451.42538722446
446.88005263397827
446.7722580689095
450.29354501510494
460.19267295928984
483.99729101754036
524.4022615730685
541.8110728647013
532.684472115347
522.7673783869668
511.68251088084065
500.1844313189447
487.2850231895063
479.3980590744727
473.23580708208436
469.0677531346521
472.3734510908133
479.48788785534595
496.37569237046984
505.17890967369027
507.9456350691472
498.9986917570035
479.2004358686337
459.58183740190736
0.0
209.60639913733334
202.16857894223386
198.34187420956368
197.53341557087862
201.0187709486834
214.15173386791844
240.7410430902542
248.98732206414206
244.24436412771811
244.3162271243962
244.08267247470283
243.5796314823892
242.375926291923
243.13048770255833
243.72335749131238
244.11860391855728
245.55586389882006
246.61584309593013
254.17942364029366
258.0600255854466
258.365443231818
252.13132824275175
238.90853654264328
222.48784160711267
0.0
300.24360533599963
289.5899158410761
284.09239647844976
282.94258850046634
287.93706685521204
306.74720668325324
344.8345954986191
356.6380929870931
349.84703963756004
349.95483407809263
349.6134848633305
348.89485486541554
347.17014289844036
348.2480878797458
349.11044387101686
349.6673820758132
351.7154776134584
353.2425662500585
364.0759131821925
369.62732975730165
370.09443932132785
361.129530365092
342.1936303123231
318.69443004054716
0.0
406.0439039427113
391.6353729764352
384.2155184254278
382.6524982360042
389.4076200015794
414.8471212459318
466.354924951678
482.3085104632857
473.1280125170157
473.2717385103718
472.80462908644887
471.85244431430425
469.516896914483
470.9721226789411
472.1398963165837
472.89445786732216
475.66118326277916
477.7272444600835
492.36933020058916
499.8969793166653
500.5078147339445
488.39889959909897
462.79770657719513
430.99832997894543
0.0
62.80826017699932
62.1794589568444
62.16149319911302
62.646568435251965
64.02993114699072
67.3356290486673
72.9589086344648
75.38428481827296
74.10871660466472
72.72535389448267
71.18029944255325
69.58134773455342
67.80273854264189
66.688862070781
65.84447183879801
65.2695678607032
65.7187115969464
66.70682781294538
69.06034099851873
70.28201196851015
70.67725844868292
69.41965599280609
66.67089631304962
63.94010240503488
0.0
27.18217895660529
26.930658472902095
26.930658472902095
27.218110456501037
27.900808946736703
29.46382914238715
31.889205324638606
32.8054585564131
32.46410930429011
31.996999824325847
31.493958844465833
30.81126035267347
30.038733134492283
29.535692140621943
28.99671966242289
28.63740466657883
28.781130664605122
29.266205900744062
30.326185116534518
30.73939735443868
30.81126035267347
30.128561876448135
28.83502792067555
27.72115144881467
0.0
647.1801934602104
634.280785330772
631.2984709452808
637.8020722925345
661.2114439235402
715.1805552382687
794.4454419440963
826.0831269048979
812.4111914405256
799.9609270909181
788.9838541654277
772.2218098750319
754.3818206033305
738.823481659071
723.9298753445734
714.1924390378367
719.9055473904972
740.9075084849003
773.1739946471763
781.5639996144205
780.9351984129457
758.8552923216705
716.1507057946085
672.5298660637927
0.0
78.27677048048865
77.4862775061328
77.46831176241172
78.07914724040226
79.78589343407903
83.91801582401753
90.92465812155378
93.94290402562108
92.36191807379593
90.63720612550122
88.7148709340067
86.72067274583411
84.49291980211234
83.10955709193027
82.04957787613982
81.33094790001874
81.90585187811354
83.12752284810496
86.05594001177312
87.58302871998146
88.06810395767711
86.52304949173738
83.09159134820919
79.6780989484021
0.0
210.48672091279977
206.2827355370801
205.3125851208435
207.43254351506357
215.05002127190994
232.60255855689888
258.38340901601345
268.6777835275465
264.2222775934018
260.16201821103834
256.60479982098843
251.1432120423198
245.3402748932188
240.29189931042333
235.44114694903382
232.2791749862288
234.12964717793187
240.9745977399476
251.46659545731958
254.17942364029366
253.9818004344548
246.7955006576769
232.90797620327035
218.73299987112063
0.0
177.41177611183872
172.47119495400878
170.89020912049304
171.86035953672965
177.4836391085168
192.80842341864997
216.1279662687823
225.1827040058915
221.75124584056942
217.99640424468066
213.95411050640925
209.3009814909619
205.24072212416547
202.79738014370835
201.09063396092856
201.34215437925016
204.43226334537707
211.07959068598686
220.78109542433288
223.0088482435184
220.99668441436714
212.67854230369792
199.09643576030228
185.37060308344718
0.0
93.24223980567469
89.93654189154451
88.22979569786774
87.8704807020237
89.4155351539531
95.25440373756835
107.09383264498953
110.74087979878908
108.63888711092925
108.674818610825
108.56702411269447
108.3514351148767
107.8124626211106
108.15381187479028
108.4053323569368
108.5849898548588
109.23175683274512
109.6988663267197
113.0584614844667
114.78317343276143
114.92689941677736
112.14220825269219
106.26740816918121
98.97331389115944
0.0
797.1582701270706
783.450403374514
785.1032522047079
786.7920327589627
807.7580624250785
866.559960457104
960.8082821337667
993.8832269191608
984.235619548968
971.767389415165
950.1545927633795
931.2546242945682
907.3242460271567
889.9334005197192
879.8366492295921
870.6022540552724
883.2142101824314
904.7551438375385
942.6988066439815
951.0528801829379
949.6874831993533
925.0744065024176
874.3750614353564
828.5085029454896
0.0
892.3947081442685
874.6265818692452
870.4944594902034
879.4773342306346
911.7438203929107
986.157954737349
1095.4615745060607
1139.100380021072
1120.2363431050842
1103.061086618815
1087.933925514521
1064.8299716699898
1040.2168948329509
1018.765789974284
998.248904087999
984.8105235379596
992.69748751289
1021.6582757190049
1066.1414714410917
1077.6934483711407
1076.8310923798697
1046.3971127652046
987.5053859367383
927.3560566897563
0.0
1403.6819725978644
1364.642399025921
1352.0484085428536
1359.8096124331596
1404.2209451585686
1525.5795828496427
1710.03393302511
1781.6993075092141
1754.517128108949
1724.8916075377113
1692.8586760562628
1656.0468555058767
1623.8881637529987
1604.521086156038
1591.0647394481944
1593.0769037910577
1617.5282888816791
1670.167934609976
1746.7738907189216
1764.4881198125959
1748.6243625058821
1682.7798909239398
1575.3267425685797
1466.6878559589086
0.0
1494.6964594707142
1461.3699941891632
1446.0272441415354
1450.6983389411785
1489.9894331026806
1588.2980145664496
1722.7177521956482
1773.632686408414
1777.944466364769
1789.1011959024177
1797.1498515614971
1792.2272366237396
1779.3098621963934
1779.7769728656792
1770.973755111015
1766.5721468563638
1766.805700867809
1782.022691064317
1808.2167542018828
1805.7015486176333
1787.1069984023077
1732.347393501439
1647.2077070234407
1560.972109328498
0.0
118.44818631627173
114.24420094055206
112.08831101063208
111.62120151665751
113.59743396266573
121.01728849810617
136.05462080751667
140.70774991947957
138.01288751136056
138.06678475342068
137.92305875539438
137.65357251551654
136.97087403773446
137.4020520193597
137.725435515308
137.9589902552901
138.76744898737738
139.36031872320356
143.63616709715802
145.82798853320054
146.00764602489573
142.4863591254014
135.01260733544726
125.7243148661395
0.0
1678.611836680734
1641.1891809932747
1623.9420611678527
1629.188059816384
1673.3119406173485
1783.7294371381277
1934.6956297563472
1991.8626455674275
1996.71339764861
2009.2355242632457
2018.272295873685
2012.7568113962452
1998.2404857247975
1998.761492563574
1988.880330559255
1983.9217834926937
1984.191269477272
2001.2946635895444
2030.7045957467274
2027.8660064517046
2006.9898060646071
1945.4930450111212
1849.8793269891225
1753.0439374476161
0.0
2.928417165847546
2.874519916470937
2.8565541666787344
2.89248566626314
2.982314413667451
3.2338349062438505
3.5931498960167656
3.736875891240981
3.682978643421076
3.6111156458089675
3.575184146224562
3.4853553988202504
3.4134924010524728
3.3416294034403644
3.2697664058282565
3.2338349062438505
3.251800656036054
3.3595951532325676
3.5033211486124536
3.539252648041189
3.539252648041189
3.4314581508446755
3.2338349062438505
3.036211661643027
0.0
143.0792288612276
139.0908324693154
137.81526425726386
138.60575723161972
143.13312610328768
155.51152749980483
174.30370150161974
181.61576148755842
178.8310703079062
175.81282435402437
172.5610237504492
168.80618215456042
165.51844998259457
163.5422175661637
162.17682059814598
162.37444380398495
164.87168298135774
170.24344213482325
178.04057731331318
179.85511807672881
178.23820053471914
171.5190103219675
160.57786882476464
149.49300141671085
0.0
2245.143781632492
2195.0912029439864
2172.023180372073
2179.047789196352
2238.065275237689
2385.725770849336
2587.642828719433
2664.123024556949
2670.5906944136473
2687.3527381280633
2699.4436876032496
2692.041799210046
2672.6387894842815
2673.339454009342
2660.134628155697
2653.5052671441285
2653.846616140952
2676.717015429192
2716.0620070055484
2712.27123388797
2684.33449254779
2602.1052566646863
2474.2070866183813
2344.6919984852193
0.0
455.0185370272302
444.8678886491566
440.19679372497774
441.6160879210451
453.5812771870708
483.5122158094222
524.4202273572638
539.9246691046076
541.2361688601425
544.6316954726409
547.0930032217263
545.5838802447854
541.6493810715828
541.793107080506
539.1162103258193
537.7687791264299
537.840642123108
542.4758054944632
550.452598250267
549.6800710398694
544.0208600397948
527.3666101899313
501.4420337218937
475.1940736987529
0.0
544.0208600397948
528.8936989510676
524.0070150212874
527.0252609751692
544.2364490453961
591.2707811573384
662.7564983287685
690.5315469729422
679.9856520430875
668.5055381097166
656.0912052039633
641.8264002310434
629.3581699727044
621.8484867809268
616.6384194050129
617.4109466154105
626.8968623481553
647.2879880252791
676.9853718578339
683.8482882040449
677.7040018557487
652.1926375991515
610.5480302691994
568.4363135308917
0.0
141.7677291492803
138.60575723161972
137.15053153565648
137.59967527345643
141.31858541148043
150.64280939625098
163.39849157280753
168.23127815000166
168.64449036144188
169.6865037899236
170.45903112485752
169.9919215608313
168.77025058616974
168.80618215456042
167.97975759157674
167.56654538013655
167.58451116433187
169.02177114459468
171.50104453777217
171.26748976354259
169.50684635271296
164.31474477656135
156.23015748370943
148.0557414644687
0.0
118.1607343342295
115.8251868923772
115.26824865644676
116.45398812654243
120.72983650049693
130.59303297592012
145.05546130879256
150.84043263011054
148.34319345273775
146.06154326539917
144.06734507722655
140.99520191553214
137.74340125747233
134.90481284977037
132.19198466990966
130.41337547799813
131.4553889516242
135.28209358777877
141.17485941345416
142.70194812321915
142.59415362508864
138.5518599895596
130.7547247176675
122.7958976900177
0.0
164.00932699008666
162.3564780197896
162.32054659150216
163.59611479421346
167.18926459698375
175.84875592241505
190.50880744711606
196.85071701681815
193.5270534009979
189.91593781403228
185.89160985995613
181.72355605262717
177.0344953286859
174.15997550826356
171.93222253340772
170.42309955646684
171.6088389783047
174.19590693655098
180.34019328484712
183.5380966759395
184.54417866056673
181.2923780569916
174.10607815567755
166.97367560694948
0.0
156.66133546533464
153.17598005795256
151.55906261401515
152.06210360632878
156.1762602291957
166.48860039883118
180.5737480746437
185.90957564415152
186.3587192838791
187.52649306162493
188.37088325313366
187.84987661672795
186.5024452772353
186.55634264538838
185.62212365743915
185.17297987760827
185.19094566180362
186.78989727951466
189.53865703087948
189.2691708127954
187.31090405602367
181.57983005927096
172.65085253132267
163.6140805784088
0.0
894.9638103183191
875.0038626523979
865.8053989063653
868.6080558702131
892.1431877103797
950.9989829704552
1031.4855406665115
1061.9734174936596
1064.5604854674725
1071.2257784521746
1076.0585650293688
1073.1121822122682
1065.3689440905907
1065.6563960928702
1060.3744658759483
1057.7335006896524
1057.8772266830088
1067.0038274323626
1082.6699609416912
1081.1608379647503
1070.0400390303369
1037.2525462316548
986.2657491623145
934.6501508914995
0.0
545.3143940267015
534.463081310372
531.9299105646085
537.4094641274725
557.1358571592675
602.6071690973533
669.4038256693782
696.0649979039592
684.5309866335692
674.0569546848257
664.8045937263105
650.6835146222105
635.6461823143567
622.531185194884
609.9910920644031
601.7807445343697
606.5955654674717
624.291828745817
651.4919734009989
658.5525129530489
658.0135403923446
639.4189896944408
603.4335935046666
566.675670120062
0.0
633.3106349145353
622.4233907699186
623.7348904009174
625.0823216003066
641.73657145017
688.4654857912049
763.328763915474
789.6126553669021
781.9412803975731
772.0421524533884
754.8489301673567
739.8475292877903
720.8397663784464
707.0241050608213
699.0113807210597
691.6633891822972
701.6882774757464
718.7916709809044
748.9381985932903
755.5675601497045
754.4896151683992
734.942879698351
694.6636693519838
658.2111637382868
0.0
409.24180745834
401.08535714078926
399.1989533806956
403.3131101156451
418.1168876337024
452.2518116317734
502.3582869256476
522.3721318196186
513.7306064340529
505.8616081032145
498.90886311623336
488.30907081822556
477.02658024636384
467.1993151587537
457.78526256279036
451.62301043029885
455.23412603283145
468.5108149298557
488.919906391175
494.21980239229214
493.82455596504735
479.86516863849886
452.8626472047228
425.2672559821927
0.0
990.66735775944
968.5694858839693
958.4008717372674
961.4909806878272
987.5413173650257
1052.703090750949
1141.7952424198506
1175.5349199906768
1178.3914741670071
1185.7933629338195
1191.1291905033272
1187.8594241155567
1179.307727370761
1179.6131451416688
1173.7742765798475
1170.8458594068388
1171.0075510442873
1181.1043023499813
1198.4592162734612
1196.7884016435048
1184.4638975186253
1148.1730835423764
1091.7426643384592
1034.5936152611637
0.0
816.1839988206099
799.9429613067227
796.1701539266386
804.3625356880437
833.880262098955
901.9524868736914
1001.9139170431176
1041.8338123905273
1024.5687271078177
1008.8666620300991
995.0330349127112
973.887347824952
951.3942293977
931.7756310710773
913.0014228114267
900.7128500992673
907.9171156602408
934.4165962418061
975.1090187996136
985.6728795292306
984.8823865346378
957.0354747536827
903.1741578639196
848.1630329806064
0.0
572.3708126885273
560.9805275515968
558.3215965811054
564.0706363620533
584.7851455942804
632.5201419199424
702.6224964636955
730.5951683292752
718.5042189786252
707.4912144847441
697.789709746398
682.9679664285785
667.1760726945225
653.41430858938
640.2633799015166
631.639820160043
636.7061615114667
655.264780781083
683.8123566356544
691.2142455425698
690.6573071976701
671.1285375118173
633.3645321270182
594.7920679789978
0.0
180.43002208128755
174.03421515899944
170.72851734294156
170.04581877331404
173.0460989585675
184.34655545472788
207.23492030922466
214.33139128956202
210.2352004789111
210.3070634755892
210.10944012964703
209.6782621340115
208.6362487210968
209.28301570676658
209.80402248327556
210.14537169803768
211.36704268826622
212.28329589202005
218.80486286779873
222.1464922678143
222.41597861043462
217.0262536883408
205.6539343200386
191.51488943174328
0.0
1860.0299749780204
1823.0025658579098
1814.3969713869192
1833.0993164319532
1900.3630828170767
2055.4793643924518
2283.3030325727823
2374.245656355552
2334.9365969079995
2299.148824437776
2267.618933108022
2219.43479304923
2168.1425789561986
2123.4258284598823
2080.667344735905
2052.6767072262332
2069.097402099495
2129.462319776099
2222.183552644924
2246.2756232970014
2244.4610823934822
2181.0060559686904
2058.2640547159176
1932.917020825962
0.0
548.3865370685297
536.1698275087189
530.5285821527364
532.2532941197114
546.6618252260907
582.7370501967384
632.0530324960193
650.7374119747965
652.3183978238792
656.3966229748711
659.3609717318371
657.5464309684216
652.8214388161929
652.9831305937445
649.7492956342613
648.1323782323549
648.2222070132283
653.8095550166249
663.4212310986336
662.4870121106845
655.6779929925233
635.592285101874
604.3498467084205
572.7121619032893
0.0
1283.9582181084584
1255.3208134730137
1242.133953356863
1246.1582811708358
1279.8979587416623
1364.3549470236414
1479.8208189715458
1523.5674189426566
1527.2683632015264
1536.84410779298
1543.7609213516735
1539.5389700983565
1528.4361370104061
1528.8313834220837
1521.2857687553178
1517.4949954820695
1517.6926189058468
1530.7716844880629
1553.2648027907785
1551.0909470284055
1535.1193957170353
1488.103029467123
1414.9464975256337
1340.891678180153
0.0
118.39428907421161
116.0407758886383
115.48383765270782
116.68754286652455
120.96339124047904
130.84455345962334
145.34291329706159
151.12788463238996
148.63064545501712
146.34899526767853
144.33683131710444
141.26468815541
138.01288751136056
135.15633333347358
132.4435051676232
130.6648959617013
131.70690943377068
135.55157982765667
141.44434565333202
142.97143436309707
142.86363986340982
138.82134622943747
131.00624521382434
123.02945244401015
0.0
869.3805830650438
845.1986842392075
837.4015490451505
842.2163698381493
869.721932279806
944.8906281905497
1059.1348291015245
1103.528196042738
1086.676323111572
1068.3332928475568
1048.4991053752294
1025.7005693016058
1005.7765530639721
993.7754324941953
985.4393247394339
986.6789613737548
1001.8420540464396
1034.4319234836119
1081.879467962665
1092.8565408881555
1083.0292759406486
1042.2470246019677
975.7018884482644
908.4201566525542
0.0
1110.4090781575774
1088.3112062976736
1083.1730019340046
1094.3297322967055
1134.4831824339121
1227.096620908906
1363.0973444650222
1417.389839490524
1393.9265706470355
1372.5652945692418
1353.7371890815416
1324.9740240968326
1294.3424212607615
1267.6632832419857
1242.1159875726676
1225.4078404947545
1235.217139798169
1271.2564332004263
1326.6089072829343
1340.9815069610265
1339.903561979721
1302.031762029853
1228.7494698792032
1153.9221233233243
0.0
169.1475313537555
166.23707996494247
166.57842917970459
166.93774417866206
171.39324997270344
183.86148024660955
203.8573593563854
210.8819673400447
208.83387192693567
206.19290675620667
201.59367495324213
197.58731278336137
192.5209714163706
188.82002703296456
186.68210285454916
184.72383609777734
187.40073283689705
191.9640332115742
200.01268896405614
201.79129815908107
201.50384617236875
196.27581301225942
185.5143290768034
175.79485870993233
0.0
108.78261309494522
106.35723692514738
105.22539469711181
105.56674395079149
108.42329811466816
115.59163215239505
125.36499987185212
129.06594426771179
129.38932774809308
130.19778648173704
130.79065621600654
130.43134122171918
129.47915650405926
129.515088003955
128.8862867697898
128.56290327384147
128.58086903001617
129.67677974570236
131.58114919191908
131.4014916939971
130.05406048371074
126.06566410425214
119.86748052634955
113.59743396266573
0.0
983.067845771222
948.1963260066078
930.194645081891
926.4218377018071
942.7886354248548
1004.3752246520999
1129.0754918521593
1167.701853228229
1145.4602553594023
1145.81957035836
1144.705693808664
1142.406077977233
1136.7109354087677
1140.2681537832507
1143.0887763911905
1144.921282798698
1151.6225073673575
1156.6349515062986
1192.0813752754716
1210.280679406027
1211.7718365987728
1182.4517335338037
1120.4519321106854
1043.4686955766292
0.0
292.24884679600046
281.86464364369726
276.52881593408625
275.396973724731
280.2656918858829
298.5727905815072
335.65409753678205
347.13421147015293
340.5228156979339
340.6306101228994
340.28926090813724
339.6065624941801
337.9177819399253
338.97776113703526
339.80418570001893
340.3611239048154
342.35532208987456
343.8285135139918
354.37440844384656
359.7820990255994
360.2312428054303
351.51785426751627
333.0849953627311
310.1966305082343
0.0
2175.7061599053054
2132.390737369417
2122.329917367474
2144.1942354183043
2222.8842171699844
2404.3382877517447
2670.8062829833716
2777.1994523751277
2731.2071329444493
2689.346937029206
2652.4632536222443
2596.104697477274
2536.1170593695942
2483.8007971964007
2433.784150636699
2401.05055463019
2420.255941227951
2490.8613367484504
2599.3205663412205
2627.490861692846
2625.3888692073574
2551.1543917241497
2407.5900873434634
2260.9536399676495
0.0
282.9964858530524
277.37320628126525
276.0617065101632
278.9002949022982
289.1407722013485
312.74776689808994
347.40369767267
361.2373247900576
355.25473021931293
349.8111080691694
345.01425306036595
337.68422715012866
329.8870919716387
323.07807283791044
316.57447163076006
312.3165889024543
314.81382809539423
323.9943261817675
338.0974395016721
341.76245231668753
341.49296611417043
331.84535858830725
313.1609792496334
294.0813532035082
0.0
1282.5928211248738
1254.0093137019119
1240.822453585761
1244.8288157556417
1278.5505275422727
1362.9176870433787
1478.257798750988
1521.9505014317808
1525.6514458463212
1535.2271904377744
1542.1260381344377
1537.9040870367908
1526.8192196552006
1527.2144660668785
1519.6688512444423
1515.878078126864
1516.0757012548677
1529.1547669771871
1551.6119538671821
1549.45606396684
1533.50247836183
1486.5220435402052
1413.4553403328882
1339.4723839840854
0.0
1360.2228246446
1333.1484401985788
1326.8604278569264
1340.5143973970003
1389.7225852713157
1503.1583275280386
1669.7547227565778
1736.2639268904466
1707.5187272851902
1681.3426308347077
1658.2746082627934
1623.043773359119
1585.549254970755
1552.8336248107098
1521.5552548799994
1501.0922661906309
1513.111352669139
1557.253199192031
1625.0559377019817
1642.6803384973607
1641.3508721481453
1594.9453408640684
1505.188457156952
1413.5092375453712
0.0
564.2862253676548
544.2723804736835
533.9420745338629
531.7861845556853
541.1643058634645
576.5209008517642
648.0964468040675
670.2841473047414
657.5104994000309
657.7081227459731
657.0793215444986
655.7498559892011
652.4800896014308
654.5281849989728
656.1451025565494
657.1871159694641
661.0497521304217
663.906306306752
684.2615004154852
694.7175665644667
695.5619569116457
678.7460154087668
643.1558656462375
598.96012192643
0.0
48.8129413396582
48.327866103519256
48.30990034578786
48.70514684152766
49.765126055761414
52.33422823759584
56.71787111123756
58.58630905911527
57.59819282910599
56.53821361331554
55.334508399498795
54.09487168734302
52.69354321942958
51.8491530014569
51.18442026739592
50.735276529596014
51.07662576770869
51.8491530014569
53.68165944943887
54.633844165542065
54.9392619053157
53.969111431481096
51.813221501561145
49.69326305752662
0.0
179.8371522925335
178.20226910643174
178.20226910643174
180.1246042948128
184.66993888529467
195.00024482511512
211.0436591175962
217.06218525673148
214.85239806607098
211.7802548841394
208.47455692797826
203.8753251405807
198.7910179893946
195.41345703655531
191.83827300241336
189.4847598183967
190.45491023463327
193.67077940992104
200.73131896197103
203.42618136074984
203.9112565688681
199.3299905500989
190.79625944939542
183.43030225097402
0.0
14.534291329706159
14.390565333703591
14.390565333703591
14.552257078875682
14.911572069115605
15.755962301098611
17.049496255314494
17.53457149301014
17.354913995088115
17.103393497374594
16.851873015228104
16.474592277219692
16.06138003931553
15.791893785427327
15.504441800583027
15.306818556293543
15.378681556085034
15.64816779580724
16.223071781062878
16.438660777323946
16.474592277219692
16.097311539211276
15.414613053023045
14.821743321555623
0.0
20.894166649200447
20.69654339510373
20.69654339510373
20.912132392921507
21.45110488513089
22.654810098947618
24.50528229065065
25.20594652460737
24.95442602689385
24.595111031049797
24.217830293041377
23.678857814842328
23.08598807901614
22.690741598843367
22.27752936093921
22.008043107051
22.115837606738246
22.493118344746655
23.319542818998272
23.62496057278222
23.678857814842328
23.157851078807628
22.151769105077282
21.30737888710461
0.0
5.479553590728942
5.389724844725664
5.389724844725664
5.407690592961163
5.551416589742082
5.946663077698369
6.593430059476419
6.826984802260615
6.7551218044928385
6.683258806880729
6.52156706170864
6.395806814875593
6.234115069703504
6.108354822714788
6.054457574894884
5.982594577127105
6.072423324531416
6.216149319911302
6.485635562279906
6.53953281009981
6.52156706170864
6.359875315291189
6.000560326919307
5.695142585121969
