0.0
245.346
242.58800000000002
226.94400000000002
200.15800000000002
183.282
184.43
163.588
164.726
183.228
209.004
224.01600000000002
242.918
247.78799999999998
253.36599999999999
252.966
250.57999999999998
256.634
257.37
253.97799999999998
249.28199999999998
242.228
248.834
243.428
239.126
0.0
204.888
191.524
165.85999999999999
149.02
140.234
134.518
125.22800000000001
123.89
142.42
176.434
192.68
210.25799999999998
219.692
219.596
221.008
221.924
224.252
223.764
226.49200000000002
229.616
223.90200000000002
220.404
212.362
208.29
0.0
397.568
396.516
396.91200000000003
395.786
394.58399999999995
393.368
389.346
385.396
384.83799999999997
389.8
398.91200000000003
400.432
402.94
400.696
398.46799999999996
399.854
401.85
404.81600000000003
408.09799999999996
408.202
409.266
408.49
407.898
408.69399999999996
0.0
449.078
409.28000000000003
391.042
378.73
369.022
359.278
351.266
348.40999999999997
369.444
393.486
419.532
439.086
453.084
474.452
489.31600000000003
494.67400000000004
498.204
504.92400000000004
499.652
493.542
475.40000000000003
458.198
437.242
423.546
0.0
75.638
75.538
73.342
72.92399999999999
72.432
70.58200000000001
68.642
67.178
68.892
73.236
82.372
82.15599999999999
82.11
84.224
83.422
82.77199999999999
81.826
81.122
81.96000000000001
78.67999999999999
78.222
79.482
80.31400000000001
77.342
0.0
1316.908
1174.192
1027.386
973.676
921.924
850.312
789.88
779.618
869.352
1047.136
1171.51
1264.402
1337.464
1385.9160000000002
1378.536
1379.1799999999998
1386.5240000000001
1398.812
1387.554
1379.018
1335.186
1278.402
1228.504
1207.55
0.0
92.54599999999999
82.512
72.198
68.42
64.784
59.754
55.51
54.784
61.09
73.584
82.32600000000001
88.854
93.99000000000001
97.392
96.874
96.918
97.434
98.30199999999999
97.506
96.904
93.828
89.836
86.33
84.86
0.0
331.812
307.154
288.588
275.97
263.948
252.93400000000003
238.758
234.93200000000002
247.852
271.9
303.56
321.462
336.51599999999996
348.44
358.926
365.204
364.534
369.83599999999996
372.038
364.144
353.06600000000003
344.282
330.676
319.49399999999997
0.0
523.174
517.28
483.928
426.81
390.82399999999996
393.274
348.83
351.254
390.708
445.67600000000004
477.68199999999996
517.992
528.3720000000001
540.272
539.422
534.3240000000001
547.236
548.7959999999999
541.568
531.556
516.508
530.602
519.078
509.89599999999996
0.0
2337.668
2084.326
1823.732
1728.392
1636.524
1509.402
1402.128
1383.912
1543.196
1858.792
2079.572
2244.466
2374.16
2460.168
2447.066
2448.212
2461.24
2483.054
2463.07
2447.9139999999998
2370.114
2269.32
2180.736
2143.5480000000002
0.0
98.53800000000001
87.85600000000001
76.872
72.85199999999999
68.98400000000001
63.628
59.1
58.333999999999996
65.048
78.352
87.656
94.61
100.078
103.7
103.15
103.194
103.744
104.664
103.822
103.18599999999999
99.904
95.658
91.922
90.35799999999999
0.0
963.78
961.226
962.192
959.462
956.548
953.594
943.856
934.28
932.922
944.952
967.042
970.726
976.8159999999999
971.364
965.974
969.322
974.1579999999999
981.356
989.306
989.5600000000001
992.148
990.264
988.8240000000001
990.7560000000001
0.0
1730.426
1542.886
1349.99
1279.412
1211.412
1117.312
1037.904
1024.422
1142.328
1375.94
1539.3700000000001
1661.434
1757.4360000000001
1821.1
1811.408
1812.25
1821.89
1838.042
1823.2459999999999
1812.03
1754.44
1679.832
1614.26
1586.726
0.0
205.198
204.656
204.86200000000002
204.276
203.662
203.02800000000002
200.96
198.918
198.632
201.192
205.894
206.678
207.974
206.81400000000002
205.662
206.38
207.41
208.944
210.63600000000002
210.686
211.238
210.83800000000002
210.532
210.938
0.0
84.842
78.538
73.796
70.562
67.492
64.676
61.050000000000004
60.071999999999996
63.376000000000005
69.526
77.62
82.198
86.04599999999999
89.09400000000001
91.77600000000001
93.384
93.208
94.566
95.128
93.11
90.278
88.02799999999999
84.554
81.698
0.0
18.85
17.62
15.262
13.706
12.9
12.378
11.522
11.398
13.098
16.232
17.726
19.346
20.208000000000002
20.204
20.334
20.418
20.628
20.582
20.838
21.124000000000002
20.599999999999998
20.274
19.532
19.164
0.0
348.73400000000004
322.82
303.306
290.04200000000003
277.41
265.832
250.932
246.91400000000002
260.49
285.77000000000004
319.038
337.854
353.67999999999995
366.212
377.228
383.832
383.126
388.69599999999997
391.014
382.712
371.072
361.84
347.54
335.79
0.0
261.934
261.574
253.982
252.53
250.81799999999998
244.412
237.69799999999998
232.642
238.572
253.614
285.25600000000003
284.488
284.342
291.664
288.88
286.628
283.34999999999997
280.912
283.828
272.458
270.86
275.24
278.116
267.838
0.0
176.05
175.808
170.704
169.726
168.576
164.272
159.762
156.35999999999999
160.35
170.456
191.724
191.20600000000002
191.106
196.03
194.158
192.65
190.44400000000002
188.802
190.764
183.124
182.046
184.992
186.924
180.014
0.0
1059.4759999999999
944.652
826.546
783.336
741.702
684.086
635.47
627.2139999999999
699.404
842.4399999999999
942.502
1017.23
1076.01
1114.99
1109.056
1109.57
1115.478
1125.364
1116.308
1109.44
1074.1779999999999
1028.5
988.3480000000001
971.49
0.0
249.92600000000002
240.704
229.898
224.62
218.652
211.078
205.76399999999998
198.53
205.214
229.584
245.246
258.184
268.988
275.88399999999996
278.8
277.726
281.586
282.822
285.756
282.524
273.49
269.676
259.582
252.674
0.0
166.034
159.90800000000002
152.73
149.226
145.26000000000002
140.232
136.702
131.892
136.334
152.528
162.926
171.526
178.704
183.286
185.22
184.506
187.066
187.894
189.844
187.694
181.69400000000002
179.16
172.45399999999998
167.864
0.0
281.228
260.334
244.598
233.9
223.714
214.376
202.356
199.118
210.07
230.452
257.288
272.456
285.218
295.326
304.21
309.534
308.966
313.46
315.32399999999996
308.634
299.246
291.798
280.26800000000003
270.796
0.0
294.47200000000004
272.588
256.118
244.916
234.25
224.474
211.884
208.49599999999998
219.964
241.302
269.4
285.288
298.646
309.228
318.53799999999995
324.108
323.516
328.216
330.174
323.166
313.34000000000003
305.54
293.464
283.544
0.0
479.906
479.244
465.334
462.672
459.532
447.796
435.506
426.23199999999997
437.1
464.65599999999995
522.644
521.2239999999999
520.962
534.3720000000001
529.268
525.15
519.148
514.6759999999999
520.02
499.192
496.254
504.278
509.552
490.718
0.0
805.486
803.3520000000001
804.152
801.874
799.444
796.976
788.83
780.834
779.6980000000001
789.7539999999999
808.208
811.2919999999999
816.3779999999999
811.828
807.3199999999999
810.116
814.162
820.176
826.8199999999999
827.038
829.1959999999999
827.6179999999999
826.418
828.032
0.0
2257.36
2012.718
1761.078
1669.018
1580.3039999999999
1457.546
1353.96
1336.37
1490.186
1794.934
2008.134
2167.362
2292.6
2375.65
2363.0
2364.108
2376.688
2397.754
2378.456
2363.82
2288.69
2191.362
2105.8219999999997
2069.904
0.0
101.22800000000001
97.494
93.118
90.978
88.562
85.498
83.342
80.412
83.116
92.988
99.33200000000001
104.578
108.95
111.742
112.924
112.492
114.05199999999999
114.554
115.742
114.42999999999999
110.774
109.23
105.138
102.342
0.0
2063.75
1910.3719999999998
1794.924
1716.414
1641.668
1573.1499999999999
1484.96
1461.1840000000002
1541.54
1691.138
1888.034
1999.358
2093.0
2167.176
2232.376
2271.448
2267.26
2300.2259999999997
2313.938
2264.828
2195.94
2141.2940000000003
2056.672
1987.144
0.0
326.87600000000003
314.81
300.684
293.774
285.96999999999997
276.07
269.118
259.652
268.396
300.268
320.75399999999996
337.68
351.80199999999996
360.826
364.636
363.236
368.278
369.902
373.738
369.50600000000003
357.698
352.704
339.504
330.466
0.0
81.35
81.238
78.88
78.428
77.898
75.91
73.826
72.25
74.1
78.768
88.596
88.36
88.312
90.584
89.716
89.022
88.002
87.244
88.154
84.624
84.122
85.48
86.38
83.184
0.0
648.394
647.51
628.708
625.116
620.876
605.016
588.408
575.88
590.564
627.792
706.138
704.2280000000001
703.866
721.988
715.1
709.528
701.4159999999999
695.38
702.594
674.45
670.4939999999999
681.322
688.4580000000001
663.0060000000001
0.0
526.842
487.69
458.218
438.176
419.096
401.60200000000003
379.09
373.01800000000003
393.53
431.722
481.982
510.404
534.314
553.242
569.89
579.8679999999999
578.798
587.21
590.712
578.176
560.592
546.64
525.038
507.288
0.0
394.716
380.154
363.092
354.748
345.32599999999996
333.372
324.976
313.548
324.10200000000003
362.598
387.326
407.762
424.822
435.714
440.31600000000003
438.62399999999997
444.718
446.678
451.308
446.2
431.934
425.914
409.96999999999997
399.058
0.0
184.192
172.174
149.10399999999998
133.966
126.072
120.924
112.58
111.376
128.02800000000002
158.61
173.21
189.016
197.496
197.41199999999998
198.68
199.504
201.6
201.15800000000002
203.614
206.418
201.28
198.132
190.906
187.244
0.0
40.264
37.272
35.018
33.488
32.03
30.695999999999998
28.974
28.508
30.08
32.996
36.836
39.01
40.836
42.284
43.56
44.316
44.238
44.879999999999995
45.146
44.192
42.844
41.782
40.126
38.768
0.0
560.33
499.606
437.14
414.29
392.268
361.794
336.08799999999997
331.718
369.9
445.54200000000003
498.466
537.988
569.0740000000001
589.6899999999999
586.5559999999999
586.8280000000001
589.952
595.184
590.39
586.756
568.106
543.9480000000001
522.7139999999999
513.798
0.0
115.202
115.05
111.71000000000001
111.068
110.31400000000001
107.50200000000001
104.55
102.322
104.93
111.546
125.462
125.128
125.062
128.282
127.06
126.072
124.62599999999999
123.554
124.838
119.834
119.132
121.05799999999999
122.32600000000001
117.80199999999999
0.0
323.906
295.204
282.048
273.168
266.164
259.13599999999997
253.36
251.302
266.46999999999997
283.816
302.602
316.702
326.798
342.21000000000004
352.932
356.8
359.344
364.192
360.386
355.98199999999997
342.894
330.486
315.372
305.49399999999997
0.0
207.026
184.588
161.512
153.068
144.92999999999998
133.672
124.172
122.558
136.668
164.618
184.17000000000002
198.772
210.26000000000002
217.876
216.714
216.816
217.97
219.898
218.13
216.788
209.894
200.972
193.12800000000001
189.83
0.0
78.292
75.404
72.022
70.36399999999999
68.492
66.12400000000001
64.464
62.19200000000001
64.286
71.92
76.82600000000001
80.884
84.262
86.42399999999999
87.334
87.0
88.208
88.596
89.514
88.506
85.676
84.482
81.316
79.152
0.0
576.0319999999999
513.602
449.39
425.89799999999997
403.26
371.938
345.5
341.012
380.264
458.03200000000004
512.436
553.0600000000001
585.0200000000001
606.216
602.99
603.2719999999999
606.478
611.856
606.93
603.192
584.026
559.188
537.3620000000001
528.198
0.0
88.12
81.572
76.64200000000001
73.28999999999999
70.096
67.17399999999999
63.406
62.39
65.82
72.21
80.618
85.372
89.368
92.536
95.32
96.99199999999999
96.80799999999999
98.222
98.802
96.71
93.76400000000001
91.428
87.82000000000001
84.848
0.0
23.364
23.1
21.612
19.058
17.456000000000003
17.564
15.576
15.692
17.448
19.902
21.332
23.136000000000003
23.598
24.13
24.09
23.864
24.436
24.512
24.184
23.742
23.068
23.698
23.182
22.776
0.0
306.79
283.992
266.828
255.154
244.048
233.86200000000002
220.748
217.216
229.156
251.4
280.67
297.218
311.136
322.166
331.862
337.664
337.044
341.944
343.984
336.682
326.44
318.31600000000003
305.736
295.402
0.0
188.56799999999998
188.31
182.844
181.796
180.56599999999997
175.95600000000002
171.124
167.48399999999998
171.754
182.578
205.362
204.81
204.702
209.97
207.97
206.348
203.988
202.23
204.336
196.148
194.994
198.146
200.222
192.82
0.0
1419.644
1314.1299999999999
1234.718
1180.714
1129.292
1082.16
1021.496
1005.144
1060.412
1163.3220000000001
1298.762
1375.346
1439.7659999999998
1490.788
1535.636
1562.5140000000001
1559.634
1582.312
1591.742
1557.962
1510.574
1472.9859999999999
1414.774
1366.944
0.0
42.174
40.618
38.794
37.904
36.896
35.617999999999995
34.718
33.502
34.628
38.74
41.38
43.566
45.385999999999996
46.554
47.044
46.864
47.514
47.724
48.216
47.672000000000004
46.148
45.51
43.802
42.638
0.0
352.334
351.84799999999996
341.632
339.682
337.376
328.764
319.736
312.93
320.90799999999996
341.136
383.70799999999997
382.67
382.474
392.322
388.58
385.552
381.144
377.866
381.782
366.49399999999997
364.34
370.226
374.102
360.26599999999996
0.0
1812.076
1807.278
1809.0839999999998
1803.9519999999998
1798.478
1792.9180000000001
1774.612
1756.606
1754.0639999999999
1776.68
1818.202
1825.1299999999999
1836.578
1826.33
1816.1979999999999
1822.496
1831.594
1845.1219999999998
1860.074
1860.554
1865.406
1861.87
1859.158
1862.79
0.0
450.99399999999997
450.38199999999995
437.298
434.8
431.854
420.826
409.27
400.558
410.76800000000003
436.668
491.156
489.83000000000004
489.57599999999996
502.18
497.39
493.51599999999996
487.87800000000004
483.672
488.69599999999997
469.118
466.36
473.898
478.86
461.156
0.0
489.71
453.316
425.91400000000004
407.29
389.548
373.292
352.366
346.728
365.79400000000004
401.29
448.00800000000004
474.42600000000004
496.65
514.246
529.722
538.9879999999999
538.0
545.822
549.0699999999999
537.424
521.076
508.10799999999995
488.028
471.53
0.0
1074.0919999999999
1071.2459999999999
1072.316
1069.274
1066.032
1062.736
1051.88
1041.21
1039.7040000000002
1053.1100000000001
1077.72
1081.824
1088.616
1082.542
1076.536
1080.262
1085.662
1093.68
1102.54
1102.8220000000001
1105.702
1103.604
1101.998
1104.146
0.0
223.952
221.43
207.152
182.70600000000002
167.296
168.344
149.32399999999998
150.36
167.248
190.78
204.482
221.738
226.18
231.26999999999998
230.908
228.726
234.25
234.92000000000002
231.826
227.542
221.102
227.136
222.198
218.26600000000002
0.0
752.44
670.896
587.014
556.324
526.758
485.84000000000003
451.31
445.446
496.72
598.298
669.368
722.434
764.184
791.87
787.65
788.024
792.214
799.234
792.804
787.9219999999999
762.88
730.442
701.924
689.9540000000001
0.0
224.154
207.492
194.952
186.426
178.302
170.862
161.284
158.704
167.43
183.68
205.064
217.158
227.32399999999998
235.382
242.464
246.708
246.25199999999998
249.836
251.322
245.988
238.506
232.57399999999998
223.378
215.828
0.0
878.11
800.298
764.63
740.5559999999999
721.574
702.52
686.8480000000001
681.27
722.4060000000001
769.418
820.348
858.576
885.9540000000001
927.736
956.794
967.2760000000001
974.176
987.314
977.0
965.066
929.5840000000001
895.948
854.974
828.19
0.0
1018.234
951.8
824.244
740.568
696.92
668.492
622.34
615.694
707.7520000000001
876.808
957.536
1044.894
1091.772
1091.3200000000002
1098.34
1102.884
1114.446
1112.022
1125.59
1141.108
1112.694
1095.304
1055.352
1035.11
0.0
3461.976
3452.81
3456.258
3446.452
3435.992
3425.382
3390.402
3355.9939999999997
3351.1440000000002
3394.35
3473.68
3486.918
3508.786
3489.212
3469.848
3481.882
3499.2659999999996
3525.118
3553.674
3554.592
3563.864
3557.1139999999996
3551.9300000000003
3558.862
0.0
623.99
556.364
486.806
461.356
436.836
402.902
374.268
369.406
411.924
496.166
555.098
599.11
633.728
656.6859999999999
653.188
653.5
656.97
662.794
657.4639999999999
653.412
632.65
605.746
582.1
572.174
0.0
1006.384
931.59
875.29
837.006
800.556
767.142
724.138
712.542
751.7280000000001
824.682
920.6940000000001
974.98
1020.6479999999999
1056.818
1088.612
1107.668
1105.6219999999998
1121.702
1128.386
1104.438
1070.844
1044.196
1002.932
969.024
0.0
729.848
665.174
635.53
615.516
599.744
583.908
570.882
566.2439999999999
600.432
639.506
681.836
713.61
736.362
771.096
795.244
803.958
809.6940000000001
820.608
812.038
802.12
772.634
744.67
710.6179999999999
688.356
0.0
1054.936
940.602
823.01
779.98
738.522
681.158
632.7479999999999
624.526
696.408
838.832
938.4639999999999
1012.8779999999999
1071.402
1110.2160000000001
1104.304
1104.82
1110.7
1120.544
1111.524
1104.6860000000001
1069.58
1024.0900000000001
984.114
967.334
0.0
931.7760000000001
862.524
810.4
774.954
741.202
710.2719999999999
670.45
659.72
695.998
763.542
852.436
902.702
944.984
978.47
1007.9060000000001
1025.552
1023.66
1038.542
1044.73
1022.556
991.46
966.786
928.584
897.186
0.0
165.372
165.142
160.35
159.434
158.352
154.308
150.076
146.876
150.624
160.12
180.098
179.614
179.524
184.144
182.38400000000001
180.964
178.894
177.35399999999998
179.196
172.018
171.01
173.77
175.59
169.1
0.0
22.490000000000002
21.664
20.692
20.218
19.68
19.0
18.52
17.868000000000002
18.468
20.663999999999998
22.072
23.240000000000002
24.212
24.828
25.09
24.994
25.344
25.454
25.718
25.43
24.612
24.274
23.362
22.744
0.0
1569.172
1430.124
1366.3899999999999
1323.368
1289.45
1255.3999999999999
1227.396
1217.426
1290.93
1374.94
1465.954
1534.264
1583.19
1657.854
1709.7839999999999
1728.512
1740.8400000000001
1764.316
1745.8899999999999
1724.558
1661.166
1601.046
1527.832
1479.968
0.0
2205.9
2010.426
1920.836
1860.354
1812.674
1764.8
1725.436
1711.424
1814.754
1932.856
2060.802
2156.828
2225.6
2330.562
2403.562
2429.896
2447.228
2480.232
2454.324
2424.3419999999996
2335.216
2250.708
2147.784
2080.496
0.0
1481.6219999999998
1350.334
1290.154
1249.532
1217.51
1185.354
1158.914
1149.502
1218.906
1298.23
1384.164
1448.66
1494.854
1565.354
1614.382
1632.074
1643.708
1665.8780000000002
1648.478
1628.342
1568.478
1511.7140000000002
1442.586
1397.392
0.0
522.4060000000001
503.128
480.548
469.514
457.036
441.216
430.10400000000004
414.97200000000004
428.94599999999997
479.892
512.626
539.674
562.252
576.668
582.76
580.518
588.582
591.1700000000001
597.3059999999999
590.544
571.668
563.69
542.59
528.1519999999999
0.0
344.06600000000003
343.6
333.62
331.712
329.47
321.05400000000003
312.236
305.588
313.382
333.136
374.71000000000004
373.694
373.51
383.124
379.464
376.508
372.206
369.0
372.832
357.896
355.796
361.53999999999996
365.328
351.82
0.0
492.84000000000003
492.164
477.876
475.144
471.91999999999996
459.868
447.24
437.716
448.88
477.182
536.728
535.274
534.998
548.774
543.534
539.302
533.1419999999999
528.5500000000001
534.032
512.6419999999999
509.632
517.868
523.29
503.94
0.0
666.512
665.5999999999999
646.274
642.5740000000001
638.2239999999999
621.9259999999999
604.846
591.97
607.0640000000001
645.332
725.8679999999999
723.9
723.532
742.162
735.0740000000001
729.35
721.02
714.806
722.2280000000001
693.294
689.226
700.364
707.694
681.528
0.0
72.684
69.996
66.86
65.32
63.582
61.382000000000005
59.84
57.736
59.676
66.764
71.32
75.084
78.22200000000001
80.23
81.078
80.764
81.886
82.248
83.106
82.16
79.532
78.422
75.49000000000001
73.48
0.0
33.992
31.774
27.516
24.722
23.27
22.32
20.78
20.556
23.625999999999998
29.272
31.968
34.884
36.454
36.434
36.672
36.82
37.204
37.124
37.576
38.094
37.15
36.568
35.236
34.558
0.0
877.96
782.812
684.9399999999999
649.134
614.63
566.888
526.602
519.76
579.582
698.1039999999999
781.028
842.956
891.664
923.964
919.046
919.48
924.366
932.562
925.058
919.364
890.142
852.288
819.024
805.052
0.0
90.574
87.232
83.318
81.4
79.238
76.498
74.57000000000001
71.95
74.37
83.206
88.876
93.564
97.48400000000001
99.984
101.036
100.64999999999999
102.046
102.49600000000001
103.556
102.386
99.116
97.736
94.076
91.568
0.0
285.53999999999996
254.594
222.76
211.122
199.894
184.368
171.268
169.044
188.496
227.04399999999998
254.018
274.154
289.99399999999997
300.502
298.902
299.042
300.634
303.296
300.86
299.006
289.502
277.19
266.37
261.824
0.0
230.356
213.236
200.346
191.588
183.242
175.596
165.75
163.09799999999998
172.066
188.76399999999998
210.744
223.168
233.62
241.89600000000002
249.174
253.542
253.07
256.748
258.28
252.802
245.108
239.012
229.564
221.806
0.0
153.04399999999998
152.838
148.4
147.55200000000002
146.55
142.808
138.886
135.92999999999998
139.392
148.182
166.674
166.228
166.14000000000001
170.416
168.79
167.478
165.562
164.138
165.84199999999998
159.20000000000002
158.264
160.818
162.506
156.49200000000002
0.0
1282.22
1267.772
1186.0339999999999
1046.05
957.846
963.852
854.93
860.87
957.566
1092.292
1170.72
1269.5240000000001
1294.972
1324.1319999999998
1322.04
1309.554
1341.186
1345.02
1327.298
1302.774
1265.8919999999998
1300.438
1272.176
1249.68
0.0
1210.63
1079.426
944.47
895.098
847.52
781.686
726.1320000000001
716.702
799.19
962.6279999999999
1076.968
1162.36
1229.526
1274.066
1267.282
1267.878
1274.622
1285.918
1275.568
1267.724
1227.43
1175.236
1129.358
1110.096
0.0
1822.598
1687.1380000000001
1585.182
1515.85
1449.834
1389.3300000000002
1311.44
1290.444
1361.41
1493.522
1667.412
1765.726
1848.432
1913.9379999999999
1971.5240000000001
2006.02
2002.326
2031.44
2043.55
2000.176
1939.338
1891.0819999999999
1816.348
1754.944
0.0
2025.3600000000001
1845.886
1763.628
1708.0939999999998
1664.318
1620.364
1584.22
1571.354
1666.226
1774.664
1892.132
1980.302
2043.452
2139.822
2206.844
2231.024
2246.9359999999997
2277.2400000000002
2253.448
2225.92
2144.096
2066.5
1972.002
1910.222
0.0
194.438
194.172
188.534
187.454
186.184
181.43200000000002
176.45
172.694
177.094
188.26
211.754
211.18
211.07
216.508
214.44
212.774
210.336
208.53
210.692
202.25
201.066
204.31199999999998
206.454
198.82
0.0
2274.56
2073.006
1980.6200000000001
1918.262
1869.094
1819.734
1779.142
1764.69
1871.24
1993.0140000000001
2124.942
2223.96
2294.8759999999997
2403.104
2478.3720000000003
2505.534
2523.4
2557.428
2530.714
2499.798
2407.9
2320.766
2214.638
2145.252
0.0
3.972
3.5380000000000003
3.1
2.936
2.78
2.566
2.382
2.354
2.622
3.16
3.53
3.814
4.03
4.180000000000001
4.16
4.162
4.182
4.218
4.18
4.16
4.024
3.852
3.7039999999999997
3.642
0.0
185.77800000000002
171.97
161.578
154.514
147.78
141.61599999999999
133.672
131.534
138.77
152.234
169.96
179.98
188.41
195.08599999999998
200.956
204.47400000000002
204.10000000000002
207.062
208.298
203.88
197.674
192.756
185.142
178.882
0.0
3042.216
2772.636
2649.08
2565.664
2499.9120000000003
2433.888
2379.6040000000003
2360.27
2502.782
2665.656
2842.104
2974.542
3069.39
3214.148
3314.82
3351.1400000000003
3375.042
3420.556
3384.822
3343.474
3220.564
3104.016
2962.07
2869.276
0.0
616.554
561.918
536.882
519.972
506.65000000000003
493.27
482.26599999999996
478.35
507.228
540.242
575.996
602.84
622.064
651.4
671.804
679.166
684.006
693.23
685.988
677.61
652.6999999999999
629.078
600.312
581.506
0.0
706.376
653.874
614.362
587.488
561.906
538.454
508.272
500.128
527.63
578.8380000000001
646.232
684.3340000000001
716.384
741.778
764.092
777.464
776.034
787.3159999999999
792.008
775.202
751.624
732.922
703.954
680.156
0.0
192.1
175.082
167.27599999999998
162.01000000000002
157.858
153.692
150.262
149.04000000000002
158.042
168.326
179.468
187.834
193.82
202.96
209.316
211.614
213.118
215.994
213.736
211.124
203.364
196.008
187.042
181.182
0.0
160.31
142.936
125.066
118.524
112.228
103.508
96.152
94.9
105.83
127.47
142.614
153.92000000000002
162.81
168.71
167.808
167.888
168.784
170.28
168.912
167.87
162.532
155.626
149.546
146.994
0.0
189.796
182.79
174.586
170.58
166.044
160.298
156.262
150.764
155.84
174.352
186.24
196.06799999999998
204.268
209.506
211.722
210.906
213.83599999999998
214.778
217.004
214.546
207.694
204.796
197.12800000000001
191.882
0.0
212.28799999999998
193.476
184.856
179.034
174.448
169.844
166.052
164.704
174.64600000000002
186.014
198.32399999999998
207.566
214.19199999999998
224.28799999999998
231.314
233.852
235.514
238.694
236.202
233.314
224.736
216.606
206.69799999999998
200.224
0.0
1212.694
1105.23
1055.978
1022.7280000000001
996.518
970.196
948.556
940.854
997.6560000000001
1062.5839999999998
1132.924
1185.712
1223.52
1281.2259999999999
1321.358
1335.838
1345.3600000000001
1363.508
1349.264
1332.778
1283.786
1237.328
1180.742
1143.752
0.0
739.774
659.596
577.136
546.9639999999999
517.89
477.664
443.718
437.95
488.36
588.23
658.098
710.2760000000001
751.322
778.538
774.396
774.754
778.876
785.7819999999999
779.454
774.664
750.044
718.148
690.11
678.344
0.0
1018.678
1007.1980000000001
942.266
831.044
760.972
765.74
679.21
683.9300000000001
760.7520000000001
867.786
930.096
1008.588
1028.81
1051.974
1050.31
1040.396
1065.5240000000001
1068.568
1054.49
1035.004
1005.704
1033.152
1010.7
992.826
0.0
555.18
495.01199999999994
433.124
410.478
388.66
358.474
332.99399999999997
328.668
366.502
441.452
493.884
533.042
563.846
584.272
581.16
581.436
584.526
589.71
584.9639999999999
581.364
562.884
538.9440000000001
517.912
509.072
0.0
1342.378
1223.426
1168.904
1132.098
1103.086
1073.952
1049.996
1041.47
1104.348
1176.22
1254.076
1312.5140000000001
1354.368
1418.24
1462.662
1478.688
1489.234
1509.318
1493.55
1475.306
1421.072
1369.648
1307.01
1266.0639999999999
0.0
1107.248
987.2520000000001
863.816
818.662
775.1460000000001
714.9340000000001
664.1279999999999
655.498
730.9440000000001
880.428
985.002
1063.1
1124.532
1165.264
1159.064
1159.6080000000002
1165.774
1176.1119999999999
1166.646
1159.464
1122.616
1074.876
1032.92
1015.3
0.0
776.48
692.33
605.768
574.104
543.588
501.36199999999997
465.732
459.678
512.5880000000001
617.4200000000001
690.752
745.522
788.598
817.1700000000001
812.816
813.198
817.52
824.774
818.136
813.1
787.26
753.774
724.3539999999999
711.996
0.0
296.18199999999996
295.778
287.188
285.546
283.612
276.36400000000003
268.778
263.058
269.768
286.772
322.558
321.686
321.518
329.796
326.652
324.108
320.402
317.64
320.938
308.08799999999997
306.27599999999995
311.222
314.478
302.85200000000003
0.0
2523.34
2249.868
1968.584
1865.666
1766.5059999999999
1629.2859999999998
1513.494
1493.83
1665.7659999999998
2006.4279999999999
2244.742
2422.732
2562.728
2655.5660000000003
2641.428
2642.66
2656.7239999999997
2680.27
2658.696
2642.336
2558.36
2449.56
2353.94
2313.7980000000002
0.0
743.084
677.2379999999999
647.058
626.68
610.618
594.494
581.2339999999999
576.514
611.32
651.1080000000001
694.208
726.552
749.722
785.0840000000001
809.6700000000001
818.544
824.3779999999999
835.496
826.768
816.67
786.644
758.184
723.51
700.842
0.0
1739.7939999999999
1585.624
1514.96
1467.262
1429.6519999999998
1391.902
1360.848
1349.796
1431.296
1524.446
1625.354
1701.09
1755.328
1838.118
1895.684
1916.456
1930.124
1956.156
1935.722
1912.074
1841.786
1775.132
1693.952
1640.884
0.0
160.62
143.20999999999998
125.304
118.752
112.44
103.704
96.33800000000001
95.086
106.026
127.71600000000001
142.886
154.212
163.122
169.032
168.134
168.214
169.104
170.602
169.228
168.188
162.844
155.918
149.834
147.276
0.0
1128.844
1044.952
981.8000000000001
938.858
897.9739999999999
860.496
812.254
799.252
843.204
925.026
1032.73
1093.622
1144.844
1185.42
1221.082
1242.454
1240.164
1258.198
1265.694
1238.838
1201.15
1171.2640000000001
1124.978
1086.944
0.0
1506.398
1343.1399999999999
1175.212
1113.776
1054.576
972.662
903.532
891.794
994.438
1197.806
1340.0739999999998
1446.3319999999999
1529.906
1585.33
1576.892
1577.6299999999999
1586.024
1600.08
1587.2
1577.4379999999999
1527.304
1462.352
1405.272
1381.3020000000001
0.0
272.06
268.992
251.64999999999998
221.946
203.232
204.502
181.4
182.65800000000002
203.174
231.756
248.398
269.364
274.764
280.952
280.50600000000003
277.86
284.568
285.382
281.62
276.416
268.588
275.91999999999996
269.924
265.15
0.0
147.39000000000001
134.32999999999998
128.342
124.304
121.114
117.91600000000001
115.286
114.35199999999999
121.254
129.148
137.698
144.112
148.708
155.72
160.6
162.36
163.518
165.72
163.99
161.98399999999998
156.03
150.38799999999998
143.506
139.012
0.0
1613.674
1611.4679999999998
1564.6799999999998
1555.7359999999999
1545.186
1505.728
1464.3899999999999
1433.2079999999999
1469.75
1562.406
1757.382
1752.632
1751.732
1796.83
1779.682
1765.816
1745.642
1730.604
1748.576
1678.526
1668.67
1695.628
1713.384
1650.03
0.0
479.708
479.05
465.14
462.48400000000004
459.344
447.618
435.328
426.06
436.918
464.468
522.426
521.0160000000001
520.748
534.15
529.056
524.938
518.936
514.4639999999999
519.808
498.986
496.05199999999996
504.07
509.344
490.514
0.0
2951.584
2631.702
2302.678
2182.298
2066.304
1905.802
1770.354
1747.354
1948.474
2346.944
2625.708
2833.904
2997.66
3106.254
3089.714
3091.158
3107.602
3135.152
3109.918
3090.784
2992.5480000000002
2865.286
2753.438
2706.482
0.0
383.926
342.312
299.516
283.858
268.772
247.896
230.27800000000002
227.288
253.444
305.276
341.534
368.614
389.916
404.042
401.892
402.08
404.22200000000004
407.8
404.51599999999996
402.026
389.252
372.698
358.152
352.046
0.0
1737.95
1583.946
1513.358
1465.706
1428.142
1390.43
1359.408
1348.372
1429.78
1522.828
1623.63
1699.29
1753.47
1836.168
1893.684
1914.43
1928.084
1954.09
1933.674
1910.05
1839.8339999999998
1773.256
1692.1660000000002
1639.146
0.0
1845.29
1645.302
1439.6019999999999
1364.338
1291.826
1191.4759999999999
1106.798
1092.422
1218.162
1467.28
1641.556
1771.72
1874.098
1941.9859999999999
1931.646
1932.55
1942.8319999999999
1960.05
1944.276
1932.3120000000001
1870.898
1791.34
1721.414
1692.054
0.0
926.26
925.0
898.1379999999999
893.0060000000001
886.9540000000001
864.3019999999999
840.5740000000001
822.672
843.65
896.832
1008.7479999999999
1006.0260000000001
1005.512
1031.398
1021.552
1013.598
1002.012
993.382
1003.696
963.4879999999999
957.826
973.306
983.4979999999999
947.1320000000001
0.0
56.495999999999995
54.408
51.968
50.774
49.424
47.716
46.514
44.878
46.386
51.892
55.434
58.362
60.802
62.358
63.019999999999996
62.776
63.65
63.928
64.592
63.861999999999995
61.826
60.959999999999994
58.676
57.116
0.0
224.964
210.284
182.102
163.614
153.97
147.69
137.494
136.026
156.362
193.71200000000002
211.548
230.848
241.21
241.108
242.66
243.664
246.216
245.68
248.678
252.10999999999999
245.826
241.988
233.16
228.692
0.0
18.174
16.99
14.714
13.218
12.443999999999999
11.932
11.108
10.99
12.634
15.65
17.094
18.654
19.486
19.477999999999998
19.608
19.686
19.892
19.852
20.092
20.372
19.862
19.552
18.838
18.474
0.0
26.126
24.42
21.15
19.004
17.884
17.154
15.968
15.798
18.16
22.496000000000002
24.572
26.812
28.01
28.002
28.182
28.298
28.596
28.53
28.881999999999998
29.278000000000002
28.548000000000002
28.104
27.082
26.562
0.0
8.808
8.708
8.152
7.188000000000001
6.586
6.6240000000000006
5.872
5.914
6.582
7.508
8.042
8.725999999999999
8.894
9.097999999999999
9.082
9.0
9.214
9.242
9.12
8.954
8.698
8.937999999999999
8.746
8.59
