0.0
106.95094702262037
101.27766397899782
97.8609452067304
96.30557322211271
97.23624662684776
101.39240454056367
110.07443993230197
114.82979852447126
119.49591446163814
125.02895900119198
130.48550989293426
135.63608597779387
139.99622706957155
145.12130530306032
147.76033807660116
149.6981785800906
151.36829106338016
149.82566811290792
147.1738862949533
142.69900462877425
140.90140257416087
136.1587929583772
126.4568415608106
115.64573136764044
0.0
103.57247510121331
99.74778990094359
97.27449347770812
96.01234735952688
96.58605014040167
100.27049688152695
106.70871696417665
110.52065320731398
113.8226314180155
117.50707815529015
121.81622348143227
125.47517228005466
128.70065687888408
132.70382734038367
135.6743328735785
138.12213135174397
139.9579802828887
139.6647543920648
138.19862505346464
134.8838978920485
132.46159729990964
128.66240998309945
120.38834100652795
111.7700503632286
0.0
184.47731591653002
182.1825048649098
180.78012027346503
179.9004426394998
179.5179741308964
180.6016349993996
182.7562075636373
183.85261734819935
185.08926553029542
187.01435711772612
189.83187521667438
192.95536807116326
195.8238820397146
199.36809027933828
202.32584690417553
204.50591742888585
205.9975446766165
205.76806357145452
204.14894679090648
201.56090975861378
198.7943874907622
197.22626663115935
193.24859396198718
188.76096330273637
0.0
281.07611500764637
269.35982942027215
261.9016932201253
258.25549331830837
260.34632122523914
271.15743143637906
285.1812771582937
292.62666427552034
303.2847870832189
318.04807195171634
334.20099245709326
348.93877932661155
361.2670146561061
373.17453456195955
380.78565812704124
385.43902510579227
385.6940040815783
380.0972147217067
368.1386990746052
357.12360571877593
352.0240253559112
341.174668447937
321.6942718535332
300.84973749287406
0.0
38.285098807349954
36.20701985498442
34.779137380080144
33.8867108351903
33.618982870183075
34.702643678359465
37.137693250734614
37.9791239914824
39.152027454661194
41.49783437203394
44.21336086269803
46.801397842365176
49.045213160438635
51.21253476780657
52.90814520771807
53.953559156049266
54.438019285772285
53.622086442603106
51.8372333528234
49.82289915274748
49.210949517161716
47.99979920312259
45.01654475258547
41.485085418752206
0.0
657.6291214897294
618.5663367285771
594.0373556409118
581.6836224407931
588.0071020311887
622.1742897538626
681.1636843651775
713.0360610362312
736.1116617013554
767.4358334159506
803.6938491739105
837.2108403677813
868.2035394048697
899.4002216251541
924.6303949828708
943.8048167318854
961.8700798701276
967.6326055880061
953.7489982636251
924.1204370312986
904.7292830546744
873.558098653672
806.0524049726861
730.527621347391
0.0
46.214946113342876
43.473921725100176
41.740064430477695
40.8731357921513
41.31934906202913
43.71615178354393
47.872309697259844
50.103376062051574
51.72249279125754
53.92806125847066
56.47785138727747
58.836407257931945
61.016477818581585
63.209297332512996
64.98140147414516
66.32004129789769
67.59493636037578
68.00290277554261
67.02123357565036
64.94315462328481
63.579016905804345
61.38619739187295
56.64358774400054
51.34002427366931
0.0
195.68364355233203
183.07493141493384
175.57854833825556
171.58812680436662
172.28931916426654
182.1825048649098
199.59757138450027
208.1011215381126
213.2644465582842
220.91381691004878
230.462780927278
240.26672397163526
249.72644542242702
259.50489050631177
268.03393853054814
275.1351040542092
281.2291024110877
283.67690095599784
280.89762973358097
273.5924809753819
268.05943640117215
257.94951851142565
237.86992125782177
215.35527446521505
0.0
228.05322925889922
215.95447512441515
208.67482423684012
205.36009710237855
207.34893343696461
216.20945410020124
234.708181488295
244.86909520913818
254.80052769646417
266.6060560299728
278.24584795413284
289.23544343933804
298.5166795262159
309.4552791803246
315.0775664108202
319.2209753481505
322.77793263218797
319.4759544137851
313.84091822872415
304.27920520558763
300.44177107514014
290.3446021784654
269.6530552725896
246.59020356203087
0.0
1167.357666415475
1098.041621763817
1054.4912062920719
1032.5630112426065
1043.7820877431252
1104.4288460500259
1209.148726657796
1265.7158206846734
1306.6909481685398
1362.2891219051655
1426.6458245016443
1486.1579263656554
1541.169648821218
1596.5383410291106
1641.3381537915432
1675.365103347722
1707.4414627398935
1717.6661216828056
1693.0096504590545
1640.420229114185
1606.0108113061126
1550.6676163142333
1430.827480238493
1296.772264237878
0.0
49.210949517161716
46.278690861781826
44.442841971710706
43.52491752924225
43.99662870183288
46.55916778392141
50.970304709362814
53.354358477595895
55.075466815086
57.421273736309374
60.13680022697348
62.6483435010693
64.96865252086343
67.30171049778995
69.18855519200314
70.61643766177322
71.96782643495682
72.40129075668712
71.3686257526528
69.15030833215795
67.69692795967507
65.36386999558404
60.3152855369783
54.66750039991916
0.0
447.2204399454312
441.63639954012484
438.23242974937733
436.1288528878813
435.1981794613259
437.8117143642427
443.02603521551094
445.69056582116923
448.6993181872546
453.3654341719129
460.18612275931537
467.77174836392453
474.71992648414414
483.3127192555359
490.4648805204451
495.7556950734341
499.36364809871964
498.8154432706161
494.91426426465813
488.6162826732416
481.9230836186565
478.1238962748917
468.47294063397584
457.5980857270226
0.0
864.1238751633529
812.8093488129331
780.5672526391834
764.3378384320855
772.6501542672188
817.5392094934047
895.052829453286
936.9203833973278
967.2501369895541
1008.4164986635445
1056.0593272415233
1100.1069517487817
1140.8271001285068
1181.8149764770899
1214.9749971228298
1240.166923655357
1263.9054697140014
1271.4783460944996
1253.221848766133
1214.2865538073436
1188.814150428406
1147.8645209050126
1059.1445733606713
959.9194904505794
0.0
95.22191242292116
94.02351106216378
93.30956981829388
92.85060759898496
92.6593733446833
93.22032716329149
94.32948587803132
94.89043970049015
95.52788723878872
96.52230538297785
97.9756857593114
99.59480249750223
101.07368076756373
102.89678071718865
104.42665479524284
105.54856245427955
106.3262484337529
106.19875892789017
105.37007714042412
104.03143732052222
102.60355484561795
101.80037095573051
99.74778990094359
97.42748088114942
0.0
50.039631313612624
46.8141467956469
44.889055246722734
43.86913919597014
44.06037345027183
46.58466568150003
51.03404945780175
53.21412002743627
54.52726194077469
56.4906003405592
58.925649912934354
61.43719319601501
63.8467448618267
66.35828814875804
68.53835870940769
70.34870969291535
71.90408167753303
72.54152920684675
71.82758797581235
69.95349223103024
68.53835870940769
65.9503217207557
60.82524356427991
55.06271786180427
0.0
9.523466136721806
9.179244469737204
8.949763357515653
8.835022801854118
8.886018604199215
9.217491321496027
9.816692002259794
10.16091367014288
10.466888485368658
10.811110153251745
11.206327623864993
11.53780034026332
11.843775156002518
12.213494724544734
12.481222692119049
12.710703798051208
12.876440155544417
12.85094225796581
12.710703798051208
12.404728984622396
12.187996822987117
11.831026205416244
11.078838116333637
10.288403176390688
0.0
205.66607190926123
192.40716324305976
184.52831174762667
180.33390697919978
181.08609508034775
191.4764898678464
209.78398297596746
218.70824842486593
224.13930142673098
232.18388924166422
242.21731342969005
252.51846559940924
262.4626471311491
272.7383013018892
281.71356258188433
289.1589497376174
295.5716719457924
298.1469599336713
295.22745026237834
287.53983295706945
281.7263115364496
271.1064356052824
249.9941733142719
226.33212090600645
0.0
132.56358887225437
125.38592964302197
120.41383891309144
117.34134179856709
116.42341735994927
120.15885990136596
128.5986652166908
131.53092385025033
135.5723412113852
143.70617175705033
153.11489737674546
162.06466069626802
169.84152061935643
177.36340143830367
183.22791881837517
186.82312288909543
188.51873328151558
185.68846618949556
179.49247626027233
172.51880026942857
170.41522340793247
166.2335675940709
155.88141959325503
143.6551759259537
0.0
89.08966715998969
84.27056380654595
80.93033873599924
78.86500873691544
78.25305910518033
80.76460237927616
86.43788542289873
88.40122382268325
91.11675031334734
96.58605014040167
102.90952966148548
108.92703437568662
114.15410414044653
119.20268859905231
123.14211435190305
125.56441500693587
126.69907160128464
124.79947789602996
120.6305710739566
115.95170618350798
114.53657266188542
111.71905456807139
104.77087646197073
96.5478032895413
0.0
529.0687031611219
497.65528870039213
477.91991313020236
467.9757315984625
473.06256291691335
500.5493005395676
548.0136437536324
573.6390346258598
592.2142557156743
617.4061821583532
646.588530263276
673.5525608899443
698.4895083568371
723.5794432271712
743.8757726698784
759.3020029447314
773.8485556241258
778.4764247322523
767.2955950569229
743.4678062008022
727.8758395679429
702.7859046976087
648.4753749356688
587.7138761403646
0.0
152.9364120128315
147.19938425542588
143.64242700989493
141.18187951041952
140.90140257416087
144.5731003466018
153.62485532831764
158.6351929450479
161.68219218766464
165.86384800152626
170.81044087110115
175.71878682563815
180.39765176486168
185.66296831887152
191.06852339877042
196.2700952954734
200.32426161502428
200.59198950686906
198.3481741964969
193.38883241086327
189.70438568385705
185.29324876483338
174.52038543022485
162.79135088828545
0.0
101.59638774814708
97.79720045444081
95.4258956305046
93.7940299480169
93.60279569371521
96.05059421038722
102.05534996745598
105.39557503800272
107.4099092419293
110.18918048488297
113.47840976027251
116.74214112011367
119.84013613221667
123.34609755948648
126.94130164175868
130.3962672559016
133.08629585283774
133.26478112690313
131.77315398442357
128.4711756838735
126.02337721725995
123.10386750104274
115.93895723022622
108.14934838337778
0.0
165.86384800152626
155.16747840714493
148.80575203006654
145.42728010994304
146.02648076914315
154.41529030599696
169.17857513598784
176.38173227050018
180.754622402841
187.23108926832285
195.3266729143527
203.63898874948583
211.65807869379503
219.9448966583041
227.17355162493394
233.1910564084468
238.35438142861838
240.4324602911354
238.08665340841853
231.87791443478147
227.1990495854065
218.63175472314532
201.59915667365166
182.52672645847528
0.0
173.66620579523868
162.47262707549544
155.8176748974417
152.2734665679695
152.9109141422075
161.68219218766464
177.14666928770694
184.681299151068
189.25817242809828
196.05336314487664
204.53141529950986
213.2261996432464
221.61500918010015
230.3097935238366
237.86992125782177
244.16790284923826
249.58620693504443
251.75352858220242
249.29298108272704
242.80376517283136
237.8954192182944
228.92015793829924
211.09712491112623
191.11951922986708
0.0
242.8675099199868
229.7360907866026
220.6205910577314
214.9983038272357
213.31544229953235
220.16162884740731
235.62610594744962
240.9934142021592
248.3878055781377
263.3040778500765
280.52791017954286
296.92306070614046
311.189136449276
324.9580031568982
335.70536862088267
342.2838270587092
345.3945710869879
340.21849711225104
328.84643311844235
316.07198453318904
312.23455040274143
304.5596821418463
285.5892435375212
263.189337233318
0.0
373.7609863051009
369.09487028193615
366.25185431236383
364.4924991342819
363.72756211707514
365.90763268029184
370.2677737682189
372.48609124647345
374.9976344486904
378.9115623707072
384.5975942970163
390.9465717195294
396.76009326850425
403.92500353932076
409.917010362361
414.3281471915361
417.3496485635289
416.8906863532047
413.6269549599912
408.3616383674749
402.7648490076034
399.59036032201783
391.520274546612
382.44302169427215
0.0
1127.2622166554224
1060.317476795612
1018.2714375775049
997.0954305008324
1007.9320385825964
1066.4879689440597
1167.6126454811097
1222.2291500499323
1261.8018926728082
1315.48772431566
1377.63885878635
1435.098379055199
1488.2232568255338
1541.6923554834812
1584.9495445766534
1617.8035911342984
1648.7835409729473
1658.6639772312758
1634.8489377532924
1584.0571183988586
1550.8333532241668
1497.4025010320147
1381.6802761128288
1252.2146821384417
0.0
61.947151223316645
59.626842203522514
58.18621077148585
57.179043674014984
57.064303121433966
58.55593034862786
62.22762813262074
64.25471128982905
65.49135950144678
67.18696993237343
69.18855519200314
71.17739148936626
73.0642361874301
75.20605989721942
77.38613045786909
79.50245627007979
81.13432195256749
81.2490625051485
80.34388701082757
78.32955280690099
76.83792557970712
75.05307249377807
70.6929313634939
65.93757276747397
0.0
1217.1168208608574
1138.6470296037965
1092.0113680642453
1067.189161214111
1071.6002981331346
1133.1012360750215
1241.4545676685495
1294.2862191373245
1326.4135748740127
1373.9926585764808
1433.377270894839
1494.3555022129697
1553.1664116400673
1614.0426506285587
1667.091033670332
1711.2151521103501
1749.143280582639
1764.3910255962617
1747.1161974870408
1701.6279415374772
1667.2312720807015
1604.3406988613292
1479.426480485881
1339.4047551092783
0.0
200.01828680814154
192.5219038213118
187.86853684256084
184.64305223603012
184.2733327718406
189.09243607009165
200.92346227422436
207.4764228799334
211.46684450367084
216.9361443307252
223.41261119620705
229.8125844883233
235.93208075433236
242.82926304345543
249.89218174192717
256.7128703293296
262.00368479247
262.34790651439056
259.4156478885323
252.92643197863666
248.10732864187906
242.34480296250732
228.25721249343718
212.9074758817984
0.0
41.166361658587775
38.948044247077775
37.3926722624601
36.44924991342818
36.156024050842355
37.31617856073943
39.94246239126691
40.84763788558784
42.109784007619695
44.63407623499725
47.55358593709541
50.33285717619845
52.75515779529186
55.08821576836773
56.91131570900775
58.02047441476276
58.54318139534612
57.67625274803487
55.751161199110705
53.58383959174277
52.93364310529668
51.633250136255135
48.407765627274266
44.60857832843379
0.0
328.1452408868975
310.39870156144525
298.08321518651593
290.4848406273415
288.2155273564967
297.4457677021265
318.35404675859905
325.60819968570144
335.5906280041242
355.7467189979552
379.013553943052
401.18397914209316
420.43489459282836
439.04836259768075
453.556668362037
462.4554359403116
466.6498407087384
459.66341580183587
444.3136791901971
427.03885102963403
421.8627770934037
411.4851312219638
385.85974040107834
355.5937315945138
0.0
310.7046763683279
290.67607485597216
278.76855495011876
272.43232649500646
273.5669831047578
289.26094130996216
316.92616425802373
330.41455406789373
338.61212928626827
350.7618793416976
365.9203815963506
381.48685035858614
396.50511420286966
412.0460850944812
425.5854706969413
436.84279407399134
446.5319965400966
450.42042650164086
446.00928958261716
434.3949955290812
425.6237174836241
409.56003972438174
377.6749141372692
341.92685651057843
0.0
241.5416190302627
232.48986404854688
226.86757681805122
222.96639794044825
222.53293360074824
228.34645511121664
242.62527989876597
250.54237818088188
255.3487326529227
261.95268905122185
269.78054471555834
277.51915781345735
284.9008002220351
293.22586497322703
301.76766191352215
309.9907350923693
316.390708345979
316.7986747252064
313.26721544014805
305.41386181533903
299.6003402663642
292.6394133199342
275.63231305121604
257.0953388764395
0.0
93.11833556399218
89.66336994086446
87.44505252036959
86.31039591703599
86.82035394048695
90.13508111345507
95.92310470452449
99.35257243007361
102.32307793631385
105.63780510928198
109.51348610085829
112.80271536726293
115.6967271717825
119.29193125405472
121.96921088872426
124.17477935593739
125.81939398272198
125.55166598177533
124.23852410437632
121.25526965383922
119.08794804647131
115.65848032092217
108.22584208509848
100.48722904239207
0.0
23.751295061984244
22.221420983930027
21.303496541461573
20.819036415589206
20.90827907059161
22.106680431349016
24.22300623457488
25.255671238609203
25.880369827476688
26.811043223226882
27.971197733123944
29.156850140599616
30.30425569721496
31.489908113675483
32.52257311770981
33.3895017560362
34.12894089363405
34.42216675621987
34.09069404277371
33.19826749788386
32.535322062006685
31.29867385038894
28.863624274163147
26.135348839202173
0.0
279.8139689035842
263.20208618788325
252.76069562062995
247.49537902811366
250.19815654880986
264.73196031214525
289.83464413704473
303.3867786555636
313.2034706544862
326.5388730224083
341.96510333576776
356.2311791687519
369.41359413323266
382.6852517539994
393.41986813506355
401.5791965667553
409.26681383355776
411.7146124169744
405.81184825021995
393.2031359844668
384.9545649349957
371.6956562687941
342.9595214581365
310.83216581129676
0.0
58.30095133305172
55.15196051680667
52.95914101186013
51.60775223867652
51.21253476780657
52.857149403575995
56.567094042279884
57.85473805803968
59.626842203522514
63.209297332512996
67.33995734865029
71.27938309765041
74.70885082319953
78.01082904288593
80.58611706927134
82.16698695660182
82.91917504234719
81.66977787744773
78.9415024386361
75.88175427739347
74.95108088549394
73.11523199157216
68.5638566069863
63.183799434934386
0.0
202.733813283403
194.28125896088733
188.90120179011896
186.27491797114342
187.77929413493285
195.5816519799873
205.69156986973383
211.05887803459487
218.7592442559626
229.4046180192473
241.0571589493146
251.68978379654052
260.5758023304012
269.15584618573416
274.65064388341256
278.0163668489708
278.1948522128847
274.1534348478992
265.5223951999761
257.57979895738754
253.90810114644012
246.08024552061013
232.0309018382228
216.99988907788054
0.0
103.3812408379268
97.24899557114462
93.38606352899941
91.44822303064416
92.44264118381814
97.80994939873767
107.07843652848314
112.08877413622855
115.72222506936109
120.64332001825345
126.3421009633053
131.620166487283
136.49026572573248
141.38586274495748
145.36353532428112
148.37228769036653
151.21530365993883
152.12047916452818
149.92765968525265
145.27429270650168
142.2272934638849
137.3316964485106
126.71182053659665
114.84254747775299
0.0
47.91055654812018
46.11295450505874
45.00379579930375
44.22610980699491
44.1368671519925
45.297021661889566
48.12728870898532
49.69540964303408
50.651580936362876
51.9647228625368
53.50734589002209
55.049968917507385
56.5160982381378
58.160712873907244
59.85632330868454
61.48818899117223
62.75033510935343
62.83957776435584
62.13838547761833
60.5830135019855
59.42285899208844
58.045972321326225
54.66750039991916
50.99580260694142
0.0
287.65457357382803
270.57097969323775
259.836363273667
254.4308081424261
257.19733044878416
272.1391006426891
297.95572574354713
311.89032880917597
321.9874976160021
335.6798706604101
351.539565274963
366.2008585711158
379.76574204419995
393.4071192190048
404.44771044545814
412.83652007216045
420.7408693997112
423.25241273028314
417.1839122440287
404.21822934029615
395.7401771856629
382.0987999723515
352.57223031236964
319.53969916094053
0.0
51.9647228625368
48.624497788139415
46.62291253236036
45.564749630747436
45.75598389403398
48.38226772071081
53.01013680701734
55.266701082223186
56.630838799703675
58.67067090120885
61.207712081868145
63.808498010966375
66.32004129789769
68.92082722699593
71.19014044264799
73.0642361874301
74.68335291663608
75.33354940308216
74.59411026163366
72.65626976841261
71.19014044264799
68.50011185854736
63.17105048165265
57.191792627296714
0.0
10.18641157131543
9.6509556438681
9.319482926571286
9.16649551915093
9.255738173639916
9.6509556438681
10.479637435954935
10.938599659499554
11.384812932457898
11.907519909318957
12.430226886180014
12.914687006404755
13.335402385378433
13.819862505346466
14.07484151707195
14.25332682707676
14.419063183799844
14.266075780358491
14.011096768633005
13.59038139787405
13.411896087484172
12.965682810931886
12.047758366153039
11.015093363402263
0.0
180.9331076769064
169.26781779227383
162.33238867796138
158.64794189961316
159.2981383899099
168.43913598940517
184.5538096182507
192.40716324305976
197.17527080006272
204.25093836325124
213.08596115586377
222.1504650921449
230.88349631241275
239.93525129412856
247.82685170562038
254.379812401178
260.0275975022977
262.28416172872863
259.721622695415
252.95192993910922
247.83960066018565
238.49461987749447
219.9321477422453
199.1131113035522
0.0
95.43864458378634
90.27531956746535
86.69286443462424
84.47454702311424
83.82435054051876
86.50163017133768
92.58287963397777
94.69920544618849
97.60596619115425
103.45773453964746
110.2274273357433
116.67839637167476
122.27518570459183
127.68074079219205
131.91339236270437
134.4886804481331
135.71257967951453
133.6854965312911
129.2106148304562
124.20027725351598
122.6831521287435
119.67439977164294
112.21626364209129
103.4194876887871
0.0
837.2490872828189
783.2700301983859
751.1936703826427
734.1100764122039
737.1443267002553
779.4580939385623
853.9884594414889
890.335717688873
912.4296491861935
945.1562054922335
986.0165923978478
1027.96064004361
1068.4130604416418
1110.2933633017426
1146.780860126358
1177.1361116277149
1203.2204646204177
1213.7128510187674
1201.8308290348803
1170.532155190909
1146.8828516987026
1103.612913163216
1017.6849858343635
921.3666636409993
0.0
25.803876125756013
24.83495587016064
24.235755187856608
23.827788772689765
23.776792968547706
24.401491544579688
25.91861667833703
26.77279636851589
27.282754395817513
27.983946686405677
28.82537742330281
29.654059219753712
30.44449415635943
31.3241717569524
32.24209619557022
33.12177379616318
33.81021713346962
33.84846398432995
33.46599546674173
32.637313670290816
32.01261509040818
31.27317595281033
29.450076003185444
27.47398865910405
0.0
178.30682381942438
168.6686170945672
161.97541803998206
157.8447580572171
156.60810978527246
161.63119635656804
172.99051139581138
176.9299371884522
182.36099013897518
193.31233870914258
205.95929776157865
217.99430720024932
228.4611957279752
238.57111357921508
246.46271402921352
251.29456624352332
253.5766284689334
249.77744116367515
241.42687854185917
232.05639979869542
229.23888166124067
223.59109656012095
209.66924244905746
193.22309609136312
0.0
840.8442913535392
830.3519048653409
823.9519317015796
819.9997569928801
818.2531507693634
823.1614967239004
832.9654397682575
837.9757773849879
843.6235625759562
852.4203384920374
865.2202849479147
879.4863607808988
892.5667840831866
908.7069556725044
922.169847573244
932.1012800605702
938.8964707773483
937.8638057784481
930.5204101950599
918.6766350748684
906.0934207695877
898.9540084207375
880.7995026647156
860.3629347346257
0.0
228.24446353887188
215.89073037725976
207.33618448239932
202.04536992941044
200.4645000639003
206.8899712266406
221.4237749514695
226.48510830944787
233.4205375136088
247.44438319701703
263.62280157301797
279.03628293181214
292.43543008539615
305.3756149901497
315.4727838354824
321.65602493849536
324.58828360286014
319.7181844350059
309.0345637566833
297.02505227848525
293.429848207765
286.2139421571939
268.3909091685274
247.32964270861353
0.0
288.80197909963806
270.18851118463436
259.12242199770833
253.23240678551932
254.27782073898476
268.87536924947557
294.59000273948243
307.1222212136664
314.7460937333135
326.0289149809877
340.1292544944716
354.5993134336386
368.5466654538326
382.99122656088207
395.58718978222146
406.05407827144086
415.0548374220601
418.6755393634043
414.570377341112
403.77201604603084
395.61268774269416
380.6964153809068
351.0551051940149
317.8313397626131
0.0
498.4074768015401
492.1859888733378
488.38680156807953
486.04099464685623
485.008329647956
487.92783935775554
493.7286119521651
496.69911736470624
500.0520914142057
505.266412265474
512.8520378700831
521.3045921925988
529.0559541167081
538.6304160944098
546.598510297471
552.488525458318
556.5171938687382
555.9052442549729
551.5578520831046
544.5331802611641
537.0750440995238
532.8423925059075
522.0822781258643
509.9707750753215
0.0
97.61871514443598
92.44264118381814
89.33189721843344
87.90401474866334
88.75819444269287
92.55738173639917
100.47448008911037
104.8218722661128
109.06727282584626
114.12860623388308
119.11344594404987
123.80505977879537
127.78273236453674
132.46159729990964
134.87114895673648
136.64325312917384
138.17312718284063
136.75799363683058
134.34844198000377
130.25602878777224
128.6114141520028
124.28951990851839
115.42899920677527
105.56131139857645
0.0
375.74982254983837
353.4264099473559
339.415313218513
332.3523945713832
335.97309651272747
355.4917400221691
389.1999655345191
407.40546703178904
420.5878819962698
438.48740872516345
459.2044535915119
478.35337738005376
496.06166988031674
513.8847029074898
528.3037660540666
539.2551147140825
549.5817646645773
552.8709939669213
544.9411466403916
528.0105401632427
516.931702060258
499.12141807749884
460.5430933972947
417.4006443047769
0.0
132.19386929896302
123.67757027293264
118.60348792059892
115.91345933264765
116.38517050523825
123.06562065018238
134.83290206095185
140.58267881271286
144.06314239502964
149.23921636976655
155.6774364485656
162.3068907174888
168.6941150550398
175.31082044641073
181.07334612578245
185.85420263735074
189.9848626201157
191.62947727128773
189.75538151495365
184.8215375999441
181.08609508034775
174.25265753838005
160.68777406529588
145.47827594103967
0.0
549.6200115796152
526.6846493633672
512.1253476780656
504.9986842837805
509.0783485252974
530.2288576414973
557.6391015239243
572.1856542033184
593.042937518543
621.9065617336627
653.498461468458
682.3110899808362
706.4193556833669
729.6989394931803
744.5769649399298
753.6797157142357
754.1769247497489
743.2383250956404
719.8440006690685
698.3110229929231
688.3413435905591
667.1143408111452
629.0332251664544
588.2748299230334
0.0
514.7388825809824
495.69195032627863
483.40196191182196
477.1677250675608
479.9852430766605
498.29273627463016
530.2671045180285
549.2375430710117
565.6581914682336
583.9401867057304
605.3711727196825
623.5894232998727
639.5766073573943
659.4777193369329
674.253753121489
686.4290010475423
695.5190028159409
694.0656224832481
686.7859715956731
670.2888294582241
658.3048158506501
639.3853731287637
598.2572582799627
555.4717799152729
0.0
1606.4442761720682
1586.3901768147593
1574.163932890748
1566.6038054134729
1563.2763284901384
1572.6595569708331
1591.3750160346099
1600.9622275059683
1611.76058882672
1628.538207489692
1653.016192040308
1680.2734487374971
1705.2486436328475
1736.088355061127
1761.8029884741204
1780.7734271426232
1793.7518592191248
1791.7885207038203
1777.7646747893734
1755.1352875597051
1731.1035154562112
1717.4493894423604
1682.7722431648458
1643.7349567877382
0.0
311.59710291835194
293.09837553025824
281.471332470815
275.61956413515725
278.6155675081709
294.80673483873716
322.7524347615639
337.85994118512036
348.7857919231702
363.62557045488177
380.81115599766537
396.69634848284244
411.38313964961924
426.15917339566874
438.1176891711253
447.19494198495863
455.7622368857264
458.4905122770466
451.9120537493715
437.875459111398
428.683465680806
413.92018081230873
381.93306365285133
346.1467591496294
0.0
593.527397599491
555.2550477261696
532.5109197385523
520.4121656425747
522.5667382966609
552.5522702054734
605.3966706801551
631.1622999499165
646.8180113684381
670.0211015663793
698.9867173538439
728.7172702868703
757.4024092664314
787.0819664582093
812.9623362163744
834.4698159320471
852.9685433586474
860.4011816496637
851.9741251977722
829.7909510826721
813.0260809635298
782.3521057777377
721.4376194891438
653.1542397850438
0.0
456.820399793757
437.76071853314596
425.6492154440966
419.7337023612835
423.1249231974658
440.6929771590043
463.4881009777181
475.57410615763695
492.9126791038618
516.8934552350686
543.1562936301921
567.1115718907748
587.1529222678474
606.4930803748686
618.8595625295525
626.432439269445
626.8404056486723
617.7504038802737
598.3082541110592
580.4087273821657
572.1219094176565
554.4773617929039
522.821717272447
488.94775544059695
0.0
526.7993898902771
495.51346496236465
475.8673320484608
465.9741463478176
471.03547979564445
498.4074768015401
545.667836832409
571.1912360809497
589.6772145144781
614.7671494233189
643.8092590023526
670.6712979668276
695.493504945317
720.4814481534579
740.6885349783855
756.0510205060831
770.5338284896638
775.148948553377
764.0191147091443
740.2805685991581
724.7523466236054
699.7771523700299
645.6961037132521
585.2023328482992
0.0
549.5180200072705
514.0886861420277
493.04016854683056
481.83384096237063
483.8226772071081
511.58989176602097
560.5076154026272
584.3609020908651
598.8692079835766
620.3511897387767
647.1622329620035
674.6872174611891
701.2432817086298
728.7300193312841
752.6852975020186
772.5991584361221
789.733748147809
796.6181814823669
788.815823727161
768.2772642247265
752.74904228768
724.3443802443779
667.9557715300725
604.733725235293
0.0
83.69686103465605
79.17098355278297
76.0219927403886
74.0841522381827
73.51044946244212
75.8690053330966
81.19806670100644
83.04666454820993
85.59645467316611
90.7342817957591
96.66254384212235
102.32307793631385
107.23142393192447
111.97403357979688
115.68397821850076
117.95329143415283
119.02420328904749
117.23935019926779
113.32542234784628
108.9142854224049
107.60114350521584
104.94936177197553
98.4091500810417
90.69603493591391
0.0
13.768866708648991
13.246159729990962
12.927435959686486
12.710703798051208
12.685205900472598
13.016678615073955
13.832611458628195
14.278824733640223
14.546552689662585
14.929021211101466
15.37523448611349
15.808698807843786
16.229414180143003
16.713874306015366
17.19833442675353
17.670045599344164
18.027016219353786
18.0525141297679
17.848530909348977
17.4023176433218
17.07084492089079
16.67562745515503
15.706707199559652
14.648544297946723
0.0
982.1664093128348
941.1912819573237
915.1579246673623
902.4217229971467
909.7141227109321
947.5020125033055
996.4834808870671
1022.4913402165557
1059.7565229744366
1111.3260283391492
1167.7911307551751
1219.2841425080153
1262.3755956410812
1303.9626725590156
1330.5569833621003
1346.8246448051234
1347.6915738439177
1328.1729302831338
1286.3563719904919
1247.8800387414417
1230.0570058041171
1192.141626517433
1124.0749790537784
1051.2402239432722
0.0
1380.698606855177
1323.098848098945
1286.4966104778741
1268.5970838388291
1278.8472402673003
1331.9721171391495
1400.8292000425615
1437.3931901068195
1489.7658792112434
1562.2819112662548
1641.6441291118458
1714.0454199725007
1774.615683640689
1833.0696224169717
1870.4622953622809
1893.333912048408
1894.5578120460689
1867.1093212229327
1808.3239090118484
1754.230112132129
1729.1784234067022
1675.875060760203
1580.1941868470299
1477.807363756675
0.0
927.3714193800984
888.6783541216422
864.0983772927286
852.0761168599655
858.9605501431811
894.632114119493
940.8853070605924
965.4397860188818
1000.6268898243973
1049.3278812719002
1102.6312439954124
1151.2557417411947
1191.9376433727434
1231.2044113299273
1256.319844160734
1271.682329239189
1272.498262716432
1254.063279574909
1214.5797796981676
1178.258019282901
1161.4294043780967
1125.6303509588158
1061.3628907490775
992.582302009464
0.0
319.67993764832306
307.69592404074905
300.26328571122616
295.09996069105455
294.5135090377617
302.2011262532221
321.10782011039186
331.58745755417635
337.9619328473136
346.6949640162394
357.04711201705527
367.2972682658292
377.07571343956255
388.0908067953918
399.3863770874798
410.26123199443305
418.73928414906624
419.28748906701827
414.6086241277947
404.21822934029615
396.51786320877704
387.3131208236198
364.79847394116456
340.2567439374404
0.0
174.12516800556273
164.70369346980885
158.17623073472384
154.14756232430358
152.9364120128315
157.8447580572171
168.93634511476708
172.7865281612734
178.07734271426236
188.77371234715017
201.12744550876235
212.88197801117434
223.1066363893243
232.9743242193435
240.68743939527653
245.40455112118283
247.63561751549622
243.91292387345217
235.76634439632568
226.6125978422652
223.8588244904723
218.35127783822867
204.76089640467188
188.69721864542947
0.0
249.4204705256958
235.93208075433236
226.57435096573377
220.7863273772315
219.06521906284527
226.08989088478572
241.97508336996268
247.49537902811366
255.08100463272282
270.39249432932377
288.08803791352796
304.9294017343909
319.5651970315645
333.7165322862966
344.7443745581847
351.5013184882803
354.70130500598333
349.38499258237033
337.70695378167903
324.58828360286014
320.6488579000678
312.75725739872746
293.2896097203824
270.27775384092024
0.0
337.31173635701685
319.06798794470916
306.4082799377078
298.59317322793663
296.2601152612785
305.7580834987531
327.2400653823082
334.7109504086654
344.97385566334674
365.6909004911886
389.6079319137466
412.39030677789515
432.18942713374696
451.3128530516649
466.22912532360374
475.37012301294743
479.6920172243431
472.50160904439616
456.71840813156376
438.9718688061115
433.655556472347
422.98468474858976
396.6453526517458
365.5251641716885
0.0
44.481088822571046
42.810976285372355
41.77831129032288
41.05162110600676
40.97512739145059
42.046039246345245
44.672323085857585
46.13845241162221
47.01813000323032
48.22928031726947
49.66991173647062
51.09779421522556
52.46193193270604
53.99180600690961
55.55992694480901
57.077052065730854
58.26270448219137
58.33919818391205
57.67625274803487
56.23562132498307
55.164709470088404
53.88981440761032
50.75357254464701
47.33685377237961
0.0
17.185585482456652
16.548137949292286
16.1401715251406
15.93618831755718
16.025430972559587
16.63738060429469
17.708292459189355
18.33299103907199
18.8811959133833
19.493145548969057
20.207086780003447
20.819036415589206
21.35449234046943
22.01743777634661
22.514646850366507
22.92261327451819
23.215839137104016
23.177592286243677
22.92261327451819
22.37440839635623
21.979190925486268
21.341743396172554
19.97760567484142
18.549723199937137
0.0
438.423663978008
412.39030677789515
396.0334030379803
387.7975809045679
392.0174836334674
414.78710949170875
454.1176222730608
475.37012301294743
490.7581064112691
511.62813864255224
535.8128980468036
558.1618085199102
578.8151085620902
599.6086470403108
616.4372619066085
629.2117105303684
641.2594688850977
645.1096519701106
635.8411647992915
616.0930403130429
603.1656043243482
582.3848147108445
537.3810189962551
487.02266385316625
0.0
55.41968848566454
53.34160953329902
52.0539655175392
51.161538963664505
51.05954736436521
52.398187184267094
55.67466749739003
57.48501849373319
58.59417719948819
60.111302329394874
61.908904372456306
63.68100850510363
65.37661894886578
67.28896154450824
69.23955098716036
71.1263956852242
72.60527396427054
72.69451662312359
71.87858377995443
70.080981736893
68.74234191699111
67.1487230815131
63.247544183373336
58.98939467035815
0.0
142.58426410186425
134.11896087484175
128.80264845122878
126.12536878960465
127.48950649296609
134.8966468273605
147.69659329093926
154.60652453462762
159.60411319679258
166.39930391357098
174.2654064544388
181.53230833610652
188.2510053511642
195.00794919141129
200.48999793452433
204.6461559162684
208.56008374843668
209.80948093644002
206.8007284805061
200.37525744612086
196.16810363328017
189.41115983153963
174.77536449585946
158.39296288532057
0.0
135.8528181476439
127.09428904520006
121.89271718700358
119.11344594404987
119.61065501421913
126.48233943143462
138.56834460750275
144.4711087742571
148.05356392891858
153.36987635253152
159.99933065996126
166.79452137673965
173.360230988356
180.15542170513436
186.08368374251276
191.00477861310853
195.23743029657328
196.94578969490072
195.00794919141129
189.9338667890191
186.09643269707803
179.07176083663114
165.13715780950884
149.5069442616114
0.0
77.44987521529288
73.26821939501352
70.36145864619708
68.5638566069863
68.02840068210607
70.20847124275573
75.14231514878047
76.85067453298886
79.20923040364333
83.96458899966326
89.45938672429617
94.69920544618849
99.2378318774926
103.63621984965226
107.05293863090453
109.15651548084865
110.15093363402264
108.49357005010569
104.87286806127001
100.79320385825964
99.5820535442205
97.12150606528188
91.07850345350215
83.93909109309979
0.0
558.926745537117
529.2599373512461
511.42415540801426
503.3158228459257
508.19867089133214
529.9101338800493
575.2326534459352
600.1313539977901
624.4818498498968
653.3964698961131
681.9541193428568
708.8671541384284
731.6240310421044
758.4350742653314
772.2166899275188
782.3521057777377
791.0851369081573
782.9768043075621
769.1696907747506
745.7371194716472
736.3411428065172
711.5954296195972
660.8801039283777
604.364005681255
0.0
604.5552398713792
568.6541948797536
546.101301172109
534.7419861328657
540.5555076433341
571.9561730981565
626.1902091583756
655.487297803044
676.7015516663993
705.5014311728702
738.8271881766169
769.6541508556986
798.1353066007215
826.8204455802825
850.0107868236586
867.6298366162936
884.2544682480534
889.5452828010422
876.7708342157888
849.5390756972757
831.7160426701026
803.0564015611659
740.9945097852683
671.5637245168516
0.0
1074.889527396972
1005.5989806159383
964.4071210713239
942.4916748865753
946.3801048481195
1000.7033835261179
1096.3842581965864
1143.0454176067615
1171.424581740933
1213.4323741723576
1265.8815573635677
1319.733124825335
1371.6723492948427
1425.4346746522506
1472.2998169760758
1511.2478611718118
1544.752103552308
1558.214995440212
1542.9545015618721
1502.7825582669605
1472.414557271947
1416.8673798028246
1306.5507096811573
1182.8858883910277
0.0
1267.704657468502
1214.8092608033296
1181.2030268633243
1164.7696295115375
1174.1783550927262
1222.955840280456
1286.1906353115974
1319.7458739595972
1367.8349150745466
1434.4226851178503
1507.2829376754087
1573.755966524356
1629.3668894722573
1683.0399716342881
1717.385644862067
1738.3704168629652
1739.4923245309867
1714.2876494289592
1660.3213417098273
1610.6514291249302
1587.6523228931505
1538.7091012447295
1450.8688312445054
1356.858068993149
0.0
98.39640113674483
93.08008871313186
89.38289302257552
87.11357980692347
86.425136469617
89.2044077125707
95.46414248136493
97.64421304201458
100.64021644583343
106.68321905761319
113.65689506129246
120.29909835152559
126.07437295850804
131.65841338306763
136.01855448639725
138.68308522426128
139.93248232241615
137.84165448993124
133.23928325627904
128.06320930079545
126.50783730205868
123.39709336362853
115.70947611607936
106.63222325347111
0.0
1423.6753195126753
1364.2779577905092
1326.5410642271327
1308.0805837155706
1318.6494635460954
1373.4317047039638
1444.4433601716134
1482.129257903893
1536.1465622370868
1610.9064087296563
1692.7419225030321
1767.387029084795
1829.844138721762
1890.1211763194294
1928.686752648337
1952.2723110211582
1953.5217078497678
1925.219038213118
1864.6105267955843
1808.8338673228145
1782.9917443641677
1728.0437673873842
1629.3796383369743
1523.8055780172044
0.0
1.988836301983902
1.8613467948376086
1.797602041521172
1.759355189762349
1.7721041403486235
1.8740957454238827
2.052581055300338
2.1545726603755977
2.218317413306969
2.3203090183822286
2.4223006234574878
2.5242922294312327
2.613534883920218
2.715526488995477
2.7920201928981876
2.8430159952432845
2.8940117975883815
2.9195096991459963
2.881262847002108
2.7920201928981876
2.7282754395817514
2.639032785092766
2.435049574043762
2.2055684627206946
0.0
109.56448190500033
102.50156324631867
98.30715848174242
96.06334316366896
96.45856063453894
102.00435416331393
111.75730141893173
116.51266001495166
119.40667180663571
123.69031922621437
129.0321295563908
134.51417831875716
139.81774179550612
145.29979057712575
150.06789813412868
154.04557075195888
157.4622895486137
158.82642726352708
157.2710552301345
153.17864207255883
150.08064708869395
144.42011294316046
133.17553848987043
120.56682631653278
0.0
1904.17052073344
1824.7190598079912
1774.2459646385773
1749.5639961988127
1763.702582409131
1836.9580520832994
1931.9377348431103
1982.347085945651
2054.5826402814373
2154.585409240314
2264.03515074676
2363.884932045485
2447.4160567632084
2528.0404206871904
2579.622675558395
2611.150829788739
2612.8336914833044
2574.982056841092
2493.9114800849225
2419.3046199689547
2384.7549641355777
2311.244514471618
2179.2928752811576
2038.0854984392051
0.0
385.9107362321751
369.8088115578948
359.58415308989623
354.57381556301453
357.4423294417174
372.2948569279942
391.53302346267066
401.75768193066926
416.39347726634946
436.66430879992606
458.8474829150259
479.0800676105776
496.01067404922026
512.3548287832276
522.7962194018229
529.1961926040907
529.527665371446
521.8655459752675
505.43214862348054
490.3118931170039
483.3127192555359
468.40919593816244
441.6746464166563
413.05325213290865
0.0
416.5847115463222
389.73542144656386
373.7737352211597
365.27018510605393
366.78731031425707
387.8358278196057
424.9225252520792
443.0005372550383
454.0028816563023
470.2832916944965
490.6178679238865
511.4879001936762
531.6184932783767
552.4502786331285
570.6047843378084
585.7122908897198
598.6907226196627
603.9177923869896
598.0022793041766
582.4230615873757
570.6557801689049
549.1228024542532
506.3755710046013
458.4522654903638
0.0
120.23535360308662
115.22501599534121
112.03777832823583
110.48240634746882
111.37483290134354
116.00270198765004
121.99470879528774
125.18194649833251
129.73332181103956
136.05680138218185
142.96673261046763
149.26471424039062
154.54277983881423
159.62961106741668
162.89334246063018
164.8821788337228
164.9841704060675
162.60011660831276
157.4750384646725
152.77067565482488
150.59060513011465
145.94998706742248
137.61217338476922
128.70065687888408
0.0
80.05066114439109
75.29530255222183
72.31204810168471
70.80767192505976
71.58535791351794
75.74151582723385
82.91917504234719
86.79485604290835
89.61237413672238
93.42431037985972
97.83544730915177
101.91511150831154
105.68880090443919
109.48798820327968
112.56048530881917
114.8935432729102
117.0863627868416
117.78755507742977
116.10469358694932
112.49674055139539
110.1381846807409
106.33899738703462
98.1159242184559
88.92393079941594
0.0
116.14294043780966
111.78279931651034
109.08002177912799
107.21867498762761
107.00194282676244
109.79396301914721
116.66564741839304
120.46483470824866
122.78514372804278
125.95963245085127
129.7205728757275
133.44326649081705
136.98747474199263
140.99064528178883
145.09580734258776
149.04798205128733
152.13322808058692
152.32446239906614
150.6288519167975
146.85516257201184
144.06314239502964
140.71016834553018
132.5380910016303
123.62657447777542
0.0
132.8695636829877
127.33651908567408
123.80505977879537
122.08395145029014
123.07836959447928
128.19069883361271
134.80740419032782
138.32611458628196
143.37469898969505
150.34837507038736
157.98499650609315
164.9586725354434
170.7849429106286
176.40723023097277
180.01518321775183
182.20800273553385
182.32274331378585
179.68371045039652
174.02317643321803
168.82160449800855
166.41205286813627
161.28697472449602
152.06948342328005
142.2272934638849
0.0
759.0342749630379
727.3658815265221
707.2480374477291
697.4058474883337
703.0408837632432
732.2487297002835
770.1131130660228
790.205459274192
819.0053388320047
858.8585585708365
902.4982166988675
942.2876916520372
975.5879507851597
1007.7280553480583
1028.2921128109654
1040.8625780718323
1041.5255235166942
1026.4435149252554
994.1249249599363
964.3816231108513
950.6127564032291
921.3156678099027
868.7134974462901
812.4268803043295
0.0
369.4263430492914
347.4853989939188
333.70378333173136
326.7683541275703
330.312562495549
349.4997331991288
382.64700483896155
400.54653156785514
413.5122144330813
431.1057662652437
451.4785894096715
470.30878956512055
487.7111071686523
505.2409143050013
519.417747520206
530.1778618104007
540.3387754927372
543.5642600094194
535.761902215707
519.124521629382
508.2369177165215
490.71985949623115
452.7917313448303
410.375972572685
0.0
444.04595120850365
420.485890423925
406.3090572472269
399.8708371684279
403.7465181754068
420.9958484140037
456.99888506782247
476.785256469109
496.1254146659786
519.0990236689095
541.7921558254301
563.1721461366404
581.2501581010931
602.5409057560175
613.4922543646915
621.5495910956834
628.4850202998443
622.0468002210454
611.0827026963127
592.4692346914603
584.9983496137612
565.339467745292
525.0400347507017
480.13823048010187
0.0
277.23868087719876
260.7797855649392
250.44038660853718
245.22606575726894
247.8905964912823
262.2969106832939
287.17011349287986
300.5947584785814
310.3349567757833
323.5301206948294
338.81611252080626
352.9546988209731
366.02237316869525
379.1665413464932
389.7991661937192
397.88200092369027
405.5058734433374
407.9281740277749
402.07640569211725
389.58243404312253
381.4103566568655
368.2789375234813
339.81053064317507
307.9764008871592
0.0
840.2068437793013
805.1599784226619
782.8875616897826
771.9872088223568
778.2341947110316
810.5527845479954
852.4585853685687
874.7055042693307
906.5778808505358
950.7147480654224
999.0077731336977
1043.0553976409565
1079.9253628843267
1115.4949352369517
1138.2518121406279
1152.1736662516917
1152.9131053982742
1136.2119800647936
1100.438424516137
1067.5206338916178
1052.2728889421724
1019.8395584884497
961.6151008044931
899.2982300528093
0.0
552.9219897980179
520.0934418811268
499.4656396710643
489.0752449734142
494.3915573071786
523.1149431632709
572.7211101153632
599.5066554679661
618.9233072767079
645.2498904189866
675.7453803692197
703.9205612688536
729.9794164294389
756.2040079095244
777.4182618627283
793.5456844076326
808.7424335773235
813.5870348360469
801.8962471192971
776.9847975230283
760.6916385302688
734.4797960047484
677.7214676593921
614.218944556709
0.0
387.74658507347124
364.7219802394439
350.2646702163356
342.97227046404385
346.7077130221468
366.85105497156394
401.63019239785194
420.4221456767696
434.02527597504314
452.4985054925129
473.8784957652168
493.63936920603066
511.92136453337633
530.3053513432179
545.1833767514609
556.4916959981142
567.137069761399
570.5410395521465
562.3434643337719
544.8774019445782
533.454342119673
515.0703553483378
475.2681313507542
430.7360467625476
0.0
149.88941277021476
141.78108016961963
136.1587929583772
132.69107840507166
131.6456644477556
135.87831601826792
145.41453115537774
148.7292583283459
153.29338265081088
162.49812503596803
173.13074988319394
183.25341668899924
192.05019260508044
200.55374272018622
207.18319698910946
211.2501123145676
213.16245489609102
209.97521725594012
202.95054543399976
195.07169393856665
192.70038909537718
187.95777949884678
176.2542427376829
162.4343802503061
0.0
1260.080784589461
1185.2444441898033
1138.2390632245692
1114.577010777797
1126.6885138668465
1192.141626517433
1305.1865723256378
1366.2412963443194
1410.467406844432
1470.4894661209237
1539.958498073339
1604.187711586243
1663.585072769318
1723.3521533395692
1771.6961739822314
1808.4259009564228
1843.05205100494
1854.0926426806363
1827.4728338400662
1770.7017558598623
1733.5640625192793
1673.835229313309
1544.4716263465039
1399.7710369548338
0.0
465.10721766841766
445.7033147757345
433.37507953608844
427.3448258365167
430.79979145836097
448.6865692326894
471.8896594306307
484.2051457157115
501.849693468819
526.2766828942912
553.0112324157975
577.3999750545867
597.7982960696386
617.4954248146391
630.0913880359785
637.7917542573463
638.1997207264222
628.9567314647337
609.157611108882
590.9393606570468
582.4995552890964
564.5362838130474
532.3069365938628
497.8210250583988
0.0
1088.9516199954185
1043.5271087673393
1014.6634845522194
1000.5376472066177
1008.6204818980824
1050.5262826673136
1104.8368125191018
1133.662189947539
1174.9815389351222
1232.173331581672
1294.75793008401
1351.860480562023
1399.630798159399
1445.7437527157997
1475.2320758843152
1493.2718410107434
1494.2280117688315
1472.5802937968153
1426.2251092705358
1383.5543719333405
1363.7934977095608
1321.7602080749587
1246.2991689657802
1165.547315444803
0.0
80.20364854783246
75.44828995566317
72.45228655184432
70.94791038420423
71.71284742323134
75.88175427739347
83.07216244578855
86.96059240348208
89.77811049344547
93.60279569371521
98.02668156345348
102.10634577159804
105.89278412100747
109.69197141086312
112.77721746968433
115.11027543377534
117.31584390098845
118.01703619157664
116.32142574781449
112.71347271226054
110.3421678973092
106.54298059461803
98.30715848174242
89.10241611327143
0.0
665.7502030962318
622.8244861543109
597.3138359886905
583.7362034711925
586.1585041454786
619.790235956108
679.0601075036814
707.961978633839
725.530032685226
751.5506409307736
784.0477161316516
817.3989710958706
849.5645735678996
882.8648327010222
911.8814443195835
936.0152078927383
956.7577506297107
965.1083133413752
955.6485919804319
930.7626402547871
911.9579380213044
877.5485202774095
809.2268936582715
732.6311982088871
0.0
752.2518332521668
707.5795101252357
679.5190697140055
665.3804835036872
672.6218874248823
711.6974211919419
779.1776170023038
815.6268669503877
842.0299437045387
877.854495084292
919.3395805197304
957.6756751402074
993.1305068375675
1028.8148197684447
1057.678444022071
1079.6066391613851
1100.2726881581304
1106.8638956403706
1090.9787031551937
1057.0792433243646
1034.90881816383
999.2500031934251
922.0296090858614
835.6427194183299
0.0
118.59073896346653
112.29275734381197
108.5063190033874
106.79795961019418
107.8306246142285
112.43299580295644
122.04570459044493
127.33651908567408
132.4998441058457
138.63208939316465
144.7005898794191
150.39937081163544
155.2312231543003
160.9172551704579
163.8495137963161
165.99133744449503
167.85268424626378
166.1315759318776
163.19931726751287
158.22722656582047
156.23839023123438
150.98582255477683
140.22570817473354
128.22894563954878
0.0
92.25140691668095
88.40122382268325
85.9661742503081
84.7677728895507
85.44346726972474
89.00042450113662
93.60279569371521
96.03784526609036
99.54380669336015
104.38840794053185
109.69197141086312
114.52382370860369
118.5779900101848
122.47916891217524
124.97796325994386
126.50783730205868
126.58433100377934
124.74848215478187
120.82180533210892
117.21385229270432
115.54373975935627
111.97403357979688
105.58680930513991
98.74062280347272
0.0
816.659531949288
772.4844179477185
741.848689510103
722.9292467368745
717.2814616357549
740.2805685991581
792.2835382650638
810.3488013134577
835.2092550786298
885.3508780326152
943.2693608198406
998.4213213905565
1046.357375859359
1092.6615645930488
1128.7920906898362
1150.924269063688
1161.3784086368485
1143.9633420274095
1105.75473693975
1062.7907732111462
1049.9015840989828
1024.0722100820658
960.3147078752415
884.968409524012
0.0
242.7782673022073
229.63409912440932
220.5313484014454
214.90906117094974
213.2261996432464
220.07238619112138
235.52411437510486
240.90417154587328
248.28581391594446
263.189337233318
280.41316956278433
296.8083201278885
311.0616470063072
324.8177647080222
335.5651301335001
342.14358869968174
345.25433259960533
340.078258663375
328.7189435856251
315.94449509022024
312.10706086992417
304.432192609029
285.4745030106112
263.08734566097326
0.0
1473.9316829550642
1386.4101366264392
1331.4239124008943
1303.7331911843082
1317.9100247589072
1394.4674731648984
1526.6995891760985
1598.1064624278044
1649.841704060675
1720.0501749157982
1801.3119866963998
1876.4415530895656
1945.9105850419808
2015.825829826583
2072.3801755663417
2115.3441389740574
2155.8475557037705
2168.7622419164277
2137.616555552911
2071.2200205340396
2027.7715973149204
1957.9073478608302
1806.5900519867712
1637.3222345795625
0.0
191.7187199275737
180.33390697919978
173.18174562444204
169.58654155372182
171.42239048486655
181.37932093266517
198.57765539150748
207.87164043295058
214.60308636406705
223.73133495765498
234.30021510906758
244.0786602314588
253.11766625860932
262.20766802700797
269.5638125649616
275.14785297026793
280.41316956278433
282.0960310904877
278.0546137255021
269.4108251615202
263.76304006040056
254.6730382534954
234.98865842455365
212.9712206674603
0.0
1087.8042143797595
1042.4179500667185
1013.5798236837161
999.4794842985872
1007.5623190285582
1049.4171240180347
1103.6639089943126
1132.463788590632
1173.7321418369672
1230.8601896465132
1293.3937927669972
1350.4325976507116
1398.1519198405626
1444.2138786813866
1473.6767033503384
1491.6909712607528
1492.6598912686225
1471.0249216479028
1424.720733350621
1382.1009913439375
1362.3528666009793
1320.3705724894212
1244.9860269921148
1164.3106673012132
0.0
921.4814041679093
866.7629080267423
832.3917370695302
815.0786620837778
823.9391827470145
871.7987435140965
954.4756884941492
999.1225136606079
1031.4666014580446
1075.3484896072964
1126.1530579548016
1173.1329411392605
1216.5558669883396
1260.2592695041321
1295.6248591613107
1322.486897727885
1347.806314101282
1355.8763996969906
1336.4087516977581
1294.8981685713925
1267.730154800035
1224.0522499751696
1129.4550361346983
1023.638745742366
0.0
468.76616648629323
443.40850372411427
425.827700718162
414.9655947657741
411.72736133303306
424.9225252520792
454.7805677179229
465.14546454494894
479.4115402880845
508.19867089133214
541.4479342318646
573.1035787138151
600.6158141685869
627.1973762866517
647.9399190236242
660.6378738173082
666.642629646256
656.6474522834194
634.7192571441054
610.0500376589059
602.6556462829275
587.8286166672747
551.2263793157493
507.9819387407353
0.0
34.575154172496724
33.274761199604534
32.47157731356774
31.910623482124052
31.846878724700254
32.67556052115116
34.728141575938075
35.862798188256534
36.55124152171231
37.49466387074424
38.61657152079612
39.725730226551114
40.771144183867165
41.96954554462457
43.193444815796084
44.366348269990034
45.28427271759269
45.34801746603164
44.83805944258066
43.71615178354393
42.87472104279615
41.88030288962217
39.445253317247015
36.793471584006724
0.0
113.72063981871625
109.51348610085829
106.79795961019418
105.42107294456618
106.04577152444881
110.0871888855837
117.15010754426537
121.34451230884162
124.97796325994386
129.00663168576673
133.74924129769974
137.76516078821058
141.29662008867157
145.69500800178787
148.9587394335079
151.64876799963884
153.66310224335547
153.34437848190748
151.73801065592477
148.0918107541079
145.4400290260018
141.25837321214019
132.16837142833896
122.72139897960385
0.0
9.191993420323477
8.84777175244039
8.6310395917036
8.516299036042065
8.567294838387163
8.898767554785488
9.459721383790434
9.80394305167352
10.097168916826446
10.42864163322477
10.811110153251745
11.129833919063797
11.410310833630447
11.767281452484871
12.035009415566764
12.251741576303557
12.41747793559374
12.391980034036123
12.264490526889828
11.958515711664052
11.7545325018986
11.410310833630447
10.683620647003938
9.918683607335055
0.0
13.207912879130626
12.723452751332935
12.404728984622396
12.238992625717282
12.315486330518478
12.787197500156946
13.603130342170925
14.087590470353684
14.50830583880225
14.980017015243533
15.528221889554843
15.999933065996128
16.407899490147816
16.917857513598786
17.300326035037667
17.61904980418695
17.848530909348977
17.810284058488637
17.61904980418695
17.19833442675353
16.89235961602018
16.407899490147816
15.349736588534885
14.25332682707676
0.0
3.837434146235236
3.633450936084717
3.518710379524698
3.4549656265933266
3.493212478352149
3.6461998866709915
3.9521747018967694
4.117911061186951
4.296396369779855
4.4876306293441
4.691613840393104
4.870099149371074
5.023086556791431
5.21432081725416
5.3035634717431455
5.3800571752607915
5.431052977990954
5.3800571752607915
5.290814520771807
5.12507816186669
5.061333408550254
4.895597050543623
4.538626432074262
4.156157912945774
