0.0
80.20297315
78.664727245
76.93176667
76.8246736
77.545117885
79.28781419500001
82.92897855000001
86.54093570500001
88.458875215
88.84830456
87.826052535
86.56040716999999
85.810755685
86.297542365
85.63551248499999
86.424106905
87.51450906
90.415757665
92.051360905
92.23633984
91.40880249
89.0916979
85.21687594
80.358744885
0.0
80.9136817
79.50200033
79.08336378999999
79.093099525
79.881693945
81.80936919
84.54511031999999
87.47556613
89.61742751
89.812142185
88.68279709
87.39768026
86.19044929500001
85.538155145
85.012425535
85.187668735
86.355956765
89.266941105
91.00963741
91.40880249
90.30866459500001
88.16680321000001
84.71061779
81.35178970999999
0.0
157.08606115
156.58953875
156.01513045000002
155.7912086
156.36561684999998
157.14447554999998
157.93307
159.19871535
159.22792255000002
159.12082945
158.87743615
158.7411359
158.809286
159.03320789999998
159.35448705
159.49078735
159.8510095
160.19176015
161.66185595000002
161.86630630000002
161.2237479
160.18202445
158.9747935
157.748091
0.0
184.7647517
179.38089105
175.8662912
174.07491625
174.37672394999998
176.9956363
181.90244605
186.07907575000002
192.07628764999998
197.85931335
202.61035135
206.34887300000003
209.30853605
211.5866977
213.5046372
214.8773756
215.47125540000002
218.78140474999998
220.63119415
219.98863575000001
216.873201
211.7035265
203.2139668
193.96501995
0.0
24.95268514
23.979111785
23.3462891
22.97633123
22.898445355
23.287874700000003
23.998583250000003
24.514577125000002
25.429736085000002
26.451988110000002
27.240582529999998
27.951291075
28.632792430000002
29.304558045
29.88870206
30.2781314
30.38522447
30.394960205
30.745446615
30.579939144999997
30.02500233
29.17799351
27.922083875
26.413045175
0.0
488.8701255
474.42229685
467.02313935
465.80617265
471.85206325
486.53354939999997
510.22058920000006
534.6670162
551.62666405
559.53207975
559.79494455
555.98827275
551.40274225
548.2191573499999
546.9437762499999
548.7838299
554.11901185
572.0717046
582.9659904
583.5014558
574.9145388
556.81581005
529.40972005
498.83951664999995
0.0
34.35740377
33.335151745000005
32.819157865
32.73153626
33.15990854
34.191896299999996
35.85670674
37.570195845
38.767691075
39.32262789000001
39.342099355
39.069498815
38.748219605
38.524297735000005
38.436676135
38.56324067
38.94293428
40.19884391
40.96796686
41.006909795
40.403294315
39.127913219999996
37.200237975
35.058376585
0.0
136.85520680000002
132.0944331
129.4560493
128.54089034999998
129.70917835
133.6132075
140.4476925
147.8663215
152.5492093
154.2334912
154.00956935
152.95811015
152.8023384
153.6785544
155.54781524999999
158.225142
161.36004815
166.042936
170.23903719999998
169.70357185
166.1597648
160.5811895
152.28634449999998
142.94004024999998
0.0
171.01789585
167.74668939999998
164.04711064999998
163.81345305000002
165.35169895
169.0804849
176.83986455000002
184.54082985000002
188.62983789999998
189.44763955
187.2668352
184.57977275
182.9928482
184.01510025
182.60341885000003
184.2974365
186.62427680000002
192.78699615
196.29186025
196.67155385
194.9191218
189.9831049
181.70773135000002
171.35864655
0.0
867.8140831999999
842.1604253
829.01718495
826.86558785
837.59436625
863.6569249500001
905.69582255
949.0977228
979.1908754
993.2298031
993.70685405
986.94051915
978.8014459000001
973.1644561999999
970.8862946
974.1575008499999
983.6303696
1015.4954255499999
1034.8305926
1035.78469445
1020.54827125
988.4106147
939.7611543
885.4941753999999
0.0
36.577151025000006
35.4964846
34.941547785
34.85392618
35.301769925
36.401907820000005
38.17381133
40.00412924
41.279510335
41.863654350000004
41.883125815
41.600789545
41.26003887
41.016645530000005
40.92902393
41.065324195
41.464489275
42.808020505
43.61608639
43.66476506
43.02220665
41.659203945
39.614699895
37.32680251
0.0
380.8132186
379.61572335
378.204042
377.66857665
379.07052225
380.94951885
382.8577226
385.9244787
386.01210034999997
385.7394998
385.1650915
384.8146051
384.9801126
385.53504935
386.31390805
386.644923
387.5114033
388.32920490000004
391.90221915
392.39874154999995
390.84102415
388.3194692
385.3890134
382.40987889999997
0.0
642.3831724
623.39849195
613.6627584
612.0758338
620.0104566499999
639.30668065
670.43182085
702.55000585
724.8351
735.22312775
735.5736141499999
730.55971135
724.543028
720.3663983
718.6821164
721.10631405
728.1160422
751.7057247
766.017253
766.7182258
755.44424635
731.65984925
695.6473708
655.47773405
0.0
81.07918917
80.8260601
80.524252355
80.40742355500001
80.709231295
81.10839637
81.51729718499999
82.16959133
82.189062795
82.13064839500001
82.00408386
81.92619798999999
81.965140925
82.081969725
82.24747719999999
82.32536307
82.51034200500001
82.675849475
83.44497243
83.542329765
83.21131482499999
82.675849475
82.052762525
81.41993985
0.0
34.990226449999994
33.77325975
33.10149414
32.86783653
33.169644275
34.1626891
35.91512114
37.813589185
39.001348684999996
39.43945669
39.381042289999996
39.10844175
39.069498815
39.29342069
39.770471635
40.461708715
41.26003887
42.457534100000004
43.52846479
43.392164519999994
42.486741300000006
41.055588465
38.94293428
36.547943825000004
0.0
7.4478361809999996
7.3115359115
7.2725929765
7.2725929765
7.3504788455
7.525722049500001
7.778851122500001
8.051451662
8.246166334
8.265637801
8.158544732
8.0417159285
7.924887126
7.8664727244999995
7.817794057
7.837265523999999
7.9443585930000005
8.2072233995
8.37273087
8.4116738045
8.304580735
8.1098660635
7.788586856
7.4867791155
0.0
143.82599205
138.83156075
136.05687665
135.093039
136.32947719999999
140.428221
147.6131924
155.41151495000003
160.3280604
162.0902282
161.86630630000002
160.76616845
160.59092525
161.52555565
163.48243815
166.29606510000002
169.58674305
174.5130242
178.9135758
178.35863899999998
174.62985300000003
168.76894145
160.04572415
150.2321047
0.0
86.3948997
83.036071615
80.8260601
79.5798862
79.30728566
80.63134543
83.11395749
84.905332465
88.05971013999999
91.61325289499999
94.32952256
96.79266313
99.168182145
101.47555098500001
103.500583595
104.863586305
105.22380842999999
105.253015605
106.47971805
105.88583829999999
103.977634525
101.037443005
96.70504155500001
91.46721689
0.0
58.063915015000006
55.805224824999996
54.32539332
53.488120235
53.303141295
54.198828785
55.863639225
57.06113445
59.193260105
61.57851483
63.39909701
65.054171715
66.65083202
68.19881366
69.561816355
70.47697531
70.72036865499999
70.73984012
71.567377475
71.168212395
69.883095565
67.90674165
64.995757315
61.471421765
0.0
393.30416475
381.6796989
375.72142995
374.7478566
379.61572335
391.42516815
410.47799875
430.1441806
443.78394334999996
450.15111305
450.3652992
447.29854315
443.60870015
441.05793789999996
440.02595014999997
441.50578165
445.79924015
460.23733305
469.009229
469.43760125
462.5349662
447.97030874999996
425.9188722
401.3264092
0.0
117.22796795
115.6313076
115.13478520000001
115.2224068
116.5269951
119.17511465
123.78011660000001
128.53115455
130.1570221
128.93031965
126.64242225000001
124.42267505
123.69249500000001
123.6730235
124.12086725
124.83157585
125.8440921
127.89833190000002
130.76063755
130.69248745
129.3489562
126.88581565000001
122.64103575
118.36704875
0.0
77.876132825
76.8246736
76.49365866
76.55207306
77.41855335
79.17098539
82.23774147
85.39211914
86.47278557000001
85.65498395
84.136209515
82.666113745
82.16959133
82.16959133
82.45192760500001
82.92897855000001
83.6104799
84.963746865
86.871950645
86.82327197500001
85.92758449
84.30171698500001
81.47835425
78.63552004499999
0.0
115.99152975000001
111.96093605
109.72171735
108.94285865
109.93590345
113.2460529
119.03881435
125.32809825000001
129.2905418
130.72169465
130.5367157
129.64102825
129.50472795
130.25437945
131.841304
134.10972995
136.75784945
140.73002875
144.2835715
143.82599205
140.82738605
136.0958196
129.06661995000002
121.15146855
0.0
121.4532763
117.22796795
114.89139185
114.07359025
115.11531375
118.58123484999999
124.6465969
131.2279528
135.3753753
136.87467825
136.6799636
135.7453332
135.6090329
136.3878916
138.0429663
140.428221
143.2029051
147.36006335
151.07911355
150.6020626
147.45742065000002
142.511668
135.14171770000002
126.8566084
0.0
158.2835564
152.13057275
148.0902433
145.8023459
145.30582355
147.7397569
152.28634449999998
155.557551
161.35031245
167.8537825
172.83847805
177.336387
181.6882599
185.923304
189.6326185
192.12496625
192.78699615
192.84541055
195.09436499999998
194.00396285
190.49909875
185.12497385
177.1708795
167.58118195
0.0
318.27086614999996
317.2680856
316.0900618
315.64221805
316.8105061
318.3779592
319.9746195
322.54485320000003
322.6130033
322.38908145
321.9022948
321.6102228
321.74652305
322.21383825
322.86613235000004
323.13873290000004
323.86891295
324.5504143
327.5392845
327.957921
326.65333275
324.54067855
322.09700945
319.6046616
0.0
837.9935313000001
813.23556085
800.54016425
798.45671725
808.8155377999999
833.9824091
874.5804180499999
916.4927510499999
945.55391575
959.1157926000001
959.5733719
953.03095895
945.1742222
939.73194715
937.5414070500001
940.6957847
949.83763855
980.61229235
999.2854293
1000.20058835
985.4898946999999
954.4523764
907.4774618
855.0797437
0.0
47.481172619999995
46.838614205
46.634163799999996
46.673106735000005
47.19883635
48.269767040000005
50.139027885
52.056967395
52.718997279999996
52.22247487
51.29758018
50.392156955
50.10008495
50.09034922
50.275328155
50.55766443
50.97630097
51.803838325
52.96239062
52.93318342
52.38798234
51.39493752
49.671712675
47.938752095
0.0
851.1562431
821.58882025
805.1646377
799.4497621
806.75156225
831.0227461
873.52895885
919.67633595
948.7667079
959.25209265
957.88909015
951.3661486999999
950.3633682
955.85432175
967.4593162000001
984.1268922
1003.5886235
1032.70820275
1058.7999690000001
1055.4606119999999
1033.44811845
998.7402281
947.14084035
889.0185109500001
0.0
153.31833225000003
151.23488525
150.58259114999998
150.69941995
152.4031733
155.86909445
161.8857778
168.10691155
170.2293015
168.63264120000002
165.6340352
162.7327866
161.76894900000002
161.75921325
162.3336215
163.268252
164.59231175
167.26963849999999
171.0276316
170.9302743
169.1681065
165.95531445
160.40594629999998
154.80789950000002
0.0
26.83168172
25.789958225
25.108456875
24.719027535000002
24.631405935
25.04030674
25.819165429999998
26.374102245
27.3476756
28.457549225
29.29482231
30.063945265
30.803861015
31.514569565
32.147392249999996
32.56602879
32.682857595
32.692593325000004
33.07228694
32.887307995
32.293428254999995
31.3782693
30.034738065
28.408870555
0.0
213.8551236
205.55054285
200.08879635
196.99283309999998
196.32106745
199.60200965
205.74525755000002
210.17501629999998
217.9928104
226.79391355
233.51156965
239.59640315000001
245.48652195
251.19166185
256.21530035
259.57412845
260.46981589999996
260.54770179999997
263.5852507
262.1151549
257.37385265
250.1207311
239.38221705
226.42395564999998
0.0
217.29183755
209.73690829999998
205.55054285
204.09018285
205.94970795
212.15137025
222.9969774
234.77721505
242.20557975
244.8829065
244.53242010000002
242.86760965000002
242.61448055
244.0164262
246.9760892
251.23060479999998
256.19582890000004
263.63392935
270.2931711
269.44616225
263.828644
254.95939075
241.7869432
226.94968525000002
0.0
185.14444529999997
182.6228903
181.84403165
181.9803319
184.03457170000001
188.22093710000001
195.49353005
202.9997807
205.5602786
203.6228676
200.01091044999998
196.5060464
195.3474941
195.3280226
196.01925964999998
197.1583405
198.7550008
201.98726440000002
206.52411619999998
206.4072874
204.2848975
200.4003398
193.6924194
186.9358203
0.0
72.745401235
71.47002014
71.10006226
71.10006226
71.81077081000001
73.543731385
76.00687198
78.64525577500001
80.563195295
80.738438495
79.72592220499999
78.56736991
77.48670348499999
76.89282373500001
76.425508525
76.581280265
77.632739485
80.241916085
81.80936919
82.17932705999999
81.18628224
79.258606995
76.152907985
73.13483058
0.0
16.60916147
16.03475319
15.713473985
15.59664518
15.742681185
16.20999639
17.04726948
17.942956965
18.507629514999998
18.71207992
18.69260845
18.566043915
18.54657245
18.653665519999997
18.877587395
19.198866600000002
19.578560205
20.15296849
20.659226635
20.5910765
20.162704225
19.490938605
18.478422315
17.349077225000002
0.0
208.01368345
201.86069985
198.7160579
198.20006404999998
200.77029770000001
207.01090290000002
217.0971229
227.49488635
234.7090649
238.07762875
238.1847218
236.56859005
234.61170755
233.26817635
232.72297525
233.50183395
235.77025989999999
243.41281070000002
248.0470199
248.27094175
244.62004165
236.91907645
225.2556676
212.24872755
0.0
37.998568125000006
36.51873662
35.554899
34.999962185
34.883133380000004
35.467277394999996
36.557679555
37.346273975
38.72874814
40.296201245
41.49369647499999
42.5743629
43.61608639
44.628602685
45.524290175000004
46.11816992
46.28367739
46.293413125
46.838614205
46.57574940000001
45.72874057999999
44.443623745
42.53541997
40.228051109999996
0.0
133.2627211
129.38789915
126.8468727
125.56175590000001
125.775942
127.6646743
131.20848130000002
134.2070873
138.5394887
142.7161184
146.14309659999998
148.83015905
150.97202049999999
152.60762369999998
153.9998336
154.9831427
155.41151495000003
157.7967697
159.14030094999998
158.6729857
156.42403124999998
152.6952453
146.5714689
139.9024914
0.0
76.8538808
74.58545488
73.41716685
73.232187915
74.17655407000001
76.48392293
80.21270888500001
84.04858791000001
86.71617891
87.962352805
88.00129573500001
87.40741599500001
86.68697171
86.18071356
85.98599888999999
86.26833515999999
87.11534398500001
89.928970985
91.642460095
91.730081695
90.37681473
87.53398053000001
83.23078629
78.42133390500001
0.0
36.723187025
36.22666461
36.070892875
36.100100075
36.499265155
37.336538239999996
38.777426805000005
40.266994045000004
40.77325219
40.393558580000004
39.6731143
38.981877215
38.748219605
38.748219605
38.88451988
39.10844175
39.419985225000005
40.06254364
40.96796686
40.93875966
40.52012312
39.75100017
38.417204665
37.083409165000006
0.0
213.83565215
207.51716105
204.27516175
203.74943215000002
206.3975517
212.81340010000002
223.1722206
233.87179179999998
241.2904208
244.74660625
244.86343505
243.18888885
241.19306345
239.80085355
239.236181
240.0442469
242.38082294999998
250.2278242
254.9983337
255.2319913
251.47399810000002
243.55884675
231.5741587
218.19726075
0.0
36.34349342
35.077848055000004
34.376875235
34.133481895
34.445025369999996
35.486748864999996
37.29759531
39.27394922
40.510387385
40.95823113
40.89981673
40.62721619
40.57853752
40.812195125
41.308717535
42.019426085
42.856699175
44.09313734
45.2127467
45.066710695
44.132080275
42.642513035
40.44223725
37.959625185
0.0
7.642550852499999
7.496514849
7.3310073785
7.3115359115
7.38942178
7.5549292505
7.8956799255
8.246166334
8.421409537999999
8.460352472
8.3629951365
8.246166334
8.1682804655
8.216959133
8.158544732
8.226694866999999
8.333787936
8.606388476
8.762160213000001
8.78163168
8.7037458115
8.489559672999999
8.119601797
7.652286586000001
0.0
126.53532925
122.13477764999999
119.6911085
118.8440997
119.9247661
123.53672325
129.8552144
136.71890654999999
141.04157220000002
142.59928960000002
142.3948392
141.43100155000002
141.2752298
142.0930315
143.81625630000002
146.29886835
149.19038124999997
153.52278265
157.39760460000002
156.90108220000002
153.6298757
148.46993694999998
140.79817889999998
132.1625832
0.0
62.19186605
59.77740412
58.19047955
57.28505633
57.090341655
58.05417928
59.835818525
61.120935349999996
63.39909701
65.959594935
67.91647738500001
69.67864516
71.39213427
73.05694471
74.51730474499999
75.4908781
75.75374291
75.773214375
76.65916612999999
76.23079385
74.84831969000001
72.7356655
69.620230755
65.85250187
0.0
585.5070169
565.16906945
553.8658828
549.93264645
554.95628495
571.65306805
600.89921165
632.6377031
652.65437135
659.8588142000001
658.9339195
654.4457463
653.7447735000001
657.5222381
665.50553965
676.9742338000001
690.36086745
710.39700715
728.3399641000001
726.0520667000001
710.90326525
687.03124655
651.5347619500001
611.5501042000001
0.0
19.783010615000002
19.51041007
19.432524205
19.44225994
19.666181815
20.114025554999998
20.883148509999998
21.691214395
21.963814929999998
21.75936453
21.36993519
20.99997731
20.873412775
20.873412775
20.941562910000002
21.068127445000002
21.233634915
21.584121324999998
22.061172265
22.051436535
21.827514665000002
21.408878119999997
20.698169569999997
19.977725284999998
0.0
116.2057159
111.69807125
108.7286725
107.0443906
106.6744327
108.4658077
111.8051643
114.2098905
118.45467035
123.23491555000001
126.88581565000001
130.19596505
133.3892856
136.49498465
139.22099005
141.05130795
141.53809465
141.57703759999998
143.23211225
142.43378215
139.8538127
135.9108406
130.0791362
123.0304651
0.0
715.9950539
713.73636375
711.08824425
710.0854636500001
712.7141117
716.2481829999999
719.8406686999999
725.604223
725.7697304000001
725.2634723
724.1730701
723.51104025
723.8323195
724.8740429500001
726.3441387
726.9574899500001
728.5930932
730.1313391
736.84899525
737.78362565
734.8531698500001
730.10213185
724.61117815
719.0033956
0.0
148.7522732
142.9692475
139.17231135
137.02071425
136.55339905
138.83156075
143.10554775
146.1917753
151.6243146
157.748091
162.42124315
166.65628725
170.74529535
174.71747464999999
178.212603
180.54917905
181.17226599999998
181.2306804
183.3433346
182.32108255
179.02066885
173.96782315000002
166.5005155
157.48522625
0.0
201.9677929
194.95806475
191.05403560000002
189.7007686
191.43372914999998
197.19728345
207.2835034
218.226468
225.12910305
227.62145085
227.30017165
225.75218999999998
225.5087967
226.81338499999998
229.56859759999998
233.52130540000002
238.13604315
245.04841395
251.2403405
250.45174609999998
245.22365715
236.98722655
224.74940945
210.95387499999998
0.0
424.4000978
423.0663023
421.48911345
420.8952337
422.4529511
424.54613375
426.67825945000004
430.09550190000004
430.19285924999997
429.8910515
429.2484931
428.85906375
429.0440427
429.66712965
430.53360995
430.90356785
431.86740540000005
432.77282865
436.7644794
437.31941625
435.5767199
432.76309289999995
429.50162215
426.18173705
0.0
73.202980715
71.80103507999999
70.22384624
70.126488905
70.778783055
72.37544335999999
75.69532851
78.99574219
80.74817422999999
81.098660635
80.164030215
79.015213655
78.333712305
78.771820315
78.168204835
78.88864912
79.881693945
82.529813475
84.029116445
84.18488818
83.435236695
81.32258250999999
77.77877549
73.349016715
0.0
279.32793185
271.0720298
266.8369857
266.1457486
269.60193399999997
277.98440065
291.52680599999997
305.487848
315.17490284999997
319.70201895
319.848055
317.6672507
315.04833835
313.2374919
312.50731184999995
313.5587711
316.6060557
326.86751885
333.08865260000005
333.39046035
328.4933864
318.1443016
302.489242
285.023336
0.0
92.45052598000001
89.237733905
87.45609465999999
86.83300771
87.62160213
90.259985925
94.87472364
99.88862645
103.05273984
104.18208494999999
104.03604892499999
103.33507612
103.21824731999999
103.82186277
105.07777240499999
106.88861885
109.00127305000001
112.16538645
114.99848495
114.6382628
112.24327235000001
108.47554345
102.867760915
96.55900553000001
0.0
361.28333705
350.75900905000003
343.88558115
340.39045280000005
340.98433255
346.0858569
355.69502594999994
363.843835
375.5753939
386.89805205
396.18594185
403.48774205
409.28050355
413.71999805
417.48772695
420.16505370000004
421.32360595
427.78813305
431.41956170000003
430.1539163
424.06908285
413.9633914
397.36396565
379.26523695000003
0.0
402.13447515
395.1150112
393.02182849999997
393.06077145
396.9648006
406.58370535
420.16505370000004
434.72971110000003
445.34166070000003
446.31523404999996
440.72692295
434.3402818
428.33333415
425.09133485
422.50162975
423.35837430000004
429.18034295
443.5989644
452.26376725
454.2790641
448.77837465
438.1566893
420.9828553
404.30554365
0.0
1367.9095095
1363.6063155000002
1358.5339979999999
1356.6160585
1361.639697
1368.3865605
1375.2599885
1386.271103
1386.5826465
1385.618809
1383.5256264999998
1382.2697165
1382.883068
1384.878893
1387.673049
1388.860808
1391.985979
1394.916434
1407.7481309999998
1409.5395065
1403.9317234999999
1394.8580205
1384.3628995
1373.6535925
0.0
231.6423088
224.79808815
221.2834883
220.70908
223.5811214
230.5324352
241.757736
253.34325895
261.37523914999997
265.1234966
265.25006110000004
263.43921465
261.26814605
259.7591074
259.1554919
260.03170795
262.56299865
271.06229405
276.22223284999995
276.4753619
272.415561
263.83837975
250.85091115
236.3641396
0.0
415.0635293
400.64490785
392.6421349
389.84797934999995
393.41125784999997
405.24990985
425.97728659999996
448.47656689999997
462.6615307
467.77279085
467.11076095
463.93691179999996
463.44038939999996
466.1177161
471.78391305
479.90351484999997
489.3958551
503.60029039999995
516.32489415
514.69902665
503.9605125
487.03007185
461.8729363
433.5224801
0.0
300.27923050000004
291.53654174999997
285.82166615
282.92041755
283.40720425
287.65198405
295.63528555
302.41135614999996
312.15682545000004
321.57127985
329.29171655
335.35707855
340.17626665
343.8661097
347.00101589999997
349.22076315
350.18460074999996
355.55872569999997
358.5768031
357.52534385
352.47249815
344.0705601
330.27502565
315.23331725
0.0
391.61988284999995
380.04409565000003
374.11503389999996
373.14146055000003
377.98985585
389.750622
408.715831
428.30412695
441.8854753
448.2234378
448.43762395
445.38060365
441.7102321
439.1692056
438.13721784999996
439.61704935
443.89103639999996
458.27071485
466.99393215
467.42230440000003
460.54887655000005
446.04263349999997
424.09829005
399.60318435
0.0
384.29861125
370.94118475
363.53229154999997
360.9523221
364.24300005
375.20543605
394.3945669
415.22903675
428.36254135
433.09410785
432.48075665
429.5405651
429.08298564999996
431.5655977
436.80342235
444.3291444
453.1107761
466.26375215
478.04398975000004
476.53495105
466.5947671
450.9299718
427.6323613
401.3848236
0.0
54.539579455
52.426925275
51.034715375
50.246120955
50.070877749999994
50.908150840000005
52.475603945
53.604949035000004
55.60077442
57.839993140000004
59.553482245
61.111199619999994
62.610502589999996
64.070862625
65.34624372
66.202988275
66.43664588499999
66.45611735
67.225240305
66.855282425
65.648051465
63.78852635
61.052785215
57.752371534999995
0.0
10.55353519
10.407499187500001
10.358820517
10.368556252000001
10.485385053
10.728778395
11.137679200000001
11.566051479999999
11.712087485
11.604994415
11.40054401
11.196093605
11.12794347
11.12794347
11.166886405
11.235036534999999
11.322658145
11.50763708
11.770501885
11.76076615
11.643937350000002
11.42001548
11.040321865
10.650892525
0.0
645.6057002499999
626.8059986999999
614.5195029500001
608.269162
609.3303569
618.4527393000001
635.6265733
650.1912307499999
671.1522651
691.37338375
707.97280945
721.0284282
731.36777725
739.32187155
746.04926345
750.8392444
752.9032199
764.4595356499999
770.9532699
768.68484405
757.81976535
739.7502438500001
710.0854636500001
677.7530925
0.0
907.5748191
881.1423024999999
863.88084685
855.08947945
856.5790466999999
869.41074355
893.5358913499999
914.01987475
943.48020455
971.91828205
995.2450999
1013.5969576499999
1028.1421438
1039.31876595
1048.7721631
1055.4995549999999
1058.4008035000002
1074.6594785
1083.781861
1080.598276
1065.3131745
1039.9223811
998.2242344
952.7583588499999
0.0
609.58348605
591.83524375
580.23998505
574.3303947500001
575.3331753
583.94929955
600.1592959
613.9158875
633.6988981
652.80040735
668.4749383999999
680.79064135
690.5653178499999
698.07156845
704.4192667
708.9463828
710.89352955
721.80728685
727.940799
725.79893765
715.53747445
698.4804692499999
670.4707637500001
639.9395033000001
0.0
245.03867824999998
241.70905729999998
240.66733385
240.84257705
243.56858245
249.10821485000002
258.7271196
268.66730359999997
272.0650746
269.50457665
264.70486
260.0803866
258.5421407
258.5226692
259.43782815
260.93713115
263.04978535
267.3335081
273.33071995
273.17494825
270.3613212
265.23058964999996
256.3516006
247.4141972
0.0
113.47971050000001
109.06942319999999
106.17791034999999
104.53257135
104.172349225
105.92478125
109.17651624999999
111.53256375000001
115.6799863
120.34340265
123.9164169
127.1389447
130.2641152
133.2919283
135.9595193
137.74115855
138.2182095
138.2571524
139.8732842
139.0944255
136.5728705
132.72725575
127.02211589999999
120.14868799999999
0.0
162.54780764999998
156.23905235
152.0818941
149.72584655
149.21958840000002
151.72167195
156.3850883
159.75365215
165.6924496
172.3808986
177.49215875
182.11663215
186.5853339
190.927471
194.74387860000002
197.29464080000002
197.9858779
198.0442923
200.35166115
199.23205180000002
195.62983035000002
190.1096694
181.95112465
172.0985623
0.0
219.832864
211.29462569999998
205.6771074
202.49352255000002
201.80228545
205.180585
211.49907604999999
216.04566365
224.08737954999998
233.13187605000002
240.03451115000001
246.2945879
252.3404784
258.21112575
263.37106455
266.82724995
267.75214465
267.8300305
270.955201
269.44616225
264.56855975
257.10125215
246.070666
232.74244675
0.0
34.094538965
33.62722375
33.481187745
33.510394945
33.890088559999995
34.659211510000006
35.99300701
37.375481175
37.85253212
37.49230998
36.830280095000006
36.187721679999996
35.97353554
35.963799805
36.090364345
36.30455048
36.59662249
37.19050224
38.027775325
38.00830386
37.618874515
36.89843023
35.66199207
34.4255539
0.0
13.425576594999999
13.191918990000001
13.123768855
13.123768855
13.25033339
13.571612595000001
14.029192075000001
14.51597875
14.86646516
14.895672365
14.710693425
14.496507285
14.301792615
14.194699544999999
14.107077945
14.136285144999999
14.330999815
14.80805076
15.100122765
15.1682729
14.983293965
14.63280756
14.058399275
13.493726725
0.0
325.92315275
316.29451225
311.35849529999996
310.5504294
314.57128735000003
324.36543535
340.15679520000003
356.4544132
367.75759985
373.03436750000003
373.2096107
370.6685842
367.61156389999996
365.48917395
364.64216515
365.86886755
369.42241035
381.3876269
388.65048415
389.01070625
383.28609489999997
371.223521
352.9495491
332.562923
0.0
42.486741300000006
41.902597285
41.72735408
41.75656128
42.233612230000006
43.187714119999995
44.86226029
46.585485135
47.16962915
46.721785405000006
45.89424805
45.095917895
44.823317360000004
44.823317360000004
44.979089095000006
45.2419539
45.611911774999996
46.35182753
47.393551020000004
47.36434382
46.87755714
45.98186965
44.443623745
42.895642105
0.0
106.00266715000001
102.867760915
101.26136488
100.998500055
102.31282408999999
105.496409
110.62714055000001
115.93311535
119.60348690000001
121.316976
121.37539039999999
120.54785305
119.5548082
118.87330689999999
118.59097065
118.9901357
120.14868799999999
124.0429814
126.39902895
126.51585775
124.65633265
120.732832
114.79403450000001
108.16399995
0.0
95.001288175
91.71061023
89.870556585
89.237733905
90.04579978999999
92.762069455
97.50337171000001
102.653574765
105.9053098
107.0735978
106.9178261
106.18764605
106.08055300000001
106.69390419999999
107.98875675
109.84828189999999
112.01935045
115.2710855
118.1820698
117.81211195
115.34897135
111.47414935
105.72033085000001
99.23633227
0.0
50.47977856
48.51316038
47.228043549999995
46.497863530000004
46.342091795
47.111214745
48.561839045
49.61329827
51.45335192
53.527063165
55.11398774
56.55487631
57.947086205000005
59.29061744
60.478376935
61.266971354999995
61.481157495
61.500628965000004
62.22107325
61.870586835
60.75097748
59.03748837
56.506197639999996
53.439441565
0.0
419.13306594999995
411.1205572
402.05658925
401.4919167
405.24017415000003
414.39176369999996
433.39591559999997
452.28323869999997
462.31104430000005
464.31660545
458.96195194999996
452.3903318
448.47656689999997
450.98838620000004
447.522465
451.67962324999996
457.38476315
472.50435735
481.08153864999997
482.01616905000003
477.7129748
465.62119375
445.33192495000003
419.98007474999997
0.0
449.42093305000003
436.14139245
429.32637895000005
428.21650535000003
433.77560919999996
447.26933595
469.0384362
491.518245
507.10515445
514.37774745
514.62114075
511.1162767
506.90070404999994
503.97998395
502.80196025
504.49597785
509.4027876
525.904856
535.92292585
536.4097125000001
528.5237683
511.8756639
486.68932114999996
458.58225834999996
0.0
751.69598895
725.5847515
711.0785085
706.0353984999999
712.4804541000001
733.91853945
771.45952805
812.2035731000001
837.9059096999999
847.1548565999999
845.95736135
840.2035428
839.30785535
844.15625065
854.4079781
869.12840725
886.31197705
912.0337850999999
935.07826645
932.1283392
912.695815
882.03799
836.46502115
785.1382337499999
0.0
833.29117195
809.0297239
793.1799497
785.10902655
786.47202925
798.2522669
820.4107964499999
839.210498
866.2661016
892.36760325
913.79595285
930.63877195
943.9961983999999
954.2576614
962.93220005
969.1143909499999
971.781982
986.70686185
995.0795923999999
992.1588723499999
978.12968045
954.81259845
916.5219583
874.78486845
0.0
64.129277025
61.63692922999999
60.001325995
59.076431305
58.8719809
59.85528999
61.695343635
63.029139135
65.37545091999999
68.01383472
70.02913157
71.849713745
73.61188152
75.32537063
76.834409335
77.83718988999999
78.10979043500001
78.1292619
79.044420855
78.60631284499999
77.18489574
75.004091425
71.78156361
67.897005915
0.0
935.82791795
908.56786395
890.770943
881.70697505
883.24522095
896.4663471
921.3508821
942.4676882
972.8529128
1002.1672065500001
1026.22420425
1045.14073435
1060.1435
1071.6706085
1081.416078
1088.3576560000001
1091.346526
1108.1114595
1117.5161779999999
1114.235236
1098.4730829999999
1072.2839595
1029.29096015
982.413403
0.0
1.4700957694999999
1.4311528345000002
1.4116813675
1.401945634
1.4214171009999998
1.4700957694999999
1.538245904
1.6161317725
1.6648104405
1.6842819075
1.6842819075
1.674546174
1.6648104405
1.655074707
1.6453389735
1.655074707
1.674546174
1.723224842
1.762167776
1.762167776
1.7329605755
1.674546174
1.5966603055
1.49930297
0.0
76.620223195
73.962367935
72.48253643000001
71.96654255
72.6188367
74.80937675499999
78.63552004499999
82.79267828
85.41159060999999
86.34622103000001
86.22939223
85.64524821500001
85.54789087500001
86.04441329
87.08613678
88.58543975500001
90.337871795
92.96651986
95.31283167000001
95.01102391
93.034669995
89.90949952
85.25581887000001
80.027729945
0.0
1251.664851
1215.2142645
1191.4006595
1179.2796715
1181.3339114999999
1199.0237390000002
1232.3102125
1260.5438399999998
1301.1807915
1340.3963265
1372.5729255
1397.8760975
1417.9414445
1433.3531105
1446.3892580000002
1455.677148
1459.6785340000001
1482.090193
1494.6784965000002
1490.2876805
1469.209817
1434.180648
1376.6716695
1313.9832815
0.0
253.6742739
246.2848521
241.45592825
239.0025234
239.4114242
243.0039099
249.75077325
255.46564890000002
263.7020795
271.65617380000003
278.17911530000003
283.30011115
287.36964780000005
290.49481825
293.1332021
295.01219860000003
295.83000025
300.3668521
302.9176143
302.03166254999996
297.7576755
290.6603257
279.00665265
266.3015203
0.0
291.33209135
281.21666415
275.5894102
273.63252775
276.13461125000003
284.439192
298.99411365000003
314.78547349999997
324.74512895
328.3278789
327.87029945
325.63108075
325.29033004999997
327.16932665
331.1415059
336.84664580000003
343.50588755
353.47527875000003
362.4029464
361.26386560000003
353.7284078
341.85081279999997
324.1804564
304.29035275
0.0
79.03468512500001
76.737052
75.22801329500001
74.468626075
74.59519061
75.714799975
77.81771842500001
79.599357665
82.159855595
84.642467655
86.677235975
88.27389628
89.53954164000001
90.513115
91.33091662000001
91.92479636499999
92.168189705
93.58960681
94.378201225
94.10560069
92.77180519000001
90.561793665
86.930365045
82.96792148
0.0
59.51453931
57.752371534999995
56.846948315
56.70091231
57.440828065
59.222467304999995
62.113980175
65.083378915
67.14735443000001
68.11119206000001
68.14039926
67.68281977999999
67.11814723
66.738453625
66.582681885
66.806603755
67.458897905
69.63970222500001
70.96376199
71.03191212499999
69.990188635
67.780177115
64.45055623
60.721770275
0.0
89.02354776499999
87.8163168
87.436623195
87.50477333
88.48808242
90.503379265
93.99850762
97.610464785
98.83716719
97.91227251000001
96.169576225
94.48529429499999
93.930357485
93.92062175
94.25163669
94.796837775
95.56596071999999
97.12367807999999
99.30448239500001
99.246067995
98.223815965
96.364290875
93.132027335
89.89002805499999
0.0
87.33926586000001
84.798239395
83.133428955
82.29615587
82.43245614
83.6688943
85.99573462500001
87.962352805
90.795451275
93.531192405
95.780146875
97.54231465999999
98.94426027
100.02492670000001
100.93034993
101.58264406
101.85524461
103.422697695
104.29891375
103.99710597500001
102.52701024
100.0833411
96.06248314999999
91.691138765
0.0
498.936874
484.4111595
474.91881924999996
470.08989545
470.90769705
477.95636815
491.226173
502.480681
518.68094165
534.3165298
547.1384909000001
557.2247108500001
565.21774815
571.36099605
576.5598777499999
580.2594564999999
581.8561168
590.7935202
595.807423
594.0647266999999
585.6530528999999
571.6920109499999
548.77409415
523.7824661
0.0
274.62557255
266.50597075
262.3488125
261.66731115
265.0650822
273.3112485
286.6199963
300.34738065
309.8786638
314.3181583
314.46419434999996
312.3223329
309.75209925
307.96072430000004
307.2500157
308.28200345000005
311.28060945000004
321.36682940000003
327.4808701
327.7826778
322.9634897
312.7896481
297.39745335
280.22361935000004
0.0
332.9912953
326.6143898
319.4196827
318.97183895
321.9509734
329.21383065
344.3236892
359.32645460000003
367.29028465
368.87720925
364.6324294
359.40434044999995
356.29864145
358.29446685
355.53925425
358.84940365
363.3765198
375.38067925
382.19569275000003
382.94534425
379.518366
369.9189327
353.7965579
333.6630609
0.0
206.09574394999999
200.01091044999998
196.88574
196.36974615
198.9205083
205.11243485
215.1012975
225.4017036
232.54773205
235.8870887
235.9941817
234.3877857
232.46011045
231.1165792
230.5811139
231.35997255
233.608927
241.173592
245.76885819999998
245.9927801
242.37108725000002
234.73827215
223.1916921
210.30158085
0.0
552.2984297
536.21499785
525.7004055499999
520.3554878499999
521.26091105
529.0689694
543.75045565
556.2121946
574.1454157999999
591.4458144
605.65024965
616.81713605
625.66691785
632.4624599
638.21627845
642.3150222500001
644.07719005
653.96869535
659.52779925
657.5903882499999
648.283027
632.83241775
607.4610961000001
579.7921413
0.0
411.0426713
398.89247585
392.6713421
391.64909005000004
396.731143
409.07605315
428.98562830000003
449.54749760000004
463.80061155
470.45011755
470.67403945
467.4709831
463.61563265
460.9383059
459.86737519999997
461.41535680000004
465.90353
480.993917
490.15524235
490.60308605
483.38890745000003
468.1622202
445.12747455
419.4154022
0.0
288.25559955
279.73683265
275.36548830000004
274.6547797
278.21805825
286.87312535
300.8341673
315.2527887
325.2513871
329.9148035
330.0705752
327.82162074999997
325.11508685
323.24582599999997
322.4864388
323.57684095
326.7214829
337.30422525
343.7298094
344.0413529
338.98850715000003
328.30840745
312.14708970000004
294.1262469
0.0
97.688350635
93.891414545
91.399066755
89.98738539
89.67584191
91.17514488
93.988771885
96.00406875
99.577082945
103.597940895
106.664697
109.44911680000001
112.13617925
114.74535585000001
117.03325325
118.57149915
118.98039994999999
119.0193429
120.40181705
119.73005144999999
117.56871860000001
114.24883345
109.34202375
103.422697695
0.0
936.73334115
909.0546506000001
894.8599511
892.53311075
904.1186336999999
932.245168
977.6331579
1024.48150805
1056.9696509999999
1072.118452
1072.6344465
1065.32291
1056.5412784999999
1050.4564448
1048.0030399
1051.5371114
1061.7596315
1096.155978
1117.029391
1118.051643
1101.607989
1066.9195705
1014.40502365
955.82511475
0.0
305.7312413
296.8230451
291.0108121
288.05114915
288.54767155
292.87033725000003
300.9996748
307.9023099
317.8230224
327.40298425000003
335.2597212
341.441912
346.338986
350.1067149
353.29029975000003
355.55872569999997
356.53229905
362.01351705
365.0900089
364.01907819999997
358.86887509999997
350.3111653
336.2625018
320.94819285
0.0
715.80033925
694.9561337
681.3358424
674.41373585
675.5820239
685.6974511000001
704.7308102
720.8823921999999
744.1215882
766.5527184
784.9532548
799.4205549
810.8989848000001
819.7098236500001
827.16739555
832.47337035
834.76126775
847.5832288500001
854.77793595
852.2661167
840.2132786
820.1868746
787.2995665999999
751.44285985
0.0
59.62163238
57.859464605
56.963777115
56.80800538
57.547921134999996
59.33929611
62.23080898
65.20994345
67.27391897000001
68.247492325
68.276699525
67.80938431499999
67.254447505
66.86501816
66.70924642
66.933168295
67.585462445
69.7760025
71.10006226
71.168212395
70.11675317
67.90674165
64.567385035
60.83859908
0.0
465.57251505
449.4014616
440.4153795
437.290209
441.2818598
454.56140035
477.81033215
503.04535355
518.96327795
524.6976250499999
523.9577093
520.38469505
519.8394940000001
522.8380999
529.1857982
538.30818055
548.94933735
564.87699745
579.1495829
577.3290007
565.28589825
546.3012178
518.0773262
486.28042035
0.0
559.22053625
542.68926065
534.21917245
532.82696255
539.74906915
556.5432095
583.6280203
611.59878285
630.99236415
640.0368606
640.3484040999999
635.9867955
630.7392351000001
627.10780645
625.6377107
627.7503649
633.8546698
654.3873318999999
666.84907085
667.4624221
657.6390669
636.9311616
605.5820995500001
570.6113445
0.0
88.92619043
87.23217278999999
85.30449754
85.187668735
85.98599888999999
87.92340987
91.95400357
95.96512580000001
98.087515715
98.515888015
97.376807185
95.98459725000001
95.15705991499999
95.69252524999999
94.95260951
95.83856127499999
97.04579223
100.24884857500001
102.06943075999999
102.27388114
101.35872218
98.79822429000001
94.48529429499999
89.111169365
0.0
60.64388441
58.8719809
57.723164335
57.13902032
57.23637766
58.093122215
59.699518255
61.072256685
63.03887487
64.93734291499999
66.49506028500001
67.72176271000001
68.69533607
69.444987555
70.077810235
70.52565398
70.72036865499999
71.80103507999999
72.414386295
72.200200155
71.17794813
69.48393049
66.69951069
63.661961815
0.0
532.2330828
511.5543847
497.96330064999995
490.25259965
488.5877892
496.7658054
512.0509071
523.0717575
542.5334889000001
564.419418
581.1551440000001
596.2942096500001
610.94648875
625.150924
637.6418701499999
646.0048653
648.24408405
648.4387987
655.99372795
652.3428279
640.5431187500001
622.47359725
595.7490086
563.4945233000001
0.0
158.21540620000002
152.07215835
148.0318289
145.7439315
145.24740915
147.6716068
152.21819440000002
155.49913659999999
161.28216229999998
167.78563235000001
172.76059220000002
177.26823685
181.62010974999998
185.84541815
189.5547326
192.0373447
192.7091103
192.76752470000002
195.01647915
193.926077
190.4212129
185.047088
177.1027294
167.51303180000002
0.0
1095.7178705000001
1063.3270845
1046.7276588
1044.01138965
1057.5635305
1090.4703100000002
1143.5495295
1198.342238
1236.3505420000001
1254.0793125
1254.673192
1246.1252184999998
1235.8540195
1228.7274625
1225.865157
1229.9931075
1241.9485885
1282.1863755
1306.603595
1307.8010905
1288.563281
1247.9847435000001
1186.562
1118.0419075
0.0
142.52140375
138.31556685
136.154234
135.79401180000002
137.5561796
141.83990235
148.74253750000003
155.86909445
160.8148471
163.12221595
163.20010185
162.0902282
160.7564327
159.8218023
159.4518444
159.98730975
161.54502715
166.78285175
169.95670095
170.11247265
167.61038915
162.3336215
154.3405843
145.43238805
0.0
715.0506878
694.2259537
680.6153981499999
673.7030273
674.8713153
684.9770068
703.99089445
720.1230049999999
743.33299385
765.74465245
784.12571745
798.57354605
810.0422402500001
818.8433434
826.2911795499999
831.59715435
833.875316
846.6875414
853.8725127499999
851.3704292499999
839.3273268
819.3203943
786.46229355
750.6445297
0.0
685.0256854500001
664.7753596499999
654.3970676
652.7030500000001
661.1731382
681.74474325
714.933859
749.1841697
772.9490953
784.0283601
784.40805375
779.063136
772.6375518499999
768.1883216
766.39694665
768.97691605
776.45395945
801.6013592
816.86698945
817.6166409
805.59301
780.2216883
741.8239550999999
698.9867274000001
0.0
305.50731944999995
293.63946020000003
285.8411376
281.41137885
280.45727695
285.14990055
293.92179645
300.2500233
311.4169097
323.98574175
333.58517505
342.27918515
350.6811232
358.8396679
366.01490355
370.81462020000004
372.09973705
372.2068301
376.54896729999996
374.44604879999997
367.679714
357.30142205000004
341.9676416
323.4502764
0.0
26.50066678
26.140444635
26.02361583
26.0430873
26.344895045
26.938774785
27.980498285000003
29.051428975
29.421386845
29.14878631
28.623056695000002
28.126534284999998
27.96102681
27.96102681
28.058384150000002
28.214155885
28.44781349
28.90539297
29.557687115
29.538215649999998
29.23640791
28.681471095
27.727369205000002
26.75379585
0.0
88.84830456
87.29058719
86.83300771
86.842743445
87.699488
89.83161365000001
92.83021959
96.04301165000001
98.38932344
98.60350959
97.36707146
95.96512580000001
94.6313303
93.91088601999999
93.34621347000001
93.531192405
94.81630924
98.00962986
99.917833625
100.36567737499999
99.148710695
96.80239890499999
93.00546279
89.325355505
0.0
7.175235641
7.0486711045
7.019463904
7.019463904
7.087614039
7.2531215095
7.496514849
7.7593796555
7.9540943265
7.963830059999999
7.8664727244999995
7.749643922000001
7.642550852499999
7.584136451
7.5451935164999995
7.5549292505
7.6620223195
7.9151513925
8.0709231295
8.1098660635
8.012508728
7.817794057
7.515986316
7.214178575
0.0
10.319877582
10.1348986455
10.086219980500001
10.086219980500001
10.183577316000001
10.4367063875
10.77745706
11.15715067
11.429751215
11.449222679999998
11.31292241
11.147414935
10.991643199999999
10.9040216
10.845607195
10.865078664999999
11.011114665000001
11.381072545
11.604994415
11.653673085000001
11.517372815
11.24477227
10.806664265
10.378291987
0.0
2.8817771370000003
2.8233627355
2.7649483339999996
2.7552126005
2.7844198010000003
2.8428342024999997
2.9791344725
3.1056990085000002
3.173849144
3.193320611
3.1543776770000003
3.1056990085000002
3.0862275415
3.095963275
3.076491808
3.1056990085000002
3.1446419435
3.241999279
3.310149414
3.310149414
3.280942213
3.2030563445
3.0570203410000003
2.8817771370000003
