0.0
115.61586832525418
113.62765669562232
113.87277867608348
114.1179006627461
117.15468966357537
125.6931053969248
139.35184692161337
144.1589613947645
142.7563188931344
140.9451398194167
137.8130255832922
135.06221220152852
131.6032687325397
129.07034158870476
127.61322758960682
126.26505665986177
128.10347156293204
131.22196787817882
136.72359464170614
137.93558656111992
137.74493616494664
134.17704957699348
126.82339008874112
120.16424288466355
0.0
124.15428405860364
123.0239993667873
123.0239993667873
124.35855238185603
127.4906666117791
134.62643984969986
145.69778273308566
149.85123855446508
148.32603507500724
146.2152624241376
143.92745729797244
140.74087150236574
137.24107433275807
134.9124155059741
132.43395992162132
130.81343124407687
131.480707754712
133.71404138340932
138.57562735402828
140.44127798722815
140.76810728210683
137.62237518711893
131.72582971036744
126.64635750181976
0.0
193.10165051986135
192.62502440539953
192.59778868767273
192.97908954203362
194.3000246424261
196.81933392739774
201.0408791671226
203.178887535719
201.47665158096567
200.26465953752322
198.725838199202
197.43213881653625
195.53925246560968
194.96730115306121
194.19108152346175
193.9595774266697
194.0004311272885
194.06852054563407
196.47888671164125
198.75307404095747
199.69270828698907
198.95734235800845
196.66953716982889
194.2864067835627
0.0
251.20917819452532
245.61222629492576
243.0248275916086
243.81466508007142
250.4193407060625
266.9378387934935
289.52991477095713
298.0819483693713
298.817314298352
300.6829649935662
302.0447537945775
301.2140626054959
299.0488184571584
299.11690787550395
297.6461760175427
296.89719216768435
296.93804580628876
299.49820872986476
303.8967865068997
303.47463195191995
300.3561356366732
291.1504434485016
276.8380432100269
262.3486104962567
0.0
34.92988248237844
33.69065468400061
33.0506139531066
32.91443507300547
33.50000425061874
35.67886631363249
40.118297772681814
41.493704451160774
40.703866956496526
40.717484840165625
40.676631176755436
40.594923849935036
40.390655526682636
40.51321652311465
40.60854173980558
40.676631176755436
40.9217531572166
41.09878570072793
42.3516313889763
43.005290009740854
43.05976156302159
42.01118419182419
39.805086349069356
37.06789088198199
0.0
735.8153372375081
721.1624898452912
717.7580178737703
725.1525310502386
751.7618840123905
813.1240869010066
903.2472691032635
939.2257289320332
923.6741009323896
909.5251154343757
897.0511301113743
877.9860870212449
857.6954340288099
840.0057976605696
823.0923808599144
812.0210379765286
818.5167705455698
842.3889279848212
879.0755180868599
888.6080395699099
887.8862914997928
862.788524096221
814.2271358254848
764.6444059074796
0.0
51.70712038432818
50.67216090300132
50.44065680620926
50.958136546872694
52.82378719247542
57.140657655092724
63.472975533284426
66.00590268952226
64.90285376504413
63.908747947127466
63.037203119441386
61.70265010437262
60.272771872612935
59.03354408043655
57.835169939267466
57.05895032827234
57.52195851565501
59.19695872787589
61.77073954752392
62.438016051957575
62.39716238854738
60.626836959635575
57.22236498191311
53.73618567737025
0.0
193.70083755013655
188.308153967588
186.57868223309347
187.65449537783059
193.78254488935983
210.5189290906907
235.9843795517745
245.87096617145892
242.1124290633037
238.02706272228423
233.6012491655083
228.52177695696074
224.09596340018481
221.41323943676667
219.5612067244445
219.83356445984103
223.21080065162096
230.4691349293838
241.05023383944436
243.48783578519271
241.30897365396322
232.21222458475597
217.38234465522936
202.4026679681339
0.0
246.53824268209397
242.30307952149133
242.8069413536799
243.33803902762392
249.8201536757873
268.01365187621616
297.1559319822031
307.3829658176439
304.40064840110256
300.54678609486075
293.86040312964644
288.01832921237707
280.6101982390598
275.2311324533602
272.1126361381134
269.2528796993997
273.1612135031093
279.820360750597
291.5589800826035
294.13276086504294
293.71060637207756
286.11182487855837
270.4240180422234
256.23417884359077
0.0
1306.1461002095975
1280.149552942771
1274.103210646436
1287.2308544351663
1334.4713074194672
1443.4007925252479
1603.3701220442467
1667.2380159248705
1639.634557343248
1614.5095544079925
1592.3532505343
1558.5264170570188
1522.5071034656153
1491.1178718100532
1461.076811406711
1441.4261992691988
1452.960550284154
1495.3394173598497
1560.4601577287074
1577.3735735371329
1576.1071105543517
1531.5493810993692
1445.3481509317714
1357.3221238315928
0.0
55.0571208087699
53.95407188429177
53.70894990383061
54.25366541803368
56.25549494373753
60.84472316655709
67.58557767885075
70.28191948252794
69.11078112730138
68.04858587243488
67.12256949146806
65.69269125970837
64.18110570732972
62.860170582131516
61.59370699781115
60.76301583973672
61.23964191698993
63.037203119441386
65.77439858652876
66.4961466504446
66.44167509716385
64.56240656789201
60.92643049337748
57.208747098244004
0.0
468.10127887642943
466.97099423422463
466.9029047538647
467.8289211410329
471.029124795503
477.14355651018326
487.3705903456241
492.53176976936624
488.4327855694833
485.464085949791
481.7600205251468
478.60067050928114
474.025060132922
472.6496534730475
470.7567669980921
470.19843366843577
470.2801409456446
470.4435556240912
476.3128653211017
481.81449202261456
484.08867935193075
482.3183538548032
476.762255593808
470.9746532360208
0.0
966.8564234794401
947.6143478520012
943.1340627357431
952.8572347389953
987.8279708413739
1068.4594851991847
1186.867020476591
1234.1483272855394
1213.7078775355353
1195.1058427010043
1178.723523512279
1153.6802276681894
1127.0164031465551
1103.7706685173198
1081.5326575524614
1066.988753279209
1075.5271690187599
1106.9027826914298
1155.1101058875458
1167.6249449111663
1166.685310665135
1133.7027861117695
1069.902981277405
1004.741387642029
0.0
99.66932158758033
99.42419960711918
99.41058171724862
99.6012321506305
100.2821265449347
101.58944378646383
103.76830584947756
104.87135476775427
103.98619205639906
103.35976921537561
102.56993171450993
101.90265520387484
100.92216727582873
100.63619163195733
100.22765499165396
100.1050940014234
100.13232977496303
100.15956555470412
101.41241123675105
102.58354959817903
103.07379356530281
102.6924927047405
101.50773645344199
100.2821265449347
0.0
49.528258315113
48.15285163663404
47.70346133292045
47.97581909932414
49.54187620498353
53.83151090026263
60.34086131576422
62.87378846580061
61.906918421423605
60.8583410502262
59.72805635840986
58.434357006751284
57.304072314934935
56.609560030760186
56.14655183717606
56.21464128032735
57.07256821194144
58.93821885754418
61.63456066742278
62.260983508446245
61.70265010437262
59.373991277588644
55.58821843930387
51.74797404773837
0.0
11.425407953664578
11.31646485020382
11.31646485020382
11.439025841674692
11.725001488026633
12.378660105690468
13.400001697766921
13.781302558329221
13.645123684429528
13.45447325104766
13.236587044126145
12.950611400254775
12.623782092353073
12.405895881710693
12.188009677269749
12.03821290977865
12.092684460578814
12.29695278259094
12.746343077002368
12.923375626715126
12.950611400254775
12.664635750181974
12.119920236599045
11.643294159965953
0.0
203.58742416982096
197.92238285187585
196.09758585728042
197.21425270263632
203.65551365018084
221.2634427412122
248.00897454005525
258.413040912806
254.46385340847755
250.16060082952936
245.51690103482477
240.17868901175837
235.52137135819038
232.70246855808116
230.75511052364368
231.05470410079568
234.59535497102212
242.23499004113148
253.34718662513606
255.90734954871212
253.60592650166922
244.05978703572686
228.48092325634187
212.72502693964697
0.0
120.95408040413355
116.6644456964516
114.44472997002767
113.98172177644352
115.99716918581649
123.56871489339322
138.9160745697847
143.66871742143928
140.93152196055334
140.9723755991578
140.83619676246676
140.56383896505588
139.8557088158163
140.29148122965935
140.64554630427912
140.86343254220782
141.6941236692751
142.306928620428
146.66465275885838
148.9116042464191
149.088636783729
145.47989649515696
137.853879283911
128.3894471571919
0.0
81.29879080023012
78.41179856937252
76.9274487843321
76.61423736071963
77.96240826565895
83.05549833927138
93.36423948912974
96.56444314359979
94.72602828393958
94.75326405747921
94.65793884078828
94.46728840740643
94.00428022002374
94.29025586389511
94.52175996068716
94.68517461432795
95.22989012853101
95.65204465870495
98.57989055297274
100.07785822788372
100.20041921811433
97.77643516843797
92.65610932128587
86.28293777348252
0.0
591.9695872787589
580.1901143081478
577.4529188472619
583.3903179626178
604.8112555972577
654.1760992773344
726.677734467682
755.6293641154812
743.1145252158897
731.7163529756109
721.679969660372
706.3462278366426
690.0319981282769
675.8013052910399
662.1834173429412
653.2773186699071
658.5065876360237
677.7214274217073
707.2313905231917
714.8982614350566
714.3126922636447
694.1173644692963
655.0612619638839
615.1608504105265
0.0
163.70063053734125
162.05286608005576
162.01201244145128
163.29209390323933
166.87359841207024
175.50733934970773
190.16018667991005
196.47888671164125
193.16973993820685
189.5746175705126
185.5437227269609
181.39026696759592
176.70571347227246
173.84595703355882
171.61262340486144
170.10103784628137
171.29941196884616
173.87319275128553
180.00124232482915
183.20144604131357
184.19555184682733
180.95449449173844
173.77786761521332
166.6557121741415
0.0
108.75245282272998
107.66302178812236
107.6357860145827
108.48009506252771
110.86322544879387
116.5963562533003
126.33314610301305
130.52745558780265
128.33497559770976
125.93822735878166
123.26912132864412
120.50469008181565
117.38619375416597
115.49330734122505
114.00895755618461
113.0012338483974
113.80468923913364
115.50692522489416
119.57867370705029
121.70306419197753
122.37034069641122
120.2187144379443
115.45245367161343
110.72704656869273
0.0
164.1772565897887
159.601646275444
158.13091435546838
159.04331282175892
164.2317281492709
178.43518526878125
200.00591972300435
208.39453864297207
205.20795284736536
201.74900937837654
197.99047227022135
193.68721975328754
189.92868264513234
187.66811323669393
186.0884381977539
186.31994235656038
189.1933167161517
195.34860206943645
204.30917223993822
206.37909119018906
204.51344055698922
196.81933392739774
184.2500234063095
171.54453392450156
0.0
171.91221698201343
167.11872036772564
165.57989902940452
166.5331511963138
171.96668847948126
186.8374220476123
209.42949814910472
218.19941792343326
214.87665329113543
211.24067722282237
207.31872549823507
202.81120460223588
198.87563501878518
196.50612249138237
194.85835803409685
195.1034799897523
198.09941532717136
204.54067633673031
213.92340112422613
216.08864527256358
214.15490522101817
206.07949767505144
192.92461798255144
179.61994147046826
0.0
221.60388989495425
213.74636858691622
209.68823796362346
208.8439289776928
212.53437654347377
226.41100430609103
254.5183250299741
263.2337732448205
258.22239045461833
258.2904799349783
258.04535797932283
257.52787816424217
256.24779676446855
257.0376342529313
257.67767498382534
258.0862116179273
259.597797114493
260.7280818807266
268.7217820874701
272.83438420823063
273.1612135031093
266.5565378771183
252.58458491641437
235.22177784305276
0.0
391.2146837679104
390.2750495218788
390.22057796239665
390.9831796711184
393.6659036345365
398.77261156081096
407.32464515922504
411.641515659051
408.2098079077889
405.7313522614217
402.6264738670527
399.9982214631167
396.17159493661603
395.0276923735334
393.43439947573006
392.97139128214593
393.0394807625058
393.17565966121134
398.0780993324491
402.6809454265349
404.5874496983391
403.10309991950004
398.4594001247956
393.62504993391764
0.0
1261.275160248815
1236.163774862351
1230.3353188659592
1243.0135721339257
1288.6334966267248
1393.8180631033574
1548.299383469635
1609.9611795013027
1583.3109729005464
1559.043896562027
1537.6501951412292
1504.9808815277638
1470.2144144245942
1439.8873778688628
1410.8812764755387
1391.911559141625
1403.0373731503928
1443.9727442098822
1506.8465329051362
1523.187998269214
1521.9623884909372
1478.9298620813117
1395.6973315954206
1310.6944751162873
0.0
66.30549621706272
65.63821971262905
65.62460182275852
66.14208156342195
67.58557767885075
71.08537487326416
77.02277400102302
79.58293692459908
78.23476601965976
76.77765201436041
75.15712335542028
73.46850525953032
71.5756188341865
70.41809836883048
69.50569987153278
68.89289492037987
69.38313888750363
70.43171625249958
72.9101718554567
74.20387120711526
74.61240784121719
73.29147270981757
70.39086258908941
67.50387035203036
0.0
1204.7609251618826
1171.2473030586018
1160.4347000517491
1167.1074651581
1205.2239334174812
1309.387157688715
1467.69510495358
1529.2071040416354
1505.8796631894354
1480.4414480119779
1452.9469325493194
1421.3670501254978
1393.7635915438752
1377.1225322925736
1365.5745635427836
1367.3040350912347
1388.3028184809668
1433.4733528250883
1499.2341335527535
1514.4316967878497
1500.8138081575928
1444.2995735667757
1352.0656186516348
1258.8375581790378
0.0
214.10043366153602
211.94880737206194
211.89433581257975
213.5693360496064
218.2538894829154
229.55673640107892
248.7171046892948
256.9695448345858
252.63905647589652
247.94088512170973
242.68438037585221
237.23722517180707
231.10917566027783
227.36425647300038
224.45002847480455
222.47543472264036
224.0414918407026
227.40511017361916
235.41242823922602
239.5931198403465
240.91405494073896
236.66527392127298
227.26893127491377
217.96791382664122
0.0
37.57175273897631
36.237199717706105
35.542687433531356
35.40650855963167
36.03293140065514
38.37520811730966
43.141468883640535
44.62581866868098
43.76789173086546
43.78150962073599
43.74065595732579
43.658948630505414
43.44106242358389
43.577241297483575
43.68618440404506
43.754273847196345
44.01301371132662
44.20366414470848
45.55183504964779
46.24634733382254
46.30081888090185
45.18415207895604
42.81463957635899
39.87317579222064
0.0
299.41650139064154
288.7945488419765
283.3065399993269
282.16263743624427
287.146784384691
305.89861603880496
343.8789053994803
355.64476057324225
348.87667033081914
348.9856133877691
348.6451661720126
347.93703602277304
346.20756422626425
347.28337737100134
348.1549221986874
348.7132556523725
350.7559387608679
352.26752438146235
363.0665094674373
368.6226077284324
369.07199806315316
360.13866361037816
341.26427097843646
317.8142679701357
0.0
307.55999835495385
298.9943468976762
296.2435335159126
297.9457694706659
307.66894147391815
334.2646765151924
374.68256788363055
390.38399264084313
384.43297560460945
377.9372430355684
370.91041291661196
362.84862322950863
355.80817525168885
351.55939417020846
348.6179303922715
349.05370280611453
354.41915067093646
365.93988382702867
382.73073964985616
386.6118376738246
383.1392762219437
368.7043150676557
345.15898686126826
321.36853669922556
0.0
258.5356018906337
255.9345852664389
255.880113768971
257.89556115973966
263.5606025396991
277.192108346661
300.3288999189464
310.3108117367175
305.06792491173763
299.4028834697638
293.0433298614425
286.4658900151925
279.0713769007386
274.56385594272507
271.03682299337635
268.6536926071102
270.5329611611878
274.6047096433439
284.2870279459773
289.32564645390613
290.9189393517095
285.78499558367963
274.44129496489734
263.2201553239428
0.0
111.61220928624937
110.60448557846215
110.60448557846215
111.78924182355922
114.60814462366844
121.02216984728483
130.9768459225234
134.72176510980086
133.34635838791183
131.4398541161075
129.3835529627057
126.52379652399206
123.37806441039986
121.2809097114151
119.06119396638687
117.60407996728895
118.18964914490223
120.20509655427519
124.57643853916606
126.25143875758836
126.55103232233746
123.7185116137534
118.42115323549285
113.84554289634241
0.0
23.504474524372853
22.850815909809736
22.64654759275876
22.769108576787907
23.518092414243394
25.547157713486904
28.638418267596922
29.836792402564555
29.387402098850973
28.883540254259533
28.352442617524122
27.72601977650066
27.19492215216812
26.868092838685126
26.65020663176361
26.677442411504693
27.085979045606646
27.971141756961824
29.251223224951282
29.55081675869319
29.278458998490937
28.175410080214238
26.377848877762787
24.56666978544079
0.0
313.07524297734443
306.85186820571425
305.3947542066163
308.5404863016042
319.8705690615232
345.9760601294723
384.32403254765944
399.6305384676192
393.01224498276474
386.9931385281855
381.6821622228458
373.5795189591523
364.94577802151485
357.41508600835556
350.2112233520893
345.4994340770248
348.2638653176518
358.4228097347471
374.0425271527365
378.08703985515143
377.78744634001396
367.1110221698523
346.4526862439341
325.34495998329504
0.0
53.20508804683628
51.31220163389533
50.34533159571976
50.14106327246735
51.026225990023974
54.34899063472461
61.10346303688881
63.18699988941306
61.98862574824399
62.002243638114535
61.94777208483379
61.82521110080465
61.51199967099076
61.70265010437262
61.85244686814287
61.96138997470434
62.31545506172699
62.587812815727816
64.50793501461126
65.50204083252794
65.57013026947779
63.99045527394786
60.640454849506135
56.47338115065906
0.0
181.1859985885305
177.15510374497887
175.28945311177898
175.86140442432747
180.61404727598207
192.5433171281906
208.8303110568151
214.9992142689632
215.53031188089287
216.87848276102645
217.85897076969115
217.25978361538728
215.69372655933938
215.74819811882156
214.68600283294785
214.14128730014045
214.18214100075926
216.02055585421806
219.19352379096136
218.89393021380943
216.63336080537096
210.0014493996388
199.67909036611135
189.22055243387848
0.0
115.67033987853493
113.36891682529061
112.83781919475662
113.9953396663141
118.17603125503169
127.83111382753553
141.99371724642705
147.65875856437216
145.2075386977461
142.98782305194084
141.02684715863998
138.01729390034316
134.83070816675084
132.05265900524608
129.3971708835834
127.6540812282113
128.67542281346616
132.43395992162132
138.19432649966743
139.69229413736977
139.5833510804198
135.63416357609137
127.9945284439677
120.20509655427519
0.0
51.284965854154244
50.767486113490826
50.75386822982171
51.148786974053124
52.27907167207092
54.97541347574808
59.56464170476908
61.552853334400965
60.5178938530741
59.38760916125776
58.12114558313883
56.82744623148027
55.35671433631038
54.457933741286084
53.76342145711134
53.28679537985811
53.65447835054986
54.4715516249552
56.391673817637226
57.385779635553895
57.69899105916634
56.691267351379146
54.430697961545
52.21098223512106
0.0
321.8587806725508
315.4447554427329
313.96040566389394
317.187845098105
328.83113929403936
355.6719963529834
395.095781791879
410.8244423908471
404.0291163066684
397.8329772527649
392.3722042518707
384.0380568293709
375.15919393607794
367.42423360586764
360.0297204293994
355.1817523796581
358.02789089749405
368.47281097086363
384.5146829438327
388.68175662407543
388.36854518806024
377.3925275027609
356.14862246744525
334.45532697338
0.0
51.44838051399647
50.00488439236622
49.555494094854076
49.841469738725436
51.46199839766556
55.91504774658543
62.669520142548194
65.29777251547696
64.30366669135887
63.21423566295272
62.04309730152473
60.69492640278686
59.510170151488346
58.802039977443044
58.3117960165207
58.37988545967198
59.27866606089771
61.21240613724884
64.01769104748752
64.67134966825206
64.08578049063878
61.67541433083298
57.726226832706
53.7498035672408
0.0
11.016871316461911
10.82622088618076
10.839838773570731
10.867074548970812
11.153050195322752
11.97012347034823
13.277440713737773
13.72683100504848
13.59065213114879
13.427237471306572
13.1276439437661
12.868904073434388
12.528456875041996
12.29695278259094
12.147156013239412
12.024595021768539
12.201627565900004
12.501221099021771
13.018700837204625
13.141261827435208
13.114026053895557
12.773578856743452
12.079066572568705
11.439025841674692
0.0
179.1024617794164
174.1183148309697
172.51140401228858
173.49189195893905
179.17055119776188
194.65408971704588
218.18580006456983
227.32340283439592
223.86445930339272
220.0786864154964
215.99332007447697
211.29514878230455
207.19616445839296
204.71770887404014
203.0018549984091
203.26059487494226
206.37909119018906
213.09270999715886
222.8703534358646
225.13092290631738
223.101857594671
214.69962075382557
201.00002552851817
187.13701562476425
0.0
87.0727752743482
83.9815147202382
82.38822183483772
82.06139252135472
83.50488864298495
88.9656616934906
100.00976878473244
103.42785864612401
101.46688279003179
101.49411856977288
101.39879335308194
101.19452503603095
100.69066317903666
101.00387460264909
101.2489965893117
101.41241123675105
102.0115983104363
102.44737071807792
105.59310282546866
107.20001360073968
107.33619248084078
104.73517589385456
99.24716706360786
92.42460521829236
0.0
828.743804318996
805.6887201479483
798.2533533328757
802.8425815060837
829.0706336758892
900.7143419594286
1009.6165915335257
1051.9409871117537
1035.8854972799213
1018.3865113078543
999.4712650373081
977.7507338255164
958.7537801537325
947.3147543368636
939.375525689602
940.5602819533038
955.0088610284694
986.071263265124
1031.3098869655767
1041.7684248357953
1032.399317969177
993.5202480010746
930.0881261622073
865.947874050072
0.0
27.617076669939177
27.344718915938355
27.344718915938355
27.54898723298933
28.16179219034369
29.618906201844478
32.083743902528155
33.159557053466635
32.60122364939301
31.988418692038653
31.30752429773445
30.613012013559697
29.82317451889545
29.33293055177168
28.95162968500794
28.70650770454677
28.910776027799184
29.346548435440784
30.367890026897093
30.912605547301602
31.076020200942388
30.53130468673931
29.31931266190113
28.1209385269335
0.0
162.70652466981312
156.91892231202593
153.9502228163623
153.32379994433165
156.0337596254765
166.21993982231288
186.86465788936775
193.25144727743012
189.5746175705126
189.62908906798043
189.45205659268493
189.07075573832407
188.13112143027806
188.71669060168992
189.17969879527402
189.47929237242596
190.59595915576747
191.42665028283471
197.29595997984515
200.30551317612768
200.5506351937974
195.70266708204187
185.43477960799655
172.68843654959855
0.0
880.110477530978
877.9860870212449
877.8635260434172
879.5929977779117
885.612104232491
897.1056016708565
916.3340593774178
926.043613397778
918.335888909323
912.7661727274502
905.7801962470984
899.8564149285912
891.2499098327092
888.6625111293923
885.108242338288
884.0596650353064
884.2094617928753
884.5226731668761
895.5531624116575
905.9027572249261
910.1787740241333
906.8423914709576
896.3838535387248
885.5303968932676
0.0
208.2583597442666
200.86384662981277
197.0644558830531
196.26100053572696
199.7199440047158
212.7658806402658
239.18458320624455
247.3689338711756
242.65714459611112
242.73885193533437
242.5073478385423
242.0171038652171
240.805111883789
241.5540957336473
242.1532827639225
242.5482015391611
243.96446189965454
245.0266571235139
252.5301132949178
256.397593460023
256.7108049580526
250.50104804528578
237.35978621164912
221.04555650328354
0.0
285.8803208437807
277.92747427564166
275.3536934932023
276.94698639100557
285.9892639007307
310.7057304499417
348.2638653176518
362.86224115038624
357.3333786691323
351.28703643481185
344.7640681480441
337.2742297734892
330.7240257069803
326.7748382026519
324.03764267975157
324.4461793758679
329.43032638632894
340.1476041330806
355.75370369220667
359.3624439187642
356.1350045465675
342.72138497753434
320.83743902528147
298.70837124140195
0.0
521.6740499373675
520.4212042553206
520.3394969160973
521.3608385633665
524.9423430101831
531.7512869532252
543.1494591314896
548.9098257715501
544.3342154572056
541.0250686217568
536.8988486421327
533.385433489633
528.2787255633586
526.7535221459151
524.6427494950456
524.0163266850293
524.1116518211015
524.2886844204257
530.8252706280713
536.9669380604784
539.4998652043133
537.525271452149
531.32913246026
524.8878715127153
0.0
105.53863127218793
103.72745218606738
103.94533839298889
104.16322459370896
106.94127373040799
114.73070561389905
127.20469093069913
131.5760329527986
130.29595149101058
128.64818703372507
125.78843057640711
123.28273923091756
120.12338922125338
117.82196616800904
116.48741315294028
115.26180323823156
116.92318556678329
119.78294202410126
124.8079426669653
125.91099155423481
125.73395903552924
122.4656659379079
115.76566509522588
109.69208708736589
0.0
420.4250533542573
412.05005223113864
410.1026943207298
414.32423956045466
429.53542034434224
464.60148176883615
516.090715834617
536.6401087655996
527.7612458102923
519.6722204054622
512.5364471675415
501.6557547423432
490.05331418501345
479.9488413894148
470.2801409456446
463.9614409759278
467.66550652460074
481.3106301284116
502.26855963148193
507.715714835527
507.3071782014251
492.96754224522357
465.22790451683807
436.88907982019174
0.0
130.85428488268136
127.21830883297255
126.03355260027836
126.76891854786327
130.90875644216354
142.211603360327
159.4109958172564
166.09737884448515
163.5508337797725
160.8000203980088
157.80408506058973
154.3723773093276
151.37644197190852
149.5788807570542
148.32603507500724
148.50306761231715
150.7908728004967
155.69331240972008
162.8290857096552
164.4904680258041
163.00611824696506
156.8644508145581
146.85530321704599
136.72359464170614
0.0
491.2108346689738
480.2620528254301
475.20981639662347
476.74863773494474
489.6583954717892
521.9600255936417
566.1364539462063
582.8728381475372
584.2890985080307
587.9523103560849
590.6077985397618
588.9872698622175
584.7384887807372
584.8882856003203
582.0012933198511
580.557797241631
580.6258866599765
585.6372694501786
594.2437745460608
593.4130834189934
587.2986517663275
569.3094218209352
541.3246621989086
512.9858374402479
0.0
617.0128831848629
611.4023133643856
611.4023133643856
617.993371069499
633.599470628625
669.0468328454656
724.0630999846237
744.7350538314197
737.1362723999148
726.6096450493365
715.2387086508131
699.4555765543771
682.02468006267
670.4358574262177
658.1525224993894
650.131586512905
653.3998796477349
664.4848403899842
688.6702093272655
697.9439909957971
699.591755391068
683.9039485547331
654.6254895500409
629.350689609159
0.0
1681.4550910892874
1677.4105785729153
1677.1518385103393
1680.4609852837739
1691.9681008290602
1713.9337539344933
1750.6611977991645
1769.2223787470334
1754.4878240776077
1743.8250180143668
1730.4931061566433
1719.176640759473
1702.7398500112652
1697.7965570735091
1691.0012311133592
1689.0130188821875
1689.2853772997425
1689.8845638339028
1710.9514365179518
1730.7246095092632
1738.90896054628
1732.5221709721748
1712.5583472126038
1691.7910684157785
0.0
348.6451661720126
341.71366125114287
340.09313257359844
343.5929298052205
356.20309396491314
385.27728465255444
427.98298114715766
445.0325768465183
437.6652994497911
430.9516806428212
425.0415173692207
416.0128576563448
406.39862877205684
398.0236277729669
390.0026917864824
384.75980489948824
387.8374475761305
399.15391247718617
416.53033734739665
421.0378583054103
420.71102901053143
408.808994938064
385.8083822644841
362.3039077587155
0.0
587.5029200833785
571.1478366743941
565.8777140696732
569.1323892836255
587.7208062592928
638.5155281587262
715.7153347032605
745.7155417780701
734.3446053795469
721.9387094748909
708.5250899058576
693.1232586637824
679.6687854561449
671.5525242095594
665.9283365302188
666.759027657286
676.9996794136044
699.0334220614118
731.1035480864721
738.5116790597897
731.8661497331797
704.3171625249962
659.3372787630909
613.8671510278606
0.0
408.26427940525673
399.1675302740351
394.9732208140513
396.25330227583925
406.98419794346864
433.83867292329046
470.55249868104113
484.4563622854139
485.6411184871009
488.67790752513883
490.884005374095
489.5358344319472
486.00880148259847
486.13136246042615
483.7346142152967
482.53624009273176
482.590711652214
486.7577853324568
493.90717649125526
493.21266420087915
488.1331919923314
473.1807510849771
449.921398534864
426.376070390491
0.0
589.4366601349238
577.6980408029174
574.9744632008947
580.8982444573874
602.2102390350774
651.370814398103
723.5592381524352
752.3883068224068
739.9279393582684
728.5842387394863
718.5887090628519
703.3230567194823
687.0769164294622
672.9006950896928
659.3508966839687
650.4856516495391
655.6876848359145
674.8071994855259
704.1946015471683
711.8342366172776
711.2622853667434
691.1486649116182
652.255977022638
612.5325980065904
0.0
543.9392966199525
528.8098231752883
523.9346193458059
526.9441725420885
544.1571828578811
591.179749790296
662.660043457403
690.4269169035153
679.9002894909227
668.4067921145714
656.0008962099154
641.7429675929372
629.26898233195
621.7655260365175
616.5498749912788
617.3397124797415
626.817762465324
647.2037406558459
676.8907362326258
683.7677696560277
677.6124843647574
652.0925624062058
610.4490611354619
568.3561697160403
0.0
76.36911538025846
73.65915568671075
72.2565132284907
71.97053758461934
73.23700116273825
78.01687981893969
87.71281600524223
90.7087513426613
88.97927958336113
89.00651535690079
88.9248080300804
88.74777548656908
88.2983851828555
88.57074294305775
88.78862914997926
88.9384259137495
89.45590566061436
89.85082441104718
92.60163776800513
94.01789810989426
94.12684121025433
91.85265393054965
87.03192161093801
81.05366881976896
0.0
14.734554712835685
14.584757949065446
14.584757949065446
14.693701055626926
15.020530362908485
15.796749967702189
17.11768509910184
17.68963639304601
17.390042859304096
17.063213545821103
16.69553057512935
16.327847598236158
15.905693074263663
15.646953203931954
15.442684880679542
15.306506006779848
15.415449113341325
15.646953203931954
16.205286608005572
16.491262251876936
16.57296957869733
16.286993934825965
15.633335320262843
14.993294589368833
0.0
877.781818704194
858.2129137818762
849.1978719898779
851.9350674507638
875.0173874015526
932.74361428387
1011.6865104837766
1041.5913922984853
1044.12431944232
1050.6745235708433
1055.399930642757
1052.512938362288
1044.9277748516608
1045.2001325870572
1040.0389531013006
1037.437936477106
1037.5741153758113
1046.521067749464
1061.8956632117984
1060.4113133709448
1049.5033852280196
1017.351551863736
967.3466674527656
916.701742310901
0.0
1233.9576769513803
1206.449543319787
1193.7712896797343
1197.6387698448393
1230.076578989426
1311.2391907111091
1422.2113589873998
1464.2361612365332
1467.8040480725438
1477.0097403847444
1483.6552700214263
1479.597139150076
1468.9343324666916
1469.3156333830666
1462.0436817425555
1458.4077056122283
1458.5983557603436
1471.1676664054607
1492.7928724191659
1490.709335424009
1475.34835813061
1430.1642060516535
1359.8550504172986
1288.6743504513722
0.0
828.8118937373416
810.3324198806386
801.8212399828434
804.4086386241461
826.197259316298
880.7096645612532
955.2403650632473
983.4702467029435
985.8669949480728
992.049516143113
996.5161833384934
993.7926057984853
986.6295967188091
986.8747186744645
981.9995147829679
979.5619128992338
979.6844738770616
988.1275644185259
1002.6442329120373
1001.2552083312848
990.9464671566207
960.578577148328
913.3653597577256
865.5529553368478
0.0
342.176669444727
338.7313437725872
338.6496364953783
341.3187425379186
348.8221987093225
366.865900214197
397.4925300990229
410.68826349214163
403.77037643013534
396.25330227583925
387.85106549700816
379.13561715813313
369.3579737194274
363.37972090345255
358.70878532900684
355.5494353751557
358.0551267392496
363.44781032179816
376.24862500169274
382.92139004602944
385.0185447760213
378.2368366127203
363.22992414588384
348.3591905157384
0.0
158.87989820532678
153.24209260510835
150.34148252779028
149.72867757663735
152.37054777742227
162.32522381545226
182.4796979091819
188.7303085225676
185.135186092859
185.1896576523411
185.01262505301688
184.63132426067043
183.7189257323655
184.29087704491397
184.74026731762035
185.03986089477237
186.12929189837277
186.9327473077133
192.6658781060183
195.6073418839552
195.83884598074727
191.1134389088338
181.09067339044392
168.64392384718346
0.0
227.58214271092905
219.50673516496235
215.3396614227052
214.46811659501918
218.2538894829154
232.51181809989356
261.3817404704839
270.3286928441368
265.1811312172436
265.2628385564669
265.0040986799337
264.45938314712635
263.1520659055972
263.9691391738011
264.6227977635584
265.04495231853815
266.597391577737
267.754911999683
275.96649838234083
280.17442576320235
280.52849089983647
273.7331648156578
259.37991100059304
241.56771353049638
0.0
307.77788459288246
296.85633852907984
291.2321507877248
290.04739446200904
295.1677203711755
314.45064963721916
353.49313428376826
365.58581875240884
358.6270779897837
358.73602110874793
358.3819560341282
357.6602079640109
355.8898825288978
356.99293145337583
357.87809420193975
358.4500454524738
360.54720024448005
362.11325730052795
373.21183596365483
378.91773104423316
379.38073923781735
370.2022827053581
350.7967924614867
326.693130925443
0.0
47.60813612243095
47.13151004517772
47.117892155307175
47.48557513220037
48.53415249719633
51.03984387369307
55.30224278923107
57.140657655092724
56.173787616917146
55.12521024571975
53.95407188429177
52.74207986565502
51.39390896071573
50.5495999065693
49.90955917567529
49.47378676183225
49.81423395898436
50.56321779643984
52.347161115222185
53.27317748998757
53.57277102372947
52.61951886922301
50.53598202290021
48.46606306024647
0.0
20.603864403644703
20.413213970262834
20.413213970262834
20.631100177184354
21.14857991784778
22.33333616914631
24.171751035007944
24.86626331298126
24.60752344885099
24.25345836182834
23.872157501266045
23.354677760602613
22.769108576787907
22.387807716225606
21.979271082123656
21.7069133219214
21.81585642848288
22.183539399174634
22.986994789910863
23.300206207321878
23.354677760602613
22.837198019939187
21.856710091893074
21.01240103774665
0.0
490.5571760792164
480.77953251648205
478.5189631700579
483.44863855902236
501.1927465487592
542.1008817664938
602.183003193322
626.1641038135523
615.8008911414204
606.3636948564567
598.0431652928203
585.3376758730266
571.8151131850292
560.0220222935404
548.7327932342403
541.3518979166354
545.6823862753247
561.601697270466
586.0594239431439
592.4189775514652
591.9423515610322
575.2059672976868
542.8362477574888
509.7720158649001
0.0
59.333137607977015
58.73395054049319
58.72033265682409
59.18334083800534
60.47704018966391
63.60915440718412
68.92013069391952
71.20793586349474
70.0095617285271
68.70224449319943
67.24513048169865
65.73354492311857
64.04492682102715
62.9963494560312
62.192894071496404
61.64817855109188
62.083950964934935
63.00996734590174
65.22968307232567
66.38720354388313
66.75488651457488
65.58374815934832
62.98273156616065
60.39533286904496
0.0
159.5471747159619
156.36058892035518
155.62522299137453
157.23213374804124
163.00611824696506
176.31079475904824
195.85246383961066
203.65551365018084
200.2782774584009
197.20063478175854
194.5042929594771
190.36445505897544
185.96587721992628
182.13925069342554
178.46242098650796
176.06567274137848
177.46831518099418
182.6567305085062
190.6095770766452
192.6658781060183
192.51608134844952
187.06892620641872
176.54229879382595
165.7977852673332
0.0
134.47664309213107
130.73172390485362
129.53334978228884
130.2687157112695
134.53111458959887
146.14717300579207
163.823191515169
170.6866070176932
168.08559045551274
165.2394518756624
162.17542705788347
158.6483941085347
155.57075143189235
153.71871865755585
152.42501933690448
152.6156697950921
154.95794648073945
159.99656498866827
167.35022446451768
169.03884262242204
167.51363908094987
161.20855703211078
150.9134337783244
140.50936740557367
0.0
70.67683823296076
68.17114685646402
66.87744751100689
66.60508975080464
67.77622810603118
72.2020416814114
81.17622981620099
83.94066105682799
82.34736817142752
82.37460394496718
82.2928966181468
82.12948196450601
81.7209453242026
81.97968519453433
82.17033562791622
82.30651450181588
82.79675847514109
83.15082355596232
85.69736859586925
87.00468583739836
87.11362894395984
85.00285631789595
80.54980696897607
75.02094447531915
0.0
604.2393042847094
593.8488558328364
595.1017015148834
596.3817829766714
612.2738581920718
656.8452053198748
728.284645286363
753.3551768481796
746.0423710729489
736.5915568671073
720.2092377403964
705.8832196430584
687.7441929400974
674.5620774058418
666.9088244768691
659.9092300756394
669.4689874004451
685.7968349676742
714.5578142193002
720.8901321719092
719.8551726037622
701.1986661477349
662.7689865143532
628.0025187290254
0.0
676.4277281010559
662.9596369725407
659.8275227364161
666.6364666794582
691.0941934141504
747.4994850720469
830.350715075663
863.4285648271148
849.1297825095178
836.1110817157232
824.6448200570991
807.1322162261686
788.4757097701413
772.2159516212577
756.6643236836281
746.478143486792
752.4563963027667
774.4084316113506
808.1263220316823
816.8826239471475
816.2289653573902
793.1602632034501
748.5208267193159
702.928138006258
0.0
1063.9792000209122
1034.3875296422189
1024.8413901762765
1030.7243177941646
1064.3877367170287
1156.3765694904707
1296.1914250397688
1350.5131795164648
1329.9093153980862
1307.4534176371699
1283.1727241839599
1255.269671467056
1230.8936523816587
1216.2135691476867
1206.0137709059436
1207.538974323387
1226.0729195535293
1265.9733316030015
1324.0400053289895
1337.4672431909864
1325.4426481406915
1275.5330881216205
1194.084501053735
1111.737132944322
0.0
1132.9674201827886
1107.7062381007704
1096.076561825714
1099.6172126959402
1129.3995335328214
1203.916616175952
1305.8056537380137
1344.3987483599135
1347.6670413087004
1356.123749522985
1362.2245629447016
1358.4932614302443
1348.7020003187183
1349.0560657654244
1342.3833006590735
1339.046917795826
1339.223950209107
1350.7583012240625
1370.613181864669
1368.7066779029365
1354.6121635923187
1313.1048414683378
1248.5696707049926
1183.203808628537
0.0
89.78273496789593
86.59614919709497
84.9620026482843
84.6079375674631
86.1059052299712
91.73009294031907
103.1282651123821
106.6552980865366
104.61261489742256
104.65346856083275
104.5445254604727
104.34025714342172
103.82277739655686
104.14960671003985
104.39472869670249
104.57176123401236
105.18456618516527
105.63395648887887
108.87501381296055
110.53639613531087
110.67257502161343
108.00346898527448
102.33842761771785
95.29797957168232
0.0
1272.3737386638843
1244.00767837354
1230.9345055861627
1234.9109287462034
1268.3564617412105
1352.0520009168004
1466.4831129101374
1509.8152319666992
1513.4920625418176
1522.983730386264
1529.833527285752
1525.652835560603
1514.6495824056342
1515.0445016769881
1507.5546631784043
1503.7961255741343
1504.0003940772287
1516.9646233735548
1539.2571058358812
1537.1054795464074
1521.281493687338
1474.6674633270106
1402.193063668347
1328.7926481186296
0.0
2.2197157289045175
2.178862064874179
2.16524417748421
2.192479952884292
2.2605693929348565
2.451219823216005
2.723577580937688
2.832520684398447
2.7916670203681084
2.737195468947801
2.709959693547719
2.6418702541172983
2.5873987020768467
2.5329271506565383
2.4784555986160877
2.451219823216005
2.4648377112261186
2.546545038666652
2.655488141507267
2.6827239181476363
2.6827239181476363
2.6010165900869597
2.451219823216005
2.301423056345051
0.0
108.45285928898805
105.42968817182788
104.46281813365229
105.0620052011361
108.49371295239827
117.87643772128976
132.1207484235916
137.6632288257234
135.55245623686812
133.2646510486886
130.79981332319915
127.95367480536324
125.46160126912554
123.96363363762462
122.92867412529057
123.07847090766515
124.97135734541182
129.04310580896365
134.95326914457854
136.3286758044532
135.10306596416171
130.00997583473634
121.71668209425097
113.31444527200985
0.0
1701.8002157652336
1663.8607804772632
1646.375411743916
1651.7000062181908
1696.4347680864546
1808.3601889637555
1961.4116310486618
2019.3829793905195
2024.2854197439158
2036.9909089776659
2046.1557474652186
2040.5451774586982
2025.8378588790856
2026.3689567390727
2016.3598087694745
2011.3348081824233
2011.5935482449995
2028.9291194145912
2058.7522935800052
2055.878919282428
2034.7031034794147
1972.3740309991265
1875.428286498849
1777.2569328404388
0.0
344.9002469847352
337.2061403551437
333.6654894849172
334.74130262965423
343.81081598113474
366.4982172807138
397.50614795788624
409.2583852107704
410.2524910782986
412.8262719227523
414.69192255595226
413.5480199308552
410.56570251431395
410.67464557126397
408.6455802596176
407.624238736377
407.6787102338448
411.19212532433016
417.23846755865054
416.65289844925314
412.36326372916824
399.7394816485979
380.08886932504237
360.1931351078459
0.0
412.36326372916824
400.89700207054386
397.1929365838852
399.4807417720648
412.5266783456004
448.1783088794918
502.3638848915829
523.4171395927398
515.4234393239818
506.72160903001316
497.3116484627763
486.49904551793793
477.04823125008227
471.3559540903816
467.4067666480677
467.9923358194795
475.18258061688243
490.6388834184398
513.1492521186943
518.3512853050697
513.6939675894874
494.3565667639617
462.7903026331041
430.8699733656124
0.0
107.4587534710714
105.0620052011361
103.95895627665799
104.29940348001155
107.11830627391929
114.1859900934945
123.85469049385455
127.51790232950583
127.83111382753553
128.62095131599835
129.2065204253958
128.85245535077604
127.92643896360778
127.95367480536324
127.32725190852685
127.01404050972013
127.02765841199354
128.11708942179538
129.99635791385862
129.81932543856308
128.4847724172929
124.54920280283503
118.42115323549285
112.22501423740228
0.0
89.56484876717585
87.79452333826404
87.37236880809012
88.27114940931585
91.51220673339753
98.98842719327615
109.9508269576976
114.33578686346618
112.44290044432381
110.71342867882218
109.20184312644355
106.87318429345811
104.40834658037159
102.25672029089749
100.20041921811433
98.852248313175
99.64208580783927
102.54269593476883
107.00936316735779
108.16688364511668
108.08517631209487
105.02115153772593
99.1109881835067
93.0782638390569
0.0
124.3176986812372
123.06485300539171
123.03761720704632
124.00448727622907
126.72806484724445
133.29188682842968
144.4040834124343
149.21119782357107
146.69188853859944
143.95469301569915
140.90428618081228
137.74493616494664
134.19066737384244
132.01180536664162
130.32318727075167
129.17928470766907
130.07806525308186
132.03904114638271
136.6963587999507
139.12034288683566
139.88294453354303
137.41810687006796
131.9709517280372
126.56465022461086
0.0
118.74798254277441
116.10611229237799
114.88050237766926
115.26180323823156
118.38029957208266
126.19696721671048
136.87339133726059
140.91790410169
141.25835125543205
142.14351394198147
142.78355473488986
142.38863595965125
141.3672943743964
141.40814801300084
140.7000178637613
140.3595706480049
140.37318856888263
141.58518061232508
143.66871742143928
143.46444910438828
141.98009932554933
137.63599310799668
130.8679027415447
124.01810517850251
0.0
678.375086073479
663.2456126288149
656.2732540073264
658.3976445170593
676.2370776428684
720.8492784092759
781.8574162852867
804.9669720158167
806.9279479091175
811.9801842759097
815.6433961859783
813.4100625572811
807.5407528602707
807.7586390981992
803.7549800343886
801.7531505024832
801.8620936214476
808.7799806214396
820.6547789761806
819.5108763510835
811.081403730497
786.2287582825805
747.5811924112701
708.4570004875121
0.0
413.3437516138043
405.1185473102688
403.19842511758674
407.3518809389662
422.30432190833477
456.77119617852486
507.40250339951166
527.6114490527235
518.868765058136
510.92953641087473
503.91632408876734
493.21266420087915
481.81449202261456
471.8734339054624
462.36814807812436
456.1447733064942
459.79436723367064
473.20798686471824
493.825469152032
499.1772990959761
498.7687624618742
484.6742484613282
457.3976189885412
429.53542034434224
0.0
480.04416658750137
471.7917265662391
472.7858323717529
473.80717395700776
486.4309560375781
521.8510824746775
578.5968213483301
598.5197914072821
592.7049532697539
585.2014970363356
572.1691783216634
560.7982418611255
546.3905164865786
535.9183606954823
529.8447826194066
524.2750664995481
531.8738479930673
544.838077289394
567.6888932054052
572.7138938544707
571.8968205242525
557.0805585156035
526.5492538288642
498.91855928145725
0.0
310.2018686177532
304.01934748472735
302.58946932738485
305.7079656426317
316.9291052835863
342.80309225474326
380.783381677433
395.953708822716
389.40350469419275
383.4388697990957
378.1687471943748
370.1341932870125
361.58215968859827
354.13317501466224
346.9974017767414
342.3264662022958
345.06366166318173
355.127280820176
370.5972014805966
374.61447840327054
374.314884888133
363.7337859780724
343.2661005103417
322.34902464587594
0.0
750.9175749644455
734.1675728422368
726.4598482297532
728.802124977415
748.5480624370426
797.9401418968603
865.4712479976247
891.045641453644
893.2108856639957
898.8214554844732
902.8659681868879
900.3875126645497
893.9053980163864
894.136902051164
889.7110884943882
887.4913727865685
887.6139337643962
895.2671867553832
908.4220664478834
907.1556029069728
897.813731820096
870.3055982505169
827.5318123375681
784.2133108918118
0.0
618.6606475801341
606.3500769355791
603.4903204968655
609.7000773476179
632.0742672111816
683.6724444579411
759.4423727831186
789.701319672447
776.6145293982926
764.7124953878395
754.2267216758656
738.1984676237743
721.1488719864279
706.2781383562824
692.0474455190454
682.7328102119095
688.1935832128037
708.2799678881878
739.1244840109424
747.1318021385636
746.5326150462741
725.4248887856351
684.5984608451092
642.9004880148833
0.0
433.8522908441682
425.21854984451625
423.20310245374765
427.560826592178
443.26225134939074
479.44497949521167
532.5819780802924
553.7850296010324
544.6201910514653
536.2724257701021
528.9187662942527
517.6840087944347
505.71388530362174
495.2825831511299
485.31428919222225
478.77770298457665
482.61794743195514
496.6852255907456
518.3240495253287
523.9346193458059
523.5124647908264
508.7098206410408
480.0850202881202
450.84741492203227
0.0
136.7644482803106
131.916480168555
129.41078880446113
128.89330905139485
131.16749631869664
139.73314777597426
157.0823370524868
162.46140271415769
159.35652431978863
159.4109958172564
159.26119905968764
158.93436976480893
158.14453227634613
158.63477618765697
159.02969502490993
159.28843483942873
160.214451226597
160.90896345495878
165.852256764801
168.3851839706503
168.5894522877013
164.5040859466818
155.8839628679077
145.16668505914166
0.0
1409.8871706700245
1381.8207035227317
1375.2977359801364
1389.4739566997616
1440.4593289333538
1558.036173021679
1730.7246095092632
1799.6583584217292
1769.8624197259849
1742.7355874448674
1718.8361936677452
1682.3130183061678
1643.4339481520221
1609.5390247602797
1577.1284518295352
1555.9117828220176
1568.3585326133357
1614.1146357567827
1684.3965553013247
1702.658142982114
1701.2827362602247
1653.1843560590437
1560.1469454865055
1465.1349416579174
0.0
415.6724104405883
406.41224669293445
402.1362298937274
403.44354707324226
414.3650932610736
441.7098120901918
479.0909144826064
493.2535178394835
494.45189196204825
497.5431525595684
499.7901041091435
498.4146973872545
494.8331928784235
494.95575385625125
492.5045340516395
491.27892414933376
491.34701356767926
495.5821767282819
502.8677467237714
502.1596165745319
496.99843702676094
481.77363832199575
458.09213127891735
434.11103065868696
0.0
973.2295950706538
951.5226817177252
941.5271519170619
944.5775588759776
970.1519523940115
1034.1696434042904
1121.691808982352
1154.851366011013
1157.6566509522586
1164.9149851680072
1170.1578720550012
1166.9576684005312
1158.5418137008226
1158.8414071539457
1153.1218942765186
1150.248519916927
1150.3983167365102
1160.3121390739216
1177.361734773282
1175.7139702539823
1163.6076679884925
1127.9696552514501
1072.517615760463
1016.3846817759489
0.0
89.74188130448573
87.95793798570338
87.53578346173092
88.44818195282717
91.68923927070742
99.17907762665801
110.16871316461913
114.55367307038769
112.6607866512453
110.9313148857437
109.40611143729308
107.07745261050908
104.61261489742256
102.44737071807792
100.39106964529476
99.04289874655686
99.83273624122113
102.74696425181983
107.21363149061021
108.37115196216769
108.28944462914585
105.22541985477693
99.30163861068715
93.25529638256825
0.0
658.9832136884711
640.653536589337
634.743373253722
638.3929671808984
659.2419535650043
716.219196535449
802.815345788357
836.465146790343
823.6915678901896
809.7877043478311
794.7535561012536
777.4724563671153
762.3702186401779
753.2734695709704
746.9547695392394
747.8944038472853
759.3879012236364
784.0907498519696
820.0555918838909
828.3761213855131
820.9271366495625
790.0145311084625
739.5738743456633
688.5748840671645
0.0
841.6807978355819
824.9307957753874
821.0360797685267
829.4927881688544
859.9287675954928
930.1289798008119
1033.216391237381
1074.3696484727855
1056.5846868444441
1040.3930181759206
1026.121471700079
1004.3192330870492
981.1007342375549
960.8781707254798
941.5135341202131
928.8488983390239
936.2842651540965
963.601748265488
1005.5584609102328
1016.4527711942945
1015.635697988105
986.929190295961
931.3818254828589
874.6633223889471
0.0
128.21241461988203
126.0063167957315
126.26505665986177
126.53741442626547
129.91465063664972
139.3654648424911
154.52217406689638
159.84676823109947
158.29432903391492
156.2924995020096
152.80632019126534
149.76953121524178
145.92928682987775
143.12400188863188
141.50347321108748
140.01912343224848
142.04818874389485
145.50713227489808
151.60794606870056
152.95611694883416
152.7382307729198
148.77542534771365
140.618310524538
133.2510331898252
0.0
82.45631127178756
80.61789640592592
79.75996946811038
80.01870933844212
82.18395351778672
87.61749078855128
95.02562181148004
97.8309067217187
98.07602870217988
98.68883365953424
99.13822396324781
98.86586620304554
98.14411814533112
98.1713539188708
97.69472784161758
97.4496058611564
97.46322375102694
98.29391490910139
99.73741102453019
99.6012321506305
98.57989055297274
95.55671944201403
90.85854811263299
86.1059052299712
0.0
745.157208324385
718.7248879615573
705.0797642337177
702.2200077950041
714.6259036376457
761.3080234163184
855.8297833956099
885.108242338288
868.2492971591295
868.5216549565404
867.6773458465809
865.9342561912086
861.6173857533971
864.3137275756786
866.451735944275
867.8407605250273
872.920232733575
876.7196234183202
903.5877163190197
917.3826367424139
918.5129213846185
896.2885283406381
849.2931971879646
790.940547557645
0.0
221.52218261774536
213.6510433888296
209.60653062440022
208.74860371759183
212.43905134538713
226.31567910800442
254.42299976987312
263.12483012585614
258.11344739766844
258.1951546748773
257.9364147983441
257.41893510729227
256.1388536455042
256.9423089928303
257.568731864861
257.99088641984065
259.5024719784208
260.61913876176226
268.61283890649133
272.71182323040296
273.05227044615935
266.4475947581539
252.47564179744995
235.12645258295177
0.0
1649.1670790123412
1616.3343513405734
1608.7083342533565
1625.2813042103414
1684.9276525411685
1822.4683203890643
2024.448834422362
2105.093966142921
2070.232173655622
2038.5024942881887
2010.54497025986
1967.8256560924367
1922.355528481235
1882.7002387595041
1844.788038941203
1819.9762470078626
1834.5337692640069
1888.0520693235921
1970.2632585343
1991.6161067505943
1990.0228137907766
1933.753700907557
1824.9331583005967
1713.7839569908808
0.0
214.50897029563794
210.24657141730864
209.25246554978042
211.4040918392545
219.16628794920592
237.06019269651156
263.3290985049215
273.814872154881
269.28011541712647
265.15389543750257
261.5179193691894
255.96182110819427
250.05165771056502
244.89047822480845
239.96080283584402
236.73336340163286
238.6262498145738
245.58499051518467
256.27503248219523
259.0530816437
258.84881332664906
251.53600748940403
237.37340407051246
222.91120713648337
0.0
972.1946355025069
950.5285759122111
940.5330461115481
943.5698351495861
969.1306107467421
1033.0802123386754
1120.5070527186506
1153.625756108707
1156.4310409879386
1163.6893753277157
1168.918644231818
1165.7184405773476
1157.3162037365023
1157.6157973136542
1151.8962843742127
1149.0229100146212
1149.17270677219
1159.0865291716154
1176.1088890912351
1174.4747424928128
1162.3820580241722
1126.7712811288852
1071.3873310562437
1015.3088686932263
0.0
1031.0375291681657
1010.5153720789383
1005.7491113684206
1016.098706181689
1053.3981011108517
1139.3814454126066
1265.6601197949003
1316.0735411500445
1294.2849204578927
1274.4436575521208
1256.9582896249603
1230.2536112166642
1201.8330793048233
1177.0349054784033
1153.3261625935695
1137.8153882325298
1146.9257552846295
1180.3849058904423
1231.778814696122
1245.1379630157448
1244.130239227339
1208.9552348079094
1140.9202667509278
1071.4281846948484
0.0
427.7242412706245
412.5539141253415
404.72362859704464
403.0894820606367
410.19801951881635
436.998022939156
491.25168830757826
508.0697799101468
498.38746160751333
498.5372583650821
498.06063225062024
497.05290864825747
494.5744530018903
496.1268921990749
497.3525021013807
498.14233958984363
501.070185508917
503.2354297192689
518.6644966790708
526.5901074674687
527.2301481983627
514.4838051399646
487.5067691823151
454.0067649378978
0.0
36.99980143883071
36.63211846813895
36.6185005782684
36.91809411201032
37.72154950274655
39.66890747516967
42.991672119870316
44.40793246175946
43.658948630505414
42.855493239769174
41.943094754874345
41.00346049023843
39.94126522917049
39.301224498276476
38.797362647483595
38.45691545033149
38.71565531446176
39.301224498276476
40.690249066625974
41.41199711813894
41.64350122113243
40.90813527354749
39.273988724736824
37.667077949465806
0.0
136.31505794558984
135.07583012240624
135.07583012240624
136.53294412150416
139.97826979364405
147.8085553839553
159.96932920892718
164.53132166440852
162.85632148939627
160.52766266261227
158.02197129851842
154.53579198777413
150.6819297435467
148.1217667579563
145.41180701479706
143.62786372082047
144.36322971181548
146.8008316575638
152.1526615394936
154.19534477201773
154.56302770550084
151.09046631563427
144.62196952633428
139.03863554761242
0.0
11.016871316461911
10.907928213001153
10.907928213001153
11.030489204472024
11.302846962813852
11.94288769370786
12.923375626715126
13.291058597406883
13.154879717305752
12.96422929012532
12.773578856743452
12.487603210391516
12.174391789259635
11.97012347034823
11.752237263426712
11.60244049655576
11.65691204859621
11.861180366887472
12.29695278259094
12.460367434371287
12.487603210391516
12.201627565900004
11.684147823996293
11.234757523383431
0.0
15.837603631112382
15.687806867342148
15.687806867342148
15.851221520982929
16.259758161286314
17.172156646181143
18.57479910440119
19.10589673493516
18.915246301553292
18.642888541351038
18.35691289747967
17.948376257176285
17.498985959664143
17.19939242592223
16.88618100230978
16.681912685258805
16.763620018280633
17.049595662151997
17.676018503175467
17.907522593766092
17.948376257176285
17.553457506743445
16.790855791820285
16.150815054724834
0.0
4.153455811457096
4.085366372026676
4.085366372026676
4.098984260036788
4.207927363497548
4.5075208972394565
4.997764861882657
5.1747974047738365
5.1203258527333855
5.065854301313077
4.943293309842207
4.847968095011703
4.725407103540831
4.630081888090185
4.58922822467999
4.534756672639538
4.602846112069959
4.711789215530717
4.916057534442123
4.956911197852318
4.943293309842207
4.820732318991477
4.548374561269795
4.316870466338163
