0.0
106.556831545
101.161387485
96.773603155
95.166449625
93.329702705
95.62563635500001
96.90115501
101.31444970999999
107.95990211
116.0849562
121.2763172
127.11819285
132.33506425000002
136.40396894999998
137.75601875
140.7152221
141.8631889
142.5392138
140.12848350000002
135.5493714
133.61058300000002
127.539114
121.58244175
112.7175868
0.0
106.42927964
101.99047462
99.09504717499999
97.32207621
96.556764975
97.37309694999999
98.48279822
101.07210116
107.27112199000001
112.9854457
117.6028234
121.62070725000001
124.63093140000001
127.9217696
130.43454144999998
132.29679875
133.85293155
134.43967014999998
132.85802695
129.4906576
127.18196875000001
124.2482758
117.44976115
109.694607495
0.0
189.1976876
186.31501535
184.15938875
182.56499035000002
181.71039285
181.3022269
181.3022269
181.3022269
183.8915298
187.56502365
190.72831005
194.40180385
197.4758039
200.5242936
203.08808615
204.91207785
206.48096585
206.64678329999998
205.2819783
202.7436961
200.07786199999998
198.6492811
195.40946359999998
191.2385175
0.0
285.7544526
273.12681755
263.75175515
256.9404853
253.61138155
253.87924045
255.09098319999998
261.16245219999996
279.50441094999996
299.86168929999997
318.75212115
335.3721297
348.05078545000003
357.23452005
362.8085368
366.15039575000003
368.08918415
366.91570690000003
359.823823
349.17324195
343.5609597
334.5940633
318.65007965
299.69587185
0.0
39.069137534999996
36.811469450000004
35.16605034
34.018083515
33.32930342
33.227261925
33.30379305
33.597162350000005
36.058913425
39.145668654999994
42.334465385
45.268158375
47.806440574999996
49.936556795
51.569220720000004
52.627901230000006
53.138108705
52.870249785
51.44166885
49.33706301
48.380423985
47.257967539999996
44.7579509
41.683950855
0.0
683.9841434
642.60631705
613.0015281999999
593.72844075
585.5268555499999
588.8559593499999
600.8841006
624.4301757
671.8284502500001
724.52012745
771.1530908
811.90591305
845.08215425
868.4113911
885.4905863500001
901.0391592
913.2076075499999
916.8938567
902.27641235
874.55939115
855.35007965
829.3805191
776.7143523
714.52006085
0.0
48.061544315000006
45.153361695
43.074266225
41.722216415
41.148233004999994
41.377826369999994
42.219668705000004
43.877843005
47.20694679
50.918706185
54.196789225
57.05395109
59.38815030000001
61.020814225
62.23255698
63.316747875000004
64.171345395
64.426449135
63.406034180000006
61.45449058
60.10244077
58.27844904
54.57944483
50.217170905
0.0
202.39930605
189.4527913
179.96293225
173.62360439999998
170.49858355
170.6006251
174.19758775
180.10323929999998
192.84567105000002
207.0166837
219.9249329
231.6852152
242.41232745000002
252.3741284
261.87674265
270.499249
278.38195455000005
283.19066
282.00442765
274.3258051
267.4762697
257.9481451
240.06537305
219.4019702
0.0
227.2081446
215.71572120000002
206.353414
202.93502385
199.0064263
203.90441815
206.6340281
216.03460085
230.1928583
247.53991255
258.5986596
271.06047725
282.18300025
290.8692825
293.7391996
300.0402619
302.51476820000005
303.94334915
298.8030088
289.0452908
284.89985505000004
271.95334030000004
259.24917415
240.35874235
0.0
1214.153488
1140.7091215
1088.14499615
1053.93558475
1039.38191665
1045.27481315
1066.63975105
1108.4384985000002
1192.5844665
1286.105497
1368.8739055
1441.2340805
1500.1247785
1541.5281155
1571.85995
1599.462174
1621.0439505
1627.6001165
1601.6433115
1552.4465555000002
1518.3391855
1472.254695
1378.7591750000001
1268.350277
0.0
51.173809925
48.08705469
45.867652164999996
44.42631604
43.81406707
44.056415619999996
44.962033895000005
46.72224969
50.268191654999995
54.20954441
57.704465625
60.752955299999996
63.227461565
64.97492217
66.26319605
67.42391806
68.32953633
68.61015044
67.51320437
65.4341089
64.005527965
62.05398437
58.11263161
53.469743565
0.0
458.65101125
451.67392405
446.45705255
442.59223095
440.5003803
439.5054757
439.5182309
439.5054757
445.78102765
454.68414815
462.3627707
471.2786463
478.7149203
486.11292875000004
492.32470475
496.75075465
500.5645555
500.95996629999996
497.63086250000003
491.49561760000006
485.02873784999997
481.55932695
473.68937665
463.5872686
0.0
898.7559808
844.3933741000001
805.49005405
780.15825275
769.392875
773.7551489
789.5715807
820.502909
882.7864867000001
952.0216414500001
1013.29755935
1066.8565891
1110.441063
1141.091777
1163.5409060000002
1183.9747155
1199.9569649999999
1204.803936
1185.5946245
1149.1658105000001
1123.9232955
1089.8159256000001
1020.60628155
938.8710435
0.0
97.65371108
96.1613542
95.05165293
94.23532095499999
93.788889435
93.57205125499999
93.57205125499999
93.57205125499999
94.911345865
96.81186873499999
98.444532635
100.34505551000001
101.926698665
103.49558666499999
104.82212611
105.76600994500001
106.56958671
106.65887303
105.94458254
104.64355351500001
103.26599332500001
102.52619246500001
100.85526297999999
98.699636395
0.0
51.74779333
48.444199925
46.02071441
44.40080567
43.597228895
43.622739265
44.541112725000005
46.058979965
49.311552629999994
52.93402572
56.23761913
59.235088055000006
61.990208429999996
64.52849063
66.96473133
69.17137866499999
71.186698205
72.41119614499999
72.10507165499999
70.14077287500001
68.393312265
65.95707156
61.390714645
56.097312075
0.0
9.795983553500001
9.387817571
9.119958648
8.954141218
8.8776100965
8.954141218
9.056182712999998
9.298531267
9.872514677
10.395477339500001
10.8163985075
11.18629893
11.46691304
11.77303753
12.002630895
12.16844832
12.308755375
12.372531315
12.219469069999999
11.913344585
11.696506405000001
11.42864748
10.803643322
10.089352856
0.0
212.71825224999998
199.121223
189.13391165000002
182.4757041
179.19762105
179.2996625
183.07519785
189.2997291
202.67992015
217.5779785
231.13674220000001
243.49651835
254.78485870000003
265.24411200000003
275.23142340000004
284.3003613
292.57847760000004
297.64228675000004
296.3922785
288.31824515000005
281.1243197
271.11149795
252.31035244999998
230.6010243
0.0
135.28151244999998
127.4625829
121.7865247
117.7941512
115.40893125
115.0772964
115.3324001
116.32730475
124.88603515
135.5621266
146.58260810000002
156.73573685000002
165.5623262
172.93482425000002
178.5598617
182.22060034999998
184.0318369
183.06244270000002
178.1389405
170.8557288
167.52662505
163.6618034
155.00103145
144.35045035000002
0.0
90.918972365
85.663835355
81.850034465
79.171445215
77.57704685
77.34745348499999
77.51327090999999
78.18929582
83.94188512
91.11030016999999
98.52106375
105.34508879500001
111.27625069999999
116.2252632
120.01355375
122.4753048
123.68704755
123.03653305
119.73293960000001
114.83494784999999
112.59003494999999
110.000731995
104.18436678500001
97.01595170499999
0.0
550.2715189
516.9932362
493.16654704999996
477.6562398
471.06180815
473.7403974
483.42158425
502.36303684999996
540.5010457000001
582.8865319
620.3995365999999
653.1931222000001
679.8769732000001
698.65260835
712.38994465
724.9027830499999
734.6860114
737.65796995
725.89768765
703.5888657
688.14233435
667.2493381500001
624.8766072000001
574.8380089
0.0
158.2918697
152.0163177
147.5775127
144.2356537
142.8836039
142.8708487
144.08259145
147.10557075
154.18469950000002
160.9832141
167.0164175
172.5904342
178.70016875
184.87367925
190.43494075
195.2691566
199.46561305
201.6084845
199.56765455
194.26149679999997
189.6313639
185.72827675000002
175.9322932
164.7842598
0.0
105.166516145
100.982814835
98.04912186
95.816964165
94.924101075
94.911345865
95.71492262999999
97.730242195
102.43690613999999
106.93948711499999
110.95737105
114.65637525
118.71252465
122.81969484999999
126.51869905000001
129.73300615
132.5136369
133.94221785000002
132.59016805
129.05698125
125.98298120000001
123.39367825
116.88853295
109.465014155
0.0
171.5445089
160.57504815
152.52652515
147.1565915
144.50351265
144.5927989
147.6412886
152.6540771
163.4449652
175.4603513
186.39154645
196.36610265
205.4605509
213.90448465
221.96576275
229.2744849
235.94544765
240.02710745000002
239.01944765
232.51430235
226.69793715
218.6239038
203.47074175
185.95787015000002
0.0
179.6185422
168.138874
159.70769539999998
154.08265799999998
151.3147824
151.40406875
154.59286550000002
159.8352473
171.1490981
183.7257124
195.16711505
205.61361315
215.14173775
223.98108235
232.41226085
240.06537305
247.05521545
251.32820305
250.26952260000002
243.45825274999999
237.37402855
228.93009485
213.0626423
194.72068355
0.0
247.85879225
233.52196214999998
223.13924
215.8177627
211.45548875
210.855995
211.31518169999998
213.1391734
228.80254294999997
248.36899970000002
268.57321575
287.1702783
303.33110009999996
316.8388431
327.15778935000003
333.86701765
337.17061105000005
335.41039524999997
326.37972290000005
313.0377974
306.92806285
299.8489341
283.99423679999995
264.46604560000003
0.0
383.31887735
377.4897569
373.12748295
369.90042070000004
368.1529601
367.32387289999997
367.32387289999997
367.32387289999997
372.55349954999997
380.00252869999997
386.41838774999997
393.86741689999997
400.09194809999997
406.2782138
411.45681965
415.1558239
418.3446206
418.67625545
415.8956247
410.76803955
405.35984035
402.46441289999996
395.89549165
387.45155785
0.0
1172.4440265
1101.52518715
1050.77229825
1017.7236093500001
1003.68014815
1009.3689617
1030.00685415
1070.3515102000001
1151.6148065000002
1241.9215295
1321.8582860000001
1391.7312
1448.5938234999999
1488.568579
1517.8672434999999
1544.512829
1565.3548045
1571.6813769999999
1546.63019
1499.1171185
1466.1832264999998
1421.680379
1331.3991660000002
1224.7785585000001
0.0
64.120324645
61.569287259999996
59.77080590999999
58.418756095
57.870283055
57.870283055
58.35498016
59.57947810500001
62.449395159999995
65.204515535
67.653511425
69.91117951
72.372930585
74.87294722
77.13061530499999
79.09491409
80.791353955
81.65870666
80.829619515
78.68674811
76.81173563
75.230092455
71.26322932
66.735137965
0.0
1258.8093975
1178.3241675
1119.2804075
1079.89238995
1060.44073015
1061.0657340999999
1083.4383323000002
1120.211536
1199.446757
1287.585099
1367.82798
1440.9662214999998
1507.72687
1569.6788125
1628.7991040000002
1682.4474205000001
1731.4400934999999
1761.3637615
1753.9912635
1706.235844
1663.6080095000002
1604.360166
1493.1604465
1364.6264274999999
0.0
207.0294389
198.81509849999998
193.0242437
188.64921455
186.8762436
186.8634884
188.4323764
192.39923950000002
201.6595052
210.5371153
218.43257599999998
225.72854295
233.71328995
241.78732325000001
249.070535
255.3971077
260.86908289999997
263.6879792
261.00938995
254.08332345000002
248.01185445
242.9097797
230.10357205
215.5116382
0.0
42.015585715
39.5921002
37.81912922
36.581876085
35.842075245000004
35.740033749999995
35.816564875
36.13544454
38.788523420000004
42.104872025
45.52326212
48.686548474999995
51.416158475
53.71209212
55.45955273
56.594764365
57.15599259
56.86262329
55.332000855000004
53.06157759
52.02840745
50.82941988
48.138075435000005
44.834482025
0.0
334.8874326
315.51230365000004
301.48159805
291.59632815
285.70343185
284.87434465
285.4993488
287.9610999
309.1347102
335.5634575
362.8595575
388.0000309
409.8241557
428.08958344999996
442.01824755
451.07443025
455.55150085
453.16628085
440.9723222
422.9364879
414.68388195
405.13024695
383.7015329
357.32380639999997
0.0
321.3541793
300.80557315
285.74169735
275.6778549
270.7160872
270.8691494
276.58347319999996
285.97129075
306.2010172
328.7011669
349.1859971
367.85959075
384.90052049999997
400.7169523
415.80633839999996
429.50540915
442.00549235000005
449.6458493
447.7708368
435.57687810000004
424.69670365
409.569052
381.1760059
348.3696652
0.0
250.00166360000003
240.0781282
233.0755306
227.79488320000002
225.66476699999998
225.6392566
227.55253464999998
232.3229746
243.5092735
254.2363857
263.7772655
272.5783445
282.2212658
291.97898380000004
300.7545524
308.39490935000003
315.0148514
318.42048624999995
315.193424
306.81326615
299.4917889
293.3310336
277.85899185
260.24407874999997
0.0
95.676657095
91.697038755
89.08222545000001
87.48782708499999
86.799046995
87.53884783500001
88.533752415
90.85519643500001
96.42921312
101.56955342
105.72774436
109.337462295
112.0415619
115.00076530000001
117.25843334999999
118.92936285
120.3324334
120.85539610000001
119.43957030000001
116.40383585000001
114.33749555
111.6844167
105.587437345
98.610350075
0.0
24.566490005
22.984846830000002
21.83688001
21.07156879
20.688913184999997
20.70166837
21.13534473
21.86239038
23.405767994999998
25.12771823
26.68385104
28.112431970000003
29.413461034999997
30.625203794999997
31.785925805
32.831851135
33.78849015
34.36247356
34.222166505
33.29103786
32.461950715
31.301228705
29.132846925000003
26.6200751
0.0
291.03509995
273.42018685
260.83081730000004
252.62923215
249.13431094999999
250.55013665
255.66496665
265.69054355
285.85649405000004
308.28011265
328.11442835
345.46148255
359.5687193
369.50500985
376.77546644999995
383.38265325
388.56125915
390.13014714999997
383.90561594999997
372.11982325
363.9437484
352.89775655
330.4868931
304.01988025
0.0
59.502946984999994
56.059046515000006
53.571785065
51.81156927
50.765643940000004
50.6125817
50.727378385
51.161054735
54.92383488
59.617743665
64.477469885
68.9417853
72.81936213
76.059179605
78.533685865
80.153594605
80.944416195
80.523495025
78.35511325
75.153561335
73.686714835
71.97751979
68.17647409
63.49532049
0.0
206.11106545
196.9911068
190.24361295
185.32011075000003
182.9221356
183.11346344999998
183.99357129999999
188.3686004
201.59572925
216.2897046
229.91224425000001
241.90211994999999
251.03483375
257.66753095
261.68541485
264.09614515
265.49921574999996
264.64461819999997
259.52978825
251.85116575
247.7950163
241.32813655
229.83571315
216.16215269999998
0.0
107.52622575
101.02108042
96.365437165
93.342457865
92.05418399999999
92.56439147
94.46491434500001
98.163918555
105.61294771499999
113.90381915
121.2252965
127.6411555
132.85802695
136.5187656
139.21011005
141.6463507
143.55962879999998
144.1463674
141.83767855000002
137.48815985
134.46518054999999
130.3835207
122.1054044
112.32217600000001
0.0
49.592166745
47.615112775
46.237552585
45.178872075
44.7579509
44.7579509
45.14060651
46.08449034
48.30389287
50.434009079999996
52.321776745
54.069237355
55.98251539
57.908548620000005
59.656009225000005
61.173876469999996
62.48766072
63.163685625
62.5131711
60.854996795000005
59.40090549
58.17640754
55.115162685
51.620241465
0.0
299.18566439999995
281.08605415
268.1395394
259.7083609
256.11139815
257.56548945
262.83338165
273.12681755
293.86675145000004
316.9153742
337.3109181
355.14266944999997
369.64531695
379.84946645
387.324006
394.12252064999996
399.4414336
401.0613423
394.67099370000005
382.5408109
374.13514275
362.78302640000004
339.74715879999997
312.54034509999997
0.0
53.75035767999999
50.3192124
47.79368539
46.11000072
45.280913569999996
45.30642394
46.26306296
47.83195095
51.212075485
54.974855625000004
58.406000905
61.531021700000004
64.375428385
67.028507265
69.554034275
71.837212735
73.929063385
75.20458208
74.898457595
72.85762769
71.033635955
68.508108945
63.750424225
58.265693850000005
0.0
10.153128789
9.6301661265
9.2220001435
9.0689379
8.8903652835
9.107203461000001
9.2347553295
9.642921312
10.2806806595
11.05874706
11.543444165
12.10467239
12.602124674999999
12.984780285
13.11233215
13.405701454999999
13.50774295
13.57151888
13.341925515
12.908249165
12.729676545
12.14293795
11.581709725
10.7398673845
0.0
187.13134730000002
175.16698194999998
166.3914134
160.53678259999998
157.64135515
157.73064145
161.05974525
166.53172039999998
178.30475795
191.40433495000002
203.3304347
214.21060914999998
224.13414455
233.34338954999998
242.1317133
250.10370515
257.38691685000003
261.8384771
260.74153105
253.6368919
247.3103192
238.49648505
221.96576275
202.85849274999998
0.0
97.39860732
91.760814705
87.67915489
84.80923783
83.087287595
82.84493904499999
83.03626685
83.75055731500001
89.911312595
97.58993513
105.53641655499999
112.8451387
119.1844666
124.50337955
128.54677379999998
131.18709745
132.48812655
131.78659125
128.2406493
122.99826745
120.6002923
117.81966155
111.59513035
103.916507865
0.0
865.9241296
810.5666184
769.95410325
742.84933105
729.46913995
729.9028163
745.2855717
770.5791074
825.0947762999999
885.7201797499999
940.9118736999999
991.2310861
1037.1625141
1079.76483835
1120.4411295
1157.341885
1191.053844
1211.6279610000001
1206.5641515
1173.7067900000002
1144.382615
1103.62979315
1027.1369370500001
938.7179813
0.0
26.70936141
25.650680895
24.898124865
24.33689664
24.107303275
24.107303275
24.31138627
24.821593749999998
26.020581315
27.16854814
28.188963095
29.12009174
30.15326188
31.19918721
32.130315855
32.946647815
33.66093828
34.018083515
33.67369347
32.78083038
32.002763985
31.339494265
29.694075150000003
27.806307484999998
0.0
181.9782518
171.44246735000002
163.81486560000002
158.4449319
155.24338
154.79694845
155.1413385
156.48063315000002
167.9858117
182.34815220000002
197.18243460000002
210.84323975
222.6928084
232.6163439
240.19292489999998
245.11642705
247.53991255
246.25163865
239.61894145
229.8229579
225.33313214999998
220.14177105
208.49628535
194.1722105
0.0
862.3399221
849.22758995
839.40609605
832.1483946999999
828.2070418999999
826.3447846500001
826.3702949999999
826.3575398
838.13057735
854.8781378
869.3170094
886.07732495
900.08252025
913.9856738999999
925.6439147
933.97305175
941.1414668
941.89402285
935.63122615
924.1005374
911.9320888499999
905.4141883499999
890.6309267
871.6256982
0.0
232.92246835
219.45299095000001
209.69527295
202.82022725000002
198.7258122
198.1518288
198.5855052
200.2947002
215.0269411
233.40716544999998
252.3868836
269.87424485
285.0529173
297.75708345
307.45102555
313.75208785
316.86435344999995
315.20617915
306.71122465
294.17287595
288.43304179999996
281.78758945
266.88953115
248.53481714999998
0.0
298.7009673
279.6064525
265.60125719999996
256.25170525
251.63432755
251.77463465
257.09354759999997
265.8180954
284.61924094999995
305.5249923
324.5684864
341.92829574999996
357.7702379
372.46421325
386.49491885
399.2245954
410.85732585
417.9492098
416.2017492
404.8751432
394.76027999999997
380.6913088
354.31358224999997
323.8159303
0.0
511.13860545
503.3706966
497.5543314
493.2430782
490.90887899999996
489.81193295
489.8246881
489.81193295
496.80177535
506.7253108
515.2712859999999
525.2075766
533.5112033
541.75105405
548.66436535
553.6006227
557.84809995
558.2945315
554.5827721
547.75874705
540.5393113
536.6744896499999
527.91167625
516.6488462
0.0
97.258300255
92.347553295
88.329669425
86.87557810999999
85.179138255
87.283744095
88.45722129
92.47510514999999
98.53381895999999
105.97009291
110.7022673
116.03393545
120.7916201
124.50337955
125.74063265000001
128.4447323
129.4906576
130.10290659999998
127.9090144
123.73806830000001
121.95234215
116.416591
110.9701262
102.88333771
0.0
390.80617205
367.1708107
350.24467764999997
339.23695135
334.55579769999997
336.44356535
343.3313663
356.77533335
383.86735035
413.9695915
440.6024218
463.8933931
482.8476009
496.17677119999996
505.94724440000005
514.8248545
521.77643135
523.88103715
515.52638975
499.69720275
488.71498685000006
473.88070445000005
443.7912185
408.25526775000003
0.0
136.7228486
127.98554555
121.5696865
117.2839437
115.17933790000001
115.24311385
117.67935455
121.67172805
130.28147919999998
139.84786939999998
148.55966205
156.5061435
163.76384485
170.4858284
176.9144426
182.73080779999998
188.06247595
191.30229344999998
190.51147185000002
185.32011075000003
180.68997789999997
174.2486085
162.1694465
148.215272
0.0
558.7537182
534.05967635
515.73047275
502.4140576
495.9089123
496.41911975000005
498.8043397
510.67941870000004
546.53424915
586.34318755
623.28220885
655.7951803000001
680.5529981
698.5250565
709.44349645
715.961397
719.74968755
717.4537539
703.5888657
682.75964545
671.7774295
654.2518027
623.06537065
586.01155265
0.0
528.8938256
506.878373
492.43950140000004
483.65117765
479.83737675
483.8935262
489.4420325
502.27375055000005
533.07752695
561.5088386
584.4554198999999
604.4045322500001
619.39187685
635.7185161
648.2058440999999
657.4405994
665.2085083
668.1294460500001
660.25949575
643.4991801000001
632.05777745
617.44033325
583.69010865
545.14393375
0.0
1647.498208
1622.4597760000001
1603.696896
1589.8064975
1582.2936925
1578.7349955
1578.7732615
1578.7605055
1601.2606555000002
1633.2506645
1660.8273785000001
1692.855653
1719.60328
1746.1723339999999
1768.4556455000002
1784.3613635
1798.047679
1799.4890155
1787.5246499999998
1765.5091975
1742.243737
1729.781919
1701.55469
1665.2534285000002
0.0
324.09654445
304.49182214999996
290.46111655
281.3284027
277.4380707
279.01971385
284.72128245
295.8693158
318.33119999999997
343.2931008
365.39783969999996
384.7091927
400.423583
411.48233005
419.56911855
426.9416166
432.7069611
434.4544217
427.52835515000004
414.39051265
405.28330919999996
392.987309
368.0254082
338.56092639999997
0.0
613.8561257
574.6084156
545.81995865
526.6106472
517.12078815
517.4269125999999
528.3325974
546.26639025
584.9018513999999
627.8868313
667.0197447999999
702.68324745
735.2472396000001
765.45152225
794.2782447
820.4391330999999
844.32959815
858.92153205
855.3245693
832.033598
811.2553985
782.3649001
728.12984535
665.463612
0.0
464.40360054999996
443.88050484999997
428.65081165000004
417.5793094
412.1838653
412.60478645
414.58184045
424.45435510000004
454.25047175
487.33742665
518.0391616
545.06740265
565.65427435
580.5905982500001
589.65953615
595.08049055
598.2310217
596.3177436999999
584.7998098999999
567.4782660999999
558.35830745
543.79188395
517.87334415
487.0695677
0.0
547.9245645000001
514.77383375
491.0619412
475.61540990000003
469.0464886
471.71232265000003
481.35524399999997
500.20741024999995
538.1796016999999
580.3865152
617.7464577000001
650.39973625
676.9687905999999
695.6551394
709.341455
721.8032726
731.53548025
734.4946836
722.7854219999999
700.5786416000001
685.19588615
664.3921763
622.19801795
572.37625785
0.0
568.3456188
532.0060912499999
505.3477506
487.56702005
478.7786962
479.07206555000005
489.17417355
505.76867175
541.5469711000001
581.34315425
617.5678851
650.59106405
680.7315707
708.70369565
735.4003019
759.62240185
781.739896
795.2476389000001
791.9185351
770.3622691999999
751.11469215
724.3543099999999
674.1498943
616.1265490000001
0.0
85.40873162
80.47247428
76.88826675499999
74.37549493
72.87038287499999
72.653544695
72.81936213
73.444366285
78.839810355
85.587304235
92.55163630999999
98.95474010999999
104.52875682
109.18440002
112.73034200000001
115.05178599999999
116.18699765
115.5747487
112.4624831
107.870615785
105.76600994500001
103.32976923
97.85779405
91.135810545
0.0
14.24754379
13.686315565000001
13.278149585000001
12.984780285
12.857228415000002
12.857228415000002
12.972025095
13.23988402
13.877643370000001
14.48989234
15.02561019
15.535817665
16.084290705
16.632763745
17.14297122
17.576647575000003
17.946547995
18.150630990000003
17.95930318
17.487361265
17.0664401
16.722050055
15.829186969999999
14.834282385
0.0
998.4760319500001
954.3558404999999
921.6132756
897.7993417499999
886.19212165
887.1104951
891.35797235
912.5698482
976.65190735
1047.78758455
1113.795677
1171.895553
1216.156052
1248.2608575
1267.7635384999999
1279.409024
1286.1947835
1282.0876134999999
1257.31704
1220.097405
1200.4671724999998
1169.140433
1113.4257765
1047.2136013499999
0.0
1403.6317895
1341.6033155
1295.582601
1262.1002355
1245.7863515
1247.06187
1253.0440525
1282.8656795000002
1372.9428095
1472.9562305
1565.73746
1647.408922
1709.6287235
1754.76933
1782.1802269999998
1798.570642
1808.098767
1802.320667
1767.4990065000002
1715.1644745
1687.5750054999999
1643.5568555
1565.2144975
1472.1398985
0.0
942.77413105
901.10293515
870.19711725
847.7097226999999
836.75301715
837.60761465
841.62549855
861.6511420500001
922.14899365
989.3305630499999
1051.6524064
1106.4997105
1148.2984575
1178.617537
1197.0232715
1208.0309980000002
1214.4341015
1210.5565255000001
1187.163512
1152.0229725
1133.4896855
1103.9104069999999
1051.2952612
988.78208995
0.0
330.8823039
317.74446135
308.48419565
301.4943532
298.6627017
298.63719134999997
301.1627184
307.47653590000004
322.2853079
336.48183095
349.109466
360.7549517
373.5228938
386.4311429
398.05111825
408.16598145
416.9160397
421.41862065
417.14563305
406.0613756
396.38018875
388.2168691
367.75754925
344.4283124
0.0
177.70526415
167.42458349999998
159.97555434999998
154.73317255
151.6081517
151.17447535000002
151.50611025
152.8071393
164.044459
178.0624094
192.55230175
205.89422725
217.475937
227.15712385
234.55513230000003
239.36383775
241.73630250000002
240.47353905
233.99390405000003
224.42751385
220.05248475
214.97592035
203.6110488
189.61860875
0.0
254.54251015
239.8230245
229.146933
221.63412795
217.15705735
216.53205315
217.00399505000001
218.87900754999998
234.97605345
255.05271764999998
275.80540675
294.91267675
311.4944198
325.3848183
335.97162349999996
342.85942439999997
346.26505935
344.4410676
335.18080184999997
321.46897595
315.193424
307.93572265
291.6473489
271.59619505
0.0
344.2369846
324.32613779999997
309.9000214
299.7468926
293.68817885
292.8335813
293.48409585
296.00962285
317.78272695
344.9385199
372.9999311
398.8419398
421.26555845
440.04119355
454.36526845000003
463.67655490000004
468.2811774
465.8321815
453.2938328
434.747791
426.26559165000003
416.44409774999997
394.4158899
367.31111775
0.0
46.033469595
44.209477865
42.921203985000005
41.939054595
41.556398985
41.5436438
41.90078903
42.78089693
44.834482025
46.811536000000004
48.57175179
50.19166053
51.964631510000004
53.76311287
55.38302161
56.78609217
58.010590115
58.63559427
58.036100485000006
56.492722865000005
55.140673055
54.00546142
51.161054735
47.921237254999994
0.0
17.653178699999998
16.92613304
16.44143594
16.148066645
16.020514775000002
16.16082183
16.339394445
16.7730708
17.793485755
18.75012477
19.51543599
20.178705705
20.676158
21.224631035
21.645552205
21.95167669
22.206780430000002
22.308821925
22.040962999999998
21.479734775
21.097079165
20.61238206
19.489925614999997
18.201651735
0.0
455.99793239999997
428.42121825
408.6761889
395.8317157
390.3597405
392.57914300000004
400.6021556
416.2910355
447.8983887
483.02617345
514.1105640000001
541.2918673
563.39660625
578.9579343
590.3483162
600.705528
608.8178269
611.27957795
601.53461515
583.0523493
570.2461416
552.937353
517.8223234
476.35521070000004
0.0
57.372830765
55.089652305
53.482498755
52.270756000000006
51.786058895
51.77330370999999
52.219735255
53.316681325000005
55.880473895
58.342224970000004
60.523361935000004
62.551436655
64.75808399499999
67.00299688999999
69.018316425
70.765777035
72.283644275
73.06171068
72.321909835
70.4086318
68.724947125
67.309121375
63.76317941
59.71978516
0.0
148.30455835
139.3376619
132.9090477
128.7381016
126.9523754
127.67942105
130.28147919999998
135.39630915
145.66423465
157.0928821
167.2077453
176.0470899
183.24101530000002
188.29206929999998
192.00382875000003
195.37119804999998
198.01152174999999
198.80234335
195.639057
189.6313639
185.46041780000002
179.83538035
168.4067329
154.92450029999998
0.0
140.51113915
131.51873235
124.93705589999999
120.5365164
118.36813459999999
118.43191055
120.93192719999999
125.0390974
133.87844189999998
143.71269105
152.67958744999999
160.84290705
168.2919362
175.20524755000002
181.7996792
187.79461705
193.26659225
196.6084512
195.77936405
190.44769589999999
185.69001114999998
179.08282435
166.6592723
152.3224422
0.0
79.04389334
74.477536425
71.161187825
68.82698862000001
67.436673245
67.24534544
67.38565249999999
67.97239110000001
72.97242437
79.209710775
85.65108017
91.58224211000001
96.73533762
101.04659079000001
104.33742901
106.467545225
107.52622575
106.96499753500001
104.08232525
99.834848035
97.88330442
95.62563635500001
90.56182713000001
84.337295915
0.0
556.8404402
528.70249785
505.73040619999995
497.37575875000005
487.72008225
499.73546835
506.4319415
529.46780905
564.1874278500001
606.68771065
633.7797277
664.3411555499999
691.5862348
712.87464175
719.9027498
735.3620363
741.42075015
744.92842655
732.3263018499999
708.42308155
698.24444235
666.5095372999999
635.37412605
589.0855527
0.0
628.7796944
590.74372705
563.5241581
545.8072035
538.2688880000001
541.3301329
552.38887995
574.0344321499999
617.6189058499999
666.0503506
708.90777865
746.38251785
776.88016975
798.3216389500001
814.03602925
828.3218386000001
839.5081375
842.9010172
829.4570501999999
803.97218675
786.3190080500001
762.4540532999999
714.03536375
656.8538608
0.0
1111.7165815
1040.64468015
988.5014761
953.7053259500001
936.5240893499999
937.0853175499999
956.84310185
989.30505295
1059.2927632
1137.124914
1207.9927324999999
1272.5849990000002
1331.552228
1386.259225
1438.4662045
1485.851724
1529.1173185
1555.5460655
1549.028165
1506.8595175
1469.2189604999999
1416.8844285
1318.6822445
1205.173836
0.0
1288.758576
1231.8066665000001
1189.5487320000002
1158.8087315
1143.821387
1145.0076195000001
1150.4923495
1177.877736
1260.5696130000001
1352.3942035
1437.5860969999999
1512.586596
1569.704323
1611.1586805
1636.3246645
1651.36303
1660.113088
1654.8069300000002
1622.842432
1574.793643
1549.4618415
1509.040654
1437.1141555
1351.6544025
0.0
100.42158662
94.61797657
90.40876489
87.436806335
85.676590545
85.43424199
85.61281460500001
86.35261545
92.70469854000001
100.62566959
108.814499615
116.3528151
122.89622595
128.36820115
132.55190245
135.2687573
136.6080519
135.89376145
132.23302280000001
126.82482354999999
124.35031724999999
121.4931554
115.06454120000001
107.15632529499999
0.0
1447.33106
1383.3637975000001
1335.901747
1301.386211
1284.5621194999999
1285.8886590000002
1292.036659
1322.80217
1415.6726859999999
1518.798372
1614.475029
1698.6847735000001
1762.8433635
1809.3870405
1837.6525345
1854.5531575
1864.3746515
1858.4179795
1822.512128
1768.557687
1740.1008649999999
1694.705155
1613.939311
1517.9565295
0.0
2.066340281
1.938788412
1.8495021034999999
1.7857261685
1.7602157950000001
1.7729709814999999
1.811236543
1.887767664
2.02807472
2.1811369635
2.3214440195000003
2.448995889
2.551037384
2.6148133185
2.6658340665000004
2.716854814
2.7551203744999997
2.7678755615000004
2.716854814
2.6403236925
2.5765477580000002
2.500016636
2.3469543935
2.1556265894999997
0.0
113.3170806
106.07213444499999
100.753221495
97.207279515
95.459818915
95.51083965999999
97.526159175
100.84250777
107.97265727
115.90638355
123.12581935
129.72025094999998
135.72794405
141.3019607
146.62087365000002
151.45508949999999
155.86838415
158.55972860000003
157.89645885
153.5979609
149.75864965
144.42698145
134.41415975
122.8452052
0.0
1935.790943
1850.2546595
1786.772094
1740.5983175000001
1718.0981675
1719.8711385000001
1728.098234
1769.2464675
1893.4692325
2031.391069
2159.3511040000003
2271.9921595
2357.8090574999997
2420.0543695
2457.8607435000004
2480.4501794999996
2493.600777
2485.6287855
2437.605507
2365.436659
2327.3879365000003
2266.6732469999997
2158.6368135
2030.2686125
0.0
392.3240393
374.9769851
362.11975665
352.75744944999997
348.20384775
348.560993
350.23192245
358.5610595
383.7397985
411.69916820000003
437.6304632
460.4622478
477.8475676
490.4624475
498.12831475
502.7074269
505.37326095
503.7533522
494.0211446
479.39094520000003
471.6868123
459.3780569
437.477401
411.4695749
0.0
430.85745895
403.31901044999995
383.10203915
369.61980655
362.961599
363.1784372
370.8315493
383.42091885
410.5384462
440.70446325
468.1791359
493.20481265
516.0621076
537.2612282499999
557.5037099
575.85842385
592.6314947
602.8739097499999
600.3483828000001
584.0089883
569.4170545
549.13630725
511.07482955
467.08218985
0.0
122.23295625
116.83751219999999
112.83238349999999
109.91144567
108.49561995
108.597661435
109.12062412
111.72268220000001
119.5671222
128.27891485
136.35294820000001
143.4703425
148.8912969
152.81989445
155.20511445
156.63369534999998
157.4627825
156.95257505
153.92959575
149.36323885
146.96526365
143.12595245
136.3146826
128.20238375000002
0.0
83.265860215
78.22756138
74.61784348
72.27088909
71.27598451
71.68415049000001
73.15099699
76.008158855
81.78625853
88.202117555
93.87817571
98.839943465
102.8705825
105.71498919999999
107.79408466999999
109.68185233
111.16145399999999
111.62064075
109.83491455999999
106.467545225
104.12059083
100.95730446499999
94.55420061999999
86.97761961
0.0
120.21763670000001
115.43444165
112.07982745
109.52879010500001
108.50837511
108.49561995
109.41399340999999
111.70992705
117.0926159
122.24571144999999
126.8375787
131.0723008
135.70243365
140.39634245
144.6183093
148.2918031
151.4678447
153.1132638
151.55713095
147.52649195
144.00606034999998
141.046857
133.61058300000002
125.1283837
0.0
135.0774295
129.108002
124.68195215
121.46764504999999
119.88600185
120.01355375
120.58753715
123.4574542
132.1309813
141.74839225
150.67702309999999
158.5469734
164.52915610000002
168.8786748
171.51899855
173.0878865
174.00625995000001
173.45778695
170.10317275
165.06487395
162.41179505000002
158.177073
150.6387575
141.67186114999998
0.0
771.6505431
737.54317325
712.2496376
693.84390285
684.8642513
685.5785418
688.8566248
705.25979515
754.7754308000001
809.75028645
860.75827895
905.6692920999999
939.86594825
964.68754205
979.7514176
988.75657985
993.9989617000001
990.8229201500001
971.6773842499999
942.9144377
927.7485207
903.53917585
860.4776648
809.3038549
0.0
384.2244956
360.984545
344.35178125000004
333.52262759999996
328.91800509999996
330.7930176
337.55326665
350.76764030000004
377.40047059999995
407.00525945
433.1916582
456.0872187
474.72254680000003
487.83487895
497.42677949999995
506.16408255
512.98810755
515.06720305
506.85286264999996
491.27877939999996
480.48789124999996
465.9087126
436.316679
401.380222
0.0
442.38814795
420.04106045000003
401.78838795
395.14293555
387.4770683
397.0179481
402.3496162
420.64055425000004
448.21726839999997
481.9930033
503.52375889999996
527.79687955
549.44243175
566.34305445
571.9298263000001
584.2258265
589.03453195
591.8151627
581.8150962
562.80986765
554.73583435
529.5188298
504.78652235000004
468.00056330000007
0.0
288.3565107
270.907415
258.4328422
250.30778809999998
246.85113245000002
248.24144785
253.31801224999998
263.24154765
283.22892555
305.43570595
325.10420424999995
342.285441
356.26512585
366.099375
373.30605560000004
379.86222169999996
384.98980685000004
386.5459396
380.3851843
368.68867795
360.58913425000003
349.64518385
327.45115865
301.2264943
0.0
854.1638473
816.4212491999999
788.4108587000001
768.0408252
758.1045346000001
758.8953562
762.53058445
780.68121545
835.49025365
896.34525045
952.8124627
1002.51942615
1040.3768214
1067.8514937999998
1084.52252295
1094.4970793
1100.30068935
1096.78025765
1075.59389205
1043.74419035
1026.9583647
1000.172472
952.4935832000001
895.8477981
0.0
575.0931127
540.2969627499999
515.41159305
499.19975049999994
492.31194955
495.10533545
505.22019875
525.0162488
564.87620795
609.17497215
648.3716615000001
682.6448487499999
710.5404426
730.1451648499999
744.52026055
757.5943271
767.81123185
770.92349745
758.62749725
735.32377075
719.1629489
697.3388241
653.0528151000001
600.7565487500001
0.0
403.2935
378.8928275
361.44373175
350.0788602
345.24464435000004
347.19618794999997
354.3008271
368.17847044999996
396.125085
427.19672034999996
454.68414815
478.7149203
498.28137705
512.0314685
522.1080661999999
531.2790456
538.4474606
540.6158424
532.0060912499999
515.6539415999999
504.32733565
489.02111134999996
457.97498635
421.2910688
0.0
152.97295674999998
144.120857
137.704998
133.202417
130.51107255
130.12841695
130.42178625
131.54424269999998
141.2126744
153.2790812
165.75365399999998
177.23332225000001
187.2078784
195.54977065
201.91460895
206.04728949999998
208.08811945
207.00392855
201.42991185
193.19006109999998
189.42728095
185.05225185
175.2690235
163.22812705
0.0
1310.595456
1231.3092145
1174.5741429999998
1137.6478765000002
1121.9334865
1128.298325
1151.3597025
1196.474799
1287.3044845
1388.2617894999998
1477.5991185
1555.7118835
1619.2709795
1663.9651545000002
1696.707719
1726.4910805
1749.794807
1756.873936
1728.863546
1675.750947
1638.9267224999999
1589.1942485
1488.2752095
1369.0907435
0.0
472.83477915000003
451.94178295
436.43147569999996
425.1558904
419.65840485
420.0920812
422.10740075
432.14573285
462.49032255
496.17677119999996
527.4397343
554.9526725000001
575.9094445999999
591.11362745
600.3483828000001
605.8713787
609.0856858
607.1341422
595.39937025
577.7717018999999
568.4859258
553.6516434499999
527.2611617
495.9089123
0.0
1107.0481835
1058.1192861
1021.8180243
995.41478745
982.54480385
983.5652187000001
988.2718825499999
1011.8052022499999
1082.83883845
1161.7169145
1234.893422
1299.3071154999998
1348.389075
1383.9888015000001
1405.608843
1418.5298475
1426.0426525
1421.489051
1394.0271335
1352.7513490000001
1330.991
1296.271381
1234.485256
1161.079155
0.0
83.418922455
78.380623625
74.758150535
72.41119614499999
71.41629157
71.824457545
73.291304045
76.1612211
81.939320775
88.36793498
94.056748355
99.01851606
103.07466551499999
105.91907216999999
107.99816763999999
109.89869051
111.3782922
111.82472369999999
110.05175274000001
106.65887303
104.3246738
101.161387485
94.73277326499999
87.14343704000001
0.0
688.55050035
644.5323503
612.23621695
590.6927063
580.0421252
580.3865152
592.6314947
612.73366925
656.0885496
704.29040095
748.1809991499999
788.1940205000001
824.7121207
858.5898971500001
890.93705115
920.27398125
947.0726289500001
963.4502887
959.4068944999999
933.284272
909.98054525
877.5696153
816.7401289
746.43353855
0.0
782.4031657
735.068667
701.2036457500001
679.14992755
669.77486515
673.57591085
687.35151275
714.2777123
768.50001195
828.76827015
882.1104617999999
928.73066985
966.677351
993.3612022
1012.9021484499999
1030.6956344
1044.5987879
1048.82075495
1032.0987046
1000.38931005
978.4121232
948.71804775
888.4753000999999
817.32686745
0.0
118.15129645
112.18186895
107.30938757
105.53641655499999
103.48283150500001
106.033868865
107.449694635
112.33493125000001
119.70742925
128.7253464
134.4779357
140.95757064999998
146.73567035000002
151.25100650000002
152.74336334999998
156.0214464
157.30972029999998
158.04952115
155.38368705
150.30712269999998
148.15149605
141.4167574
134.80957055
124.98807665000001
0.0
93.788889435
89.643453675
86.56945363
84.32454073
83.24034984
83.32963615
83.725046945
85.71485609999999
91.735304335
98.419022265
104.618043145
110.07726310999999
114.23545405
117.2456782
119.0824251
120.17937115
120.8171305
120.42171970000001
118.1002757
114.60535445
112.75585240000001
109.8221594
104.57977756
98.368001525
0.0
833.4239134
785.222062
750.285605
725.70635985
711.0378948499999
708.98430975
710.5404426
716.6756874499999
769.3673646499999
835.1331084
903.06723395
965.63142555
1019.9302563
1065.3897426
1100.07109575
1122.6095114999998
1133.7447895
1127.8008725
1097.45628285
1052.57077975
1032.0349288
1008.24650535
954.9170687000001
889.2788769
0.0
247.75675075
233.43267580000003
223.0371985
215.72847635
211.37895765000002
210.76670865
211.2258954
213.04988715000002
228.71325665
248.2669582
268.45841915
287.05548165000005
303.20354825000004
316.71129125
327.03023744999996
333.72671055
337.030304
335.2700882
326.2394159
312.9102455
306.80051100000003
299.72138225000003
283.8794401
264.3640041
0.0
1533.0204055
1440.2774415
1373.9249595
1330.723141
1312.3429165
1319.7919459999998
1346.7691665000002
1399.5373745000002
1505.775326
1623.8628469999999
1728.3788485
1819.731497
1894.0814814999999
1946.364993
1984.656064
2019.5032345
2046.7610690000001
2055.0391855
2022.2711100000001
1960.1405945000001
1917.079084
1858.9026760000002
1740.8534209999998
1601.4392285
0.0
199.4018371
187.3481855
178.71292395
173.0878865
170.70266655
171.67206075
175.17973715
182.04202775
195.85589515
211.2258954
224.81016945
236.69800364999998
246.36643535000002
253.16494999999998
258.15222805
262.68031944999996
266.2262614
267.3104523
263.05021984999996
254.96343135
249.3639043
241.8000784
226.44283335
208.3049576
0.0
1105.874706
1057.00958485
1020.7465887
994.3688619500001
981.51163345
982.5192932
987.22595705
1010.73376665
1081.6908715
1160.4924165
1233.5923925
1297.9423105
1346.960494
1382.5219550000002
1404.1164865
1417.0247359999998
1424.5375405
1419.983939
1392.547532
1351.322768
1329.5879295
1294.8938210000001
1233.1842265
1159.8419020000001
0.0
958.42474535
900.4396654
858.9597975500001
831.94431165
820.46464345
825.1075315
841.9826437500001
874.96755715
941.3965705
1015.22359245
1080.5556600999998
1137.673387
1184.153288
1216.832077
1240.7863185
1262.572177
1279.600352
1284.7789575000002
1264.2941274999998
1225.4545835
1198.5283835
1162.163346
1088.3490791
1001.1928868499999
0.0
478.39604065000003
450.73004019999996
430.67888634999997
416.55889445
408.1404711
406.96699385
407.85985695
411.38028855000005
441.6228367
479.37819
518.3707964
554.2766475999999
585.4503244499999
611.5474369000001
631.4455285
644.3920432
650.7823918500001
647.3640017499999
629.9404164
604.18769405
592.4019013
578.7410961
548.12864755
510.46258050000006
0.0
35.77829931
34.36247356
33.354813795
32.60225777
32.29613328
32.29613328
32.563992209999995
33.252772305
34.847170665
36.390548284999994
37.75535328
39.018116785000004
40.395676975
41.78599235
43.048755854999996
44.14570193
45.089585764999995
45.574282865
45.115096135
43.916108565
42.87018324
41.977320155
39.770672815
37.245145805
0.0
116.85026735
111.99054115
108.801744405
106.85020084
106.008358495
106.90122158
108.138474705
110.9701262
117.7686408
124.05694795
129.12075719999999
133.53405185
136.83764530000002
140.4473632
143.20248355
145.25606865
146.96526365
147.6157782
145.8683176
142.16931340000002
139.6437864
136.4167241
128.95493979999998
120.4344749
0.0
9.438838323
9.0434275265
8.788323788
8.635261544999999
8.5587304235
8.635261544999999
8.737303040499999
8.966896404500002
9.515369441499999
10.0255769185
10.433742900999999
10.790888136500001
11.05874706
11.35211636
11.568954535
11.734771965
11.875079025
11.92609977
11.785792715
11.492423415000001
11.288340425
11.0204814965
10.4209877155
9.732207621
0.0
13.57151888
13.010290659999999
12.640390235
12.410796869999999
12.308755375
12.410796869999999
12.56385912
12.882738785
13.673560375000001
14.41336122
15.00009982
15.510307295
15.8929629
16.31388407
16.632763745
16.875112295
17.0664401
17.14297122
16.93888823
16.51796706
16.211842575
15.841942155000002
14.974589439999999
13.992440049999999
0.0
3.826556076
3.635228272
3.4694108425000003
3.418390095
3.3546141599999997
3.4311452815
3.482166029
3.635228272
3.8775768235
4.170946123
4.349518739500001
4.5663569175
4.757684721
4.8979917775
4.9490125250000006
5.0510540205000005
5.089319581
5.114829955
5.0382988335
4.8724814035
4.795950282
4.5791121045
4.3622739265
4.043394254
