152.86599999999999
143.024
135.278
129.684
123.158
114.862
101.842
104.622
122.52
136.62
140.328
140.988
142.548
142.93599999999998
146.588
146.828
151.074
158.60600000000002
160.084
156.484
158.69
155.73399999999998
153.448
150.242
155.346
146.198
140.276
135.428
132.334
126.718
114.366
114.53399999999999
133.812
151.732
163.04399999999998
167.264
171.754
172.97
175.05
179.112
181.76000000000002
184.738
182.426
179.032
176.758
174.976
168.882
156.82
510.33000000000004
509.42600000000004
505.71200000000005
503.246
502.11800000000005
495.584
486.01800000000003
482.676
495.63800000000003
504.486
511.80400000000003
511.37
510.272
503.308
502.576
502.41600000000005
500.46799999999996
499.31600000000003
500.36
500.614
507.156
510.95799999999997
514.648
512.3240000000001
361.03
349.526
338.53000000000003
330.266
314.258
294.056
272.87600000000003
276.836
297.906
311.586
319.626
330.71
341.49399999999997
349.68199999999996
359.76
368.49
373.242
371.788
365.646
353.698
352.806
350.428
345.712
338.956
102.886
103.72200000000001
104.776
104.94800000000001
104.894
97.59
85.99000000000001
83.432
87.72
90.918
91.948
88.354
86.914
85.648
83.67399999999999
82.16600000000001
81.92
83.19200000000001
85.12599999999999
83.06400000000001
82.85600000000001
84.58200000000001
86.8
91.36
732.688
676.162
629.724
593.794
567.7959999999999
522.05
458.78000000000003
453.056
529.802
606.3620000000001
668.352
711.976
746.666
756.4879999999999
766.108
785.058
801.378
830.8019999999999
823.048
808.178
791.1139999999999
776.914
744.66
703.438
51.486
47.514
44.252
41.73
39.897999999999996
36.687999999999995
32.242
31.836
37.228
42.61
46.967999999999996
50.034
52.466
53.158
53.836
55.17
56.318
58.379999999999995
57.838
56.796
55.592
54.596
52.33
49.432
253.502
244.26600000000002
234.662
227.32
217.328
201.0
177.522
175.462
197.204
216.966
230.796
239.832
247.316
250.244
254.85199999999998
258.068
258.036
258.112
256.5
251.23600000000002
248.95
248.178
243.07
236.328
325.97200000000004
304.984
288.454
276.526
262.616
244.932
217.154
223.09199999999998
261.25600000000003
291.322
299.224
300.63800000000003
303.964
304.784
312.57800000000003
313.096
322.14
338.20399999999995
341.366
333.678
338.38800000000003
332.074
327.20599999999996
320.374
1300.604
1200.268
1117.8300000000002
1054.048
1007.908
926.698
814.38
804.226
940.4580000000001
1076.3719999999998
1186.394
1263.836
1325.4279999999999
1342.852
1359.936
1393.568
1422.5359999999998
1474.772
1461.0159999999998
1434.614
1404.326
1379.118
1321.8580000000002
1248.682
54.826
50.59
47.122
44.428
42.488
39.064
34.33
33.898
39.641999999999996
45.374
50.007999999999996
53.272
55.872
56.608
57.326
58.742
59.96
62.163999999999994
61.584
60.476
59.194
58.129999999999995
55.717999999999996
52.632
1237.132
1234.954
1225.94
1219.96
1217.2340000000002
1201.392
1178.21
1170.096
1201.526
1222.968
1240.7040000000002
1239.654
1236.996
1220.114
1218.34
1217.958
1213.238
1210.444
1212.978
1213.578
1229.448
1238.658
1247.602
1241.976
962.75
888.484
827.456
780.2479999999999
746.088
685.974
602.8340000000001
595.318
696.158
796.764
878.21
935.5360000000001
981.128
994.028
1006.672
1031.566
1053.012
1091.6779999999999
1081.492
1061.9560000000001
1039.528
1020.874
978.48
924.318
263.39799999999997
262.934
261.01800000000003
259.738
259.15999999999997
255.788
250.85199999999998
249.12800000000001
255.82
260.386
264.15999999999997
263.94
263.37
259.774
259.396
259.32
258.312
257.714
258.256
258.386
261.764
263.724
265.63
264.432
64.82000000000001
62.458
60.004
58.122
55.57
51.398
45.396
44.868
50.422000000000004
55.480000000000004
59.01
61.32
63.234
63.988
65.168
65.988
65.982
65.998
65.584
64.24000000000001
63.656
63.456
62.153999999999996
60.426
14.294
13.448
12.902000000000001
12.456
12.17
11.658
10.52
10.536
12.306
13.96
15.0
15.389999999999999
15.798
15.911999999999999
16.099999999999998
16.476
16.718
16.994
16.782
16.47
16.264
16.096
15.532
14.43
266.428
256.726
246.63
238.916
228.418
211.25
186.578
184.406
207.258
228.032
242.566
252.068
259.928
263.00199999999995
267.856
271.23199999999997
271.202
271.282
269.57800000000003
264.05
261.648
260.834
255.46999999999997
248.384
356.266
359.166
362.812
363.428
363.238
337.94800000000004
297.776
288.904
303.754
314.85400000000004
318.406
305.95
300.966
296.606
289.748
284.534
283.69
288.09
294.788
287.652
286.918
292.886
300.594
316.38
239.45000000000002
241.402
243.852
244.262
244.14000000000001
227.13400000000001
200.14
194.178
204.156
211.618
214.006
205.634
202.286
199.346
194.738
191.238
190.672
193.63
198.132
193.334
192.838
196.848
202.036
212.64000000000001
589.456
543.98
506.618
477.718
456.8
419.998
369.094
364.494
426.236
487.83
537.7
572.79
600.706
608.6080000000001
616.348
631.592
644.72
668.394
662.1600000000001
650.192
636.462
625.044
599.09
565.924
242.46
235.012
225.89000000000001
217.312
213.45000000000002
208.386
197.758
194.732
217.892
228.03799999999998
229.846
228.026
230.892
231.21599999999998
231.344
232.314
233.24200000000002
238.09599999999998
237.03799999999998
235.824
235.002
235.432
233.09199999999998
233.81
161.082
156.13
150.066
144.366
141.808
138.442
131.378
129.374
144.75799999999998
151.49800000000002
152.696
151.48999999999998
153.392
153.608
153.694
154.34199999999998
154.95
158.18200000000002
157.47799999999998
156.67
156.12
156.408
154.852
155.328
214.858
207.034
198.88799999999998
192.664
184.204
170.358
150.464
148.716
167.14000000000001
183.898
195.612
203.274
209.612
212.096
216.0
218.726
218.7
218.766
217.4
212.94
211.0
210.34599999999998
206.012
200.304
224.97799999999998
216.782
208.26000000000002
201.742
192.874
178.384
157.548
155.714
175.016
192.554
204.82
212.844
219.484
222.08
226.178
229.024
229.006
229.066
227.636
222.964
220.94
220.248
215.72
209.738
652.738
658.044
664.726
665.862
665.508
619.168
545.5740000000001
529.322
556.5219999999999
576.86
583.366
560.552
551.4240000000001
543.43
530.86
521.3199999999999
519.76
527.822
540.1020000000001
527.0160000000001
525.67
536.6099999999999
550.734
579.6560000000001
1033.944
1032.1180000000002
1024.586
1019.5859999999999
1017.312
1004.076
984.696
977.916
1004.184
1022.108
1036.9260000000002
1036.054
1033.824
1019.722
1018.238
1017.916
1013.972
1011.634
1013.7539999999999
1014.262
1027.52
1035.2160000000001
1042.692
1037.99
1255.928
1159.036
1079.424
1017.8420000000001
973.2860000000001
894.864
786.408
776.596
908.15
1039.394
1145.636
1220.422
1279.894
1296.722
1313.216
1345.692
1373.664
1424.106
1410.824
1385.3319999999999
1356.086
1331.736
1276.442
1205.792
98.20599999999999
95.19
91.494
88.016
86.452
84.40599999999999
80.10000000000001
78.87599999999999
88.256
92.36
93.098
92.356
93.524
93.652
93.704
94.096
94.472
96.43599999999999
96.006
95.52
95.18
95.354
94.414
94.70400000000001
1576.69
1519.252
1459.52
1413.836
1351.712
1250.154
1104.1319999999998
1091.288
1226.542
1349.462
1435.45
1491.6699999999998
1538.224
1556.402
1585.098
1605.082
1604.904
1605.378
1595.33
1562.612
1548.386
1543.566
1511.7939999999999
1469.896
317.11199999999997
307.372
295.436
284.214
279.168
272.546
258.63599999999997
254.694
284.98199999999997
298.244
300.61
298.23199999999997
301.986
302.404
302.57
303.842
305.05
311.404
310.02599999999995
308.426
307.35400000000004
307.914
304.858
305.796
110.65
111.55199999999999
112.68
112.872
112.816
104.962
92.48400000000001
89.726
94.34
97.79
98.89
95.018
93.476
92.118
89.99199999999999
88.376
88.106
89.476
91.554
89.334
89.108
90.96799999999999
93.358
98.264
881.92
889.0799999999999
898.114
899.64
899.168
836.5640000000001
737.12
715.162
751.9159999999999
779.386
788.186
757.3520000000001
745.028
734.222
717.2479999999999
704.352
702.2520000000001
713.136
729.7280000000001
712.0500000000001
710.2299999999999
725.016
744.088
783.1680000000001
402.50800000000004
387.842
372.592
360.93
345.06800000000004
319.148
281.864
278.59200000000004
313.116
344.5
366.448
380.802
392.682
397.33
404.65
409.752
409.706
409.83
407.26
398.91200000000003
395.278
394.052
385.936
375.244
382.936
371.172
356.752
343.21
337.114
329.116
312.322
307.554
344.13
360.14599999999996
363.004
360.128
364.658
365.168
365.368
366.908
368.362
376.038
374.37
372.442
371.148
371.822
368.134
369.26800000000003
139.65
131.42600000000002
126.10799999999999
121.75
118.964
113.916
102.812
102.964
120.292
136.4
146.57399999999998
150.364
154.39999999999998
155.496
157.362
161.018
163.396
166.076
163.998
160.944
158.90400000000002
157.302
151.82399999999998
140.982
30.766000000000002
29.646
28.474
27.582
26.372
24.394
21.546
21.296
23.927999999999997
26.326
28.01
29.102
30.009999999999998
30.364
30.924
31.316
31.312
31.32
31.126
30.486
30.209999999999997
30.12
29.494
28.678
311.754
287.704
267.942
252.65
241.59199999999998
222.126
195.206
192.772
225.43
258.00399999999996
284.37399999999997
302.94
317.7
321.88
325.972
334.036
340.978
353.498
350.2
343.876
336.616
330.568
316.846
299.302
156.696
157.972
159.578
159.846
159.76
148.64
130.97
127.066
133.602
138.484
140.042
134.56799999999998
132.376
130.45600000000002
127.44
125.14999999999999
124.774
126.712
129.65599999999998
126.518
126.19600000000001
128.82
132.208
139.156
260.404
252.108
244.172
238.208
226.668
212.09
196.82
199.678
214.872
224.742
230.53799999999998
238.53400000000002
246.312
252.21800000000002
259.49
265.788
269.20799999999997
268.16
263.736
255.112
254.47400000000002
252.75799999999998
249.348
244.482
115.18
106.296
99.0
93.34599999999999
89.25999999999999
82.066
72.118
71.22200000000001
83.288
95.322
105.064
111.93
117.378
118.924
120.43599999999999
123.41799999999999
125.982
130.604
129.388
127.05
124.366
122.136
117.06400000000001
110.584
75.958
73.62
70.766
68.074
66.86200000000001
65.276
61.95
61.006
68.25999999999999
71.432
72.0
71.436
72.32600000000001
72.42999999999999
72.468
72.772
73.062
74.58800000000001
74.25399999999999
73.872
73.614
73.75
73.02199999999999
73.242
320.484
295.766
275.448
259.73
248.358
228.348
200.67000000000002
198.17000000000002
231.738
265.23
292.344
311.424
326.6
330.898
335.106
343.392
350.534
363.406
360.014
353.50399999999996
346.046
339.836
325.722
307.692
67.32600000000001
64.874
62.322
60.372
57.716
53.376
47.15
46.596
52.372
57.623999999999995
61.292
63.692
65.678
66.45400000000001
67.684
68.538
68.524
68.55
68.124
66.72
66.116
65.91199999999999
64.556
62.762
14.56
13.624
12.884
12.35
11.73
10.94
9.696000000000002
9.966000000000001
11.67
13.011999999999999
13.364
13.424
13.576
13.612
13.962
13.979999999999999
14.384
15.106
15.244
14.898
15.114
14.831999999999999
14.61
14.304
234.382
225.842
216.966
210.17399999999998
200.94199999999998
185.846
164.134
162.23
182.334
200.606
213.392
221.746
228.668
231.374
235.64000000000001
238.602
238.578
238.648
237.154
232.296
230.174
229.46
224.736
218.50799999999998
256.486
258.56399999999996
261.19
261.64
261.50199999999995
243.29000000000002
214.37
207.99
218.678
226.67000000000002
229.22400000000002
220.25400000000002
216.674
213.53199999999998
208.594
204.84199999999998
204.236
207.4
212.226
207.084
206.55599999999998
210.85399999999998
216.404
227.764
1084.594
1045.086
1003.99
972.568
929.838
859.9739999999999
759.5279999999999
750.692
843.73
928.29
987.438
1026.112
1058.1299999999999
1070.646
1090.3780000000002
1104.12
1104.004
1104.3319999999999
1097.4199999999998
1074.912
1065.1219999999998
1061.808
1039.9579999999999
1011.132
40.912
39.656
38.118
36.67
36.02
35.168
33.372
32.864
36.768
38.476
38.782000000000004
38.477999999999994
38.964
39.02
39.038
39.198
39.354
40.174
39.996
39.798
39.658
39.724
39.332
39.452000000000005
479.226
483.12199999999996
488.03
488.858
488.604
454.576
400.53999999999996
388.61800000000005
408.582
423.516
428.29200000000003
411.54200000000003
404.84400000000005
398.966
389.748
382.74
381.6
387.514
396.526
386.924
385.932
393.966
404.334
425.56800000000004
2326.0260000000003
2321.928
2304.978
2293.728
2288.614
2258.824
2215.2360000000003
2199.982
2259.086
2299.3940000000002
2332.746
2330.764
2325.768
2294.034
2290.688
2289.974
2281.1059999999998
2275.846
2280.6059999999998
2281.744
2311.574
2328.89
2345.704
2335.13
613.422
618.408
624.69
625.746
625.418
581.87
512.7040000000001
497.43399999999997
523.0
542.104
548.222
526.784
518.204
510.686
498.88
489.91400000000004
488.454
496.02799999999996
507.562
495.272
494.002
504.284
517.554
544.7339999999999
374.132
360.504
346.33000000000004
335.49
320.75
296.652
262.0
258.952
291.046
320.21
340.62
353.956
365.006
369.322
376.12600000000003
380.866
380.828
380.944
378.554
370.788
367.418
366.272
358.73400000000004
348.794
1378.73
1376.298
1366.2540000000001
1359.5900000000001
1356.556
1338.9
1313.06
1304.0120000000002
1339.054
1362.942
1382.712
1381.54
1378.5720000000001
1359.768
1357.784
1357.358
1352.1019999999999
1348.982
1351.806
1352.478
1370.1660000000002
1380.424
1390.388
1384.1280000000002
139.534
130.55
123.47800000000001
118.36800000000001
112.416
104.84400000000001
92.95599999999999
95.502
111.83399999999999
124.708
128.08599999999998
128.696
130.11599999999999
130.47
133.802
134.024
137.898
144.772
146.13
142.838
144.854
142.152
140.066
137.142
418.63
386.34200000000004
359.802
339.272
324.424
298.278
262.132
258.858
302.712
346.46000000000004
381.87
406.798
426.618
432.236
437.734
448.552
457.878
474.69
470.262
461.76800000000003
452.022
443.902
425.474
401.92199999999997
171.246
165.006
158.524
153.564
146.81
135.782
119.922
118.52799999999999
133.21599999999998
146.566
155.912
162.01399999999998
167.072
169.046
172.164
174.336
174.31
174.364
173.274
169.722
168.172
167.648
164.198
159.648
705.952
683.458
661.948
645.788
614.494
574.986
533.576
541.3100000000001
582.522
609.26
624.994
646.6560000000001
667.758
683.756
703.466
720.534
729.826
726.9820000000001
714.976
691.6139999999999
689.864
685.22
675.9920000000001
662.784
772.008
726.53
697.134
673.0400000000001
657.648
629.75
568.356
569.186
664.9879999999999
754.0459999999999
810.262
831.242
853.542
859.5799999999999
869.914
890.13
903.274
918.092
906.582
889.712
878.432
869.5600000000001
839.2800000000001
779.338
4443.89
4436.040000000001
4403.668
4382.1720000000005
4372.404
4315.494000000001
4232.214
4203.066
4315.99
4393.0019999999995
4456.71
4452.933999999999
4443.384
4382.754
4376.37
4375.0
4358.05
4348.01
4357.102
4359.282
4416.268
4449.35
4481.469999999999
4461.280000000001
347.166
320.388
298.378
281.356
269.04
247.35799999999998
217.38
214.67000000000002
251.04
287.316
316.682
337.34999999999997
353.796
358.44399999999996
363.008
371.978
379.71799999999996
393.656
389.988
382.942
374.856
368.122
352.842
333.312
768.87
740.8580000000001
711.73
689.452
659.1560000000001
609.632
538.424
532.166
598.124
658.06
699.994
727.412
750.112
758.978
772.9739999999999
782.712
782.63
782.858
777.9599999999999
762.008
755.0640000000001
752.714
737.224
716.792
586.758
568.0600000000001
550.1840000000001
536.7539999999999
510.742
477.90200000000004
443.484
449.914
484.168
506.39
519.462
537.474
555.0120000000001
568.3059999999999
584.692
598.88
606.6
604.236
594.2579999999999
574.8399999999999
573.3879999999999
569.524
561.85
550.88
586.934
541.654
504.448
475.666
454.844
418.2
367.512
362.928
424.406
485.736
535.39
570.342
598.128
606.0
613.708
628.882
641.958
665.528
659.324
647.408
633.738
622.362
596.5219999999999
563.506
711.87
685.938
658.968
638.344
610.288
564.4399999999999
498.50600000000003
492.716
553.778
609.28
648.098
673.478
694.502
702.7139999999999
715.6659999999999
724.688
724.612
724.824
720.2819999999999
705.51
699.088
696.91
682.572
663.6519999999999
224.92600000000002
226.75799999999998
229.06
229.45
229.334
213.364
188.0
182.404
191.776
198.778
201.022
193.16
190.018
187.264
182.93200000000002
179.648
179.106
181.884
186.114
181.60399999999998
181.148
184.914
189.78199999999998
199.746
21.818
21.150000000000002
20.328
19.56
19.208
18.758
17.796
17.526
19.614
20.526
20.686
20.526
20.784
20.81
20.823999999999998
20.91
20.994
21.432
21.33
21.224
21.152
21.19
20.978
21.044
1261.524
1221.33
1182.892
1154.014
1098.102
1027.488
953.4979999999999
967.318
1040.962
1088.744
1116.8580000000002
1155.578
1193.272
1221.8600000000001
1257.094
1287.598
1304.194
1299.106
1277.664
1235.906
1232.784
1224.4840000000002
1207.99
1184.386
1773.4199999999998
1716.906
1662.878
1622.2859999999998
1543.68
1444.416
1340.3980000000001
1359.8339999999998
1463.356
1530.524
1570.044
1624.48
1677.466
1717.664
1767.186
1810.064
1833.392
1826.25
1796.104
1737.402
1733.01
1721.346
1698.154
1664.98
1191.14
1153.186
1116.8980000000001
1089.63
1036.836
970.16
900.298
913.346
982.886
1028.0
1054.542
1091.098
1126.6940000000002
1153.692
1186.954
1215.758
1231.426
1226.626
1206.378
1166.9460000000001
1164.0040000000001
1156.162
1140.586
1118.304
506.808
491.24
472.158
454.228
446.166
435.58
413.36
407.046
455.454
476.652
480.43
476.626
482.62600000000003
483.3
483.564
485.604
487.528
497.686
495.482
492.93
491.214
492.108
487.22
488.728
467.99
471.79
476.582
477.39
477.142
443.918
391.14599999999996
379.5
399.0
413.582
418.246
401.89000000000004
395.346
389.61199999999997
380.608
373.762
372.646
378.426
387.23
377.846
376.882
384.73
394.854
415.592
670.33
675.778
682.646
683.806
683.444
635.86
560.274
543.586
571.518
592.404
599.088
575.658
566.288
558.072
545.174
535.374
533.774
542.052
554.656
541.222
539.838
551.074
565.572
595.28
906.558
913.926
923.202
924.774
924.292
859.9300000000001
757.716
735.1500000000001
772.922
801.166
810.202
778.518
765.842
754.73
737.286
724.03
721.872
733.064
750.114
731.9440000000001
730.072
745.272
764.8800000000001
805.052
70.512
68.348
65.69
63.19800000000001
62.072
60.604
57.508
56.628
63.366
66.31400000000001
66.838
66.308
67.144
67.242
67.274
67.564
67.83
69.242
68.938
68.58
68.34400000000001
68.464
67.786
67.99799999999999
25.77
24.252000000000002
23.276
22.474
21.958000000000002
21.028
18.976
19.002000000000002
22.198
25.172
27.054
27.748
28.492
28.698
29.042
29.722
30.156
30.651999999999997
30.268
29.706
29.324
29.034000000000002
28.02
26.016
488.472
450.782
419.82
395.87399999999997
378.538
348.04
305.858
302.046
353.20799999999997
404.25399999999996
445.576
474.658
497.78999999999996
504.34
510.75
523.3820000000001
534.264
553.876
548.7180000000001
538.8040000000001
527.422
517.956
496.45
468.96999999999997
87.86800000000001
85.17399999999999
81.866
78.75399999999999
77.36
75.51599999999999
71.668
70.572
78.968
82.644
83.29599999999999
82.63799999999999
83.682
83.798
83.83999999999999
84.194
84.53
86.286
85.908
85.46000000000001
85.166
85.324
84.47
84.732
158.864
146.608
136.536
128.74800000000002
123.116
113.19
99.474
98.236
114.874
131.47799999999998
144.91199999999998
154.37199999999999
161.892
164.026
166.108
170.216
173.756
180.14000000000001
178.46
175.23600000000002
171.536
168.452
161.458
152.52
175.986
169.576
162.90800000000002
157.81
150.876
139.54
123.24
121.812
136.906
150.626
160.22799999999998
166.5
171.698
173.73000000000002
176.928
179.15599999999998
179.136
179.19
178.07
174.416
172.83200000000002
172.294
168.744
164.072
208.168
209.856
211.99
212.348
212.24
197.458
173.984
168.80599999999998
177.476
183.96800000000002
186.04399999999998
178.764
175.852
173.304
169.29999999999998
166.258
165.758
168.328
172.244
168.07
167.644
171.132
175.63600000000002
184.856
798.9100000000001
747.474
706.96
677.73
643.63
600.2900000000001
532.216
546.77
640.3
713.99
733.354
736.824
744.972
746.978
766.08
767.34
789.5179999999999
828.9
836.6320000000001
817.792
829.348
813.868
801.9300000000001
785.188
673.554
621.596
578.898
545.874
521.978
479.92
421.75
416.49
487.042
557.428
614.4060000000001
654.516
686.41
695.44
704.2800000000001
721.702
736.696
763.7539999999999
756.63
742.96
727.27
714.214
684.56
646.6700000000001
1392.452
1341.718
1288.97
1248.628
1193.762
1104.0720000000001
975.116
963.776
1083.22
1191.778
1267.7099999999998
1317.368
1358.474
1374.538
1399.8799999999999
1417.522
1417.366
1417.784
1408.908
1380.018
1367.448
1363.2
1335.1380000000001
1298.134
1628.2740000000001
1576.386
1526.786
1489.51
1417.342
1326.2
1230.694
1248.536
1343.59
1405.26
1441.548
1491.524
1540.1779999999999
1577.078
1622.556
1661.92
1683.344
1676.78
1649.104
1595.2
1591.176
1580.462
1559.172
1528.712
264.462
266.61400000000003
269.324
269.778
269.636
250.86400000000003
221.04399999999998
214.45600000000002
225.48000000000002
233.71800000000002
236.36
227.11200000000002
223.412
220.17600000000002
215.08800000000002
211.22
210.588
213.852
218.83
213.53
212.982
217.41400000000002
223.138
234.852
1828.6200000000001
1770.3519999999999
1714.636
1672.778
1591.732
1489.372
1382.12
1402.158
1508.9060000000002
1578.166
1618.912
1675.04
1729.676
1771.13
1822.19
1866.404
1890.464
1883.09
1852.008
1791.478
1786.956
1774.924
1751.008
1716.806
2.206
2.0380000000000003
1.902
1.794
1.71
1.578
1.3820000000000001
1.366
1.598
1.824
2.018
2.148
2.248
2.28
2.31
2.37
2.42
2.506
2.486
2.434
2.386
2.344
2.242
2.118
141.934
136.764
131.386
127.27000000000001
121.67800000000001
112.53399999999999
99.39
98.24
110.41199999999999
121.47999999999999
129.22
134.28199999999998
138.47199999999998
140.106
142.69199999999998
144.484
144.47400000000002
144.512
143.614
140.662
139.386
138.95
136.094
132.316
2445.772
2367.834
2293.322
2237.342
2128.938
1992.032
1848.5800000000002
1875.3880000000001
2018.162
2110.7980000000002
2165.292
2240.366
2313.438
2368.8799999999997
2437.178
2496.314
2528.49
2518.634
2477.058
2396.102
2390.052
2373.9539999999997
2341.974
2296.22
495.672
479.876
464.776
453.432
431.46
403.722
374.64599999999996
380.08
409.014
427.786
438.83000000000004
454.044
468.858
480.08799999999997
493.93
505.91999999999996
512.4399999999999
510.44199999999995
502.016
485.608
484.386
481.118
474.642
465.37
539.662
520.008
499.558
483.926
462.66
427.89799999999997
377.918
373.528
419.816
461.892
491.322
510.57
526.498
532.724
542.5459999999999
549.386
549.3259999999999
549.484
546.048
534.85
529.98
528.3280000000001
517.452
503.11400000000003
154.44
149.516
144.814
141.276
134.43
125.792
116.732
118.426
127.44
133.286
136.732
141.47199999999998
146.084
149.586
153.898
157.636
159.666
159.044
156.412
151.308
150.926
149.908
147.89
144.994
89.19
82.306
76.656
72.284
69.122
63.547999999999995
55.849999999999994
55.147999999999996
64.49600000000001
73.816
81.356
86.672
90.89
92.09
93.262
95.56400000000001
97.55
101.134
100.192
98.378
96.306
94.57600000000001
90.64800000000001
85.63
184.132
178.472
171.538
165.03
162.10000000000002
158.248
150.176
147.884
165.47
173.172
174.548
173.166
175.348
175.59
175.682
176.42600000000002
177.126
180.81
180.012
179.088
178.464
178.79
177.016
177.556
170.674
165.234
160.03400000000002
156.126
148.56
139.00799999999998
128.996
130.87199999999999
140.832
147.292
151.09799999999998
156.34
161.43200000000002
165.304
170.07
174.2
176.44199999999998
175.758
172.856
167.20000000000002
166.784
165.662
163.43
160.238
974.9399999999999
943.866
914.164
891.848
848.64
794.0699999999999
736.878
747.568
804.48
841.4060000000001
863.1320000000001
893.052
922.1899999999999
944.2860000000001
971.514
995.086
1007.9060000000001
1003.9820000000001
987.408
955.134
952.7239999999999
946.3100000000001
933.558
915.3199999999999
411.59000000000003
379.834
353.75
333.56
318.962
293.264
257.718
254.502
297.614
340.62800000000004
375.44800000000004
399.954
419.438
424.958
430.362
441.006
450.174
466.706
462.354
453.996
444.41
436.43
418.312
395.16
634.6999999999999
593.836
561.65
538.432
511.34
476.906
422.824
434.39
508.694
567.24
582.6220000000001
585.386
591.8539999999999
593.448
608.616
609.622
627.248
658.5260000000001
664.6719999999999
649.706
658.88
646.586
637.108
623.8019999999999
308.888
285.054
265.476
250.328
239.368
220.086
193.41199999999998
191.002
223.34799999999998
255.63
281.76399999999995
300.152
314.776
318.922
322.972
330.964
337.838
350.25
346.976
340.714
333.514
327.532
313.928
296.55600000000004
1079.192
1044.806
1011.928
987.222
939.39
878.98
815.682
827.514
890.5160000000001
931.384
955.434
988.56
1020.804
1045.266
1075.406
1101.498
1115.6899999999998
1111.346
1093.002
1057.278
1054.604
1047.5040000000001
1033.39
1013.206
616.038
568.5120000000001
529.466
499.258
477.404
438.936
385.736
380.92400000000004
445.45
509.826
561.94
598.626
627.7919999999999
636.052
644.142
660.068
673.7860000000001
698.532
692.014
679.5120000000001
665.162
653.2220000000001
626.104
591.444
432.006
398.678
371.29999999999995
350.11
334.786
307.808
270.508
267.12800000000004
312.38
357.526
394.068
419.796
440.252
446.044
451.712
462.888
472.506
489.862
485.288
476.522
466.462
458.09000000000003
439.068
414.766
402.84799999999996
406.122
410.254
410.94599999999997
410.73400000000004
382.132
336.706
326.678
343.46999999999997
356.022
360.03200000000004
345.954
340.32
335.384
327.63399999999996
321.74
320.78000000000003
325.75600000000003
333.336
325.264
324.426
331.178
339.898
357.744
1403.9080000000001
1295.602
1206.61
1137.774
1087.958
1000.302
879.068
868.1080000000001
1015.1560000000001
1161.864
1280.628
1364.2160000000001
1430.698
1449.51
1467.948
1504.25
1535.514
1591.8999999999999
1577.054
1548.564
1515.868
1488.654
1426.8419999999999
1347.862
597.4
578.364
560.166
546.4839999999999
520.008
486.57
451.528
458.07800000000003
492.954
515.576
528.892
547.226
565.074
578.6179999999999
595.302
609.744
617.6
615.194
605.038
585.266
583.79
579.8580000000001
572.046
560.8720000000001
1398.694
1354.122
1311.51
1279.496
1217.5020000000002
1139.2060000000001
1057.17
1072.502
1154.148
1207.1280000000002
1238.2920000000001
1281.22
1323.016
1354.722
1393.78
1427.596
1445.998
1440.364
1416.5880000000002
1370.288
1366.828
1357.624
1339.33
1313.166
89.358
82.464
76.804
72.422
69.252
63.668
55.952
55.257999999999996
64.618
73.956
81.51599999999999
86.834
91.06800000000001
92.262
93.434
95.752
97.738
101.332
100.382
98.568
96.486
94.756
90.81800000000001
85.798
862.43
831.014
798.342
773.35
739.374
683.8240000000001
603.944
596.924
670.904
738.138
785.168
815.928
841.388
851.3399999999999
867.034
877.956
877.8679999999999
878.12
872.626
854.73
846.9480000000001
844.316
826.936
804.0160000000001
838.11
773.456
720.3259999999999
679.234
649.496
597.164
524.79
518.242
606.03
693.614
764.516
814.4159999999999
854.1039999999999
865.334
876.3399999999999
898.012
916.684
950.346
941.48
924.47
904.952
888.702
851.8040000000001
804.6560000000001
169.51
158.596
150.004
143.798
136.564
127.366
112.92399999999999
116.01400000000001
135.854
151.48999999999998
155.598
156.34
158.064
158.49
162.544
162.81199999999998
167.518
175.87
177.512
173.518
175.966
172.68
170.154
166.598
118.496
114.72
111.104
108.396
103.142
96.51
89.564
90.858
97.778
102.262
104.906
108.544
112.08
114.766
118.076
120.946
122.50200000000001
122.022
120.014
116.08800000000001
115.792
115.014
113.47
111.25
2194.846
2212.688
2235.164
2238.958
2237.782
2081.968
1834.482
1779.848
1871.31
1939.682
1961.5720000000001
1884.85
1854.1660000000002
1827.268
1785.03
1752.938
1747.712
1774.808
1816.094
1772.104
1767.576
1804.358
1851.844
1949.102
652.47
657.7760000000001
664.4580000000001
665.586
665.24
618.9200000000001
545.3520000000001
529.108
556.292
576.62
583.126
560.32
551.2
543.2059999999999
530.644
521.1039999999999
519.554
527.606
539.878
526.8000000000001
525.456
536.394
550.504
579.422
1642.172
1515.482
1411.394
1330.864
1272.606
1170.068
1028.252
1015.4359999999999
1187.444
1359.0420000000001
1497.966
1595.748
1673.502
1695.516
1717.0819999999999
1759.5439999999999
1796.122
1862.074
1844.704
1811.372
1773.134
1741.304
1668.996
1576.616
213.6
197.12800000000001
183.58
173.108
165.536
152.196
133.75199999999998
132.082
154.454
176.774
194.848
207.564
217.682
220.542
223.346
228.868
233.626
242.204
239.944
235.612
230.64
226.5
217.094
205.072
1397.218
1352.694
1310.122
1278.1460000000002
1216.212
1138.006
1056.0539999999999
1071.368
1152.934
1205.854
1236.978
1279.8680000000002
1321.614
1353.288
1392.308
1426.086
1444.468
1438.834
1415.088
1368.838
1365.378
1356.186
1337.912
1311.78
1026.6599999999999
947.456
882.384
832.042
795.612
731.51
642.85
634.836
742.376
849.654
936.5079999999999
997.64
1046.25
1060.012
1073.492
1100.044
1122.908
1164.1419999999998
1153.28
1132.448
1108.5320000000002
1088.634
1043.4379999999999
985.678
1259.862
1270.098
1283.0040000000001
1285.182
1284.5120000000002
1195.064
1053.008
1021.65
1074.1480000000001
1113.394
1125.96
1081.918
1064.308
1048.8719999999998
1024.6219999999998
1006.206
1003.2040000000001
1018.758
1042.454
1017.2059999999999
1014.602
1035.716
1062.972
1118.796
54.804
53.124
51.064
49.118
48.25
47.104
44.702
44.022
49.252
51.542
51.952
51.548
52.19
52.268
52.292
52.514
52.72
53.824
53.584
53.308
53.12
53.218
52.686
52.854
170.562
160.512
154.01999999999998
148.698
145.292
139.13400000000001
125.57
125.754
146.918
166.592
179.01
183.65
188.576
189.908
192.188
196.66199999999998
199.56400000000002
202.83599999999998
200.294
196.566
194.07600000000002
192.116
185.426
172.184
13.782
12.966
12.44
12.014000000000001
11.738
11.244
10.144
10.158000000000001
11.87
13.458
14.459999999999999
14.84
15.236
15.342
15.528
15.892000000000001
16.124
16.39
16.18
15.878000000000002
15.682
15.522
14.98
13.908000000000001
19.81
18.644000000000002
17.892
17.272
16.872
16.156
14.58
14.6
17.062
19.346
20.791999999999998
21.331999999999997
21.898
22.058
22.32
22.842
23.174
23.556
23.264
22.83
22.538
22.308
21.538
20.0
5.486
5.136
4.862
4.658
4.424
4.122
3.654
3.756
4.404
4.91
5.042
5.062
5.116
5.132000000000001
5.268
5.272
5.428
5.696000000000001
5.75
5.622
5.696
5.593999999999999
5.5120000000000005
5.398
