0.0
145.3211695768093
137.61251292295063
132.9699961283857
130.856611609175
132.12117777612258
137.76841833963513
149.5652613771522
156.02667472355307
162.36682827468059
169.88493382539812
177.29910242732296
184.29752329912245
190.2219290550792
197.18570429896295
200.77152883717474
203.40459798977164
205.67388795168503
203.57782625944134
199.97467887474886
193.89436776064858
191.45184952906553
185.0077590291453
171.8250900944528
157.1353354673116
0.0
140.73062121110897
135.53377404466477
132.17314620498712
130.4581866474757
131.23771371788916
136.24400983322855
144.9920358969597
150.1715602234278
154.65817167285826
159.66446773616124
165.51958217124098
170.49123267167369
174.87390710726598
180.31327381222042
184.3494917735188
187.67547393974888
190.16996058068284
189.77153563199258
187.7794108885416
183.2754767227215
179.9841401193617
174.82193863286963
163.57942590218633
151.86919696698132
0.0
250.66126159080787
247.54315332216322
245.6376426810243
244.44236776990817
243.92268309099015
245.39512315552315
248.32268037306304
249.8124432190311
251.49275711610406
254.10850355231133
257.93684761602424
262.18093947490814
266.07857479445255
270.89431987169627
274.91321498651405
277.8754178970151
279.90218826838185
279.59037742200377
277.3903788460128
273.873845628678
270.1147928207964
267.984085500637
262.57936442359835
256.4817303979719
0.0
381.9162981746913
365.99662300851827
355.86277102159346
350.9084433676413
353.74938648286917
368.43914117505585
387.4942474563542
397.6107765967984
412.0926573263542
432.1524874676638
454.10050527354076
474.12568972188916
490.87686041335843
507.0563778214222
517.3981037709779
523.7209344756249
524.0673909499186
516.4626712968891
500.21386243785724
485.2469425922536
478.31781304133114
463.57608993979363
437.1068150565704
408.78399800660475
0.0
52.02044011932445
49.19681983106363
47.2566635555044
46.04406588246683
45.68028657470146
47.1527266067117
50.46138597199301
51.60469234366728
53.19839214493265
56.38579174095882
60.07555322796337
63.59208647782099
66.64090347762509
69.58578354164558
71.8897191184656
73.3101906760795
73.96845797723782
72.85979725299295
70.43460190691779
67.69759573397815
66.86610018916836
65.2204319200112
61.16689113174583
56.36846891399187
0.0
893.5632243943368
840.4860919861363
807.1569788728676
790.3711624884373
798.9632830899521
845.3884511656922
925.5411572383458
968.8482169803957
1000.2025281966942
1042.7647064507144
1092.0308176416825
1137.5725215225937
1179.6843063535273
1222.0732565330145
1256.3551249668526
1282.4086520549051
1306.9550937757363
1314.7850099126497
1295.9204544222744
1255.662212148356
1229.3141968652697
1186.959892183607
1095.2355400126391
992.6151313250996
0.0
62.79523658044058
59.0708294395021
56.714925394790264
55.53697336918207
56.143272202448586
59.39996309333353
65.04720368286428
68.07869786220596
70.27869649023327
73.27554502865011
76.74010980411138
79.94483222059998
82.90703509857833
85.88656081002821
88.29443333564097
90.11332984194506
91.84561222642341
92.39994259830267
91.06608515600996
88.2424648612446
86.38892270751111
83.40939699606125
76.96530651565465
69.75901177228795
0.0
265.8880237433478
248.75575094966896
238.5699305533933
233.1478866949195
234.10064195044353
247.54315332216322
271.2061307180743
282.76045423009026
289.77619794837045
300.16989224223147
313.144687344384
326.4659389208304
339.3194742277097
352.60608017624037
364.19504931617206
373.8438622520945
382.1241720722767
385.4501542385068
381.67377858414466
371.74780049480535
364.2296949440877
350.49269563751596
323.20924801043185
292.6171410635981
0.0
309.8706736525503
293.43131374241375
283.5399812809901
279.03604711517
281.73840758864384
293.7777702167076
318.9131876771517
332.7194783046004
346.213958085671
362.2548929820719
378.07063119945224
393.0029054171401
405.6139211985182
420.47690416037454
428.1162694413199
433.7461871973791
438.57925505605795
434.092643671673
426.435955544247
413.44383766065926
408.2296676347254
394.50999117463425
366.395047892163
335.0580595223452
0.0
1586.1643685751665
1491.9801753911802
1432.8054088272622
1403.0101521680822
1418.254237232148
1500.6589104852799
1642.9485850566698
1719.8099551764185
1775.4855111743454
1851.030345872204
1938.4759609466457
2019.3389028143677
2094.08688813521
2169.319912376963
2230.192315164071
2276.4269318634783
2320.0111574094008
2333.904061553752
2300.4017204309953
2228.945071388285
2182.190769944914
2106.992392176667
1944.1578473071922
1762.0083543048008
0.0
66.86610018916836
62.88185069576176
60.38736405482785
59.14012074086542
59.78106521505677
63.262952823989544
69.25664988781415
72.49601794522758
74.83459917598155
78.02199876550318
81.71176025901228
85.12435656658174
88.27711050867399
91.44718728423777
94.0109652135259
95.95112148908514
97.7873408223562
98.37631682865577
96.97316809800881
93.95899673912956
91.9841948226455
88.81411804708173
81.95427979101798
74.28026881060684
0.0
607.6673389840757
600.0799421124811
595.4547481513878
592.5964821896794
591.3319160227318
594.8830949330279
601.9681299071394
605.5886001383125
609.6767865740071
616.0169400600894
625.2846508938022
635.5917310853511
645.0326701236883
656.708253365932
666.426357557686
673.6153294805904
678.5176887251916
677.7728072371618
672.4720231739616
663.9145481353169
654.8200656363192
649.6578640847816
636.5444864059207
621.7681176114219
0.0
1174.141002829871
1104.4166366139489
1060.6072150394616
1038.555260284792
1049.849741424826
1110.843404332434
1216.1661736235383
1273.0543271839254
1314.2653250385954
1370.2007236036402
1434.9361160823764
1494.7864727484011
1550.1155724671708
1605.8084513766235
1650.8651165968054
1685.0950161009291
1717.3501140983549
1727.6398715084686
1702.833587740883
1649.9296832771252
1615.318681670792
1559.6777708454624
1439.1282396620002
1304.304701581522
0.0
129.3841715966784
127.75582610895636
126.78574798093356
126.16212632070012
125.90228398774562
126.66448820517391
128.17157392364084
128.93377814106913
129.79991934631738
131.15109964809977
133.1259015450702
135.32590019911575
137.33534773701098
139.81251157699614
141.8912503967411
143.41565889664312
144.47235115950076
144.29912295487654
143.1731394166738
141.35424287134242
139.41408661529684
138.3227487115144
135.53377404466477
132.3810201155816
0.0
67.99208374038021
63.6094092982834
60.993662894598906
59.60783698441439
59.86767933688252
63.297598471418944
69.34326400313533
72.30546688761822
74.08971774649295
76.75743262457381
80.0660919898551
83.47868829092002
86.75270200877193
90.1652983163414
93.12750119431978
95.58734218782432
97.70072670053047
98.56686789276964
97.59678975824231
95.05033464941658
93.12750119431978
89.6109679509667
82.64719274611022
74.81727634901458
0.0
12.940149438461809
12.472433194912835
12.160622366097003
12.004716952014311
12.074008245572173
12.52440166865873
13.338574387802467
13.806290637855993
14.222038407659069
14.68975465315941
15.226762191567154
15.677155608149164
16.092903390310884
16.595265274784694
16.95904458255006
17.27085540941453
17.496052120957806
17.46140648003297
17.27085540941453
16.855107640261902
16.560619633859858
16.075580563343916
15.053533954420226
13.979518872401098
0.0
279.4517949103408
261.436058051924
250.73055284663937
245.0313438347487
246.05339041114968
260.1714919500219
285.0470670384843
297.1730437038146
304.5525666778237
315.4832685621289
329.11633091990797
343.113172663507
356.62497529105815
370.5871713416959
382.78243932790326
392.89896853339286
401.612348930181
405.11155930103524
401.1446326606138
390.6989698273109
382.79976217438383
368.3698498541788
339.6832535484842
307.53209243480546
0.0
180.12272269607016
170.36997287640042
163.61407153010208
159.43927099209523
158.19202767162827
163.26761512085372
174.73532446551204
178.71957395241412
184.21090919681035
195.2628708113434
208.04711479734567
220.2077372206827
230.77465971916797
240.99512587345026
248.96362484725438
253.84866124537498
256.15259677015865
252.3069298599651
243.8880374630744
234.41245279682158
231.5541868351132
225.87230060465765
211.8061676052272
195.1935795555119
0.0
121.05189328909074
114.50386586639603
109.96528600761472
107.15898853981632
106.32749299500652
109.74008929607143
117.44874592391196
120.11646080199284
123.80622231501555
131.23771371788916
139.82983436493583
148.00620727535264
155.10856503089934
161.96840326094488
167.32115586358725
170.6124924019016
172.15422378731148
169.57312304406548
163.90855959504503
157.5510831974369
155.62824977486284
151.79990571114985
142.35896670533552
131.18574528902465
0.0
718.8798683381755
676.1964302888819
649.3806989313648
635.8688963038135
642.7807030082554
680.1287112363419
744.6215846448952
779.440460604132
804.6798150133687
838.9097149728107
878.561658855772
915.1994314188811
949.082874904029
983.1741922867625
1010.7521279137442
1031.7127448361814
1051.4780868475025
1057.766271924234
1042.5741553996097
1010.1977975418648
989.0119840054524
954.9206665576736
881.1254368175829
798.5648582063073
0.0
207.80459533689
200.0093245677101
195.17625670903124
191.8329516963206
191.45184952906553
196.44082287597885
208.74002781097883
215.54789756662805
219.6880524767192
225.36993870717475
232.09119442555732
238.7604816044981
245.1179579370608
252.27228423204932
259.61716157814266
266.68487370577367
272.1935316665595
272.5573109222886
269.50849397452083
262.7699154747031
257.76361934635463
251.76992233456642
237.13213618182158
221.19513816916793
0.0
138.04558352557476
132.88338199355087
129.6613367891226
127.44401527558738
127.18417294263291
130.51015514138572
138.66920518580824
143.2077850575986
145.94479121102466
149.72116680034128
154.1904554032911
158.62509831327966
162.83454447920226
167.5983210820496
172.48335741512477
177.1778426970951
180.83295849113844
181.0754780166396
179.04870764527283
174.56209626088784
171.23611409465775
167.26918745423635
157.53376041600177
146.94951500599046
0.0
225.36993870717475
210.83608950322255
202.1920003622659
197.60145202908825
198.41562477294926
209.81404286177616
229.87387287299487
239.66126845067126
245.60299705310857
254.4029915522088
265.4029847573909
276.6974658323797
287.59352208876913
298.85335760088753
308.6753988064797
316.85177161282377
323.86751533110373
326.691135599851
323.50373601032936
315.067520766958
308.71004443439534
297.0691068200674
273.9258140380289
248.01086952668493
0.0
235.9715068986212
220.76206759256195
211.71955350291512
206.90380849071687
207.76994964392878
219.6880524767192
240.7006378735528
250.9384267442248
257.15732056512445
266.3903856408307
277.9100635249308
289.724229473974
301.12264756280086
312.9368134467986
323.20924801043185
331.76672298403093
339.1289231766048
342.07380317557994
338.7304982279147
329.9131808823338
323.2438936383475
311.04862565214034
286.83131788434986
259.68645283397416
0.0
329.99979491960045
312.15728633085337
299.77146735858673
292.1321019475504
289.8454892042019
299.14784566583046
320.1604309976186
327.4533398693156
337.50057768888286
357.7682816627325
381.1714166866617
403.4485682504429
422.83280815955453
441.54145796655905
456.14459849138814
465.0831755671968
469.30994464464544
462.27687814493027
446.8249192483244
429.4674497105796
424.25327974969116
413.8249397628689
388.0485778282334
357.6123762395433
0.0
507.85322778384807
501.51307423272056
497.6500844760464
495.2595348489507
494.22016536102365
497.1823682715247
503.1067740925269
506.1209453473334
509.5335416809211
514.8516486556476
522.5776281039506
531.2043943984265
539.1036020513537
548.8390290895883
556.9807563330621
562.9744534098958
567.0799626270257
566.4563409342694
562.0216980893263
554.8673717943377
547.2626521413081
542.9492689615473
531.9839214493264
519.6500708213651
0.0
1531.6840876184467
1440.7219392616248
1383.5912663058275
1354.8180561580025
1369.5424562829685
1449.1061864208723
1586.5108248543236
1660.7218025196764
1714.491848006556
1787.4382596350515
1871.8870259759397
1949.9609933979666
2022.1452001715886
2094.7971236050507
2153.573465155233
2198.214381799698
2240.3088441093782
2253.7340328947994
2221.3749974282173
2152.3608672025
2107.2175887255967
2034.6176333762585
1877.3783616106089
1701.4650842348703
0.0
84.17160125251681
81.01884730392003
79.06136820139385
77.6928651181763
77.5369597014918
79.56373009887675
84.55270337424007
87.30703237414666
88.98734628422868
91.2912818610487
94.0109652135259
96.71332573903618
99.27710366832433
102.18733808491541
105.14954097590284
108.02512973205548
110.24245118704977
110.39835661023884
109.16843611673885
106.43142993729465
104.40465953990973
101.97946419383454
96.05505843787783
89.59364512399974
0.0
1653.775350772728
1547.1533695566698
1483.7864792179917
1450.0589414162143
1456.0526385580938
1539.6179407691989
1686.8446217091514
1758.630403469038
1802.2839193601542
1866.9326986472147
1947.6224120501308
2030.4774783360763
2110.3876652735016
2193.104148917693
2265.1844195230683
2325.1387132029313
2376.674114160676
2397.392211622657
2373.9197848875783
2312.111949431246
2265.3749708994005
2179.9214802431825
2010.1924517108823
1819.935877743388
0.0
271.77778387138875
261.59196347511306
255.2691327054207
250.88645826982844
250.38409637234554
256.93212388610397
273.0077044104206
281.91163585831356
287.33367971678734
294.7651712302383
303.5651657293385
312.2612233446915
320.5761787927895
329.9478265102495
339.5446709067302
348.81238174044313
356.00135366334734
356.4690698678691
352.484820380967
343.66750297034076
337.1194755866732
329.28955918957763
310.1478388059672
289.2911588323226
0.0
55.93539831787226
52.92122695899302
50.80784244628687
49.525953484895055
49.12752853620486
50.70390550399872
54.27240722825269
55.502327721752685
57.21728728576862
60.64720641380051
64.61413308674469
68.39050868907043
71.68184522738474
74.85192199644396
77.32908581691548
78.83617148985056
79.54640727190979
78.3684552463016
75.75270883611253
72.80782878510115
71.92436476589499
70.1574367274827
65.77476228538592
60.61256077287566
0.0
445.8721639277549
421.75879310875723
405.0249451987232
394.70054222573907
391.61707951996465
404.15880398046573
432.56823519778914
442.424922031297
455.98869306819915
483.37607764407596
514.9902312323561
545.114621974668
571.2720860115131
596.5634088301008
616.2767824971165
628.3681135345311
634.0673226114673
624.5744150987339
603.7177351250893
580.245308780283
573.2122422805678
559.1114636532216
524.2925876289393
483.1682037464906
0.0
422.1745408388826
394.9603845326754
378.7808669945206
370.17142354652503
371.71315486688957
393.0375510450558
430.62807892873445
448.9556265684839
460.0942023503745
476.602853451297
497.19969111800526
518.3508590265019
538.7571455770599
559.8736679226862
578.2705068833126
593.5665603567294
606.7319065099869
612.015367791752
606.0216707149185
590.2405781254538
578.322475357709
556.4957172170143
513.1713346935292
464.59813658124
0.0
328.19822129229965
315.8990163572997
308.25965101130885
302.9588668830629
302.3698908832679
310.2690986012405
329.67066135683274
340.4281349064227
346.9588395737006
355.9320622774249
366.56827616183267
377.08323031601253
387.11314528909907
398.42494927561387
410.03124132707165
421.20446273687793
429.9005202871855
430.45485065906485
425.65642842830164
414.9855689159783
407.08636119800565
397.62809944327904
374.5194523542015
349.3320664193612
0.0
126.52590564147457
121.83142035950421
118.81724898761584
117.27551768676504
117.96843063535272
122.4723648662183
130.33692687171606
134.9967665192661
139.03298450658272
143.53691867240278
148.80305710768752
153.27234571063735
157.20462672314306
162.0896630562182
165.72745606882637
168.72430460724328
170.95894887619542
170.59516955542094
168.81091870955535
164.75737796682185
161.81249783775584
157.1526583137922
147.05345195478313
136.53849787215333
0.0
32.27242089594295
30.193682030666196
28.94643870369468
28.288171402536364
28.40943116528694
30.037776613981684
32.9133653831434
34.316514107285776
35.16533248556709
36.429898626496474
38.00627559429033
39.61729822252265
41.176352369854094
42.78737499158188
44.19052372873335
45.36847574783699
46.37319953629826
46.77162448498847
46.32123106190192
45.108633395368884
44.20784654919577
42.52753263260921
39.21887327383245
35.511788959860944
0.0
380.20133858465715
357.62969908602395
343.44230629132016
336.2879799963316
339.960418701901
359.70843793178705
393.8170781610011
412.2312399681081
425.5698143259896
443.689488133199
464.6501049905909
484.034344964748
501.94614480932654
519.979204514224
534.5650221925724
545.6516295000666
556.0972923333696
559.4232744345542
551.4028070513992
534.2705342577204
523.0626671549528
505.0469302965362
466.001285324896
422.34776910855226
0.0
79.21727361807834
74.93853611826971
71.95901041332438
70.1227910800533
69.58578354164558
71.8204278171023
76.8613695733665
78.61097478481183
81.01884730392003
85.88656081002821
91.49915575212957
96.85190832875368
101.51174795679012
105.99835934117507
109.49756976406573
111.64559992420125
112.66764653312495
110.97000979607596
107.26292548210446
103.10544775155094
101.84088161062158
99.34639496968762
93.16214684174916
85.85191516259883
0.0
275.46754542343876
263.98251316725435
256.67228144907676
253.1037797573455
255.14787297519285
265.7494412316848
279.48644053825655
286.7793493449081
297.2423349596461
311.7068929728123
327.5399539716277
341.9871891383133
354.06119732924725
365.7194578551013
373.1855949314226
377.75882041811957
378.0013399436208
372.5100047642699
360.78245298258435
349.99033374003307
345.0013604581652
334.365146638803
315.275394729589
294.8517853325503
0.0
140.47077887815448
132.13850056406227
126.88968496875357
124.25661570557936
125.60779594231629
132.90070484653603
145.49439778143352
152.30226760863277
157.23927235105882
163.92588237648022
171.6691846712637
178.8408337476874
185.4581525172773
192.11011691478294
197.51483792677615
201.60302429742543
205.46601405409967
206.69593459313148
203.71640883614975
197.39357813150284
193.25342322141177
186.60145888895156
172.17154656874663
156.04399750498817
0.0
65.09917215726063
62.6566539842185
61.14956830477886
60.09287605493033
59.9716162856752
61.547993259973616
65.39366015715812
67.52436749683125
68.82357928519001
70.60783015056927
72.70389183630844
74.79995352204762
76.7920782720032
79.02672255396446
81.3306581307845
83.5479795857788
85.26293914979475
85.38419891904987
84.43144360498495
82.3180590922788
80.7416821179804
78.87081713727994
74.28026881060684
69.29129552873898
0.0
390.85487525049996
367.6422912776754
353.0564735342814
345.71159625323355
349.4706489960696
369.7729985978349
404.8517169940989
423.78556348012404
437.50524000526065
456.10995286347236
477.65954572065925
497.5807932202149
516.012277808757
534.5476993460918
549.5492648196113
560.9476829734836
571.6878337416384
575.1004300752262
566.8547659480051
549.2374540382785
537.7177761541783
519.1823546168436
479.0626944643152
434.1792578390306
0.0
70.60783015056927
66.06925029178795
63.3495669458153
61.91177256123443
62.17161491370255
65.74011663145197
72.0283017016786
75.09444153495421
76.94798368868769
79.71963551556125
83.16687746405555
86.7007335343756
90.11332984194506
93.64718591226509
96.73064856600313
99.27710366832433
101.47710230936076
102.36056632856689
101.35584254010561
98.72277330945415
96.73064856600313
93.07553272642798
85.83459234213642
77.71018793863873
0.0
13.840936284634921
13.113377679511464
12.662984256424908
12.45511037510087
12.576370135900081
13.113377679511464
14.239361234626035
14.862982890306336
15.469281730077398
16.17951750563207
16.889753287691292
17.548020588849614
18.119673781191292
18.777941088854156
19.124397569652558
19.36691710165826
19.592113813201536
19.384239922120674
19.037783447826822
18.46613025548514
18.223610723479446
17.61731189021293
16.370068569745964
14.96691983259449
0.0
245.84551651356423
229.99513266826813
220.57151654145719
215.56522041310868
216.44868441280116
228.86914914307448
250.7651984745551
261.436058051924
267.91479417976
277.5289614227213
289.53367842286923
301.85020613930436
313.71634049769835
326.0155454977439
336.7383734844637
345.6423049323566
353.3163159062632
356.38245576555704
352.9005681761379
343.7021486633019
336.7556962658988
324.0580663822086
298.8360348194523
270.54786339740235
0.0
129.67865957706226
122.66291592382764
117.7952024372331
114.7810310458311
113.89756702662494
117.53536004573769
125.7983470649711
128.67393580811463
132.6235396605964
140.57471580092897
149.7731353397831
158.5384841459221
166.1432038639972
173.4880811450451
179.23925869637765
182.73846913227737
184.40146024791517
181.64713123499942
175.5668200558537
168.75895023515898
166.6975342358765
162.60934780018175
152.47549581325694
140.52274737206446
0.0
1137.6244900620352
1064.279653745031
1020.6954288495642
997.4828448767396
1001.60567694035
1059.1001294120583
1160.3693578303382
1209.7567284913519
1239.7771824800077
1284.2448717003945
1339.764521689723
1396.7566122639482
1451.7219325318524
1508.6274094590838
1558.2053311712025
1599.4509753692882
1634.8934721756902
1649.1501561611801
1633.0052845761684
1590.4777520801547
1558.3439138129563
1499.550249351248
1382.7944164734924
1251.9204819267732
0.0
35.06139554327894
33.7448609279532
32.93068820360582
32.37635783823111
32.30706654337234
33.1558849151491
35.217300953458896
36.37793015210013
37.07084310719237
38.02359842125729
39.1669047994361
40.29288835064794
41.366903433967984
42.562178280038594
43.809421600505566
45.004696446576176
45.94012894017868
45.99209740807048
45.472412696629696
44.346429138913315
43.49761076713655
42.49288698517983
40.01572317121287
37.330685466165036
0.0
242.27701482183298
229.1809599894526
220.0864774254094
214.47388251583078
212.79356861875783
219.61876115584224
235.05339727101298
240.4061498736553
247.78567284766436
262.66597852591036
279.850219859031
296.20296560181004
310.42500402442954
324.16200333100124
334.8848312526756
341.45018154786914
344.55096703507866
339.38876548354114
328.0423158691106
315.3100403575047
311.48169629379174
303.8076852548396
284.8911616152952
262.54471879568257
0.0
1142.5095263951105
1128.2528423445751
1119.5567847292223
1114.186709345145
1111.8134824344386
1118.4827696133796
1131.8040211898258
1138.6118910105204
1146.285901984427
1158.2386504451333
1175.6307658709757
1195.0150056499963
1212.7882231780482
1234.7189182024902
1253.011819954142
1266.5062996051217
1275.7393648109187
1274.3362164575358
1264.3582696336177
1248.265366002639
1231.1677392271486
1221.4669579469207
1196.799256495862
1169.0307697527298
0.0
310.1305159594866
293.3446996401016
281.72108480720874
274.5321128843044
272.38408271766434
281.1147859609331
300.8628052558646
307.7399662673453
317.1635824592018
336.21868874050017
358.2013522393384
379.14464631529506
397.35093422481657
414.93360050662744
428.6532769667186
437.05484658217404
441.03909606907615
434.4217772994863
419.90525094201473
403.5871508271514
398.70211449407617
388.8973961349647
364.68008836717433
336.0627833173111
0.0
392.41392941734506
367.1226065337119
352.08639543227684
344.083250830557
345.50372229060264
365.33835575289174
400.2784915074019
417.306827352288
427.6658760182334
442.99657518461134
462.155618349657
481.8170234772309
500.76819280973643
520.3949523093947
537.5099023216384
551.7319406792126
563.9618542933356
568.8815363193719
563.3035870377091
548.631155192003
537.5445479495542
517.2768439757047
477.00127846503267
431.8579994027208
0.0
677.2184768652829
668.7649387754309
663.6027373539843
660.4153376994171
659.0121889557612
662.9791156612282
670.8610005327201
674.8972184289731
679.4531211992804
686.5381561083465
696.8452362998955
708.3302685560799
718.8625455567403
731.8719862217633
742.6987511572759
750.7018957589955
756.175908156911
755.3444125665696
749.4373296570934
739.8924536699635
729.7586017480843
724.0074241967518
709.3869608254422
692.930278198916
0.0
132.6408624485361
125.60779594231629
121.38102696894039
119.44087064784932
120.60149989852692
125.76370135900082
136.52117501916814
142.42825798068063
148.1967583264574
155.0739194029836
161.84714353071706
168.22194270976036
173.626663786799
179.9841401193617
183.2581538762409
185.66602641486273
187.74476519558033
185.8219318380518
182.54791808117258
176.98729164599033
174.75264731199266
168.8802100304323
156.84084746741408
143.43298174962825
0.0
510.5555883223675
480.22332368247015
461.18554024765234
451.5886957861262
456.50837781216256
483.02962116978216
528.8311674877204
553.5681599994745
571.4799599090984
595.8012046256817
623.9507934710232
649.9696749311597
674.0310773408066
698.2483850435514
717.840498915294
732.7208045935398
746.7522919000091
751.2215805029589
740.4467840418429
717.4420739666036
702.3885399536425
678.1885550323328
625.7696899448046
567.1492539479026
0.0
179.62036079858723
168.04871450513616
161.15423058212934
157.49911478808602
158.14005919723192
167.21721891479456
183.2061854018445
191.0187789524596
195.74790986234567
202.78097636206087
211.52900245181027
220.53687091354143
229.2156056173683
238.20615123261882
246.0360676297145
252.53212653898558
258.14472151360974
260.3793657825619
257.83291066723154
251.12897779532958
246.05339041114968
236.76835686104704
218.33687220745955
197.67074334996525
0.0
746.804260439451
715.6405002742576
695.8578354164558
686.1743768526175
691.7176805063646
720.4562452864558
757.700316630795
777.4656587071617
805.8057985385626
845.0246718449179
887.9506294197128
927.1002114051909
959.8576713651452
991.4891477348604
1011.7048832993589
1024.0733794901905
1024.7489696573432
1009.8859866954867
978.0986049025825
948.840355378528
935.2939070580154
906.4514053291317
854.708130408756
799.3270624107266
0.0
699.4090143267518
673.5287153782781
656.8295131612052
648.3586522899184
652.1869963536315
677.0625714420937
720.5082137608521
746.2845756954875
768.5963728871845
793.4373023477311
822.5569692300319
847.3112845882663
869.0341057151228
896.0750338817511
916.1521866744049
932.6954835333345
945.0466569427305
943.0718549807148
933.1805225843365
910.764788443847
894.4813340219449
868.7742634081864
812.8908335777196
754.7554365667744
0.0
2182.779746334982
2155.5309444008585
2138.918356156007
2128.645921657419
2124.1246645150277
2136.874263003205
2162.304168333456
2175.3309321051415
2190.003364015893
2212.8001998032737
2246.060021465574
2283.0962196278288
2317.031631587373
2358.935541870266
2393.8756781451407
2419.6520404050034
2437.286674575802
2434.6189598603346
2415.563853448945
2384.8158409488315
2352.1623179376697
2333.609574009173
2286.4914927246627
2233.449006269606
0.0
423.3871385314338
398.2517210709897
382.45330570008997
374.50212950772095
378.5729931619806
400.57297944225394
438.5446094281421
459.07215570892805
473.9178157592583
494.0815827843151
517.4327493988936
539.0169879490417
558.9728810765131
579.0500339342124
595.2988427281987
607.6326933561598
619.2736310355333
622.980715303973
614.0421382281645
594.9697091003854
582.4799530492352
562.4201230380165
518.957157937823
470.331991286092
0.0
806.4640658592346
754.4609485668772
723.5570307736651
707.1176708635286
710.045228146114
750.788509926353
822.5916149229929
857.6010419983801
878.8734697021499
910.401009188118
949.7584650711817
990.1552903120814
1029.13164402789
1069.4591780780036
1104.6245105765797
1133.8481144727186
1158.9835318681176
1169.0827382271264
1157.6323516639031
1127.4906380751106
1104.7111246788918
1063.032410424564
980.263957915703
887.4829132151909
0.0
620.711425407105
594.8138036771963
578.3571209856246
570.3193306909436
574.9272018055564
598.7980531640985
629.7712622781872
646.1932992767977
669.7523397889616
702.3365715442917
738.0215887217861
770.5711747841549
797.8026539368427
824.081377768961
840.8845169348267
851.1742742798948
851.7286046517744
839.377431242378
812.9601248335512
788.638880116968
777.3790445398042
753.4042562975148
710.3916846854534
664.3649415584034
0.0
715.7964056974466
673.286195852777
646.5917242254877
633.1492129838591
640.0263739953398
677.2184768652829
741.4341850553736
776.1144784379019
801.2325730518653
835.3238904345988
874.7852832664552
911.2844731878107
945.0120112497694
978.9647461208397
1006.4214219525481
1027.2954247076277
1046.9741526166372
1053.2450149119331
1038.1221896431405
1005.867091580669
984.7678920815233
950.832480121979
877.3490612282661
795.1522618727197
0.0
746.6656778627428
698.5255502620138
669.9255680586311
654.6988058410459
657.4011663145197
695.1302767749069
761.5979520153851
794.0089555010453
813.7223290379703
842.9112873061933
879.3411859717172
916.7411626741999
952.8246048654299
990.172613158562
1022.722199220931
1049.7804501689943
1073.0623253976507
1082.4166503336755
1071.8150820771834
1043.9080128223886
1022.808813323243
984.2135617746895
907.5947117008059
821.6908280768199
0.0
113.72433879598256
107.57473631547347
103.29599881566483
100.66292958501337
99.88340250809537
103.08812493108853
110.32906530887551
112.84087477677643
116.30543955223771
123.28653758406115
131.34165070570916
139.03298450658272
145.70227168552347
152.1463621854437
157.1873039417079
160.27076658243686
161.72588380048924
159.30068848043229
153.98258150570567
147.98888442887198
146.20463358300637
142.60148618530485
133.71487756437887
123.23456909015113
0.0
18.708649793995388
17.998414011936166
17.565343415816578
17.27085540941453
17.236209761985144
17.686603185071696
18.795263915821128
19.401562749087642
19.765342050348462
20.28502676178924
20.8913256015603
21.4803016143644
22.051954800201532
22.7102221078644
23.368489422031814
24.009433902727718
24.494472973243663
24.52911862067305
24.251953441237966
23.645654601466898
23.19526117838034
22.658253639972596
21.341719024646856
19.903924640066002
0.0
1334.5330288823538
1278.8574730795635
1243.4842666183565
1226.17876581519
1236.0874210580487
1287.4322708996433
1353.9865602424334
1389.3251212708612
1439.959735577569
1510.0305574872398
1586.7533443147795
1656.720230771703
1715.2713751225008
1771.778426970951
1807.9138376365777
1830.0177608656436
1831.1957129953244
1804.6744687921139
1747.8556071380128
1695.5753242369199
1671.3580168594028
1619.8399388131838
1527.3533818523867
1428.3880891540275
0.0
1876.0445039276476
1797.7799857797436
1748.0461585143453
1723.7249130172158
1737.6524636350744
1809.8366710591515
1903.3972420300174
1953.0791018617476
2024.2412620589685
2122.773483920541
2230.608062438878
2328.9843793976247
2411.285116417464
2490.7102631330686
2541.5181063599007
2572.595252227646
2574.2582432782383
2536.962203394457
2457.086662280084
2383.585920735027
2349.546571956781
2277.119845072248
2147.112051678741
2007.9924530048006
0.0
1260.0795318215912
1207.5047615710555
1174.10635713691
1157.7709342406117
1167.1252591766365
1215.5945205352693
1278.4417251543016
1311.8054840906225
1359.6164782586748
1425.7896651740277
1498.2163916682875
1564.2856425454847
1619.562772879221
1672.917071091293
1707.0430337767148
1727.9170367919764
1729.0256972755528
1703.976894047512
1650.3281089413156
1600.975383127672
1578.1092556941862
1529.4667666512935
1442.1424109818524
1348.6857765695056
0.0
434.36980889013535
418.0863544031878
407.98714804417875
400.9714043909441
400.1745544935638
410.6202173268666
436.30996515919
450.5493263632446
459.210738350682
471.076872709076
485.1430057085064
499.07055606618303
512.3571620147137
527.3240817952718
542.672103743085
557.4484725375838
568.968150421684
569.7130318446681
563.3555555121053
549.2374540382785
538.7744684235405
526.2673895909551
495.67528257907605
462.32884661932667
0.0
236.59512859137743
223.79356175889453
214.92427587387186
209.45026354100168
207.80459533689
214.47388251583078
229.54473931022707
234.77623211759604
241.96520404050037
256.4990532444525
273.2848695638375
289.2565132044068
303.1494179341677
316.55728367797167
327.0375920741448
333.4470368811039
336.4785311124819
331.4202665097371
320.3509821137689
307.91319453701504
304.17146457561404
296.6880046528123
278.221874371309
256.3951162956598
0.0
338.90372643253886
320.5761787927895
307.8612259975732
299.9966640376072
297.6580828198624
307.2029587419467
328.7871973571402
336.2879799963316
346.5950602529261
367.3997717521743
391.4438513153405
414.32730166035174
434.21390346694625
453.44223795286877
468.4264806449531
477.60757731130826
481.95560605393933
474.7319885031193
458.8642818763881
441.03909606907615
435.6863434664338
424.9635155447595
398.5115634429714
367.2438663289852
0.0
458.32727428594404
433.5383132997937
416.33674925028345
405.71785821235636
402.5477814042698
415.4532851855454
444.6422434537685
454.7934182221284
468.7382914913312
496.8878802716272
529.3854978595997
560.3413841272078
587.2437296520825
613.2279654843035
633.4956694581529
645.9161341884261
651.7885714049411
642.0184987387906
620.5728428303968
596.4594719463536
589.2358543955335
574.7366507544517
538.9476966932102
496.6626835926067
0.0
60.43933252922419
58.170042599833536
56.76689386268206
55.77949290118776
55.67555595889961
57.13067316394287
60.69917488169231
62.69129963164789
63.8865744777185
65.5322427533802
67.4897218428973
69.42987812496106
71.28342027869455
73.36215914397131
75.4928664836444
77.55428252195422
79.16530515018654
79.26924208597015
78.3684552463016
76.41097615027994
74.95585894523666
73.22357655425378
68.96216187490755
64.31964507383809
0.0
23.35116659506485
22.48502540282567
21.930695037450956
21.653529851511326
21.774789620766448
22.606285165576246
24.061402370619525
24.910220742396287
25.655102171884888
26.486597716694686
27.456675857726566
28.288171402536364
29.015730005058
29.916516844726562
30.592106979356398
31.146437338226566
31.544862293421318
31.492893819024964
31.146437338226566
30.401555915242508
29.864548370330212
28.998407178091032
27.14486502435755
25.20470875530288
0.0
595.7145905233696
560.3413841272078
538.1162011028686
526.9256569116271
532.659511616479
563.5980750376065
617.0389867015358
645.9161341884261
666.8247825714217
695.1822452493032
728.0436421580501
758.4105524258634
786.4735271038473
814.7270528979815
837.5931803965121
854.9506499342571
871.3207185235168
876.5522113308856
863.9585183309428
837.1254641269452
819.5601207566602
791.3239178090067
730.1743494782096
661.7491951221962
0.0
75.30231541953053
72.47869512476517
70.72908991331984
69.51649224028226
69.37790965056472
71.1968061568688
75.64877189382437
78.10861288732893
79.61569856676856
81.67711460507836
84.11963277812048
86.52750529722867
88.83144086754417
91.4298644572708
94.08025650838468
96.6440344441774
98.65348201459538
98.77474178385049
97.66608105310105
95.22356288005895
93.40466637375485
91.23931339315688
85.93852928442456
80.15270611168086
0.0
193.73846233745954
182.23610723479447
175.01248968397442
171.37469667136625
173.22823883810884
183.29279950415662
200.6849146698172
210.07388516871242
216.864432207972
226.09749728367817
236.7856796424822
246.65968932247068
255.78881744938417
264.9699141157395
272.4187284106256
278.0659689481199
283.38407592284653
285.0817126664
280.9935261656598
272.26282298743655
266.54629106401967
257.3651943976644
237.4785926561154
215.21876393881485
0.0
184.59201129901993
172.69123131271016
165.62351918507918
161.84714353071706
162.52273363282418
171.85973572236855
188.2817727860245
196.302240234225
201.16995378586498
208.393571336685
217.40143973337067
226.63450480907684
235.55575916849588
244.78882430924753
252.84393738536374
259.5305474107851
265.2817249621176
267.6029833333819
264.9699141157395
258.0754301927327
252.86126023184434
243.31638424471456
224.38253775868952
203.14475568283535
0.0
105.2361550847195
99.55426885426395
95.6046650147913
93.16214684174916
92.43458824573206
95.39679112371043
102.10072396308968
104.42198236687668
107.62670478336527
114.0881180972434
121.55425516706005
128.67393580811463
134.8408611025816
140.81723534594377
145.45975214050867
148.31801812173074
149.6691983259449
147.4172312755576
142.49754926253033
136.95424562829683
135.30857734613056
131.9652723594381
123.75425382761009
114.05347244981401
0.0
759.4499218487449
719.1397107101571
694.9050800958863
683.8877640442236
690.5224055952485
720.0231747098496
781.6058136172527
815.4372886930499
848.5238822808175
887.8120468430043
926.6151723541885
963.1836535313754
994.1048941710675
1030.534792771546
1049.260765425031
1063.032410424564
1074.8985447179125
1063.8812287312956
1045.12061051494
1013.2812601825937
1000.5143389780266
966.8907378648604
897.9805444578448
821.188466179337
0.0
821.4483085513186
772.6672364763986
742.0231610551687
726.5885249399977
734.487732592925
777.1538478607837
850.8451406520818
890.6529898931864
919.478168840635
958.6104280446782
1003.8922896836987
1045.7788778356119
1084.4780663980036
1123.4544201138121
1154.9646367532996
1178.9047793026275
1201.4937416477412
1208.6827138308277
1191.3252442930827
1154.3236922140625
1130.1063845113176
1091.164676423425
1006.8371697477189
912.4970708803617
0.0
1460.5219267707707
1366.3723791496545
1310.4023357372396
1280.6244012090394
1285.9078621655772
1359.7204152725126
1489.7282086009748
1553.1297434617954
1591.6903500328876
1648.7690547094253
1720.0351517253482
1793.2067599027732
1863.7799443603815
1936.8302928075793
2000.5089936023628
2053.430219676737
2098.954600906304
2117.247503763729
2096.5120833902215
2041.9278649643452
2000.664898505188
1925.189354802979
1775.2949597980132
1607.2635687898123
0.0
1722.5123157149378
1650.639918746966
1604.9769555260998
1582.6478357481044
1595.4320794088792
1661.7092039234801
1747.630410589083
1793.2240828142997
1858.5657746596753
1949.0428836402675
2048.0428221616794
2138.364026239446
2213.9261831983767
2286.855272565801
2333.522959451542
2362.0363274225215
2363.5607364818147
2329.31351341571
2255.985999685005
2188.4962778681256
2157.2459035355746
2090.7435831224993
1971.3893263297891
1843.6508232884676
0.0
133.69755471139368
126.4739371540691
121.45031825079005
118.36685559705204
117.43142310344956
121.20779869927073
129.71330521148258
132.67550808946092
136.74637171770232
144.9573902560349
154.43297492879222
163.45816617195848
171.30540535048925
178.89280222208373
184.81720797804044
188.43767820921352
190.13531495276706
187.2943718375393
181.04083238872386
174.00776588900862
171.8943813502843
167.66761233788108
157.22194956962366
144.88809897418523
0.0
1934.4397427251652
1853.7327064107235
1802.4571484754156
1777.3736987738673
1791.7343195780588
1866.1704944427959
1962.6586231515657
2013.8648907416793
2087.26169481758
2188.842734797738
2300.037941240312
2401.4630743662806
2486.3275892828856
2568.2299006385338
2620.6314432698546
2652.6786669794224
2654.376303853067
2615.919634751131
2533.566929647168
2457.7795748383987
2422.6662113996285
2348.0048406364162
2213.943506760357
2070.493201669903
0.0
2.7023605261606978
2.5291322864119516
2.4425181671880343
2.3905496953935015
2.407872519758649
2.5464551107771
2.7889746453846156
2.927557236403066
3.0141713556269845
3.15275394729589
3.2913365383143405
3.429919128682336
3.5511788959860944
3.689761487004545
3.7936984299431558
3.8629897261028363
3.932281020961606
3.9669266696919006
3.914958197897368
3.7936984299431558
3.707084310719238
3.585824544065934
3.308659361378578
2.9968485319122915
0.0
148.87234849360996
139.27550398655205
133.57629493563402
130.52747792932539
131.06448551326497
138.5999139039586
151.85187412050072
158.31328746690158
162.24556847940727
168.0660372865713
175.32430053035256
182.77311482523857
189.979409529578
197.42822375941861
203.90695988725457
209.31168096429326
213.95419777186726
215.8077399386098
213.69435546493096
208.1337289647032
203.92428273373517
196.2329489783935
180.95421828641173
163.82194549273297
0.0
2587.3196522225207
2479.363813973956
2410.7827539345717
2377.2457669887626
2396.4567783029775
2495.9937251303336
2625.0487622926353
2693.543208424843
2791.694328834661
2927.5745586641374
3076.2910021898765
3211.9633590324042
3325.462500349308
3435.0120393032694
3505.1001841895118
3547.939527792085
3550.2261410557976
3498.7946769167547
3388.6388393116536
3287.2656742698077
3240.3208214501046
3140.4374189940454
2961.1461920834536
2769.2785944990346
0.0
524.3618789498163
502.4831523997707
488.5902476049645
481.78237784931514
485.6800132339052
505.8611030403972
532.0012442958069
545.8941490255678
565.7807508972077
593.3240407661827
623.4657543549754
650.957075879645
673.961785954884
696.1696462628338
710.3570389274466
719.0530966078451
719.5034899658862
709.0924728255446
686.7633528524126
666.218483725146
656.708253365932
636.4578723036085
600.1319105868774
561.242170973381
0.0
566.0405932041442
529.558726064224
507.8705506303287
496.3162270532673
498.37764311759537
526.977625320978
577.3697200371395
601.9334842792236
616.8830812783467
639.0043274189388
666.634231520317
694.9916941981984
722.3444330811141
750.6499273496446
775.3176285405216
795.8451748213074
813.4798095775146
820.5821673330613
812.5443771034257
791.375886283403
775.3869197963529
746.1286702722985
688.0452418007952
622.9287468295768
0.0
163.37155200460091
156.5636822489517
152.2329762877558
150.11959181407695
151.3321894415827
157.6203745183139
165.76210169674212
170.09280765793804
176.277055850922
184.86917651748234
194.25814708142306
202.81562198997665
209.98727113144577
216.89907783588777
221.33372074587635
224.0360812843957
224.1746638611041
220.93529579718614
213.97152061834782
207.57939859282394
204.6171956823229
198.31168782415656
186.98256099116117
174.87390710726598
0.0
108.77001116804865
102.30859785417054
98.25505706590518
96.21096384805779
97.26765610441085
102.91489668743705
112.66764653312495
117.9337849944279
121.76212907765454
126.9416533976181
132.93535048746085
138.4786541281989
143.60621001929795
148.76841147977177
152.94321201777865
156.11328882586514
159.09281451780137
160.04556990341632
157.7589570950223
152.85659798051205
149.65187554450978
144.4896740124859
133.31645260267953
120.82669659055658
0.0
157.81092556941866
151.88651981346194
148.21408117293802
145.68494883904287
145.39046085865903
149.1841592749426
158.52116136448697
163.68336285097902
166.83611681258492
171.14949992730024
176.25973300444142
181.31799760718621
186.13374268442985
191.57310932433884
197.1510586060017
202.52113405512463
206.7132574396121
206.97309974654834
204.6691641567192
199.54160829814293
195.74790986234567
191.19200722212923
180.0880770681544
167.9794231842592
0.0
180.5384704912409
173.02036494052342
168.22194270976036
165.88336149201547
167.2345418263206
174.1809941586783
183.1715397088833
187.95263915821127
194.81247738825684
204.28806205450965
214.66443356693554
224.14001823318836
232.05654879764165
239.69591407858698
244.59827319309724
247.57779895007894
247.733704373268
244.14787983505616
236.456546014669
229.388833887038
226.11482019520426
219.15104495132053
206.62664327225448
193.25342322141177
0.0
1031.3489655804524
988.3190709918193
960.9836548903389
947.6104349045414
955.2671230319676
994.9537126078899
1046.4024994633228
1073.7032699368874
1112.835529075885
1166.9866765348827
1226.282702829028
1280.3472363158044
1325.594451936636
1369.2652907392787
1397.2070056219895
1414.2873103315449
1415.1880971126723
1394.6951965248477
1350.7818376763403
1310.3676896540055
1291.6590399120464
1251.8511910612146
1180.377219172024
1103.896951935031
0.0
501.9634676558072
472.15088775987334
453.4249151714337
444.0012989145318
448.81704399177545
474.8878939263084
519.9272360398277
544.2484807564107
561.8657926661373
585.771289652595
613.4531621633239
639.0389730468546
662.6846276613305
686.5035104804308
705.7664906593145
720.3869540306242
734.1932446580729
738.5759190936651
727.9743508371732
705.3680657106244
690.5743740696449
666.7728140319798
615.2374130091896
557.6043779607729
0.0
603.3539558693603
571.3413772673445
552.0783971535063
543.3303711288023
548.5965095640872
572.0342902809778
620.9539449326063
647.8389675459549
674.1176913780732
705.3334200176631
736.1680465550432
765.2184222465582
789.7821864886423
818.7113023848838
833.591608128175
844.5396327288701
853.9632489857719
845.2152228960225
830.3175943062504
805.0262714876627
794.875096719303
768.1633022455329
713.4058559402598
652.3948702512167
0.0
376.70212821380284
354.33836248266414
340.2895523297143
333.2045173556027
336.8249875867757
356.3997785469922
390.19660799487355
408.43754153231083
421.6721789413997
439.60130169750437
460.3713675037913
479.5823792082788
497.33827369471373
515.1981051299415
529.6453402315816
540.628010590283
550.9870592562283
554.2783957945428
546.3272196672193
529.350852231684
518.2469221427547
500.40441355400753
461.722547773051
418.46745657044295
0.0
1141.6433851768531
1094.0229423851335
1063.759969066113
1048.9489545786528
1057.4371382964205
1101.3504968197008
1158.2906189845748
1188.5189462854069
1231.8260066128662
1291.797622358664
1357.416479487547
1417.266836153572
1467.364442999927
1515.6951215867148
1546.61636190118
1565.532885670815
1566.5376093356901
1543.8447103670112
1495.2368658462603
1450.5093347742556
1429.7912375074104
1385.7219734958958
1306.6086367160328
1221.9346740863969
0.0
751.290871823836
706.6846002869228
678.6562712368544
664.5381698280731
671.7617873788932
710.7901095690981
778.1932172836653
814.5884702562277
840.9711311021842
876.7427623819906
918.1789571108174
956.4623978780384
991.8702499021156
1027.5032986052133
1056.3284775526622
1078.2418497956687
1098.8906558717279
1105.4733288833108
1089.5882994100994
1055.7395015528668
1033.60093263084
997.985206709177
920.8639948028559
834.5790090116147
0.0
526.8563655257046
495.5713456953287
475.9272634142354
466.01860810633116
471.09419549051114
498.46425721990744
545.7209207558981
571.2547631650325
589.7382162930164
614.8389880604993
643.8893636869685
670.7397407374468
695.5806701979932
720.5601822352484
740.7759176696561
756.1412625289954
770.6058204771161
775.2310144382096
764.0924386563188
740.3601699395308
724.8389197870935
699.8594076847928
645.7775515466723
585.2689277551121
0.0
203.66444042679888
192.64712444018159
185.0077590291453
180.29595096573976
178.87547937560313
184.6266569269357
197.5841291826076
202.0880634134732
208.28963438789233
220.79671322047767
235.24394832211775
248.9982705402156
260.95101900092175
272.5053425129377
281.51321090962335
287.03919178193536
289.63761530661645
285.3069093454206
275.7620333582908
265.0565282830971
261.8344830006142
255.39039250069396
239.48804018100157
220.7100991181656
0.0
1712.1532666587195
1610.4682911607692
1546.5990389896538
1514.4478778109299
1530.904561152956
1619.8399388131838
1773.4414180215433
1856.4004211261906
1916.4932974478074
1998.049152524299
2092.4412199961434
2179.7136066057788
2260.4206429202213
2341.6300410671
2407.3181891916333
2457.2252449218377
2504.2740345602433
2519.2756004890807
2483.1055440004025
2405.967009247601
2355.5056229503803
2274.3481928876245
2098.573499454549
1901.9594488292646
0.0
631.9712609192236
605.6059229847931
588.8547522933239
580.6610565754538
585.3555417923786
609.6594637275267
641.1870032134948
657.9208510584832
681.8956393007725
715.0861699023783
751.4121315540639
784.5506936162278
812.2672118849634
839.030974768084
856.1459247803277
866.6089103950658
867.163240766945
854.6041934599631
827.7018479350886
802.9475325768542
791.4798232321959
767.071964348255
723.2798655552027
676.4216269679023
0.0
1479.6290019167384
1417.907780172445
1378.6889071262715
1359.4952185934924
1370.4778884968755
1427.4180108568867
1501.213240401841
1540.3801456240724
1596.523417631385
1674.2336052122732
1759.271347943229
1836.8602764443447
1901.7688974529326
1964.42555102086
2004.4932430892648
2029.005038661816
2030.304250521725
2000.8900950541179
1937.9043074681038
1879.9248165958481
1853.0744390250059
1795.9610885254165
1693.4272942654163
1583.7045274971024
0.0
108.9778850461204
102.51647173874686
98.44560812351452
96.40151491217169
97.4408843415578
103.10544775155094
112.87552042420582
118.15898169296209
121.98732576968415
127.18417294263291
133.19519282691988
138.7384964676579
143.88337514019207
149.04557669823416
153.2377000827216
156.40777682576262
159.40462536417948
160.35738068474896
158.0534451599653
153.15108591536406
149.92904069792667
144.76683919842552
133.57629493563402
121.06921613557137
0.0
904.5978631623891
846.2719151653847
811.6089446293369
793.1601371292687
796.4514736675831
842.1490831017743
922.6828912766373
961.9537330573888
985.8245843508853
1021.1804679005663
1065.3363459493476
1110.6528532813293
1154.3583379720694
1199.6055538530832
1239.0323008618875
1271.824406709939
1300.0086409880598
1311.355090667536
1298.5015556858843
1264.687403326477
1239.13623781068
1192.3819362372174
1099.5489231273543
995.4733972217624
0.0
1022.1332232211357
961.4340483134255
923.3065129693936
904.095501264906
913.9348652519334
967.0293205066143
1058.7190273098486
1108.2449807427074
1144.120549036352
1192.7976841624793
1249.1661527837664
1301.2558841784362
1349.4306575371716
1397.9172418073308
1437.1361148535038
1466.9313721631388
1495.0116692973306
1503.9675696749384
1482.3833311898359
1436.3219423047792
1406.1975513673306
1357.7456131804056
1252.8212687079008
1135.4418142674795
0.0
161.13690780069425
152.57943276204963
147.4345541220382
145.11329567271937
146.5164444293845
152.76998381315445
165.83139301761912
173.02036494052342
180.03610865880353
188.36838688833657
196.61405108060305
204.35735337538665
210.92270360553465
218.64868305383763
222.6329325407397
225.54316691179892
228.07229924569407
225.73371796290374
221.74946854104712
214.99356725979428
212.29120672127493
205.1542032077215
190.53373990145727
174.2329625680291
0.0
125.34795360936181
120.11646080199284
116.80780144321606
115.1794559945213
116.09756566115682
120.9306335133311
127.18417294263291
130.49283228840056
135.25660885222058
141.83928196787656
149.04557669823416
155.61092692838224
161.1195849542136
166.42036901741412
169.81564250452115
171.8943813502843
171.99831836412244
169.50383165814304
164.1684019670268
159.26604278747104
156.99675289060312
152.1463621854437
143.4676273905531
134.16527095494266
0.0
1109.648129421318
1049.6245447458055
1007.9977989658739
982.2907282870698
974.6167173131633
1005.867091580669
1076.5268902706803
1101.0733316662836
1134.8528382026388
1202.9835042985728
1281.681093803629
1356.619629720258
1421.7534473428202
1484.6699438030932
1533.7628265943008
1563.8352494476255
1578.039964048082
1554.3769872375806
1502.4604835271712
1444.082567576134
1426.5691922249277
1391.4731512423648
1304.8417092370119
1202.463820009928
0.0
329.87853525441807
312.01870381919036
299.65020756331336
292.0108421522771
289.724229473974
299.0265858705572
320.02184842091015
327.3320801390878
337.36199511217444
357.6123762395433
381.0155113285182
403.2926628272539
422.65957995493034
441.35090691545423
455.9540474402834
464.892624516092
469.1193935935407
462.08632709382545
446.6516909786547
429.2942215059555
424.0800514800215
413.6517114931992
387.89267240504427
357.4737936628349
0.0
2002.7263145695163
1883.8051286135938
1809.0917891158037
1771.466615864391
1790.7295959131836
1894.7531534094253
2074.4254830726813
2171.450619436941
2241.746638611042
2337.143430398215
2447.5591097248443
2549.642510886985
2644.034577708375
2739.0329438313584
2815.8769910395813
2874.254906925573
2929.289519099763
2946.8375387129304
2904.517880504775
2814.3006138961646
2755.2644299740004
2660.335354846666
2454.730758671177
2224.7356260029087
0.0
260.5006255127897
245.0313438347487
235.31323964299474
230.4282032448741
232.922689885808
246.4518153598398
269.8203048208989
282.4486433837121
291.59509442215176
303.99823630594443
318.3588573703179
331.6454631887576
343.92734540736797
356.27851881676423
366.2737882269806
373.8611850335297
381.0155113285182
383.30212407186673
377.81078889251586
366.06591432939524
358.39190329044317
346.04072988104684
319.29428984440676
289.3777729996802
0.0
1478.0699476848479
1416.4006948702688
1377.216467256875
1358.057424156875
1369.040094060258
1425.91092483921
1499.619540997353
1538.7517997460775
1594.8257807577402
1672.4493544314532
1757.4178061667594
1834.92011945979
1899.7594494727277
1962.346812045006
2002.3798582903585
2026.8570086903123
2028.1735434617476
1998.776710905666
1935.8602143153018
1877.9500144386957
1851.1169604298345
1794.0729009258946
1691.643043484596
1582.0242141854392
0.0
1252.076387740235
1177.726827628265
1131.024494138926
1107.5000992546777
1119.5394618827415
1184.5693427516478
1296.907855435805
1357.5723846505543
1401.5203889318411
1461.1455489838904
1530.1770021211344
1594.0116084691972
1653.013146568309
1712.3957861191752
1760.4493000729105
1796.94848992922
1831.3516178981497
1842.3169656055068
1815.8650136988556
1759.4618986691064
1722.54696153799
1663.198966509266
1534.6636134404737
1390.8841754377063
0.0
636.9429113546108
602.487814651103
578.5996405111258
563.8405945631076
559.4405972810348
577.3697200371395
617.9397735477089
632.0232293285744
651.4074693027316
690.5224055952485
735.7003302854762
778.7129020276286
816.0955559486764
852.213643767822
880.3978781760338
897.6514107649859
905.8104608549403
892.229366906512
862.4341098570588
828.9144456276399
818.8672078080727
798.7207636294963
748.986936234007
690.2279176603965
0.0
46.97949837606934
45.21257033115249
44.12123243387458
43.359028183923556
43.27241406209781
44.398397613309655
47.18737225414109
48.729103587514665
49.664536074612606
50.94642504250895
52.47083353590645
53.977919221850634
55.39839077946451
57.02673622165473
58.68972731777885
60.283427112539684
61.53067043300665
61.617284548327845
60.92437159974013
59.39996309333353
58.256656721659276
56.905476458904154
53.596817093622846
49.99366972844405
0.0
154.51958903110435
148.80305710768752
145.11329567271937
143.2424306985235
144.09124905078662
149.5825842886783
159.17942868515894
164.8786377620951
169.81564250452115
175.2896548373913
181.73374533731155
187.1904348237011
191.98885711950967
197.9652313498627
202.39987425985132
206.05499005389467
208.79199622032976
208.35892564372378
206.17624984916793
201.22192219521585
197.61877481052338
191.93688864511333
179.58571517067145
166.74950271027282
0.0
12.489756021879801
12.022039771826279
11.727551768676504
11.571646353943358
11.640937649452585
12.091331072539141
12.853535324441529
13.321251567990503
13.719676517331164
14.17006993391317
14.68975465315941
15.122825249279
15.503927377506784
15.988966448022724
16.352745742778996
16.647233749181048
16.872430460724324
16.83778481329494
16.664556576148012
16.248808800490842
15.97164362105576
15.503927377506784
14.516526416012484
13.477156982073192
0.0
17.946445537539816
17.288178236381498
16.855107640261902
16.62991092221408
16.733847871006784
17.374792358207234
18.483453082452108
19.141720390114976
19.713373582456658
20.354318063152558
21.099199492641162
21.740143973337066
22.29447433871178
22.987387287299477
23.507072005244805
23.940142601364396
24.251953441237966
24.199984966841612
23.940142601364396
23.368489422031814
22.952741639870098
22.29447433871178
20.85667995413092
19.36691710165826
0.0
5.214169988857957
4.937004806170601
4.781099392087913
4.694485272863995
4.746453744008072
4.954327630535748
5.3700754035911
5.595272114483923
5.8377916484409855
6.097634006763194
6.374799189450551
6.61731872340761
6.825192609935287
7.085034968257494
7.2062947349107995
7.310231678499863
7.379522974659545
7.310231678499863
7.188971911846562
6.963775200953737
6.877161081729819
6.65196437148745
6.166925302272419
5.647240586278456
