0.0
158.25106281523426
150.2381110295216
143.72166786381587
141.3348311602944
138.6070177867136
142.01678450434494
143.9110993997521
150.46542884931625
160.33480912862296
172.40159480749253
180.11145621748915
188.7874182643004
196.5351660603829
202.57803038821396
204.58600413257525
208.9808145778367
210.68569794123948
211.68968487239744
208.10942982104712
201.30883946218336
198.42948084307778
189.4125421209647
180.56609185445726
167.400603587208
0.0
158.06163139725277
151.46941566383015
147.16932098326026
144.5362232590376
143.39963439204186
144.61199594470915
146.26004981941512
150.10550897703973
159.31187911582373
167.79840974334294
174.65582946508513
180.6229212173357
185.09350435613237
189.9808366147506
193.71263692211053
196.47833657954973
198.78940070486948
199.6607854747651
197.3118350551021
192.31084393966626
188.88213402637084
184.52520986234657
174.4285116466011
162.91107736677006
0.0
280.9837221672669
276.70257056571705
273.50117847090564
271.13328496960145
269.8640940435708
269.2579132685478
269.2579132685478
269.2579132685478
273.10337243272545
278.55899917202333
283.2569000113494
288.7125267637534
293.2778255466657
297.80523804834087
301.6128109181753
304.32168121273605
306.6516884328031
306.8979493329284
304.87103250692587
301.1013459183287
297.1422279104394
295.02059519130574
290.2090355082681
284.0146259244273
0.0
424.3833565579982
405.6296394950373
391.7064253147101
381.59078401732336
376.64662226476594
377.0444284209009
378.8440274415254
387.8609661505323
415.1012137361638
445.3344787846123
473.38928188210963
498.07220429812907
516.9016940546252
530.5407609225291
538.8189168132054
543.7820217522526
546.6613803844643
544.9186106218696
534.3862200736005
518.5686911236846
510.233705752175
496.9166723468708
473.23773662609995
445.08821788448705
0.0
58.022863958413794
54.669926666570156
52.22626050318526
50.52137713191885
49.49844711649841
49.34690192339795
49.460560820844506
49.89625323855754
53.55228090611723
58.136522845375495
62.872309977734204
67.22923414437967
70.99892069890105
74.16242650199034
76.58714951165054
78.15943084223058
78.91715678807374
78.51935066732521
76.39771803338105
73.27209852594567
71.85136237798123
70.18436531547479
66.47150819722592
61.90620939989686
0.0
1015.8073969462615
954.3558231046962
910.3887752952124
881.765677821884
869.5852334041515
874.529395156709
892.392784250178
927.3618364322961
997.7545763024392
1076.0087229565434
1145.2648739570695
1205.7882335610118
1255.0593628668898
1289.7063809835283
1315.0712575627283
1338.1629559570877
1356.2347190796713
1361.7092890316715
1340.0004412458431
1298.8369785493533
1270.3085974409748
1231.7403470079107
1153.5240867661043
1061.157294525487
0.0
71.37778366592491
67.0587458080394
63.97101259625791
61.96303884927544
61.110597170195284
61.451573841565235
62.70182164270453
65.16443094801863
70.10859271237152
75.62104894560868
80.48943811865378
84.73270338523149
88.1992995640368
90.62402257500763
92.4236216899959
94.03378931622987
95.30298026978323
95.68184323680705
94.16639135560561
91.26808962209363
89.26011588690665
86.55124564345958
81.0577325639471
74.57917577646356
0.0
300.5898809053761
281.36258512380584
267.2688826058278
257.85413784553447
253.21306638219295
253.36461162509653
258.7065795337889
267.47725722471586
286.4014626253276
307.4473006271183
326.6177669278553
344.0833498782956
360.0145378029841
374.8091368580556
388.9217825756296
401.7273509679812
413.43421665399825
420.57578368816365
418.81407096188246
407.4102955388692
397.23782474754324
383.08729274873184
356.52899851370415
325.84109794624214
0.0
337.43430477544155
320.3665279942422
306.46225689555627
301.38549309969125
295.5510034038544
302.82517248132746
306.87900625128714
320.8401067128516
341.86700151504624
367.629683555759
384.0533933986529
402.5608494435336
419.07927494364907
431.97955909807104
436.2417675000249
445.5996828974398
449.27465371086043
451.3962864299941
443.76219747762326
429.270688934571
423.1141656319675
403.88686985039743
385.01949393061875
356.9646909641824
0.0
1803.1793653607672
1694.1047163186972
1616.0400017260831
1565.234476634301
1543.6203448464526
1552.3720795736929
1584.1018525540794
1646.178550304733
1771.146501409649
1910.0376662754977
2032.9597571975428
2140.4242387955537
2227.8847561415178
2289.3742159759863
2334.421022990769
2375.4139966943044
2407.4658036484275
2417.2025818975326
2378.6532743233065
2305.5895507937043
2254.935571901569
2186.4939766226057
2047.6406977627666
1883.668804259233
0.0
75.99991191263254
71.41566996157879
68.11956211911374
65.97898634324038
65.06971520298615
65.42963502808077
66.77459857425256
69.38875307266711
74.65494836777135
80.508381260583
85.69880396306881
90.22621645294849
93.90118727554348
96.49639862154395
98.40965662349393
100.13348313537895
101.47844668155074
101.89519595602393
100.26608517606532
97.17835196428383
95.05671933165029
92.15841760862314
86.30498471581153
79.40967864205928
0.0
681.1577349099001
670.7958326992821
663.0480849031997
657.308310969433
654.2016345187374
652.7240689738186
652.7430121734146
652.7240689738186
662.0440980899965
675.266415720124
686.6701911431373
699.9114519728611
710.9553075209766
721.9423337062138
731.1676470472149
737.7409195744885
743.4049209457806
743.9921586391623
739.0479967817564
729.9363424024215
720.3321661179874
715.1796296285872
703.4917070242113
688.4887333502519
0.0
1334.7721321939687
1254.0364328540907
1196.259829825946
1158.6387368432067
1142.6507194376852
1149.129276320843
1172.6187803864123
1218.55591565902
1311.0553100740058
1413.8787205232206
1504.8816052500542
1584.423886488498
1649.1526252363642
1694.6730111270292
1728.0129526392793
1758.3598762168938
1782.095641287437
1789.2940376058443
1760.7656563401931
1706.6640235094835
1669.1755326224759
1618.521553730341
1515.7360303225153
1394.3483337578127
0.0
145.028745183796
142.8123968179254
141.16434282526475
139.95198139055216
139.28897113076414
138.96693765899013
138.96693765899013
138.96693765899013
140.95596820506603
143.77849734858086
146.2032203346501
149.02574947685434
151.37469989520673
153.70470723191787
155.67479469504192
157.07658766569074
158.27000601614085
158.4026080686227
157.34179165138912
155.4095905900782
153.36373055923733
152.26502785814532
149.78347538731106
146.58208328987848
0.0
76.8523535917127
71.94607812301372
68.346879903522
65.94110003579101
64.7476816853409
64.78556798099478
66.14947467958065
68.40370935290056
73.23421223160238
78.61406641235769
83.52034188105668
87.97198177962856
92.06370186490128
95.83338841942268
99.45152979263905
102.72869449317491
105.72171195992391
107.54025421815201
107.08561864671431
104.16837378306855
101.57316242658321
97.95502106516228
91.17337388885662
83.3119672490625
0.0
14.548338070674118
13.942157318193534
13.544351197182886
13.298090270190123
13.184431383621607
13.298090270190123
13.44963545241253
13.80955527790034
14.661996969169165
15.438666057465777
16.063789952268756
16.613141267428347
17.029890530106087
17.4845261002332
17.825502771603144
18.071763699251218
18.280138329934783
18.374854074967264
18.147536289248404
17.692900730916765
17.370867201476035
16.9730610807275
16.04484681033954
14.984030487207606
0.0
315.9148880550415
295.72149174150525
280.8890063920904
271.00068291318775
266.13229373621084
266.28383887426577
271.89101088267944
281.1352674232765
301.0066301431522
323.13222765168143
343.2687946023392
361.6247055091651
378.38939190940596
393.9227736779594
408.7552590273742
422.223837675582
434.5179410549808
442.0383710456853
440.1819424262729
428.1909294278325
417.50699363665996
402.636622006008
374.7144210959852
342.47318229006936
0.0
200.91103330604838
189.29888326414704
180.8691822354157
174.93997664644766
171.39760787633452
170.9050860760839
171.28394903262287
172.76151456443552
185.47236731267137
201.3277825438246
217.69466290588522
232.7734091554253
245.88206794184143
256.83120783273523
265.18513629899206
270.6218199566488
273.31174705161357
271.87206766997735
264.56001242922173
253.7434745816355
248.79931284218415
243.05953879046294
230.19714091727826
214.37961196736225
0.0
135.0267627327421
127.22218554232657
121.55818412647379
117.58012293995824
115.21222936788118
114.8712526965112
115.11751363464415
116.1215004963399
124.66486049197998
135.31090992065762
146.3168793028695
156.4514636884505
165.26002778643306
172.6099694263806
178.23608451643548
181.89211226132102
183.69171126883947
182.72561073687342
177.8193352786593
170.5451662011862
167.21117204996114
163.36571289888954
154.72763724733835
144.08158773609236
0.0
817.22637086028
767.8036962983922
732.4178948784983
709.3830262139875
699.5894184971552
703.5674795866857
717.9453294039812
746.0759049459981
802.7159191045256
865.6640015726507
921.3758014673435
970.0786362925417
1009.7077030196423
1037.5920176615339
1057.993788711913
1076.5770173192682
1091.1064122746186
1095.520165932582
1078.0545829821417
1044.9230162198403
1021.9828633173998
990.9539860746362
928.0248465701974
853.7108748554475
0.0
235.08447329385115
225.7644441776735
219.1722285687586
214.20912362971134
212.20114987224403
212.18220667264805
213.98180581122728
218.47133201855914
228.98477948518692
239.08147758297764
248.04158692910622
256.31974281978256
265.39351091788023
274.56199488289684
282.8212075739773
290.00066088937996
296.2329567413518
299.4154057545219
296.38450187940674
288.50415214486526
281.62778922352715
275.8311858089275
261.2828476539812
244.72653587262852
0.0
156.18625970275212
149.97290692455792
145.61598275922302
142.3009318102152
140.97491140597262
140.95596820506603
142.14938655682678
145.14240403537127
152.13242580697408
158.8193573077095
164.7864490678237
170.27996221941964
176.30388333454863
182.4035772611676
187.8970902948088
192.67076369660924
196.80037004214947
198.92200276128312
196.9140290169219
191.666776883406
187.10147810049367
183.25601894942204
173.59501315794262
162.5701006914683
0.0
254.7664046075408
238.47529692590936
226.52217009075142
218.54710459413968
214.60692966789156
214.7395317111992
219.26694421287434
226.71160162799825
242.73750532786323
260.58195122173646
276.8162295404895
291.62977167720226
305.1362366066471
317.67660089927745
329.64867081607656
340.5030948269453
350.4103615054439
356.47216903287097
354.9756602883562
345.3146546279376
336.6765788754696
324.68556587702926
302.1811054119612
276.17216247112316
0.0
266.75741759287513
249.70858401127174
237.18716280028278
228.83323422917724
224.72257108323302
224.8551731396467
229.59096026020993
237.37659421957488
254.17916703211375
272.8571114015393
289.8491157513251
305.3635543202826
319.51408630598775
332.6416881740451
345.1631093850341
356.52899851370415
366.9098439239182
373.2557986327077
371.68351732571864
361.56787602833197
352.5319942245776
339.9916298139926
316.4263530679941
289.18610548236273
0.0
368.10326227436826
346.8111633724523
331.3914404607165
320.51807311919106
314.03951636709394
313.14918839760225
313.8311417482058
316.5400119117058
339.80219839470044
368.8609881874463
398.8669355353655
426.48604607753583
450.48701526090656
470.54780953113516
485.8728166808006
495.83691285323846
500.74318831145257
498.12903377896225
484.7172846115877
464.9027512545904
455.82898316959887
445.3155357029711
421.7692020386139
392.7672416087466
0.0
569.2794996932441
560.6224808460287
554.1439239628708
549.351307466323
546.75609602858
545.5247913968926
545.5247913968926
545.5247913968926
553.2914822746164
564.3542810354339
573.8826847573936
584.9454835051051
594.1897400457024
603.3771671054664
611.0680853027609
616.5615984543568
621.29738557492
621.7899073751706
617.6603010296305
610.0451552899617
602.0132602994105
597.7131656162194
587.9574441806244
575.4170797831456
0.0
1741.23526952236
1635.9113641707308
1560.536576502703
1511.4548777904342
1490.5984716797548
1499.0471154362626
1529.6971299583965
1589.6143095998932
1710.3011082644705
1844.418599938216
1963.135311296942
2066.9058793930735
2151.3544358013974
2210.722263572036
2254.234675154778
2293.806912230666
2324.7600178021694
2334.155819244912
2296.951475106766
2226.3882464533654
2177.4770379922347
2111.3843927790713
1977.304787111335
1818.9590084881593
0.0
95.22720766667997
91.43857797022937
88.76759402112562
86.75962027414315
85.94506489071688
85.94506489071688
86.6649045304213
88.48344679913427
92.74565520764118
96.83737529291389
100.47445981985497
103.82739709990315
107.48342476877342
111.19628188571171
114.54921917755534
117.46646405430715
119.98590280768921
121.27403690448244
120.04273224527235
116.86028328976899
114.07564046549902
111.7266900471466
105.8353708468856
99.11055311995851
0.0
1869.49932844484
1749.968061403869
1662.2802273665434
1603.7837841561027
1574.8954831204023
1575.8236966502968
1609.0499792270928
1663.6630768086336
1781.337915662693
1912.235071399833
2031.4064186314367
2140.0264329801767
2239.1748716461207
2331.1817441822195
2418.983238334547
2498.6581203712203
2571.4187540178955
2615.8593803493973
2604.910240471609
2533.9870931883884
2470.6790910419563
2382.6881660732174
2217.541796947011
2026.6516884423381
0.0
307.4662438267142
295.26685620938576
286.66666673815485
280.16916677335576
277.5360691592241
277.5171259596282
279.84713329764986
285.73845248742606
299.4911783301024
312.6756096789929
324.401418564606
335.23689961178815
347.09531055381484
359.0863235522552
369.9028613998415
379.29866307849346
387.425273831115
391.6117096574883
387.6336484500031
377.34751881496544
368.33058009285236
360.75332063442073
341.73439957658735
320.0634376001777
0.0
62.398731265677874
58.799533047496766
56.166435394046914
54.328949995200205
53.230247376676495
53.07870218226543
53.192361081022604
53.66593979307892
57.60611468394059
62.53133330636426
67.60809711140352
72.30599794810834
76.35983173772716
79.7695984671539
82.36480981315438
84.05075004249159
84.88424856784708
84.44855615144465
82.17537833619552
78.80349788931657
77.26910286618592
75.4884469049223
71.49144256468206
66.58516709598308
0.0
497.35236466628834
468.5777220680111
447.7402586851085
433.05931860480945
424.3075839824177
423.0762793507303
424.0044936014591
427.66052122839005
459.10614782688464
498.3563515974463
538.8946894936346
576.2316351770567
608.6433623075174
635.7699510363311
656.4558692811787
669.9055047428966
676.5545498326446
673.0121810625313
654.9025310558309
628.116919002319
615.8607019041573
601.6722836241089
569.8477941739238
530.6733629789426
0.0
477.2536841148224
446.7362718719053
424.3644134763569
409.4182692832305
402.0493844305809
402.276702262171
410.7632327717355
424.70539015165866
454.7492236628604
488.16493761963034
518.5876342053259
546.3204037091625
571.6284501129071
595.1179542964312
617.5276989863229
637.8726405558688
656.4369260815827
667.7838720237628
664.9992292846825
646.8895792779817
630.7310735348093
608.2644993640845
566.0970507849227
517.3752726552798
0.0
371.28571116958375
356.5479417133
346.1481531165962
338.3056896632919
335.14218384971775
335.10429756848055
337.9457697883942
345.03050732862044
361.6436485908064
377.57483651549484
391.74431159594735
404.8150841011262
419.13610442448214
433.62761309859536
446.6604991914761
458.00744525161093
467.8389392496805
472.8967599507981
468.1041433494018
455.658494831948
444.7851274904225
435.6355868429565
412.65754765927903
386.4970594624314
0.0
142.09255719001646
136.18229480064437
132.2989493591613
129.93105573859168
128.90812572317125
130.0068284242633
131.48439396262896
134.93204696411865
143.2102028561056
150.84429180454464
157.01975818092572
162.3806691673275
166.39661665605
170.7914272192662
174.14436445213252
176.62591692820914
178.70966323504481
179.48633234771873
177.3836428412871
172.87517353920796
169.80638348770415
165.86620856145612
156.81138356072705
146.44948135535134
0.0
36.48450406987238
34.13555365020936
32.43067029204903
31.294081377871418
30.725786920782618
30.744730062711824
31.3887971229039
32.46855658770293
34.76067755667675
37.31800260702333
39.62906672972185
41.75069936366601
43.68290051934067
45.48249962253348
47.20632614752459
48.75966432437993
50.1804004605489
51.032842139629075
50.8244675089455
49.44161766711982
48.210313009220336
46.48648649602472
43.26615124486745
39.53435098468937
0.0
432.22582001130235
406.0653319324095
387.3684443502818
375.18799981459466
369.9975771750179
372.10026656349487
379.69646923462847
394.5857839469218
424.53490181400787
457.83695691396014
487.2935528497348
513.0562348904474
534.0073571170616
548.7640697729412
559.5616645388862
569.3742154553145
577.0651337705638
579.3951409906308
570.1508845679883
552.6474152183562
540.5048570818608
524.1000904385629
490.8169784202519
451.50994528681184
0.0
88.36978790037709
83.25513779968394
79.56122383647035
76.94706933674517
75.39373115988981
75.16641337548157
75.33690171051124
75.98096875890785
81.5691975834528
88.54027623671736
95.75761582811488
102.38771782180494
108.14643496958409
112.95799469456122
116.63296551584558
119.03874537178113
120.21322058161263
119.58809668694072
116.36776143578344
111.61303114838944
109.43456906637732
106.89618716975542
101.25112890762735
94.29899339629199
0.0
306.1023371386132
292.55798592793104
282.5370603926147
275.22500502079833
271.66369305108924
271.94784036351257
273.2549175576743
279.7524175224735
299.39646255492596
321.21896966939056
341.45025227727
359.25681188990615
372.8201063132903
382.6705435109558
388.63763526320633
392.2178903276627
394.30163675245313
393.0324457215738
385.436243168395
374.03246774538167
368.0085465122979
358.40437021475776
341.3365934204524
321.0295381321437
0.0
159.69074207236275
150.0297364093229
143.11548720543692
138.62596098762023
136.71270300926116
137.47042891971793
140.29295806323273
145.7864710955633
156.84926984458545
169.1623164314439
180.03568364190866
189.56408737697438
197.3118350551021
202.74851871275877
206.7455231329461
210.36366446553362
213.2051366985534
214.07652157329764
210.64781166000222
204.18819797644028
199.69867187395704
193.63686434653
181.34276084917644
166.8133660117809
0.0
73.65096149428012
70.7147734769097
68.66891343427332
67.0966321036933
66.47150819722592
66.47150819722592
67.03980265431471
68.44159564855448
71.73770349233013
74.90120929410882
77.70479528389895
80.30000662858882
83.14147891403285
86.00189434009548
88.59710568609594
90.85134035941587
92.80248465701973
93.80647153051096
92.84037095267365
90.37776164735953
88.2182427177615
86.399700460844
81.85334480544417
76.66292211475381
0.0
444.3304919714091
417.4501641558269
398.2228684791052
385.7014472681163
380.35947937253
382.5189982549462
390.34251862660915
405.6296394950373
436.4311990372717
470.6614683879528
500.95156293034074
527.434084589788
548.9724445097842
564.1269633217985
575.2276483638533
585.3243464616443
593.2236393957816
595.6294192962778
586.1389018555553
568.1239676240311
555.6404326942794
538.7810305319682
504.5697042629282
464.16396854110843
0.0
79.82642791653248
74.73072095907915
70.97997754517635
68.47948194420837
67.24817728630889
67.2860635819628
68.70679972992723
71.03680699455496
76.05674136201111
81.6449701747606
86.74067713221395
91.38174852085076
95.60607064680988
99.54624553767155
103.29698895026371
106.68781253776123
109.79448889147194
111.68880375149269
111.23416818136559
108.20326441896269
105.49439417551567
101.7436507616129
94.67785636331584
86.5323024897349
0.0
15.078746231977965
14.30207714368135
13.69589639120077
13.468578606137214
13.20337452541976
13.525408055384732
13.71483953312998
14.321020285610565
15.268177721649744
16.423709777363385
17.143549415757175
17.977047954218733
18.71583074633721
19.284125203426015
19.473556693490973
19.909249109893402
20.060794292508994
20.15551003623087
19.814533364860925
19.17046631646432
18.90526223640217
18.03387740359732
17.200378865135754
15.95013106530706
0.0
277.9149321157632
260.14625878436436
247.11337257352872
238.41846744507617
234.11837276188507
234.25097468723794
239.19513655775012
247.32174719241684
264.80627334245315
284.26088682455264
301.972730793073
318.1312364182909
332.86900599252914
346.545959272731
359.59778856520785
371.4372564255934
382.2537942731796
388.86495309479653
387.2358422938682
376.6845085591093
367.2887068804572
354.1989912936371
329.64867081607656
301.2718342559796
0.0
144.64988222856758
136.2770105692678
130.215203044462
125.95299458746258
123.3956695384266
123.03574971202136
123.3198969471188
124.38071325819314
133.53025399346984
144.93402941517255
156.7356109930102
167.59003500650016
177.00477988474813
184.90407281888557
190.90905085237333
194.8302826969802
196.7624837609123
195.72061066647177
190.45441533335995
182.66878125604026
179.10746939117976
174.9778629276849
165.73360651814855
154.32983108989276
0.0
1286.0124674292242
1203.7992028851857
1143.4842180311923
1103.2300273294725
1083.3586645964908
1084.002731652751
1106.848168780015
1144.4124322819212
1225.375449099525
1315.4122344739394
1397.379237632928
1472.1099585985598
1540.3242370944192
1603.5943521601432
1664.0040536149959
1718.8065820129493
1768.8733232248087
1799.4286216703265
1791.9081927281084
1743.1106420228848
1699.5603432545863
1639.0369840438261
1525.4349215695495
1394.121015821374
0.0
39.66695302537574
38.09467169479571
36.97702593565339
36.14352739719183
35.80255072582188
35.80255072582188
36.105641101537934
36.86336704869169
38.6440230099553
40.34890636942624
41.86435826242316
43.24720810293824
44.78160312606891
46.33494131471973
47.7177911552348
48.9301526594096
49.990968970483934
50.52137713191885
50.009912124208626
48.683891733072144
47.52835966516984
46.5433159454033
44.0996497820184
41.29606380533435
0.0
270.261900081751
254.6148594694859
243.286856608947
235.31179111233521
230.55706079217597
229.89405064116843
230.40551565412107
232.39454619888636
249.4812661927877
270.81125137594097
292.8421331092936
313.1302451980063
330.72843019175417
345.46619976599266
356.71843005095093
364.0304852917065
367.629683555759
365.7164255734681
355.8659883758026
341.31765022085636
334.6496619184064
326.9398005215158
309.64470590872634
288.3715500884516
0.0
1280.689442851189
1261.2158861563871
1246.629661720204
1235.8510102718094
1229.9975773632707
1227.2318777058315
1227.2697640001747
1227.2508208005784
1244.7353469375091
1269.6077009038813
1291.0513456384745
1315.9426422146691
1336.742219421183
1357.3902517386578
1374.704289197179
1387.0741644444304
1397.7202145441393
1398.837860096205
1389.5367746645486
1372.412168035546
1354.340404899856
1344.6604554500682
1322.7053467510084
1294.4800553289663
0.0
345.920835285006
325.91687050871656
311.4253618346035
301.21500476204034
295.13425416607816
294.28181247782373
294.92587954719005
297.4642613730391
319.343597981443
346.64067503480146
374.82808005765156
400.7991365992977
423.34148334560297
442.2088593702302
456.6056522691667
465.9635675486268
470.58569581237236
468.1230865489978
455.5069495759383
436.88583455628515
428.36141776548345
418.49203736822204
396.3664398727989
369.10724920552633
0.0
443.6106523395683
415.2527589921734
394.4531818905081
380.56785399141813
373.710434282782
373.91880890167
381.8181018358074
394.77521536621396
422.6974163941913
453.7452368496571
482.027357529729
507.8089826389768
531.3363732347988
553.1588803492635
573.9963437321661
592.9016059331818
610.1777573332693
620.7101479994928
618.1149365617499
601.2934206675699
586.2715039119689
565.3772110482332
526.2027799581008
480.90971174175326
0.0
759.1087911568336
747.5724136905128
738.9343379249386
732.5315537353159
729.0649575276773
727.4358467398549
727.454789939451
727.4358467398549
737.816692136963
752.5544617112012
765.2463712598411
780.0030839157208
792.3350736943116
804.5723475928772
814.8395341462738
822.1705325997311
828.4786010272836
829.1416112831398
823.6291550499027
813.49457055292
802.7727484674042
797.0329745336377
784.0190314044432
767.2922312854396
0.0
144.44150760836888
137.14839533129984
131.18130357511745
129.0217846927013
126.50234590262214
129.62796535108018
131.3707351123643
137.33782686854664
146.33582238582136
157.37967805320227
164.40758611128473
172.32582224501806
179.3916165856484
184.90407281888557
186.7415582255959
190.75750572742444
192.31084393966626
193.22011499079912
189.9618935331093
183.76748394926858
181.11544314864707
172.89411662084922
164.80539226741968
152.7954360667621
0.0
580.3991279217888
545.2974736963633
520.1599155123149
503.81197834985034
496.8598428660377
499.66342880471416
509.89272907687325
529.8588075719255
570.0940550871552
614.7998856101208
654.3531797747471
688.94336898722
717.0928877288328
736.8884778993402
751.3989296419883
764.5833611088336
774.9073770382143
778.0329965705514
765.62523421638
742.1167869381088
725.8067360568814
703.77585421868
659.0889668953103
606.3133551005564
0.0
203.05160910682335
190.07555237682092
180.54714865486127
174.1822507333697
171.05663121413883
171.15134697620923
174.76948830879678
180.69869391087087
193.4853190905204
207.69268046531616
220.6308509009753
232.43243248012357
243.21108404647256
253.1941233005517
262.74147010415265
271.3795458697267
279.2977820034601
284.1093416996039
282.93486643079495
275.22500502079833
268.34864211256627
258.7823520962633
240.8431904272136
220.11938590112877
0.0
829.8235646337433
793.1496290882227
765.9283245973385
746.1516775215786
736.4906717432052
737.2483977611317
740.7907665312449
758.4268378193361
811.6760283326996
870.797594849349
925.6569530688932
973.9430386432092
1010.7116899508004
1037.4025862422418
1053.6179213482928
1063.2978702083074
1068.923985416317
1065.5142186895114
1044.9230162198403
1013.9888546211921
997.6788037399647
971.6509177174854
925.3349194883388
870.3050730359925
0.0
785.4776538546148
752.7817795296853
731.3381353717597
718.2863060792828
712.622304590036
718.6462258362259
726.8864954456652
745.9433029026904
791.6910066380514
833.9152846849403
867.9940088975665
897.6210931840983
919.8792927359349
944.1265228325369
962.6718652766095
976.3867048380488
987.9230823043696
992.2610632687979
980.5731406644221
955.6818435115598
938.6898391617741
916.9809910220821
866.8574200410555
809.611225107505
0.0
2446.753893844393
2409.5684927092525
2381.703121266957
2361.0740330665035
2349.9165181897515
2344.631380246817
2344.6882091247708
2344.669266121766
2378.0849806945216
2425.5943968416177
2466.5494845391436
2514.1157295641933
2553.839512761093
2593.298090901527
2626.391771539864
2650.013877674953
2670.339875992479
2672.4804522388604
2654.7117789860986
2622.015904163138
2587.4636011532657
2568.9561450166425
2527.034957874955
2473.122757040205
0.0
481.3264610974842
452.2108417059505
431.3733783230479
417.81008401761846
412.03242368466005
414.3813741043231
422.8489615322463
439.405273313599
472.76415790749064
509.8358995960402
542.6643759642769
571.3443029184385
594.682261859059
611.1059717019527
623.1159277820343
634.0650676860344
642.6273707580732
645.2225821958164
634.9364525607787
615.4250094667851
601.8996014425928
583.6384063109434
546.5666646092878
502.807991536647
0.0
911.6579662081367
853.3698981801458
810.615212038663
782.0868303405111
767.9931278356393
768.4477633546526
784.6441553790623
811.2782221765644
868.657019048574
932.4954295910396
990.6130093993345
1043.5780526133806
1091.939910868126
1136.7972865291463
1179.608802282523
1218.4611998969497
1253.9417170789143
1275.6126790553237
1270.2707111597374
1235.6805219341586
1204.8221329110913
1161.9159015135986
1081.3696339337707
988.3019452609087
0.0
689.7010949002978
659.221568938618
636.6034495118834
620.160796705303
612.1478447963933
612.7729687710123
615.7091567661023
630.3711536599117
674.6223486507578
723.760875913328
769.3570345237401
809.4975662506873
840.0718079875438
862.2542348458452
875.722813507159
883.7736515662452
888.4526093239301
885.6111369860619
868.505473910519
842.7806781510438
829.2363270583162
807.603251363144
769.1107736105087
723.363069875148
0.0
813.7408314530452
764.5075884284043
729.2922753461613
706.352122456827
696.596401021232
700.5555190291213
714.8765393655834
742.8745128511868
799.2682659785282
861.9511444648869
917.4356265410954
965.9300868653603
1005.3886652548099
1033.1403778402878
1053.466376210238
1071.9738322551186
1086.4274546348884
1090.8222650932562
1073.4324547183962
1040.4524330810434
1017.6069959537798
986.7107207543236
924.0467853627122
850.0548472285167
0.0
844.0688122766703
790.0997821314662
750.5086016856029
724.1018525886299
711.050023283047
711.4857157335254
726.4886894074848
751.133725542267
804.2692572119188
863.371880633821
917.1704224413743
966.2142340467228
1010.9768940505217
1052.519218759913
1092.167228581761
1128.140267681931
1160.9876872628697
1181.0484815330983
1176.104319793647
1144.0903988062153
1115.5051876272303
1075.762462043312
1001.2022294284365
915.0298466405992
0.0
126.84332257530272
119.51232408383746
114.18929935246071
110.45749909359324
108.2222075608919
107.90017404324665
108.14643496958409
109.07464925176755
117.08760107417724
127.10852665536487
137.45148571881134
146.96094636306157
155.23910225373797
162.15335145369207
167.41954666884922
170.8671997948467
172.55313994554743
171.64386890752067
167.021740630669
160.20220707220932
157.07658766569074
153.45844620990604
145.33183557130747
135.34879620451608
0.0
21.159496909722098
20.325998372571142
19.71981761982844
19.284125203426015
19.09469372646713
19.09469372646713
19.2651820614968
19.662988170449857
20.61014560766858
21.519416736127333
22.315028965828922
23.07275491298268
23.88731029640896
24.70186567983523
25.45959162698899
26.103658674074985
26.653009989234576
26.956100366261232
26.67195313116379
25.971056634699213
25.345932740027298
24.834467720521605
23.50844732938511
22.030881743837554
0.0
1482.8696676599357
1417.3453161410862
1368.7182544812417
1333.3513956711706
1316.1131300805012
1317.47703771224
1323.7851051961547
1355.287561406543
1450.4579397037915
1556.10387905537
1654.1346734274318
1740.4207150196626
1806.1534402923987
1853.8333442529026
1882.7974183884266
1900.0925128963677
1910.1702682139567
1904.0705744577167
1867.2829803175
1812.0068731747256
1782.8533669121812
1736.328994522859
1653.585321491044
1555.2514373802217
0.0
2084.579836713386
1992.4593052418338
1924.1124260263805
1874.3866605723972
1850.1583737540275
1852.0526891264963
1860.9370258184076
1905.2261072084457
2039.0026219447682
2187.5358491272727
2325.328311430954
2446.621292036995
2539.02597025741
2606.0657730912776
2646.774598735343
2671.116544620228
2685.267077431616
2676.685830622632
2624.971035043278
2547.2472972570263
2506.2732665564954
2440.900461093127
2324.5516428032047
2186.323487629651
0.0
1400.1449376442313
1338.2576707755204
1292.3584220200592
1258.9616515119008
1242.6894869119103
1243.9586778248351
1249.9257695901915
1279.6665128383895
1369.5138660857835
1469.287429696197
1561.8436528711816
1643.299192485098
1705.3758901309034
1750.4037542737417
1777.7387169137153
1794.086654849439
1803.5961153586964
1797.8373973603325
1763.0956634029872
1710.9072889477509
1683.3828943118178
1639.453732862208
1561.3132451435579
1468.472873935316
0.0
491.4042161136337
471.89277313759493
458.1400472949186
447.75920189781056
443.5538228587352
443.515936577498
447.2666799664993
456.64353856351005
478.6365340025194
499.7202582855473
518.4739753616142
535.7690699612975
554.7311616562527
573.9016279569896
591.1588362885418
606.1807530441425
619.175752973741
625.8626843578324
619.5167296490428
603.0551335118058
588.6772838124652
576.5536687707172
546.1688584531529
511.52183986469555
0.0
263.9159453729615
248.6477675992806
237.58496883846297
229.799334879098
225.15826340265045
224.5141963463902
225.00671827770165
226.93891944648234
243.6278332842488
264.4463534675554
285.96577018795546
305.7803035580588
322.98068251362645
337.35853221296713
348.34555839820416
355.48712530130894
359.01055098978077
357.13517928872716
347.5120598046971
333.30469842990135
326.80719846510215
319.2678254058625
302.3894800308492
281.60884602393116
0.0
378.029472152463
356.1690786388064
340.31366340765317
329.1561488847651
322.50710379501714
321.5788894263336
322.279785963427
325.06442883356823
348.97068225486845
378.7871980655409
409.6077007025226
437.9845372626196
462.6106303157606
483.239719079775
498.9625323855754
509.1918325266738
514.2496532408975
511.5407829463368
497.7880571167666
477.4241724524732
468.1041433494018
457.3254919010075
433.13509116728386
403.35646163784867
0.0
511.23769256537827
481.66743777278595
460.2427366965016
445.1639904469615
436.16599493755047
434.89680401151986
435.8629045434859
439.6136479324872
471.94960250047336
512.2795657777734
553.9544925435787
592.333311439396
625.6353665393484
653.5196811681338
674.7928369884086
688.6213354066654
695.4598120336603
691.8227275014768
673.2016124818235
645.6582745152336
633.0610807417704
618.4748564235416
585.7600388990163
545.5058483152515
0.0
68.36582305724667
65.65695281379963
63.74369481184966
62.28507238002678
61.71677792293798
61.6978347692133
62.228242930648214
63.53532017985549
66.58516709598308
69.5213551133535
72.13550961307867
74.54128946901417
77.17438712246404
79.8453710584617
82.2511509261927
84.33489726448295
86.15343952271105
87.08165380489449
86.19132581705436
83.89920484808053
81.89123110109807
80.20529088486693
75.98096875890785
71.16940903524133
0.0
26.21731757283215
25.13755809623765
24.41771845784386
23.982026041441443
23.792594551376474
24.000969195166125
24.266173275228272
24.910240323624876
26.425692204826326
27.8464283409953
28.98301725517291
29.96806097493946
30.70684376705793
31.521399163590278
32.14652305695159
32.601158627078696
32.98002159541315
33.13156677671813
32.733760667765075
31.90026213061412
31.331967673525323
30.612128022025445
28.945130959519012
27.03187295756903
0.0
677.2175599836522
636.2624728496878
606.9384789572207
587.862728418554
579.7361176659326
583.0322255228143
594.9474659587803
618.2475386050576
665.1886607039746
717.3580917105993
763.5225446968424
803.8903942553799
836.7188706367227
859.8295118637078
876.7457435199583
892.1275801504569
904.1754226297304
907.8314502566612
893.3588847821443
865.9102625907309
846.8913414149425
821.1854888681693
769.0350009300795
707.4508250321007
0.0
85.20628209728781
81.81545850979026
79.42862179578397
77.62902268079567
76.90918304109128
76.89023988736659
77.55325008948789
79.1823608694465
82.98993371962177
86.64596138849207
89.88523978157855
92.89720040205225
96.1743651025881
99.50835924201763
102.50137670876667
105.09658805345651
107.35082272808705
108.50635479598937
107.40765217746562
104.56617989202161
102.0656842923642
99.96299480034926
94.69679951704052
88.69182142981782
0.0
220.2519879444363
206.93495455223825
197.38760773553128
191.19319816479668
188.54115735106905
189.62091685780754
193.4853190905204
201.0815216436993
216.33075621778423
233.30381736797392
248.32573412357482
261.4533359916321
272.13727178280465
279.6387586787619
285.15121491199903
290.1522060143288
294.0734378589356
295.2479130097898
290.5500121704638
281.62778922352715
275.4333796527925
267.07945118653566
250.106390049452
230.0834820604605
0.0
208.6777241968782
195.32280451033682
185.54813987514578
179.0127536291094
175.7924183347021
175.88713409677243
179.5999912045365
185.69968501320074
198.82728699921276
213.43245451703743
226.74948790923554
238.87310296408955
249.93590171180114
260.20308826519744
269.99669598202973
278.89997584732515
287.0265865999466
291.98969143414524
290.7583867893518
282.8401507735732
275.7743563149882
265.96180539856
247.5111787296637
226.21907982774766
0.0
117.39069145120389
110.60904427489821
105.68382566427002
102.2172294736692
100.15242628910364
99.86827906711228
100.07665369910644
100.9480385319113
108.37375275530297
117.63695238933684
127.20324238860188
136.0118064643041
143.66483849700558
150.06762269318133
154.95495494917827
158.11846076406303
159.69074207236275
158.85724359156794
154.5760919939499
148.2680235663976
145.36972185516592
142.01678450434494
134.4963545241253
125.25209809099799
0.0
826.9820922827688
785.1935066732523
751.0768961793887
738.6691338252174
724.329170407114
742.1736163009872
752.1187692738291
786.3300955428692
837.8933459055316
901.0119168161563
941.2471643182798
986.6349481918492
1027.0975133945021
1058.7136283437537
1069.1513031168463
1092.1103992057767
1101.1083947282934
1106.317760567466
1087.6019297857426
1052.1024695221367
1036.9858369913595
989.8552833683018
943.6150578195843
874.8703718189048
0.0
933.8214499979033
877.3329810953853
836.9083021739696
810.5962688390671
799.4008680349417
803.9472237362129
820.3709334742582
852.5174565049974
917.2461951218032
989.1733300308041
1052.8223091539776
1108.4772794498822
1153.7703476662296
1185.6137803160107
1208.951739374586
1230.1680657009215
1246.7812069762135
1251.820084477735
1231.8540058647286
1194.0055951814597
1167.7882776217334
1132.3456467210062
1060.4374547887978
975.5153199501984
0.0
1651.0469394292854
1545.495716062581
1468.0561251693584
1416.3792154911653
1390.862795176261
1391.696292721282
1421.039230874937
1469.2495437557182
1573.1905997569995
1688.781691321267
1794.029824791938
1889.9579288318855
1977.532104982243
2058.7792684569667
2136.3135752957446
2206.6873730016728
2270.9425318513827
2310.1927361723992
2300.512786670187
2237.886738267541
2181.9855073074204
2104.2617684726824
1958.4184681623397
1789.8433894111715
0.0
1913.9778418308376
1829.3966836151158
1766.6380320944638
1720.9850442653403
1698.726844569337
1700.4885580033463
1708.6341107629103
1749.3050517115746
1872.113483567104
2008.4852093741993
2135.0064989141597
2246.3922121470805
2331.2196313677764
2392.7848642627505
2430.1596962143035
2452.4936676602047
2465.4886678519247
2457.6083177897312
2410.1367876486447
2338.777947495551
2301.156854539024
2241.126016027604
2134.305602167369
2007.3865068120315
0.0
149.1394084463843
140.52027576507268
134.2690368222853
129.85528317218547
127.24112869605126
126.88120887095663
127.14641295101877
128.245115557747
137.6788035399166
149.4424987159411
161.60400017260832
172.79940096362745
182.51723611798533
190.64384687060678
196.85719953608873
200.89209022440718
202.8811207691724
201.820304475136
196.3836208043733
188.3517258138222
184.6767550004015
180.43348979804355
170.88614287648792
159.1413907794835
0.0
2149.4790644804193
2054.4791741407457
1983.9917185478505
1932.7315588413742
1907.7455450876523
1909.7156335206266
1918.846231086451
1964.5371047905235
2102.462169032664
2255.617525645355
2397.7100822652565
2522.772749433683
2618.0567856047933
2687.180334627542
2729.15835182673
2754.2580234674197
2768.844247969133
2759.9977984627785
2706.672835439365
2626.543316350267
2584.2811522711568
2516.862486624916
2396.914469454956
2254.3672770932367
0.0
3.0687900625128717
2.8793585765107945
2.7467565373971454
2.6520407949858806
2.6141544969728883
2.6330976459793844
2.6899270916882654
2.803585983106026
3.0119606168039916
3.239278398459966
3.447653033468539
3.6370845182910685
3.7886297064112138
3.8833454488224786
3.9591180434067947
4.034890636942624
4.091720082651505
4.11066323152694
4.034890636942624
3.9212317467044104
3.826516003113599
3.712857111695837
3.4855393301709228
3.2013921017575813
0.0
168.29093155669963
157.53122318863598
149.631930253188
144.36573492269733
141.7705236015984
141.8462961680046
144.8393136465491
149.7645323056698
160.35375232821897
172.1363907077712
182.858212780181
192.65182061496805
201.57404357501073
209.85219946568708
217.75149239982449
224.93094570212108
231.48527502979874
235.48227944998604
234.49723571842406
228.11339459733648
222.4115069448072
214.49327081107384
199.62289919352793
182.44146354240482
0.0
2874.9069372531103
2747.874182962318
2653.5941322413787
2585.0199350239564
2551.604220451201
2554.2373185764695
2566.455648960893
2627.566247162537
2812.053569800009
3016.885834937558
3206.9235017539754
3374.210445815957
3501.659949056191
3594.102514462162
3650.2500062961963
3683.7983228074104
3703.328708314635
3691.4892408736446
3620.1682865955
3512.987951746351
3456.4805399718894
3366.3111527507576
3205.8626850667583
3015.2188386155453
0.0
582.6533625793815
556.8906805386688
537.7959868004061
523.8917158196749
517.1290117551544
517.6594199545971
520.1409724306737
532.5108483856532
569.9046235499084
611.4280051776586
649.9394261167835
683.847661991759
709.6671735133046
728.4019473897757
739.786779600087
746.5873699589506
750.5464879668401
748.1407081842985
733.6870857914229
711.9592944521345
700.517632747884
682.2374944035325
649.7121084162541
611.0870285023568
0.0
639.8806143002299
598.9823565291441
568.9574662175382
548.9345581105921
539.0462346316895
539.3682681073952
550.7341572360654
569.431044818193
609.7041786146598
654.5047248996958
695.3082669087115
732.4747242413766
766.4208464106953
797.9043592904271
827.9671360143309
855.2263267995583
880.1365671520166
895.3479153269095
891.5971719379082
867.3309986417102
845.6600367832552
815.5404305785185
759.0140753947633
693.6791561077832
0.0
181.5321923864233
173.5192405954682
167.57109192485888
163.2331109604306
161.1304214408929
161.2819665789478
162.0586356916217
165.92303804228928
177.57307437853396
190.51124481419313
202.50225781263347
213.07253464213971
221.12337283228675
226.9578625281236
230.5002312982367
232.6218640173704
233.85316864905775
233.0954427490859
228.60591652864792
221.82426925142536
218.26295739967105
212.56106962918705
202.44542833180031
190.39758585252673
0.0
123.66087361848875
116.17832994571847
110.81741891868786
107.33187958615784
105.85431400061029
106.46049475335299
108.63895683536514
112.88222210325344
121.4634683932368
130.9918721558253
139.42157318193537
146.7904580267213
152.77649286585554
157.00081498001916
160.08854822849767
162.89213428512878
165.0895394487822
165.77149279938573
163.11945198565815
158.11846076406303
154.6329214787149
149.93502064069946
140.42556011440396
129.17332982813497
0.0
178.53917491050007
171.43549415757175
166.4534461368832
162.66481646664477
161.1493645225341
161.1304214408929
162.49432812899389
165.90409484269333
173.89810355200717
181.55113558601926
188.3706690134182
194.65979435932925
201.53615728066742
208.50723585922734
214.77741800554244
220.23304486279508
224.94988878376233
227.39355497860183
225.08249084017604
219.0964558752234
213.86814695440953
209.47333650914808
198.42948084307778
185.83228706961438
0.0
200.60794292508996
191.74254945898653
185.1692769186068
180.39560351680632
178.04665309714332
178.23608451643548
179.0885261915838
183.35073459353774
196.23207566631837
210.51520960358854
223.77541363290817
235.46333625039014
244.34767291608955
250.80728659965146
254.7285183131975
257.05852553326457
258.4224322213655
257.6078769454092
252.6258288067659
245.1432851104047
241.20311030211136
234.91398495620027
223.71858415207504
210.40155074677082
0.0
1146.003656788506
1095.349677594931
1057.7854140930249
1030.450450745323
1017.114474153529
1018.1752904475655
1023.0436796245424
1047.4045686828108
1120.9418712979927
1202.5868414530944
1278.340492431526
1345.0393182886523
1395.8258991847765
1432.6892663723927
1455.0611250038507
1468.4349880079426
1476.2206220983685
1471.503777823537
1443.0701125951841
1400.3533126169834
1377.829907903833
1341.875812475078
1277.923743075795
1201.9238311972383
0.0
570.6244632865978
536.1100466365993
511.40818090302923
495.32544784028585
488.4869712001849
491.27161407032605
501.3114827921323
520.9365846249888
560.4898787896151
604.456926481144
643.3472105078687
677.3501620269597
705.0261020499632
724.4996587447648
738.7449065056466
751.720963235649
761.8555476146768
764.9432808657767
752.7438932484481
729.6143088218671
713.588405239957
691.9363864631433
647.9882818532556
596.1029980279932
0.0
657.0052205753685
623.816824332234
596.7091788030162
586.8397984057548
575.4549660643827
589.62444126279
597.5426772785686
624.7071522886195
665.662239422584
715.8236966979536
747.7997315089967
783.8485430667923
815.9950662154865
841.094738000343
849.3918370906154
867.6530322353709
874.7945992564304
878.9242056019705
864.0727771709144
835.8474858668272
823.8564728683865
786.4058682232982
749.6751032100505
695.043062795884
0.0
428.2477589086657
402.3335316250495
383.8071323805727
371.74034681965793
366.6067535298537
368.6715567681541
376.21092982739384
390.94869940163215
420.6326131689969
453.61263479324344
482.82296984199894
508.3393908515254
529.1010816719536
543.7062491897783
554.409128062592
564.1459064165459
571.7610521562146
574.0721162946404
564.9225755161137
547.5517083408499
535.5228090611722
519.2695875559294
486.3085091181727
447.36139574167566
0.0
1268.546884596739
1212.494108144699
1170.8949539413682
1140.6427456933236
1125.8860330374443
1127.0605081882984
1132.459305564718
1159.4154059558805
1240.8141150929023
1331.19187643489
1415.0531949663468
1488.874645352665
1545.0979102603103
1585.901451915462
1610.6601465400915
1625.4736890437746
1634.092821858768
1628.864512793787
1597.399943651001
1550.0989013757462
1525.1697176926314
1485.3891055915665
1414.5796161297828
1330.4530937345141
0.0
854.0897379299412
802.4128287104611
765.4547458787292
741.378004106672
731.148703847619
735.2972533927551
750.3191702663107
779.7189367212521
838.9162759183308
904.7058307243243
962.9181261767347
1013.8183662835411
1055.247032136115
1084.362651409694
1105.7115797924432
1125.128307124366
1140.301769018022
1144.9238972948735
1126.662702150118
1092.0535697249434
1068.0526005284667
1035.6408733980056
969.8702616736535
892.2033527129312
0.0
598.9444702479068
562.7062271528644
536.791999987203
519.9136546121896
512.7342012967869
515.6325030106398
526.1838367585049
546.7939824277719
588.2984208559261
634.4439306294672
675.266415720124
710.9553075209766
740.0140974316771
760.4348115636975
775.3998988384652
789.0200226247277
799.6660721346632
802.8864074421766
790.0997821314662
765.8146657536269
748.993149859447
726.2613715890009
680.153748096697
625.6732528205856
0.0
227.18518035971377
214.03863529206046
204.5102315569947
197.8233001729034
193.82629576582215
193.25800127203632
193.69369372251458
195.36069079157403
209.71959740927343
227.63981587872712
246.16621512320393
263.215048835868
278.02859097258084
290.4174101271562
299.8700412866414
306.00762137654283
309.03852513370333
307.428357545477
299.1502016548007
286.9129276382803
281.3246988294626
274.8271988646634
260.29780404037393
242.4154717342027
0.0
1946.4085115973328
1828.6579008623157
1744.3987754014645
1689.5583611285629
1666.2204017423362
1675.6730332425793
1709.9222453210375
1776.924162279957
1911.818322712512
2061.753343388598
2194.4311555627523
2310.438997046312
2404.8327067027058
2471.209498795793
2519.8365603770003
2564.068812889085
2598.6779449079713
2609.1913929643724
2567.5922385775566
2488.712968171638
2434.024097660652
2360.164762500296
2210.2865705711024
2033.281791131961
0.0
702.2225161112868
671.1936387374623
648.1587701909064
631.4130268723069
623.248529838448
623.8925968947083
626.8856143706316
641.7938722825209
686.8596226803843
736.8884778993402
783.3181349721984
824.1785063440924
855.3020993620327
877.8823323895751
891.5971719379082
899.7995552661101
904.5732286679107
901.6749269540578
884.2472302979608
858.067799019472
844.2771868955583
822.2463051622055
783.0529308724772
736.4906717432052
0.0
1644.113746987796
1571.447829286677
1517.5356285174569
1478.3233112509358
1459.2096744310322
1460.725126964916
1467.7151482712534
1502.6652571227144
1608.1596515328288
1725.3040815845661
1833.9809248112592
1929.643824843228
2002.5370605594226
2055.407388758445
2087.5160245905213
2106.705434470931
2117.862949347683
2111.100244850662
2070.315646146091
2009.0156171280348
1976.6986062969936
1925.1353555280425
1833.3747439969177
1724.3569250123483
0.0
123.88819140420762
116.40564773143734
111.0257935493714
107.54025421815201
106.06268863129385
106.66886938403654
108.8473314673593
113.10953988766168
121.69078616716018
131.23813305988241
139.68677728689906
147.05566201373028
153.07958325467766
157.3039053675307
160.39163860945618
163.21416776083458
165.4115730424427
166.07458318034418
163.44148557931865
158.4026080686227
154.93601186622644
150.2381110295216
140.69076410141298
129.41959073088148
0.0
1022.589044092423
957.2162385242057
909.2521864255956
877.2572085198049
861.4396794519341
861.9511444648869
880.1365671520166
909.9909691390773
974.3787310936874
1045.9648893142808
1111.1482634632057
1170.572920360814
1224.8071546057392
1275.1201571371184
1323.1599814574452
1366.7292231107933
1406.528778175545
1430.8517810705307
1424.8468033909076
1386.0512349034498
1351.4421029500938
1303.3075619240592
1212.9676868633085
1108.5530521434175
0.0
1161.972730994432
1091.6747067684043
1041.380647449727
1008.6279436308585
994.7047294636375
1000.3497877401823
1020.8083880485913
1060.7973746505895
1141.3246990308214
1230.8310758519292
1310.051323496712
1379.2885303671103
1435.644398392762
1475.273464412134
1504.2943686182648
1530.7200606789243
1551.3680918168523
1557.6382745529404
1532.8038068809117
1485.711139539091
1453.0720948129494
1408.972444239324
1319.5039538305143
1213.8390716200981
0.0
175.47038485899625
166.60499139289283
159.36870859665694
156.7356109930102
153.6857640310113
157.47439370387096
159.57708321554503
166.83230909342217
177.7814489974221
191.17425496520065
199.71761495559832
209.3407344527344
217.92198073747537
224.62785532116263
226.84420368441195
231.7125928613889
233.62585083057368
234.72455341895343
230.7654354110641
223.22606233871835
220.024670243907
210.0226877902319
200.21013688690974
185.62391245072627
0.0
139.28897113076414
133.13244783733492
128.56714905180132
125.23315494906878
123.62298732283486
123.75558936352122
124.34282696253925
127.29795813363435
136.23912428540936
146.1653340507917
155.3717043062198
163.4793718605559
169.65483823169455
174.1254212525365
176.85323474669323
178.48234541656078
179.42950286688557
178.84226529145852
175.39461229652187
170.2041895258844
167.45743306804118
163.1005089040169
155.31487482145477
146.08956148307485
0.0
1237.7453250545043
1166.1591668208052
1114.2738829955429
1077.770435800779
1055.9858149675517
1052.9359679976892
1055.247032136115
1064.3586866202988
1142.6128331564478
1240.2837070114144
1341.1749156889691
1434.0910599315046
1514.7320425656746
1582.2454242885308
1633.7518449213449
1667.224388372054
1683.76175712419
1674.93425062084
1629.8684994235057
1563.2075605029202
1532.7090908829318
1497.38011917978
1418.178814852548
1320.6973724168736
0.0
367.9517171363134
346.6785613160387
331.2398952047069
320.38547107588346
313.9258575102763
313.0165863411886
313.6985396917921
316.40740998635283
339.6695963513929
368.7094430493913
398.6964471977146
426.3155577398849
450.2975837236597
470.35837799388827
485.6833852615085
495.6285382343504
500.53481369256457
497.92065916007414
484.5089099926996
464.71331983529825
455.63955163235204
445.1261041657243
421.59871370096295
392.6156964837977
0.0
2276.7391357246947
2139.0035022989673
2040.4612444473635
1976.300800481617
1949.0037226681056
1960.0665214813473
2000.1312804361232
2078.499085960151
2236.2765709545424
2411.652240208741
2566.8723988277616
2702.543228936552
2812.9628415457637
2890.610807451057
2947.478139034886
2999.2308206202492
3039.712329441894
3052.0064327557616
3003.3414839889974
2911.069407707041
2847.117337560712
2760.717638212574
2585.398797836329
2378.35018457144
0.0
296.1382409792814
278.2369655914689
265.4124541174762
257.05852553326457
253.51615676315146
254.95583614478764
260.1652019839603
270.3566158569275
290.87204576412427
313.6985396917921
333.8729929236872
351.52800729341965
365.886913911119
375.98361200890974
383.39038314279657
390.11520092607986
395.3813961412369
396.9915638474179
390.6645522202697
378.6545960222332
370.3385538372136
359.10526675185116
336.29771591893075
309.36055872736387
0.0
1642.3709777363385
1569.7997760069866
1515.9444041157205
1476.7699728027847
1457.6752801261148
1459.171788503659
1466.1618098099962
1501.074032734084
1606.4547682873806
1723.485539272603
1832.0487234327811
1927.6169087118476
2000.4154283645323
2053.2289266371145
2085.2996764631816
2104.470143340586
2115.627657037791
2108.8649537203173
2068.118241021756
2006.8939849331443
1974.6148601081127
1923.0894953451714
1831.4425427495007
1722.5194396973804
0.0
1423.3881809276302
1337.272627161913
1275.6695084182022
1235.547919890851
1218.4990861781869
1225.394392299121
1250.4561777896342
1299.443159324376
1398.0990773827232
1507.7420212724435
1604.768827782816
1689.596247003512
1758.6250800938117
1807.157426922117
1842.7326595647116
1875.0875574502488
1900.3766609558372
1908.067579022071
1877.6448823839512
1819.9629951178777
1779.974009223607
1725.967092325347
1616.3430914779497
1486.9045581254504
0.0
710.4817288023672
669.3940397299439
639.6154102005088
618.6453447611924
606.1428667629056
604.4000971182656
605.7261175251293
610.9544264459431
655.8686315877968
711.9403512525388
769.8495563239907
823.1745194129344
869.4715744424852
908.2292564127961
937.7805681237475
957.0078637873628
966.4983812411914
961.4216174453262
935.545276547796
897.2990597083924
879.7955904767149
859.5074783880021
814.0439218340036
758.1048042256757
0.0
53.135531631644014
51.032842139629075
49.5363334121523
48.41868765300998
47.96405208157227
47.96405208157227
48.3618582036314
49.38478821905185
51.752681791128936
54.044802760102755
56.07171966080992
57.94709135531053
59.99295139794689
62.05775459430792
63.93312630060401
65.56223706876716
66.96403006300693
67.68386970271132
67.00191635866081
65.2212603973972
63.667922220541854
62.341901816299284
59.064737127558914
55.31399371496675
0.0
173.53818367710946
166.32084409357557
161.58505695990627
158.68675525653825
157.43650742001253
158.7625278229445
160.60001322834424
164.80539226741968
174.90209036521046
184.24106268098404
191.76149254062776
198.3158219862601
203.22209744447423
208.58300853965645
212.67472860395947
215.72457544276114
218.26295739967105
219.22905793163713
216.63384661184878
211.1403335782076
207.38959007125163
202.5969735878099
191.51523162739636
178.8612084910545
0.0
14.017929909370274
13.430692310614376
13.05182934319735
12.824511555774702
12.710852665536487
12.824511555774702
12.976056740356205
13.317033423914806
14.131588807865317
14.889314742437245
15.495495494917828
16.025903656614858
16.423709777363385
16.85940219376581
17.18143572320654
17.427696650854617
17.636071281538182
17.71184387284598
17.50346924216241
17.067776825759985
16.76468644873333
16.366880327984802
15.476552352988614
14.45362232590376
0.0
20.15551003623087
19.322011499079913
18.772660195715794
18.431683524345846
18.280138329934783
18.431683524345846
18.659001308754103
19.13258002081042
20.30705523064193
21.40575783737017
22.277142670175024
23.034868617328787
23.603163073106984
24.228286967778903
24.70186567983523
25.061785506240465
25.345932740027298
25.45959162698899
25.15650124996234
24.531377344805556
24.076741786473914
23.527390483109794
22.239256374521123
20.78063394269826
0.0
5.68294455961682
5.398797331072418
5.152536400541008
5.076763807136239
4.982048063545427
5.095706954832128
5.171479549547504
5.398797331072418
5.758717154201136
6.194409569555077
6.459613649092982
6.781647174208708
7.065794402753111
7.274169036582137
7.349941629986906
7.501486819286598
7.5583162638159305
7.596202561697863
7.482543670280102
7.236282739748693
7.122623848461991
6.800590323215205
6.478556798099479
6.004978084732548
