0.0
174.75916562653947
171.40738749373656
167.63133366666645
167.39798204061685
168.9678021500612
172.76506968926668
180.6990254783747
188.5693400077894
192.74845568636573
193.59700720992916
191.36955964954223
188.61176756121816
186.9783060570517
188.03899536243586
186.59645791474549
188.31477454044645
190.69071861855778
197.01242660389298
200.57634264767466
200.97940450064854
199.17623276809007
194.12735185528265
185.6842651270857
175.09858620807842
0.0
176.30777189175498
173.23177307345927
172.31958028286408
172.34079399499942
174.05911061776504
178.25944014057012
184.22051396872766
190.60586336492975
195.27289626752437
195.69717196325934
193.23637277829056
190.43615313653777
187.80564373785398
186.38432013292476
185.23877572068304
185.62062386298928
188.16627802272208
194.50919999758895
198.30646753385906
199.17623276809007
196.7790749793112
192.11204220881
184.58114826827276
177.26239223724664
0.0
342.2844303362488
341.20252718810355
339.95091381156624
339.4629968517349
340.71461009617866
342.41171301121204
344.13002962223607
346.8878217105601
346.95146310674994
346.71811148216807
346.1877668368145
345.8907738013658
346.0392703190902
346.527187411015
347.2272422847605
347.52423532020924
348.3091454329058
349.0516278747571
352.25490948690026
352.7003990253963
351.3002891458117
349.03041403199603
346.39990475072875
343.72696765184577
0.0
402.5952226109463
390.8639992811651
383.20582268034167
379.30248604768246
379.9601135000927
385.666621733217
396.3583697324686
405.45908378098244
418.5267756088355
431.1277643049412
441.4800915978988
449.6261853053241
456.0751760977161
461.0392018889889
465.2183176996588
468.20946141256474
469.5035023425307
476.71618941953517
480.7468087124806
479.3466988182189
472.55828745162654
461.293767371009
442.79534637062596
422.6422500086383
0.0
54.370932437539345
52.24955387226987
50.870657819301606
50.06453395924483
49.89482368095082
50.74337509737177
52.29198144184336
53.416312078838345
55.41040792217799
57.63785540477654
59.35617204075146
60.90477838669077
62.38974338340679
63.8534945887314
65.1263217258383
65.97487314079153
66.20822478005044
66.22943857144186
66.9931348487158
66.6325005007364
65.42331471138507
63.57771536815735
60.841137038935194
57.55300026709725
0.0
1065.2290289142425
1033.7477712075408
1017.6252941531756
1014.973570897054
1028.147331806619
1060.1377204480063
1111.7508606592573
1165.0186763495292
1201.9730907968667
1219.1986847100447
1219.7714569235043
1211.4768666983543
1201.4851737049419
1194.5482658059484
1191.7692598895396
1195.778665339724
1207.4038198519802
1246.5220404488377
1270.2602665652748
1271.427024688184
1252.7164659059797
1213.2800384309128
1153.5632320656653
1086.9519453695298
0.0
74.86344929300365
72.63600181040509
71.51167117341011
71.32074710519241
72.25415367250199
74.50281494649194
78.13037227491787
81.86399854562387
84.47329416612556
85.68247994226752
85.72490751184102
85.13092151286106
84.43086659655204
83.9429495281105
83.75202545842511
84.0278046672575
84.85514230402866
87.59172064792786
89.26760970111997
89.3524648520086
88.0372101467959
85.25820423479091
81.05787468556711
76.39084186076087
0.0
298.2021838013481
287.8286426656293
282.07970674698294
280.0856109432713
282.6312652350976
291.13799324206803
306.0300707773341
322.19497538512803
332.39880616036135
336.0687911684387
335.5808740765138
333.2897852373535
332.95036466315304
334.85960534533007
338.93265220638136
344.76644323188526
351.5972821665834
361.8011129418167
370.9442545584364
369.7774964355271
362.05567842383675
349.9001792662271
331.82603396157907
311.46079981777063
0.0
372.6413574734698
365.51352550332274
357.452286917432
356.9431561001625
360.294934244707
368.4198140946942
385.3272011443394
402.107305651115
411.0170955110593
412.7990535329501
408.047165508821
402.19216077264946
398.7343136784864
400.96176123887335
397.88576228701646
401.57696100576146
406.6470557613299
420.0753820061444
427.71234476420676
428.5396824450091
424.7212010659779
413.9658117879529
395.93409403673365
373.38383990064403
0.0
1890.9332044894502
1835.0348796206495
1806.3962692412233
1801.7080232737512
1825.0856142980824
1881.8749186548318
1973.476044682494
2068.0471010646443
2133.6189121073553
2164.209190443523
2165.2486663171035
2150.505085593103
2132.77036103878
2120.487578002689
2115.52355273979
2122.6513842402715
2143.2923984280364
2212.72511799225
2254.85569611542
2256.934648009352
2223.735073104544
2153.708366530102
2047.7030796481404
1929.4574396171686
0.0
79.7001924107809
77.34546220625252
76.13627643011054
75.94535236042512
76.9211864987759
79.31834427141008
83.17925325083658
87.16744493898355
89.9464508377792
91.2192779748861
91.26170554445959
90.64650576729755
89.9040232682057
89.37367863019067
89.18275456197296
89.4797475607291
90.34951276854144
93.27701517919067
95.03775938473909
95.14382831527749
93.74371845624079
90.77378847601807
86.31889351082098
81.33365389439952
0.0
829.777222861893
827.1679271738769
824.0919283541135
822.9251700844337
825.9799551935296
830.0742157652483
834.2321178652504
840.9144602822242
841.1053843533773
840.5113982971569
839.2597849206197
838.4960886506842
838.8567230823228
840.0659088907545
841.7630116736942
842.4842803902008
844.3723072442939
846.1542652661847
853.9397245419714
855.0216276901168
851.6274219921435
846.1330515408399
839.7477020272215
833.2562836667238
0.0
1399.7279999747045
1358.3611180921155
1337.1473324394208
1333.6894853452577
1350.978720669303
1393.0244437002925
1460.84491635163
1530.829194359927
1579.3875505188298
1602.0226596443608
1602.7863551217351
1591.8612557620888
1578.7511365129005
1569.6504222001995
1565.980437192122
1571.2626701257918
1586.5365956712706
1637.9375979686076
1669.1218630361407
1670.6492553265016
1646.08369194022
1594.2584140792417
1515.7886208499874
1428.2605415219286
0.0
176.66840631752274
176.1168478220696
175.45922050322045
175.20465503294207
175.86228248535238
176.73204758602225
177.6230266644821
179.0443502635406
179.08677781696932
178.95949514200603
178.68371596399544
178.51400560351
178.59886072504452
178.85342619238745
179.21406049193263
179.38377083774105
179.78683282280838
180.1474671223535
181.82335617994872
182.03549396176945
181.31422537735625
180.1474671223535
178.7897847961976
177.4108887505679
0.0
76.24234536064895
73.5906221705738
72.1268709637815
71.61774010394852
72.27536746389342
74.43917358552703
78.25765499538001
82.3943431836389
84.98242501274916
85.93704537291784
85.80976265098802
85.2157766652174
85.13092151286106
85.61883858130261
86.6583140791506
88.1644928555164
89.9040232682057
92.51331890338443
94.84683531505368
94.54984231629756
92.57696025114001
89.45853378254701
84.85514230402866
79.63655104981599
0.0
16.228545959659076
15.93155297352522
15.846697821315649
15.846697821315649
16.016408112378674
16.398256250722106
16.949814680128558
17.543800665899166
17.968076387318977
18.010503956892478
17.777152317633565
17.522586887717086
17.268021457800607
17.14073874937366
17.03466981912878
17.077097388555508
17.310449027227335
17.883221234962637
18.243855594683676
18.328710733830675
18.095359094571766
17.671083387388688
16.97102845831063
16.31340111186865
0.0
313.39125435738583
302.50858228698115
296.4626534649795
294.3624887116493
297.0566393891064
305.9876432092283
321.6434168823363
338.6356591709325
349.3486208955289
353.1883161173211
352.7003990253963
350.3032412366174
349.92139310898824
351.95791646612855
356.2218873836558
362.35267144460846
369.5229309535071
380.2571065208644
389.8457375438868
388.63655172077824
380.511671856114
367.7409729316162
348.7334211286407
327.349925247554
0.0
188.25113327635006
180.93237723505
176.1168478220696
173.40148329744818
172.80749724563083
175.6925721278023
181.10208746344202
185.00542396400775
191.8786905842282
199.62172230658615
205.54036845362455
210.9074562299647
216.08361994982886
221.1112870198751
225.52375445512672
228.49368444268794
229.2785945700615
229.34223583415798
232.01517280094745
230.72113187098142
226.5632299030727
220.1566666641095
210.71653215881165
199.30351544305339
0.0
126.51901718097062
121.59741892404635
118.3729235131733
116.54853795986934
116.14547603057476
118.09714430580863
121.72470163276685
124.33399726647784
128.97981630136036
134.1771937656493
138.14417167561422
141.7505152243904
145.22957603949504
148.60256801652673
151.57249787933307
153.5665938151381
154.09693846636247
154.13936602272662
155.94253775822054
155.07277252398947
152.2725528866398
147.96615440834523
141.62323250246055
133.9438421263904
0.0
856.9945097831608
831.6652497159861
818.6824130096676
816.5610343988993
827.1679271738769
852.9002490793484
894.4156274649846
937.2674743486929
966.987987993681
980.8618036448981
981.3285070261553
974.6461644770881
966.6061397339582
961.0481280185585
958.7994667328269
962.0239620703148
971.3792415861715
1002.8392855822053
1021.9529063494764
1022.8863129798974
1007.8457389415839
976.1099157675396
928.0606914679767
874.4746690315883
0.0
255.435192171268
251.95613123434381
250.87422823296905
251.06515228944514
253.90779961672015
259.67794924603413
269.71206980755255
280.0643972326037
283.6070994336242
280.9341623347413
275.9489228181238
271.11217968713714
269.52114573639943
269.4787181829707
270.4545523668203
272.0031586320358
274.20939234966164
278.6855010636867
284.9223540742579
284.7738575565336
281.84635512240106
276.4792674781543
267.23005691191617
257.91720506690444
0.0
169.689070870971
167.39798204061685
166.6767133197071
166.80399598879953
168.69202296911516
172.51050435254948
179.1928467665879
186.06611326939188
188.42084349006504
186.63888546817424
183.3295348917355
180.12625327959242
179.0443502635406
179.0443502635406
179.65955003042868
180.6990254783747
182.18399047949384
185.1327067563874
189.2906087242961
189.18453977467757
187.23287152439465
183.6901693233741
177.5381715517538
171.3437460931436
0.0
252.74104136171738
243.95853417673638
239.07936349232097
237.3822605772876
239.54606674148468
246.7587538184891
259.3809562252625
273.0850617801811
281.7190724474378
284.83749895272337
284.4344369823331
282.48276873205026
282.18577569660147
283.81923721544507
287.2770843096081
292.21989625811983
297.99004601952737
306.6452705295452
314.38830225190316
313.39125435738583
306.85740831136593
296.547508586514
281.23115535551295
263.98434773166724
0.0
264.6419750519841
255.435192171268
250.34388357293844
248.5619255510476
250.83180066486327
258.38390833074516
271.60009677906197
285.9406158115363
294.9776884638603
298.24461135477685
297.82033565904186
295.78381230190155
295.48681928112984
297.1839221814862
300.79026566128016
305.9876432092283
312.03357203123
321.09185852631515
329.19552454821826
328.15604908559516
321.3039963081359
310.52739331944326
294.4685575291744
276.41562606728746
0.0
344.8937259068485
331.4866133727015
322.6828923449594
317.69765282834186
316.61574969487367
321.919196075024
331.82603396157907
338.9538659170489
351.5760683238223
365.7468771279046
376.6083353702254
386.40910429248476
395.89166648330485
405.119663206782
413.2021155180174
418.63284455845405
420.0753820061444
420.2026646664306
425.10304919360715
422.72710513017284
415.0901423574334
403.3801327383199
386.0484698608462
365.15289108636125
0.0
693.4998642284326
691.3148443682447
688.7479763510739
687.7721421525472
690.3177964590506
693.7332158530145
697.2122767899385
702.8127162055376
702.961212708585
702.47329561666
701.4126063112759
700.7761927016268
701.0731857370754
702.0914474743539
703.5127710792832
704.1067571355037
705.6977909541479
707.1827559405899
713.695388143849
714.6075809315087
711.7649336042336
707.1615422299225
701.8368820070109
696.4061529665744
0.0
1825.9553803101974
1772.0087232807227
1744.3459468209583
1739.8061971217012
1762.3776641758975
1817.2152994017413
1905.67678521345
1997.0021334133908
2060.325282700704
2089.8760861906862
2090.8731336448914
2076.617470643929
2059.4979451079644
2047.6394389270954
2042.866337295038
2049.739603122698
2069.6593490049136
2136.716125224868
2177.404165269235
2179.3982616453513
2147.3442317545446
2079.714682293737
1977.3581668266022
1863.1855737447436
0.0
103.45963225990108
102.05952241554141
101.61403291520566
101.69888805435265
102.8444324695297
105.1779488826667
109.25099572317
113.43011147953467
114.87264889346787
113.79074582604639
111.77543620452467
109.8025541393671
109.16614057081365
109.1449267926316
109.54798872192613
110.16318849908814
111.07538127500631
112.87855305012825
115.4029935329506
115.33935218519505
114.15138018723515
111.9875740656015
108.23273401524573
104.45668017496622
0.0
1854.636417788064
1790.2101505851892
1754.4224950679993
1741.97000208238
1757.8803416191113
1810.7663091083691
1903.3856975337771
2003.9390401088665
2067.32583143816
2090.1730789619473
2087.203148754231
2072.989912704938
2070.80489284475
2082.769468166039
2108.0562999019016
2144.3743015468276
2186.7806588186545
2250.2310907222236
2307.084037267723
2299.807707913906
2251.8433386624924
2176.216192863253
2063.7831291637544
1937.1368295617335
0.0
334.0746952326336
329.5349451224187
328.11362153216646
328.3681869995094
332.08059942892197
339.63270708012686
352.7428265788251
366.2984354986029
370.92304084776873
367.4439799108445
360.91013399691803
354.58842587948936
352.4882611114821
352.4670474008145
353.71866064525824
355.75518413449214
358.6402590151958
364.4740500553767
372.66257118413733
372.45043340231655
368.61073816584724
361.6101888853407
349.51833112392086
337.3204043982054
0.0
58.46519304301539
56.19531799084334
54.71035300733667
53.861801577706395
53.67087750948869
54.56185650722476
56.25895935180827
57.468145127950244
59.58952368001038
62.007895245503676
63.83228079733998
65.50816986374143
67.12041756917795
68.66902391511725
70.04791996808551
70.960112757213
71.21467817465398
71.23589196604541
72.06322960281658
71.66016767352203
70.36612675970076
68.37203091489343
65.44452850277649
61.90182631496526
0.0
465.98201398427125
447.886654836862
435.9857211465954
429.23973731875463
427.77598617507374
434.92503184121125
448.31093053259707
457.9632030692256
474.9978727938342
494.1751349572951
508.8126470105412
522.0712630269637
534.9056033476512
547.3368816979486
558.2831950324496
565.6019510737498
567.5536193093556
567.7233295377475
574.342030690625
571.1387490784819
560.8076354961918
545.0033653053595
521.6045597778
493.3690111192539
0.0
473.47048023928625
457.00858272813707
447.886654836862
444.704587052803
448.7564200710932
462.26960155485864
485.90175857490647
511.5704392309587
527.7565575494203
533.5903485749242
532.8266523049887
529.1990949824337
528.6475366264124
531.7023217355081
538.1513125279001
547.421736804806
558.2407674790209
574.4480996549206
588.9583289011099
587.1127296151227
574.8723753506555
555.5466166694702
526.8443647617605
494.5145555314955
0.0
403.42256029174865
397.92818984044516
396.23108694008886
396.5280799608605
401.00418879230205
410.12611656616065
425.97281442783816
442.3286431214622
447.9078686796232
443.68632531552464
435.81601091820335
428.1790480133705
425.6546075643053
425.61218001087656
427.1183588547568
429.6003717503932
433.07943255522406
440.12240940383646
450.00803343295337
449.75346796561035
445.12886274853804
436.6645623096734
422.0482640991884
407.3258967923143
0.0
158.50940576952067
155.73039997639978
154.92427601213592
154.92427601213592
156.4728824094449
160.24893623651502
165.61602401725833
171.36495993737245
175.54407561448105
175.92592375385183
173.71969003622604
171.19524957982236
168.8405193488753
167.54647842184468
166.52821680785354
166.86763738939248
169.1587262197466
174.84402073926776
178.25944014057012
179.06556410630168
176.9017579435723
172.7014284222349
165.9342307560362
159.35795729161637
0.0
36.19071819061124
34.93910484489576
34.239049915377386
33.98448449940411
34.30269127634231
35.320952984266576
37.14533854931223
39.09700682454607
40.32740637887012
40.772895877738165
40.73046830816467
40.45468909933226
40.41226151654942
40.64561316901768
41.13353023745921
41.83358515376824
42.66092279053939
43.91253614946421
45.015652995067775
44.86715649495585
43.93374992764628
42.46999872232168
40.26376503111455
37.80296589604776
0.0
453.25374261320223
439.8466300790553
432.9945774336896
431.87024673211545
437.4706861477145
451.06872273833756
473.0462045435512
495.7025275118431
511.4219427132343
518.761912450525
518.9952640751068
515.4737757168473
511.20980479932
508.28230236518755
507.09433038484013
508.7914332998736
513.7342452483853
530.3870669627811
540.4848289204893
540.9727460124141
533.0175763761418
516.2374720014598
490.82335681275055
462.48173933667937
0.0
82.79740509972412
79.57290970206041
77.47274492818237
76.26355915204037
76.00899372139006
77.28182085849696
79.65776484120741
81.37608147718234
84.38843902697855
87.803858507537
90.41315412803867
92.7678843193577
95.03775938473909
97.24399308915558
99.19566135118008
100.48970227821069
100.85033662619007
100.87155041758152
102.05952241554141
101.48675019474354
99.64115085004809
96.84093115986101
92.68302918021071
87.65536200742508
0.0
290.3742969721326
281.93121036135204
276.3944122245264
273.5941925974506
274.0608958466143
278.1763702464172
285.8981882581076
292.4320341720341
301.8721688094255
310.9728827258458
318.44013527019325
324.2951401384582
328.9621729236364
332.52608896741805
335.5596602190757
337.7022525405117
338.6356591709325
343.8330366014643
346.7605390355968
345.7422772983184
340.8418928885584
332.71701303857117
319.3735419006141
304.8420987969866
0.0
167.46162330911636
162.51881135473383
159.97315705410134
159.57009507196943
161.62783227627398
166.65549947547828
174.7803793386748
183.13861082058236
188.95118815009565
191.66655267031396
191.7514077771714
190.4573668618824
188.88754673922875
187.78442988041584
187.36015419935794
187.975353951569
189.8209533843267
195.95173729850885
199.68536357068257
199.87628764183563
196.92757149703553
190.73314617198648
181.35665293078497
170.8770428425122
0.0
80.01839920092844
78.93649613350696
78.59707556517733
78.66071691293291
79.53048213248692
81.35486768579092
84.49450795751696
87.74021714657208
88.84333399217564
88.01599635540448
86.44617621954147
84.93999744317566
84.43086659655204
84.43086659655204
84.72785959677589
85.2157766652174
85.89461780334436
87.29472764770405
89.26760970111997
89.20396835336439
88.29177556276919
86.61588650957711
83.7095978903193
80.80330925638447
0.0
465.9395864308425
452.1718395971503
445.10764890577695
443.9621044935353
449.73225425494275
463.71213887045553
486.2836067172127
509.5975571379147
525.7624617457087
533.2933555541523
533.5479210214954
529.8991498708561
525.5503238317945
522.5167525654598
521.2863529142671
523.0470972254903
528.1384056917265
545.2367169299413
555.6314717763277
556.1406027256908
547.9520814501595
530.7052738263138
504.5911037785361
475.44336233233025
0.0
79.1910615641573
76.43326943033438
74.90587687578649
74.37553222456211
75.0543733758984
77.32424842807045
81.27001254664393
85.5764110117291
88.27056178458712
89.2463959229379
89.11911320100805
88.52512721523746
88.41905828469903
88.92818913132264
90.01009219874413
91.55869854321571
93.38308410972907
96.07723486937773
98.51682021305312
98.19861343464721
96.16209002173406
92.91638081946962
88.12206528594291
82.71254996057712
0.0
16.65282168078535
16.33461488990395
15.97398054295195
15.93155297352522
16.1012632513789
16.46189761154025
17.20438009698246
17.968076387318977
18.349924525222097
18.434779664369092
18.222641803292255
17.968076387318977
17.79836609581564
17.904435026354058
17.777152317633565
17.92564881774548
18.159000455536685
18.752986454516638
19.09240702431396
19.13483459388746
18.965124302384123
18.49842102533401
17.692297165570768
16.674035458820658
0.0
275.7155711935419
266.1269400531032
260.8022798301918
258.9566805295275
261.3114107648777
269.181725162199
282.949471981214
297.9051909126699
307.32411169262303
310.7183173905963
310.27282785210025
308.1726630840931
307.8332425098926
309.61520053178344
313.3700405146248
318.7795558443937
325.0800501337384
334.5201847711296
342.9632713672333
341.88136835118144
334.75353639571154
323.51023002576176
306.7937670472695
287.9771391833537
0.0
135.51366226225343
130.25264343846726
126.7947963883353
124.8219143363871
124.39763861423343
126.49780338957919
130.37992616039708
133.18014585058418
138.14417167561422
143.72339727780627
147.9873681204806
151.8270633481437
155.5606896188497
159.18824693406629
162.37031484141258
164.4916933142166
165.06446552180512
165.10689307816926
167.0373476148491
166.10394111211855
163.09158356232234
158.4881920573853
151.69978067905126
143.49004563854737
0.0
1275.797064570007
1231.481466542618
1206.8522614812819
1198.2818920781217
1209.2282054272998
1245.6098476611778
1309.3360596087032
1378.493000596665
1422.1085437503086
1437.8067449768453
1435.7914353303727
1426.0118802508744
1424.4844876963266
1432.7154365106094
1450.110740520086
1475.100579470009
1504.2695346415599
1547.927506273286
1587.0245132915695
1582.0392731144843
1549.0306230000058
1497.0144202753136
1419.668958408101
1332.5439409330163
0.0
43.106412290875134
42.51242629189518
42.34271601360119
42.363929791783264
42.851846860224796
43.82768099710786
45.50357006350931
47.26431426905774
47.858300254828336
47.412810769169646
46.56425933953937
45.75813549415964
45.48235627211789
45.48235627211789
45.630852772229794
45.90663199280384
46.267266340783245
47.030962616589484
48.070438115905176
48.049224337723096
47.561307269281556
46.64911447868637
45.10050813421477
43.53068799835175
0.0
253.20774461088106
243.38576197795402
236.9155573281239
233.24557246681712
232.4394486287759
236.3427851293416
243.61911360253583
248.85891857181934
258.1081291380575
268.52409784188217
276.4792674781543
283.6919545404818
290.65007615014326
297.4172738207451
303.3571337958675
307.34532541796773
308.4060147086749
308.4908698302094
312.09721342741983
310.3576829589577
304.73602984736806
296.1444466014467
283.4373890731388
268.0786083033861
0.0
1560.1254323238575
1555.2038342181067
1549.4336849703961
1547.2486650955311
1552.9763871714163
1560.6769906798784
1568.5048783163318
1581.0634391948217
1581.4240740080636
1580.3209559604097
1577.9450125574429
1576.5024745813787
1577.2025306439652
1579.4724048478035
1582.675687120414
1584.012155867996
1587.5760716475904
1590.9278489995745
1605.565361845381
1607.6018853346147
1601.216535674226
1590.8642082491747
1578.8996328985315
1566.6804919484514
0.0
324.1254297926498
311.52444121396053
303.25106484624894
298.5628182329867
297.54455648103135
302.50858228698115
311.82143424940926
318.5462042198118
330.38349651388864
343.72696765184577
353.9095847164115
363.13758157198197
372.0473714172492
380.70259592726705
388.31834498933887
393.4096534555749
394.76733578173076
394.89461845669416
399.49800994842184
397.27056252012835
390.0790891684686
379.0691344231006
362.7981609831045
343.15419543838635
0.0
440.0799818357307
424.80605617283544
416.29932818054203
413.3506120210648
417.1266658466672
429.68522685725065
451.6627086624645
475.5070037285201
490.54757763474004
495.978306821947
495.27825181610797
491.9052599608958
491.3749153155423
494.21756264281726
500.2210638967132
508.83386085330227
518.8891952575817
533.9509830065628
547.4429506475672
545.7246338897728
534.332831148869
516.3859685045071
489.72024008603114
459.6603058521655
0.0
924.751340891538
921.845052168073
918.4084189166712
917.1143779867051
920.5085836846783
925.0695476229771
929.7153666828108
937.1614053843972
937.3735432983115
936.7159159779944
935.3158060984098
934.46725470694
934.8703165599138
936.2279988860697
938.1160257401627
938.9221495635269
941.022314331534
942.995196424578
951.6928484880244
952.9020343111331
949.1047666280925
942.9739827139106
935.8673644544309
928.6334636814361
0.0
159.5064538034699
156.4516685652161
153.0150353196849
152.8028975378641
154.2242211354549
157.70328193735025
164.9371828541804
172.12865621464636
175.94713759808067
176.7108338738869
174.67431038171767
172.1710837695428
170.68611877282677
171.64073911831846
170.32548434705902
171.89530458859682
174.05911061776504
179.8292603762371
183.09618326715363
183.4356038560311
181.8021423371876
177.19875096874713
169.47693295705676
159.82466054224778
0.0
608.6447220139338
590.6554318161433
581.4274350926662
579.9212562487859
587.4521502040002
605.7172195651243
635.2255953108752
665.6461638442861
686.7538804152689
696.6182907483952
696.9364976119281
692.1846095877988
686.4781012372582
682.5323371832637
680.9413032178489
683.2323920570092
689.8723069205545
712.2316369854908
725.7872459052687
726.4448732255854
715.7743391865114
693.2240850504219
659.1123178129432
621.054786506793
0.0
201.44610788190576
194.44555860139909
190.56343581150102
189.2057536174386
190.92407024313962
196.67300602969257
206.728340419295
217.65344005780545
224.54792038869354
227.00871944156884
226.69051271012947
225.16312015558157
224.90855468823867
226.22380932887233
228.96038769185165
232.9061518779396
237.5095432522509
244.40402358313892
250.57723519752034
249.79232521691725
244.5737339436244
236.36399884000923
224.14485840362616
210.39832529527882
0.0
787.2223690136337
764.2902667352378
749.3133340931142
741.697585177813
742.9916259756857
754.1076496706722
775.0456560132629
792.8015945864717
818.3642061461348
843.0358387462219
863.2737902150673
879.1841294876116
891.806331909062
901.4798180242648
909.689553142557
915.5233441680607
918.047784631803
932.1337381822572
940.0464802651009
937.2886881914538
924.0300721750313
902.0101626842954
865.8406583643316
826.4042308892643
0.0
876.235413210718
860.9402738371551
856.3793098841791
856.4641651231301
864.9708931301004
885.9301131833589
915.5233441680607
947.2591673421053
970.382193691654
972.5035721556519
960.3268592873746
946.4106159506352
933.3217101626051
926.2575196033248
920.6146526342969
922.4814657777223
935.1673095806856
966.5849260232907
985.4651951513029
989.8564487437934
977.8706599466692
954.7264198864528
917.3053020578583
880.9660873774092
0.0
2980.621728500823
2971.245235098174
2960.192852887439
2956.01373797207
2966.960050895613
2981.6612045211737
2996.638137295391
3020.6309288057855
3021.3097698661245
3019.209604349587
3014.6486409983704
3011.91206284087
3013.248530311548
3017.597356409318
3023.685713357154
3026.2737951290233
3033.0834203824074
3039.468770101505
3067.428539273822
3071.33187636147
3059.1127353673583
3039.3414871917093
3016.4730261920863
2993.1378622661964
0.0
504.73960016416703
489.8263089182332
482.1681323027328
480.91651907296597
487.17458579420486
502.3212286647204
526.780723497664
552.0251283112108
569.5265014023995
577.6938088204926
577.9695880131801
574.0238239591856
569.2931497778177
566.0050129120465
564.6897582714129
566.5989989682669
572.1145832623314
590.6342179733821
601.877524343332
602.4290828461236
593.5829342502758
574.8935891934167
546.5943991240036
515.0282861783513
0.0
904.4073204730744
872.9897040304692
855.5519723354702
849.4636158426233
857.2278614077425
883.0238245919874
928.1879741429399
977.2130326263524
1008.1215181195946
1019.2587555252486
1017.8162182243287
1010.9005240506796
1009.8186210346279
1015.6524120601317
1027.9988352888947
1045.6911324512362
1066.374573326484
1097.3254865052484
1125.0519042291085
1121.509202028088
1098.110396632622
1061.219623464058
1006.4032014938936
944.6286579287445
0.0
654.2967885247177
635.246809021543
622.794316975255
616.4726088431494
617.5332981485335
626.7825085826784
644.1778128563418
658.9426075845511
680.1776069479135
700.6913375947693
717.5138695228801
730.7300579858739
741.2308817965559
749.2709065396857
756.1017454743836
760.9384886053704
763.0386533733778
774.7486629924913
781.3249365919401
779.0338477527796
768.0238930074115
749.7163960781816
719.6564618443159
686.8811632076486
0.0
853.3245247750835
828.1013338042976
815.1821383620758
813.0607597659845
823.6252249581792
849.2514779287094
890.5759322431923
933.2580688985082
962.851299751117
976.6614741235607
977.1281773727244
970.4670487985115
962.4694516088107
956.9326536040785
954.683992333024
957.9084876558346
967.2213396329398
998.5541008219169
1017.561652756986
1018.4950592553134
1003.5181267452831
971.9095862462021
924.0937134391279
870.7198290487469
0.0
837.3717580812039
808.2664443205201
792.1227534233936
786.5011002971271
793.6713598207025
817.5580823080935
859.3704537291785
904.7679548900358
933.3853515587947
943.695251430417
942.3587829470223
935.9522195759655
934.9551716667713
940.3646870112173
951.7777037416525
968.1759599740284
987.3107945840604
1015.9706188062484
1041.6392993155298
1038.3511625818521
1016.6918875227549
982.5589065599314
931.7943176080569
874.6019517065515
0.0
118.83962680343278
114.23623532638213
111.20266399693612
109.48434736096118
109.10249922305809
110.92688477636209
114.34230425545283
116.80310339051962
121.15192942517831
126.03110011106136
129.76472637002573
133.15893205919275
136.4258550396393
139.60792288093882
142.38692879294382
144.25374198186807
144.76287278886366
144.80530034522778
146.48118941162923
145.67506557799115
143.04455613967934
138.9927231037768
133.03164935047226
125.84017604284367
0.0
22.9957435601046
22.677536781698695
22.571467851160282
22.592681642551703
22.84724705999269
23.377591711217068
24.268570695743794
25.20197726452107
25.520184054668615
25.286832403668065
24.841342903332325
24.395853417673635
24.247356917561724
24.247356917561724
24.332212056708716
24.48070855682063
24.67163262650604
25.07469455580058
25.647466763389108
25.626252971997687
25.371687554556704
24.883770486115168
24.05643284934401
23.207881419713733
0.0
1406.749762965879
1365.7859429509408
1339.0141455681692
1325.3948952668786
1327.707197934123
1347.5845149713296
1385.0056326678302
1416.7414559739684
1462.4147357991392
1506.4757694159332
1542.6452733396166
1571.092960176264
1593.6220000733122
1610.9536626719216
1625.6123891109796
1636.0495708503277
1640.546893392437
1665.727657220751
1679.8772524462588
1674.9344407472572
1651.259855645407
1611.887069449113
1547.2486650955311
1476.7976830455102
0.0
1977.5703052542128
1919.974876927329
1882.3628350569356
1863.2067873673484
1866.4524967237219
1894.4122660428104
1946.980027064815
1991.6138312952698
2055.806746447928
2117.772214641958
2168.6004436397334
2208.5884303220905
2240.281825252885
2264.635251576522
2285.233837198142
2299.8925635784917
2306.2142712556083
2341.6412932658145
2361.518610581885
2354.5817025654746
2321.276059694411
2265.9505067455293
2175.0918626460216
2076.023483780471
0.0
1328.2587563048212
1289.5860252317827
1264.3204065754749
1251.4436386866817
1253.6286586936396
1272.4028588720332
1307.723811800527
1337.6988909275353
1380.805303146493
1422.4267504817478
1456.580945815706
1483.4163834058265
1504.71502510471
1521.0708537836572
1534.9022413383946
1544.7666524640817
1549.0094094067545
1572.790062416153
1586.1547472647774
1581.4877147584634
1559.128384810943
1521.9618320680886
1460.929770665927
1394.403339737116
0.0
533.9297691638017
526.6746545333684
524.4047794195527
524.786627547182
530.7264875369815
542.7971315877336
563.756351640992
585.4156267000893
592.8192379803403
587.2400122900859
576.7816160328326
566.7050679325627
563.3532897880181
563.3108622345893
565.304958038301
568.5718810613109
573.1752724356223
582.509338108718
595.5770300539874
595.2376094797869
589.1068254188343
577.9271604450743
558.5801880678985
539.1059328689887
0.0
247.26788462108158
237.65803976997523
231.35754548063062
227.77241572618132
226.9875057309012
230.80598712460943
237.89139152665058
243.02512754631545
252.0622001986395
262.22360355253744
270.0090628283242
277.0308258341756
283.8404510582061
290.4379383683225
296.25051555106523
300.13263834096335
301.1721138035864
301.25696891044385
304.7784574007968
303.0813544857635
297.58698403446004
289.2075387024529
276.77626036683256
261.79932785680256
0.0
354.18536402651546
340.43883091816804
331.38054455517647
326.2468083887411
325.14369152992816
330.5956344278029
340.7570376496074
348.0970075189915
361.0374166718813
375.61128746103094
386.7485248813622
396.8250729816324
406.5622005077019
416.02354898785427
424.3393529236717
429.8973647711649
431.40354348295176
431.53082615791504
436.5584933453777
434.11890800317
426.26980733119336
414.2415909659635
396.46443869676426
374.99608769414283
0.0
479.0072783761118
460.4027884261103
448.1624341469662
441.2255262626494
439.71934741876913
447.0805309988209
460.848277832513
470.75511570439096
488.27770265301774
507.98530946183223
523.0258833680522
536.666347526781
549.8401083042526
562.6320210715114
573.8753274414612
581.4062212499051
583.4215308963777
583.5912412568632
590.4008663488002
587.1127296151227
576.484623012061
560.2136494399714
536.1784304348562
507.1367579382688
0.0
74.2906770854151
73.27241537895854
72.95420860202034
73.01784994977592
73.84518758654708
75.52107665294851
78.427365273674
81.43972282493792
82.4791983227859
81.69428825412056
80.25175084018737
78.85164098115062
78.38493770410051
78.36372392591844
78.63950313475084
79.10620641180095
79.7426199803544
81.03666090738501
82.86104646068902
82.81861889111553
81.97006746295295
80.40024733883158
77.70609656597355
75.01194579311556
0.0
29.25381031216526
28.744679452332313
28.5961829536881
28.5961829536881
28.87196217426215
29.572017090571173
30.569065018845663
31.62975429487572
32.393450572149675
32.45709193311459
32.05403000235234
31.58732672530223
31.163051017825612
30.929699365357358
30.738775297139647
30.80241665810457
31.226692365581183
32.266167863429175
32.902581431982625
33.051077932094536
32.648016001332294
31.884319725526055
30.63270636660124
29.40230681227718
0.0
710.1738997855895
689.1934657574765
678.4380764794514
676.6773323003217
685.4386257746352
706.7796941022932
741.1884542431272
776.7003313748675
801.3295364215262
812.8274081267253
813.2092562690318
807.6724582642996
801.0113295579933
796.386724340921
794.5411250549337
797.2140620217231
804.9570937440814
831.0288362384304
846.8543202720238
847.6392302526269
835.1655243635779
808.8816440874083
769.0633684700347
724.641701493027
0.0
92.57696025114001
91.30413312724244
90.92228497612999
90.98592633562718
92.02540183494288
94.10435281742953
97.75312393577914
101.50796398613494
102.78079112177413
101.80495698489108
100.00178520976912
98.26225479561214
97.66826879663216
97.66826879663216
98.0076893664295
98.58046157401805
99.38658541939776
100.99883312483426
103.26870819021568
103.20506682925074
102.14437755322068
100.19270927945458
96.84093115986101
93.46793924887606
0.0
230.9756973383244
224.14485840362616
220.64458375603434
220.07181155725203
222.93567259519475
229.87258047951147
241.0522454532715
252.6137586867541
260.61135575903864
264.34498203121234
264.47226482359207
262.6690929589401
260.5052869268365
259.0203219257173
258.40512217350636
259.2748872756439
261.79932785680256
270.2848420210119
275.4185781727702
275.6731435080197
271.6213105044066
263.0721549440074
250.13174579111768
235.6851578090248
0.0
207.00411961198262
199.83386008840688
195.8244546382226
194.44555860139909
196.20630278052883
202.12494891289018
212.4560624951803
223.67815515446242
230.76355955650368
233.30921373091346
232.96979314203602
231.3787593233917
231.14540769880983
232.48187618220464
235.30330966671855
239.35514267033156
244.08581685169958
251.1712212537408
257.51414309651415
256.7080192584729
251.3409314821328
242.89784487135216
230.36049757143627
216.23211632078272
0.0
109.99347820758481
105.70829353389107
102.90807383049463
101.31703991644954
100.97761934665219
102.6535083998443
105.81436245122012
108.10545129478359
112.1148567728543
116.63339309901632
120.09124014914825
123.23088040766496
126.26445175032026
129.19195416243718
131.7800360047568
133.49835262752237
133.96505591778185
134.00748348735533
135.57730362321834
134.81360733420277
132.37402200373674
128.64039573303074
123.12481149180358
116.44246903079859
0.0
913.2746828970062
895.8157373592464
876.0657029823258
874.8353033311333
883.0026108813198
902.9435693147161
944.3528787507339
985.5076227047315
1007.3578218496591
1011.7278617168051
1000.0602796511204
985.7409743293136
977.2130326263524
982.6861892348948
975.1340815690128
984.192368064098
996.6236464143952
1029.5686553968712
1048.2580004684073
1050.2945239576413
1040.9180307311167
1014.57050904408
970.360979848893
915.1202821829934
0.0
979.2707698262537
950.3351662939622
935.4855163268018
933.0671448273553
945.1802164315361
974.5825232129915
1022.0165477456663
1070.9991786756498
1104.9624492779878
1120.8091471543426
1121.3394917996961
1113.7025290416336
1104.5169598715854
1098.1528241860506
1095.5859560514634
1099.2771547555312
1109.9689027694599
1145.926269307603
1167.7552545950925
1168.8159439004767
1151.6327775407271
1115.3572042564676
1060.4771410222068
999.2329419849948
0.0
1637.9163843900333
1581.0210120376735
1549.4124713918216
1538.4237299608408
1552.4672559725436
1599.180012184992
1680.980369172979
1769.7600613345235
1825.7644553584207
1845.917551823148
1843.3082564286724
1830.7709091874653
1828.819241377494
1839.3837058651902
1861.7218221901048
1893.7970655567465
1931.2393975656742
1987.2862186733346
2037.4992499736866
2031.0714718352144
1988.7287567521385
1921.9265460582349
1822.6248151424675
1710.7857383357814
0.0
1815.7091207486628
1762.844368217622
1728.3083244771706
1710.7220962791248
1713.692026530873
1739.360706658551
1787.6432822891545
1828.6071028031122
1887.5602135442145
1944.434372391386
1991.1259137190027
2027.825763653005
2056.9310768119294
2079.2904067594495
2098.191890097149
2111.662644218288
2117.475220549761
2149.99595439423
2168.239810147426
2161.875674197705
2131.306609484142
2080.4995926412666
1997.0657741344362
1906.1222756912778
0.0
139.7352055896593
134.30447648757917
130.74056050690882
128.72525088538708
128.27976138505136
130.42235372997058
134.43175919483195
137.33804782876678
142.4505701406994
148.19950603439483
152.59075962541766
156.5577375221732
160.39743274983633
164.1310590205423
167.41919575275222
169.60421562614923
170.19820167796655
170.24062923433073
172.23472503804228
171.28010469255065
168.18289203002618
163.43100414386132
156.40924100885195
147.94494056411645
0.0
2039.132711536561
1979.734111638566
1940.955310984796
1921.205276431751
1924.5570550753148
1953.365375462978
2007.5878115236928
2053.600513111905
2119.808738116514
2183.683445701141
2236.1027103375154
2277.3210952033605
2310.0115390560654
2335.1286607836914
2356.3636603672094
2371.489089527058
2378.0017220091804
2414.5318607607824
2435.0243772419817
2427.8753319721254
2393.530213227481
2336.465129575304
2242.785052827875
2140.640674467416
0.0
3.2032816224170264
3.1184264796007692
3.0759989088531077
3.054785122745424
3.097212693493085
3.2032816224170264
3.3517781209144655
3.5214884053728164
3.6275573329758237
3.669984905044419
3.669984905044419
3.648771118936736
3.6275573329758237
3.6063435481890744
3.5851297622281617
3.6063435481890744
3.648771118936736
3.7548400466865126
3.839695189502771
3.839695189502771
3.7760538326474253
3.648771118936736
3.4790608344783847
3.2669229792723717
0.0
166.9524925021208
161.16112902564254
157.93663356193213
156.81230299098385
158.23362658857462
163.00672831750057
171.3437460931436
180.40203258969646
186.10854082282063
188.14506431205444
187.8904988447115
186.61767175750654
186.40553384359237
187.48743685964416
189.75731197345982
193.02423499646986
196.84271639017803
202.57043845138628
207.68296077506056
207.0253334547437
202.7189349691106
195.9093097450801
185.76912023394317
174.37731748863632
0.0
2727.3291291500104
2647.9047156970846
2596.015795735418
2569.6046336355535
2574.080741322185
2612.6261900725094
2685.156122754236
2746.6761017913736
2835.2224419467334
2920.6715703055143
2990.783132397772
3045.9177603948774
3089.6393728357116
3123.220794855432
3151.6260545055766
3171.864005313954
3180.5828712788702
3229.417005368234
3256.846431040008
3247.279012685583
3201.351168229661
3125.023967747477
2999.714135469364
2863.118570398005
0.0
552.7463970277174
536.6451336840199
526.1230960452539
520.7772220969977
521.6682011739898
529.4960880178824
544.1972413352248
556.6497335282832
574.596596157968
591.9282589033481
606.1414952608593
617.2999465239517
626.1673088157903
632.9769340398208
638.7258699584671
642.8201305301859
644.6020885520769
654.4877125958707
660.0457244433642
658.1152699037488
648.8024180734142
633.3375683393658
607.9446670080948
580.2606768376634
0.0
634.8013196151404
612.7601964137368
600.4986283065084
596.2346573743042
601.6866002721789
619.781959419588
651.496568882965
685.9053290237988
707.607031636325
715.4137047695498
714.4166568603556
709.5374861759402
708.7950037487659
712.8892643058076
721.5444888305025
733.9757671661226
748.4859965590825
770.2089128822763
789.6619543558412
787.1799413281115
770.7604713850681
744.879652947195
706.3766321172259
663.0368681415929
0.0
172.21351132590695
167.2070579709315
163.9189211066281
162.26424588445545
162.5400250668692
164.97961040907683
169.56178806978508
173.44391085381233
179.0231364207795
184.43265175054844
188.86633302856114
192.34539383339188
195.10318592171595
197.22456451780724
199.0065225396981
200.3005634696641
200.83090799760126
203.92812079221923
205.64643740324317
205.05245136169972
202.14616277032832
197.33063348210285
189.41789139925936
180.7838807320027
0.0
129.67987123087872
125.84017604284367
123.8672939762184
123.54908719928021
125.16133490471671
129.04345766232527
135.34395197221778
141.8141565853553
146.31147918617262
148.41164394684134
148.47528521534082
147.47823731348504
146.24783778557966
145.4205001091805
145.08107952617382
145.56899662103402
146.99032021862476
151.7422082354154
154.62728311758687
154.7757796309081
152.50590451268934
147.69037522739924
140.43526051917772
132.31038064277183
0.0
193.97885535223543
191.3483459388746
190.5210082580723
190.66950477579664
192.8120970825556
197.2033506750461
204.8190997371179
212.6894141197621
215.36235121864513
213.34704157217243
209.5497739038089
205.87978902782504
204.67060321939348
204.64938950872587
205.37065822523257
206.55863020558
208.23451926317526
211.62872496114846
216.38061283850706
216.25333017822086
214.02588273525032
209.97404959954386
202.93107288302488
195.86688219165137
0.0
190.30887034415807
184.77207233942588
181.1445150168708
179.3201294415512
179.61712246232287
182.31127328655054
187.38136804211902
191.66655267031396
197.8397642846953
203.80083798516245
208.70122251233894
212.5409177488082
215.59570285790403
217.95043294648372
219.92331503952764
221.3446387765504
221.93862468600034
225.35404422673474
227.2632849089118
226.60565745650143
223.4023758443584
218.07771575354042
209.31642227922703
199.79143253497816
0.0
1087.164083283444
1055.5131150988407
1034.8296742235925
1024.3076365701495
1026.0895945920404
1041.4483752443768
1070.3627650660007
1094.885901163041
1130.185640380867
1164.2549799475005
1192.193535585275
1214.1710175079052
1231.5875354922362
1244.9734341836222
1256.3015956604293
1264.3628341289038
1267.8418949337345
1287.316150117967
1298.2412497418009
1294.4439820734372
1276.115271301446
1245.6947029001287
1195.7574516290565
1141.3016639584373
0.0
598.3984635385013
580.7061663761593
571.6478798810743
570.1629148799552
577.5665261602062
595.5346025005585
624.5338473116236
654.445285027765
675.2135811566408
684.8870672718433
685.2052741500532
680.5382412474587
674.9378019639531
671.034465345971
669.4858590807554
671.7345202197165
678.2683662510595
700.2458480562733
713.5681054688856
714.2257327892024
703.7249089931975
681.556502984737
648.0175079460407
610.5963902642167
0.0
725.5751081234479
711.6800784973761
696.0030909815072
695.0272567829803
701.5186752755716
717.3441593091651
750.2679544488799
782.9583980961065
800.3112746842477
803.7691217637339
794.5199111974954
783.1281083244985
776.36091078599
780.7097368250518
774.7062354390624
781.9189225013899
791.7833328345164
817.9399304503996
832.78958041756
834.4230419217264
826.9557893920562
806.038996760133
770.9089678881153
727.038859281806
0.0
449.0746268025324
435.81601091820335
429.00638569417265
427.8820551246922
433.44006684009213
446.9320344810966
468.6973785044895
491.1415636909604
506.712482257211
513.9888107304052
514.2221623549872
510.72188770739524
506.52155818605775
503.59405573724825
502.427297614339
504.124400397279
509.02478492445533
525.5078962783658
535.5208031145394
536.0087202064641
528.1171919810588
511.48558397733063
486.32603440273493
458.23898226191324
0.0
1203.436841955225
1168.3916682047418
1145.480779769107
1133.834411546183
1135.8072935071336
1152.8207496384907
1184.8111382798784
1211.9647837902794
1251.0405768337077
1288.7374737082196
1319.6883869016608
1344.0205989275478
1363.3039300406274
1378.111152469036
1390.6484996221814
1399.57950345698
1403.4191985466791
1424.9724047882512
1437.0854762603385
1432.8639330283336
1412.5835540060596
1378.9172762924
1323.6341510877487
1263.3445723769482
0.0
895.6460269987608
869.171222651438
855.6156135995668
853.3881661712733
864.4617621954146
891.360842370566
934.7430338849505
979.5465490042646
1010.603531015231
1025.0925465654298
1025.5804636573546
1018.601128204932
1010.200469162257
1004.3666781367533
1002.0331617441642
1005.4061535993761
1015.1857088109681
1048.0670763972541
1068.0292486880887
1069.005082739845
1053.2856676705471
1020.1073070488122
969.9154903103971
913.8898826638945
0.0
628.0977633554055
609.5357009588326
600.0107112145838
598.4621049493682
606.2263503823938
625.0854057997385
655.5059743331492
686.9235907757543
708.7101484951379
718.871551849036
719.2109724379134
714.310587910737
708.4131556064597
704.3401087600855
702.6854333984809
705.0613774765922
711.9134301219581
734.97281506064
748.973913518914
749.6527546819918
738.6427999366239
715.3712772161211
680.1563931051526
640.8896759905707
0.0
212.85912448024757
204.58574811253604
199.15501905742244
196.07902010556558
195.40017894248763
198.66710196549766
204.79788602645024
209.18913960426372
216.9745988947275
225.73589236904098
232.41823478601478
238.48537743610055
244.34038231904262
250.02567684149912
255.0109164755331
258.362694473307
259.2536735502992
259.3385286718337
262.3508862275007
260.88713506914274
256.17767461311945
248.94377369335385
238.25202581151868
225.35404422673474
0.0
2041.1055929691381
1980.7948011347517
1949.8651017547174
1944.795005883693
1970.0394116952791
2031.3260375080358
2130.2247063653504
2232.3054425370588
2303.09584451549
2336.1044947620626
2337.228826300229
2321.2972731702457
2302.1624377823296
2288.9038222355725
2283.5579485368266
2291.2585519572262
2313.5330277078656
2388.481332299996
2433.9636875990263
2436.191136025359
2400.3610519567
2324.7763334026718
2210.349174647991
2082.7058261240595
0.0
666.1765085043168
646.7658947162738
634.1012646093012
627.6522738169093
628.7341769650545
638.1530977450077
655.8666086326942
670.9071826710076
692.5240301766763
713.3983951230771
730.5179200719597
743.9886740022964
754.6592080413707
762.8689431449858
769.8058510293025
774.7486629924913
776.8700415885826
788.813402846955
795.5169591066901
793.1834427141009
781.9613502015891
763.3144325513882
732.7029400789179
699.3336552686134
0.0
1559.701156760216
1514.2824421382006
1484.6043557677776
1469.5213551006893
1472.0670084825385
1494.1081320802227
1535.5810825161498
1570.7747525054933
1621.412059325455
1670.2886204985825
1710.382676350714
1741.9063613466578
1766.917413875155
1786.1158900134706
1802.3656508582549
1813.927162800157
1818.912403006596
1846.8509587030787
1862.5279461602397
1857.054789698468
1830.7921228100702
1787.1553660338218
1715.4951979992443
1637.3648260193352
0.0
129.91322286866995
126.07352768063487
124.12185940686871
123.78243883707141
125.39468654397564
129.29802309297563
135.59851740140041
142.0899357941877
146.58725836711864
148.7086368413904
148.77227824198332
147.75401649443103
146.54483081222216
145.69627929012645
145.3568587085875
145.84477580344773
147.26609953166425
152.03920126205793
154.92427601213592
155.07277252398947
152.78168369363536
147.96615440834523
140.6898259483603
132.56494607342213
0.0
1014.4644400944615
979.2283422728252
959.6480181242969
952.8383929002662
961.5360451104831
990.4716485106816
1041.1301685129374
1096.1163006968168
1130.800840147755
1143.295759894242
1141.6835121007434
1133.8980528102795
1132.7100808446091
1139.2439267585355
1153.0753149737407
1172.9526321430405
1196.139299756686
1230.8450529329682
1261.9444626294571
1257.9774847327014
1231.7360318778674
1190.3691499952781
1128.8703856081397
1059.5861619452146
0.0
1218.5198435469667
1182.498835612634
1164.0428421656798
1161.0092707672516
1176.0922723736705
1212.6860525214631
1271.702803998288
1332.6500098826348
1374.9078708422157
1394.6154775189368
1395.2943186820146
1385.790542780527
1374.356312354101
1366.443570403351
1363.240288776531
1367.8436801508421
1381.1447237206935
1425.8845975759111
1453.0382436146858
1454.3747110413326
1432.9700018458589
1387.8482799951055
1319.5398903839364
1243.3399726647785
0.0
193.76671743832117
190.0755187195762
185.87518919823881
185.62062386298928
187.36015419935794
191.58169756345646
200.3642047337604
209.1042843653128
213.7288897144786
214.66229621280604
212.18028331716965
209.14671205083496
207.34354018618305
208.51029844118577
206.8980507797804
208.82850518730214
211.45901460066295
218.43835003840852
222.40532793516405
222.8508174736601
220.8567216699485
215.27749597969415
205.87978902782504
194.16977940871143
0.0
132.14067035126848
128.27976138505136
125.77653468187874
124.50370754477184
124.71584540584867
126.58265854046782
130.08293316017327
133.07407692004577
137.35926160694885
141.49594979520776
144.89015545795607
147.56309242621333
149.68447103111083
151.31793254114814
152.69682858237474
153.67266277209518
154.09693846636247
156.4516685652161
157.7881371807043
157.3214337979794
155.09398636821825
151.40278765387643
145.33564499645215
138.71694388320276
0.0
1159.7152298372857
1114.6571493827223
1085.0427046873526
1068.2413864699095
1064.6138291473544
1082.4334089846595
1115.739052398774
1139.7530576932215
1182.1594150237565
1229.848005023774
1266.3145023791867
1299.301939047185
1331.2286862923827
1362.1795994711467
1389.3968863924144
1407.6195282001097
1412.498698884525
1412.92297458026
1429.3848720914093
1421.4297025872306
1395.7185943777497
1356.345808445643
1298.113966949421
1227.8326953773014
0.0
344.74522938912406
331.3593306977383
322.5556096846732
317.5703700359622
316.4884670199104
321.7706996893931
331.67753744385465
338.82658324208563
351.4275718060979
365.5983806248573
376.4386250097398
386.26060777476044
395.7431699655805
404.9499528462966
413.03240515753197
418.4419204873009
419.9056716456589
420.0329544380387
424.93333884779867
422.5573949017808
414.92043212904144
403.21042250992787
385.8999734898922
365.0043945686369
0.0
2387.526711944231
2316.9484470724756
2280.7789431341153
2274.860296194516
2304.3898862086626
2376.092481297649
2491.7500395567517
2611.1412248952656
2693.959844236967
2732.590147184171
2733.8841888773436
2715.2584846883005
2692.8779411181754
2677.349450046646
2671.1125967131793
2680.1072418267518
2706.157770287538
2793.8343470726522
2847.0385208823914
2849.6478162768667
2807.729376728078
2719.310318014809
2585.4725447235564
2436.169922402753
0.0
310.5486070301109
301.3842517175006
296.6747912468002
295.88988126619716
299.72957635589603
309.0636420289917
324.10421608198214
339.63270708012686
350.409310200913
355.43697740305277
355.60668761676766
353.1883161173211
350.2820273938563
348.24550403671594
347.4393801986747
348.6061383362611
352.00034401955725
363.4133607499926
370.32905479154823
370.6684753804258
365.21653248255114
353.71866064525824
336.3021427930205
316.89152900497766
0.0
1558.0676952560495
1512.6914077911827
1483.034536320268
1467.9727479108194
1470.5184026136035
1492.5383112971015
1533.9688345758802
1569.1200774227527
1619.6937421713803
1668.5278775082943
1708.5795035614083
1740.060761400203
1765.050601671061
1784.2278629245448
1800.4564101467238
1812.0179220886264
1816.9819488192302
1844.8992907463369
1860.5550634067283
1855.103120567562
1828.8616684759338
1785.2673389448958
1713.6708129522988
1635.625295286686
0.0
1492.6443805255838
1448.5197061730676
1425.9058112865787
1422.2146125825107
1440.670606278975
1485.495335373143
1557.8131296419356
1632.4432279135845
1684.2260786174143
1708.3673664400546
1709.1947039887632
1697.548334973279
1683.5472374396593
1673.852537613789
1669.9492005848495
1675.5708534322523
1691.863041375477
1746.6582495028802
1779.9214652167952
1781.5549267356387
1755.3559018305136
1700.0727760828115
1616.4056055697963
1523.064948794808
0.0
665.6885913977148
639.82898681728
622.8367445286838
613.1844721094717
611.1055210668092
621.3305656848036
640.444186584168
654.2331471138507
678.5653592865083
705.9523564214908
726.8691490534139
745.8130594601995
764.1205565215229
781.8977087907222
797.5322687531625
807.990665010416
810.7908847695851
811.024236394167
820.485584742226
815.9034070785823
801.1598260757179
778.5459306608548
745.1342184292151
704.7855981664881
0.0
57.74392433531494
56.959014268117286
56.7044488506763
56.746876420249805
57.40450376698533
58.698544694015936
60.96841974618799
63.301936159324946
64.1080600061724
63.51407402040178
62.368529592015385
61.286626524593885
60.92599217661449
60.92599217661449
61.138130037691326
61.47755060602095
61.986681454112265
62.98372938238675
64.40505300492852
64.36262543535501
63.70499808861949
62.49581231394521
60.416861316781535
58.2954827647214
0.0
193.59700720992916
190.2028015119559
189.2057536174386
189.22696732810627
191.09378045685455
195.73959953136514
202.2734454306146
209.27399472579825
214.38651703479547
214.8532202839592
212.15906960650204
209.1042843653128
206.1979957739414
204.62817566596476
203.39777613218857
203.80083798516245
206.6010577590087
213.5591793539932
217.71708132190182
218.69291552042853
216.04119226430663
210.92866994063235
202.65529357292084
194.6364826725522
0.0
15.634559974035245
15.358780752727343
15.295139405118542
15.295139405118542
15.443635904790144
15.804270251888923
16.33461488990395
16.90738711070183
17.331662818471987
17.352876596654063
17.14073874937366
16.88617331931041
16.65282168078535
16.525538959149056
16.44068382014883
16.46189761154025
16.69524925021208
17.246807679618538
17.58622824853524
17.671083387388688
17.45894552689894
17.03466981912878
16.37704245947745
15.7194151128887
0.0
22.486612713480987
22.083550782718746
21.977481852180325
21.977481852180325
22.189619713257166
22.741178142663617
23.48366062854614
24.31099826531729
24.90498426429724
24.947411833870746
24.650418835114618
24.289784487135215
23.95036391880559
23.759439849120184
23.63215712865805
23.674584696763844
23.99279148837909
24.79891533375882
25.286832403668065
25.39290133273878
25.09590833398266
24.5019223350027
23.547301989511052
22.613895420733776
0.0
6.2792805312701345
6.151997817559444
6.0247151039955265
6.0035013178878405
6.067142674743186
6.194425388453876
6.4914183864761466
6.767197598537505
6.9156940983558775
6.958121669103539
6.873266526140512
6.767197598537505
6.724770027789845
6.745983813897528
6.703556241682161
6.767197598537505
6.852052741500533
7.064190596706546
7.212687096378149
7.212687096378149
7.149045739522803
6.979335455211222
6.661128670934497
6.2792805312701345
