0.0
140.44585703575535
138.03065148640462
138.32841655584582
138.62618162237888
142.3151599631289
152.68730988248322
169.27944112378006
175.11894495280157
173.41506706723786
171.21491401262145
167.41013815278328
164.06855238674683
159.866756438198
156.78985075069014
155.01980286003533
153.38209497956265
155.6153330221835
159.40356634439624
166.08673787646904
167.55902070059085
167.3274256973132
162.9932897385822
154.06033768442734
145.97105330424165
0.0
150.81800691148646
149.44497910954237
149.44497910954237
151.06614445238955
154.87092031222772
163.53919228785404
176.98824783655192
182.03371148815205
180.1809511420272
177.61686301578672
174.8377223948119
170.96677647171833
166.71535305570384
163.8865849090991
160.8758492266823
158.90729126259004
159.7178738903904
162.43084456443847
168.33651839855105
170.60284145825855
170.9998615469692
167.17854314950563
160.01563898600557
153.8452850733644
0.0
234.57270349896694
233.99371587444418
233.9606308573576
234.4238209511593
236.0284438436276
239.08880705167425
244.2169831878266
246.81415624390732
244.74634334488377
243.27406046259765
241.40475757884732
239.83321970346574
237.5338117139181
236.83902647142796
235.8961038334454
235.6148812172914
235.66450874292136
235.74722128563783
238.67524442533812
241.4378425668518
242.57927536551824
241.68598019500132
238.90683951586223
236.0119013641664
0.0
305.1595670666571
298.3605980620275
295.2175223694286
296.17698754503664
304.2001018910491
324.26615896672877
351.7101727006428
362.09886509945835
362.99216026997516
365.2584833296827
366.9127337477808
365.90364095929647
363.2733828861292
363.35609542884566
361.5695050005655
360.65966729242314
360.70929475988873
363.8192855226475
369.1625141826164
368.64969656318476
364.861463240972
353.6787306647351
336.29255918785265
318.69133515807147
0.0
42.431522178713735
40.92615433459713
40.14865666281083
39.98323162100102
40.694559284788035
43.341359883947874
48.73421611898631
50.4050089961881
49.445543779865105
49.46208628259199
49.41245877150315
49.31320374641727
49.06506618806487
49.213948730056025
49.32974625496057
49.41245877150315
49.71022384094439
49.925276385118394
51.447186734870094
52.24122691519969
52.30739693192361
51.03362414052431
48.353738533002506
45.02869526969296
0.0
893.8411063943206
876.041372291102
871.9057463476444
880.888325927429
913.2123783147565
987.7529002900924
1097.2311903046264
1140.9364852543822
1122.0449459653732
1104.8572845619283
1089.7043511276665
1066.5448458268536
1041.8965151642935
1020.407802819204
999.8620131120972
986.4129575633995
994.3037318119833
1023.3027408836534
1067.8682460740858
1079.4479987390332
1078.5712460188954
1048.08341161456
989.0928431621965
928.8615868308245
0.0
62.81188683237794
61.554656540797275
61.27343397408292
61.902049118419136
64.16837214031982
69.41234583336711
77.10461008994353
80.18151579199247
78.84157298386923
77.63397020919386
76.5752499706932
74.95408460167205
73.2171216990217
71.71175386362974
70.25601352187732
69.31309080828122
69.8755359358935
71.91026389926044
75.03679711821464
75.84737980708753
75.79775229018227
73.64722680191079
69.51160085845298
65.2767198899093
0.0
235.30057367129723
228.74974220757085
226.64884423329642
227.9557020301495
235.3998286643928
255.73056584768315
286.66504786635903
298.67490560802173
294.10917458784877
289.146423449883
283.77010971466325
277.59975580202206
272.22344206680225
268.96456884348237
266.71478832140036
267.04563840501993
271.1481793604733
279.9653338548251
292.81885924137475
295.7799674563259
293.13316687461537
282.08277436672495
264.06798779785413
245.8712336059248
0.0
299.4854883230686
294.34076959112645
294.9528422909001
295.59799992051387
303.4722317187188
325.57301670541756
360.9739748384173
373.39739520641615
369.77458688239
365.0930582442496
356.9706889051416
349.87395480489687
340.874832745651
334.3405437613858
330.5523104391731
327.07838457570807
331.8260831607752
339.9153675700431
354.1750058337877
357.30153898876125
356.78872142749384
347.55800421955956
328.5010399323642
311.2637509742072
0.0
1586.6577069602208
1555.0780671665202
1547.7331956998653
1563.6801689916447
1621.0661145515403
1753.3896020009893
1947.7143940214507
2025.29873669629
1991.767081476123
1961.246162229194
1934.3315086814189
1893.239928801891
1849.4850070826417
1811.3545353599004
1774.861772564589
1750.9909397163176
1765.0024397993518
1816.4827115542166
1895.5889647242186
1916.134754518572
1914.596301805688
1860.4692292655373
1755.7551807226816
1648.8244360350232
0.0
66.88134275911179
65.54139995098858
65.24363488154734
65.90533502842909
68.33708309213957
73.91190685426541
82.10044623045485
85.37586197685914
83.95320664928511
82.66289135806713
81.53800109411792
79.80103820019221
77.96482028699705
76.36019741779457
74.8217445682242
73.8126518437206
74.39163946533512
76.5752499706932
79.9002932252781
80.7770459221503
80.71087590542636
78.42801038952345
74.0111618793513
69.49505834990968
0.0
568.632024702363
567.2589969004189
567.1762843577023
568.3011746187434
572.188663021298
579.6162472633266
592.0396675440791
598.3092764788979
593.329982890553
589.7237170459881
585.2241560018242
581.3862951539815
575.8280137957031
574.1572209853903
571.8578129376784
571.179570290978
571.2788253131557
571.4773353865932
578.6071544748423
585.2903260069152
588.0529241484288
585.9023986485246
579.1530571113606
572.1224930162069
0.0
1174.5012254334717
1151.1266675797601
1145.6841838394491
1157.4955315658385
1199.9766812614578
1297.9248460785097
1441.7619163913905
1499.197489593244
1474.3671909586396
1451.770131151874
1431.8694990743809
1401.4478346751368
1369.057612282718
1340.8195584004648
1313.8056496851016
1296.1382556502294
1306.5104055114195
1344.624334260303
1403.184797548705
1418.3873585958431
1417.2459257971766
1377.1799817090725
1299.678351431539
1220.5224709685647
0.0
121.07458511241117
120.77682005169461
120.7602775431513
120.99187260168505
121.81899779037659
123.40707815103582
126.05387875892028
127.39382156122709
126.3185588112749
125.55760363930729
124.5981384258925
123.78755573701962
122.59649547088755
122.24910289326567
121.75282777365267
121.60394524038617
121.63703024874813
121.67011525711008
123.19202560104534
124.61468092571117
125.21021106168541
124.74702095915902
123.3078231259499
121.81899779037659
0.0
60.16508622449343
58.49429334729165
57.948390719498036
58.279240794393
60.18162872431209
65.39251741481384
73.29983422428893
76.37673992633786
75.20222215420802
73.9284493628087
72.55542155213996
70.98388369420763
69.61085588353887
68.76718818630401
68.20474305869172
68.2874555752343
69.32963331682451
71.59595633000055
74.87137207640481
75.63232724837246
74.95408460167205
72.12531645797552
67.52650040326667
62.86151434055854
0.0
13.87916066583722
13.74682063587923
13.74682063587923
13.895703170018203
14.243095749675811
15.037135929714587
16.277823712751925
16.741013815278325
16.575588779284946
16.34399372947585
16.07931366839658
15.731921090774726
15.334900996247603
15.070220938076549
14.805540876997275
14.623573337113735
14.689743352092728
14.93788091044513
15.48378353242233
15.698836082412763
15.731921090774726
15.384528507336439
14.722828360454693
14.14384072662567
0.0
247.31043141295996
240.42874986561392
238.21205427337208
239.56853968310142
247.39314395567646
268.78260136583464
301.27207875134883
313.91055158499995
309.11322547430285
303.8857943450549
298.24480053130657
291.7601390726712
286.10260277946173
282.67830447070884
280.3127264179058
280.67666148952986
284.97771251842073
294.2580571356564
307.7567402099842
310.8667308854965
308.0710477559783
296.4747526406518
277.5501282763922
258.41045144648035
0.0
146.93051850893178
141.71962982715465
139.02320171690596
138.46075658056904
140.90904713828175
150.1066792767816
168.7500810248872
174.52341484881768
171.19837162040673
171.24799908787236
171.08257400243932
170.75172391881966
169.89151373630722
170.42087383520007
170.85097899916164
171.11565907769022
172.1247517207638
172.86916443071956
178.16276562322287
180.89227877673207
181.10733132963074
176.72356775802336
167.45976576565963
155.96272558526428
0.0
98.7587475291906
95.25173673006901
93.44860381941939
93.06812623343556
94.70583410227539
100.89273050891879
113.41540587001316
117.30289425511856
115.06965624739628
115.10274125575823
114.98694373085371
114.75534867231994
114.19290355052408
114.54029612814594
114.82151868904386
115.02002873921565
115.68172888609739
116.19454650552908
119.75118481283127
121.5708602320242
121.7197427652907
118.77517709668965
112.5551956816843
104.81330390820256
0.0
719.1026389926044
704.793373261394
701.468330032983
708.6808616639487
734.7022201284532
794.66879629405
882.7410863608004
917.9104493451116
902.7078884433845
888.8618127478118
876.6699875285013
858.0431281726103
838.225208695998
820.9382922994575
804.3957885256262
793.5769910500956
799.9293124985489
823.2707852770094
859.1183909661855
868.4318205714256
867.7204929367208
843.1879598339636
795.7440590294613
747.2745229570131
0.0
198.85743787813732
196.85579492604052
196.80616737132846
198.3611627963311
202.7118412054411
213.1997886845985
230.99952264240642
238.67524442533812
234.65541604168342
230.28819500770152
225.391613903909
220.34615031047315
214.65552894201275
211.18160316579414
208.46863257899255
206.63241468324665
208.08815494066084
211.2146881828808
218.65881481712407
222.54630327784307
223.75390608160058
219.816790153416
211.09889071032407
202.4471611269125
0.0
132.10843513211583
130.7850348325359
130.75194982417395
131.7775850630373
134.67252322345774
141.63691731061206
153.46480752227916
158.55989864134492
155.89655558017324
152.98507489085196
149.74274411791106
146.38461592476136
142.5963825240268
140.29697450830525
138.493841588931
137.26969631443697
138.245704036395
140.31351700812394
145.2597256579039
147.84035615890983
148.65093887395668
146.03722332096558
140.24734699140004
134.50709818164793
0.0
199.4364254444957
193.87814423162817
192.09155380334792
193.1999015267635
199.50259550775107
216.75642691628715
242.95975291660352
253.14993524198147
249.27898937705226
245.07719342850336
240.51146232108397
235.28403119183605
230.71830017166315
227.9722445677749
226.05331407114824
226.33453660005577
229.82500491389982
237.30221662339395
248.18718404585144
250.70164464646197
248.43532167400093
239.08880705167425
223.82007608669167
208.38592003627605
0.0
208.8325676506166
203.0096063010562
201.14030333005942
202.29827866635134
208.8987376557077
226.96315177929063
254.40716557136892
265.06053790330225
261.0241670401864
256.60731853873887
251.84307744512842
246.367508687731
241.5867251146594
238.7083294424247
236.7066864612458
237.00445155686094
240.64380233126616
248.46840666200538
259.8661917911409
262.49644983522603
260.1474143200485
250.33770963300222
234.35765094606833
218.1956247233223
0.0
269.19616384676004
259.6511392382423
254.72147311736313
253.695837936664
258.1788563559562
275.03566767578155
309.1793955375582
319.7665979516469
313.6789565817222
313.7616690371923
313.4639040288236
312.8352887914245
311.28029351183255
312.2397587746871
313.017256414483
313.5135314962892
315.34974939203505
316.7227772521435
326.43322694609424
331.42906307206454
331.8260831607752
323.8029688147627
306.83036002238066
285.7386676787555
0.0
475.2330483678585
474.09161571460277
474.02544565134747
474.9518258098688
478.2106991204352
484.41413796291647
494.802830361732
500.0468040867696
495.8780931553074
492.86735738564414
489.09566660105685
485.9029633828279
481.25451973269213
479.864949480369
477.92947650428107
477.3670314173838
477.4497438728539
477.61516895828686
483.57047031802955
489.1618366061479
491.47778713332093
489.6746541674153
484.0336604118313
478.16107159480526
0.0
1532.150157014396
1501.6457805668317
1494.5655886552267
1509.9666594558985
1565.3840467899622
1693.1583464257528
1880.816508957371
1955.7209655390166
1923.3472864985233
1893.868544417358
1867.8802710571867
1828.1948044038393
1785.9617923072876
1749.1216362509244
1713.8861032324396
1690.842395520512
1704.3576212197117
1754.0843879414508
1830.461128074272
1850.3121316373422
1848.8233070317306
1796.5489942851445
1695.4412120230863
1592.1829027779336
0.0
80.54545087815764
79.73486818928471
79.71832568946606
80.34694082798585
82.10044623045485
86.35186969881721
93.56440134432391
96.6743920489184
95.03668418007858
93.26663626906625
91.29807832242327
89.24680785923765
86.94739982897502
85.54128701866894
84.43293925453838
83.68852659111406
84.28405672708828
85.55782951848761
88.56856520381261
90.14010306465316
90.63637817554151
89.03175530924723
85.50820201030699
82.00119120536897
0.0
1463.4987664518756
1422.787664559665
1409.6529165569614
1417.758743358444
1464.0612113351979
1590.5948225394197
1782.9014293900627
1857.6239186685536
1829.2866099676976
1798.3852130242726
1764.9858978724515
1726.623831320926
1693.0921766824013
1672.8772364772713
1658.849193594872
1660.9500913074073
1686.4586325014657
1741.3301173444215
1821.2138681251374
1839.6753027154987
1823.1327985345176
1754.4814075648471
1642.439029482237
1529.1890488576087
0.0
260.0812443149574
257.46752872125137
257.4013587161603
259.43608668534364
265.1267079665576
278.8569860732452
302.1322889338613
312.1570462319705
306.8965300274717
301.1893662086323
294.8039597430925
288.1869582161108
280.742831494621
276.1936430120735
272.6535472307638
270.25488410271
272.1572720617112
276.2432705377034
285.9702627692796
291.04881135072
292.65343424318814
287.4921731190313
276.0778455395168
264.7793154325589
0.0
45.64076791421052
44.019602539372926
43.17593485086271
43.01050981486932
43.77146498683696
46.61677563035216
52.40665195119307
54.2097848618427
53.16760712897713
53.18414963752045
53.13452212061517
53.035267095529285
52.77058704317466
52.9360120704434
53.06835210389125
53.151064629158476
53.465372198418365
53.696967242411034
55.334675125791925
56.178342814302134
56.24451282520964
54.888027523084176
52.00963186539059
48.436451049545084
0.0
363.72003044230553
350.8168775301259
344.1502484484321
342.7606782542733
348.815234548947
371.5942622405104
417.73130524816
432.02402849990915
423.80240422587
423.93474423605215
423.52118160971594
422.6609714272035
420.56007339476474
421.8669311916178
422.92565144756776
423.6038941524325
426.0852696777921
427.9214876317023
441.0396930967805
447.7890346339444
448.33493727046266
437.4830547778455
414.5551446257209
386.0689531153181
0.0
373.6124476720684
363.2072128810382
359.86562711500176
361.9334400140252
373.7447877404148
406.0522975901169
455.1504488127178
474.22395563753844
466.9948815561938
459.1041072203635
450.5681753130836
440.77501301825197
432.22253857334664
427.0612773910255
423.4880966217115
424.0174566915221
430.5352032254084
444.53016141062454
464.9270685699238
469.64168207974
465.42334368081225
447.8882897142864
419.2863006731626
390.3865465364236
0.0
314.05943413280744
310.8998159025831
310.83364589749203
313.28193649301153
320.16361804035756
336.7226643518142
364.82837822388535
376.9540335253512
370.58516959743685
363.70348790468006
355.978138712447
347.9881093835212
339.00552986190075
333.52996104633894
329.24545255507354
326.35051449062416
328.6333800007107
333.5795885719689
345.34130877272844
351.46203515973974
353.3975080485811
347.1609841308489
333.3810784985314
319.75005541402146
0.0
135.58236092869188
134.35821565419783
134.35821565419783
135.79741347286588
139.22171175253666
147.0132310516483
159.10580133602753
163.654989818575
161.98419695009787
159.6682464229248
157.17032830177536
153.6964025255568
149.8750841280932
147.32753859764247
144.63111046121986
142.86106259092253
143.57239025470952
146.02068079497298
151.33082447275385
153.36555244193718
153.72948760080774
150.28864675442932
143.85361281560748
138.2953315474839
0.0
28.552361515493896
27.7583213351643
27.510183773903695
27.659066310078416
28.568904015312565
31.033737081568585
34.78888543031792
36.244625772070336
35.69872314427671
35.086650505575584
34.441492852696065
33.680537680728435
33.03538004238999
32.638359942046435
32.37367988096717
32.406764889329125
32.903040008942135
33.97830275016966
35.533298108283326
35.89723319444848
35.56638311082886
34.22644030852206
32.04282981188861
29.842676806711864
0.0
380.3121617417666
372.75223757680226
370.9821896861475
374.8035079963647
388.56687117830324
420.278850836775
466.8625415460117
485.45631568124105
477.4166589430138
470.10487223170605
463.65329579015736
453.8105060860244
443.32255860686706
434.17455408706
425.42356956871714
419.69986321225235
423.0579915159142
435.39869934119656
454.37295117292183
459.2860747561754
458.9221397427156
445.9528166800343
420.85783854854424
395.2169576351252
0.0
64.6315622370298
62.332154221308215
61.1576364549948
60.90949889664241
61.98476164368636
66.02113256205827
74.22621443806638
76.75721751232167
75.3014771792939
75.31801967911257
75.25184966238864
75.10296713493855
74.72248954313831
74.95408460167205
75.13605213748409
75.26839217093195
75.69849726509638
76.02934734289957
78.36184037279953
79.56944314747491
79.65215567274214
77.73322522846331
73.66376930172945
68.6017631444942
0.0
220.09801268232357
215.201431578531
212.93510860606995
213.62989370314938
219.40322752707982
233.89446085226652
253.67929539903864
261.17304958799394
261.8182072176078
263.4559150980805
264.6469754223768
263.9191051918822
262.0167172910453
262.08288729613633
260.7925719496623
260.1308718696695
260.1804993952994
262.413737379756
266.268140765224
265.9042056936
263.1581500024653
255.10195066844838
242.56273282789283
229.8580899309864
0.0
140.51202705247928
137.7163439171447
137.07118626426518
138.47729908911234
143.55584774616625
155.28448293856388
172.48868687963434
179.37036842698038
176.3927176744037
173.6962895961454
171.3141690929634
167.65827569368636
163.78732982875715
160.41265907471626
157.18687083940083
155.06943032750092
156.3101181192629
160.8758492266823
167.87332830474932
169.69300366286973
169.56066365268762
164.76333762923701
155.48299295383708
146.02068079497298
0.0
62.29906921294625
61.67045406861005
61.65391156588316
62.13364417113645
63.50667198762163
66.78208773402591
72.35691150196818
74.77211705131893
73.51488676846293
72.14185895779417
70.60340610822382
69.03186824738329
67.2452778365523
66.15347259550613
65.30980489827127
64.73081726211566
65.1774648648234
66.17001509532479
68.50250812813294
69.71011090280832
70.09058848879216
68.86644320557346
66.12038758714417
63.4239594623544
0.0
390.9820766985718
383.19055744308343
381.3874244771777
385.30799786773684
399.45183865892494
432.0571135751601
479.94766193583905
499.05425383591074
490.7995444866205
483.27270525149646
476.6391612450536
466.51514892476666
455.7294364372404
446.33329428928386
437.35071470949913
431.4615834130119
434.91896665160505
447.60706709813246
467.0941365492893
472.1561426803506
471.7756651292654
458.44240705312416
432.6361011996828
406.283892680641
0.0
62.49757926311803
60.74407386064902
60.198171232855394
60.545563810477255
62.514121757120265
67.92352049779379
76.12860236798547
79.32130559493893
78.11370281444714
76.79030252068364
75.36764719601783
73.72993931845336
72.29074148524425
71.43053128819074
70.83500115803291
70.91771368330015
72.00951892434632
74.35855445697314
77.76631023682528
78.56035041715488
77.84902276209252
74.92099959331009
70.12367349715412
65.29326239845261
0.0
13.382885552622287
13.151290500195799
13.167833003795138
13.200918010702996
13.5483105903606
14.54086081300979
16.128941185301844
16.674843798554402
16.509418771285663
16.310908721113886
15.94697363494873
15.632666065688838
15.219103471343056
14.93788091044513
14.755913368816655
14.60703082857043
14.82208338554058
15.186018462981094
15.81463360150088
15.963516143492033
15.930431135130073
15.516868540784293
14.673200843549425
13.895703170018203
0.0
217.56700963133397
211.5124532494138
209.56043782294697
210.751498089079
217.64972217405048
236.4585489203427
265.0439955110875
276.14401554460795
271.94221959605903
267.34340350063513
262.3806523045051
256.67348854382993
251.6941948973208
248.68345921490408
246.59910377825508
246.91341132424924
250.70164464646197
258.85709906082093
270.7346167341372
273.4806723961897
271.0158393502912
260.80911448728773
244.16735572036103
227.32708685091467
0.0
105.77276913034197
102.017620772868
100.08214782877052
99.6851277342434
101.4386331367124
108.07217715478818
121.48814770675698
125.6403161587581
123.25819561776929
123.29128062613123
123.17548309250208
122.92734553996608
122.31527289544854
122.69575048143234
122.99351555669001
123.19202560104534
123.91989577046746
124.44925588390134
128.2705742580993
130.22258971074004
130.38801473800876
127.2283965252337
120.56176750752063
112.27397310624526
0.0
1006.7271521218177
978.7206933010063
969.6884861665097
975.2633099170027
1007.1241722686927
1094.1542846171185
1226.4446872530561
1277.8587890028298
1258.3551770140475
1237.0980596722359
1214.1205219653991
1187.7352284292708
1164.6584356711744
1150.7627324790537
1141.1184527901942
1142.5576505972292
1160.1092471595448
1197.8426982119324
1252.7968958011802
1265.501538639922
1254.1202961356587
1206.891447796808
1129.8364652208618
1051.9212724042384
0.0
33.54819764728058
33.21734757820203
33.21734757820203
33.465485130737996
34.2098978087034
35.97994571099107
38.97413889068099
40.28099669044225
39.6027540350172
38.858341362868224
38.03121617417666
37.18754848566644
36.22808326352703
35.63255312755278
35.16936301630174
34.871597955585145
35.11973551393754
35.649095627371445
36.889783410408775
37.551483563106956
37.7499936074623
37.08829346058056
35.61601061900948
34.160270291798135
0.0
197.64983510346187
190.6192710083083
187.01300522190763
186.2520499743264
189.54400821473288
201.91780102801965
226.99623676729507
234.754671034779
230.28819500770152
230.3543650127926
230.139312459894
229.67612245333865
228.53468965467218
229.24601728937705
229.80846246352075
230.17239753514488
231.52888279946353
232.53797552978355
239.6677946180327
243.3236880173097
243.6214530838427
237.7323217291913
225.25927389372683
209.77549037584564
0.0
1069.125476345309
1066.5448458268536
1066.3959632790459
1068.4968612533205
1075.8086478773819
1089.7705211327577
1113.128536448844
1124.9233415794436
1115.5602845067378
1108.7944004319486
1100.3080959921342
1093.1121068406298
1082.6572444367234
1079.5141687441244
1075.1965752648546
1073.922802456006
1074.1047699918179
1074.4852476301498
1087.8846756241355
1100.456978539942
1105.6513247393498
1101.5984113386085
1088.8937683544555
1075.7093928842862
0.0
252.98451015654845
244.001930634928
239.38657214728943
238.4105643468096
242.61236029535843
258.4600789721102
290.5525362689137
300.4945811115529
294.770874755088
294.87012974818356
294.58890713202953
293.9933771152921
292.521094233006
293.4309319411484
294.1588021134787
294.6385347449059
296.3589551680951
297.6492704273227
306.7641899591253
311.4622609894804
311.84273868597637
304.2993569713911
288.3358407639183
268.517921287306
0.0
347.2767817488163
337.61595952233114
334.4894263673577
336.42489925619907
347.4091217589984
377.43376606953194
423.0579915159142
440.79155555587744
434.07529900671807
426.7304273074058
418.80656804173543
409.7081909021475
401.7512466484725
396.95392053777556
393.6288772221181
394.12515239117073
400.1797088312552
413.1986592159915
432.1563685682557
436.5401320816986
432.6195586620574
416.32519251637575
389.74138890680985
362.859820259793
0.0
633.7102345246511
632.188324262146
632.089069181804
633.329756973566
637.6804354699224
645.951687356838
659.7977629942466
666.7952420723136
661.2369608594461
657.217132388545
652.2047538121957
647.9367878003915
641.7333488706637
639.8805884372924
637.3165003982984
636.5555452088814
636.6713426814381
636.8863952925011
644.826797095797
652.2874662676659
655.3643720424201
652.9657089143662
645.4388697374063
637.6142654648314
0.0
128.20440424137533
126.004251242015
126.26893130309429
126.53361136417357
129.90828213566374
139.37059429452785
154.5235277782291
159.83367150835784
158.2786760833552
156.27703313125846
152.8031073550399
149.75928665553653
145.92142581351033
143.1257426520018
141.50457728298065
140.0157519415909
142.03393740223098
145.5078631929906
151.61204708890784
152.9519899028475
152.73693734994885
148.76673640467763
140.62782457738382
133.2498678900673
0.0
510.71671895632835
500.5430791104115
498.1775012030193
503.30567725192515
521.7836540600085
564.3806012863486
626.9278079994829
651.8904461789551
641.1047337786754
631.2784865540036
622.6102145783773
609.3927540329571
595.298540796481
583.0240030344543
571.2788253131557
563.6031035883882
568.1026646034702
584.678253394388
610.1371666847485
616.7541682117303
616.2578930426777
598.838636635955
565.141556388519
530.7166061141634
0.0
158.95691873005563
154.54007022860813
153.10087242157294
153.99416767933627
159.023088793311
172.7533668999986
193.64654922835055
201.76891856745854
198.67547034232524
195.33388457628882
191.69453371463723
187.52582278317493
183.8864719215234
181.7028614045324
180.1809511420272
180.39600360767938
183.17514428681852
189.13044558839673
197.79871762218735
199.81690305374528
198.01377017508602
190.55310100321722
178.39436071374692
166.08673787646904
0.0
596.7046535864297
583.4044805855394
577.2672116609027
579.1365146318994
594.818808165054
634.0576271458964
687.7215094177521
708.0522465137961
709.7726669369852
714.2226004264373
717.448388719917
715.4798307558248
710.3185694862572
710.5005370220691
706.9935262578462
705.2400209048168
705.3227333602869
711.4103748174578
721.865237134118
720.8561444910445
713.4285602490158
691.575912745056
657.5810675474155
623.1561171276492
0.0
749.5243034790951
742.70879193684
742.70879193684
750.7153637452271
769.6730730974913
812.7332104176329
879.5649256801969
904.6764463493125
895.445729286789
882.6583738180839
868.8453831977617
849.6726213507633
828.4982165516683
814.4205457655713
799.4992073345873
789.755672652632
793.7258735106569
807.1914715969803
836.5709583651462
847.8364033968533
849.8380462907858
830.7810820035903
795.2146989305684
764.51181191517
0.0
2042.5691106715337
2037.655986797459
2037.3416794259579
2041.3615081295156
2055.3399237771064
2082.0229822052747
2126.6381155320623
2149.1855476968694
2131.2865589786234
2118.333778569896
2102.138667649967
2088.3918462495176
2068.425044545002
2062.4201156887116
2054.165406542996
2051.750200877317
2052.0810507573615
2052.808920551624
2078.4001739975774
2102.419889131917
2112.361934149049
2104.6035005504546
2080.3521897148657
2055.1248714568655
0.0
423.52118160971594
415.1010471749928
413.1324892109005
417.3839127723257
432.70227120477387
468.02051673689283
519.8978086386328
540.6090233439262
531.6595287521459
523.5040744250335
516.3246277820722
505.35694775873395
493.67794010069093
483.50430031293837
473.76076563098314
467.3919016449046
471.13050749965157
484.8773281148825
505.9855629379688
511.4611316662841
511.06411157757344
496.60596324039125
468.6656743665066
440.1133128510128
0.0
713.6766977899189
693.8091507876768
687.4072017845115
691.3608601921572
713.9413778684475
775.6449169366949
869.4243708222846
905.8675066736088
892.0545159660404
876.9842950744954
860.6899288415673
841.9803570302063
825.6363633298125
815.7770310298897
808.9449770954202
809.9540697384938
822.3940326441182
849.1598037313319
888.1174000960202
897.1165221552661
889.0437802836238
855.5782951848762
800.938405228869
745.7029850816315
0.0
495.9442631603984
484.8938705943437
479.79877947527797
481.3537748130341
494.38926773539583
527.0110851892564
571.6096753967753
588.4995717046052
589.9387695116403
593.6277478989219
596.3076334977189
594.6699256172462
590.3854172132274
590.5342996737885
587.6228190717137
586.167078727053
586.233248732144
591.2952549213697
599.9800693473751
599.1364016443238
592.9660477316825
574.8023786150042
546.5477821951255
517.9457931249194
0.0
716.0257333050964
701.7660951285983
698.4575943505663
705.6535834439064
731.5426018982287
791.2610405229227
878.9528530385878
913.9733334750914
898.8369425202908
885.0570368879736
872.9148391361286
854.3706923811185
834.6354853890585
817.4147389103625
800.9549476792479
790.1857777293471
796.5050141897958
819.7306894957001
855.4294126370684
864.709757254304
864.0149720699782
839.581694047563
792.3363032583337
744.0818197387841
0.0
660.7572281698544
642.3785065002775
636.4562902157859
640.1121835278163
661.0219082483832
718.1431738169963
804.9747761501488
838.7049413274251
825.9175858878024
811.9557127196726
796.8854917408811
779.5654903272541
764.4125568929924
755.2976373030256
748.9618583049513
749.9213235678058
761.4349061404158
786.199034333697
822.2616925757717
830.6156569181571
823.1384452668274
792.1377932430605
741.550816600548
690.4179374669283
0.0
92.77036116399435
89.47840291195496
87.77452501766659
87.42713244004473
88.96558529833975
94.7720041189993
106.55026680212829
110.18961763469771
108.08871965460685
108.12180466296881
108.02254963788292
107.80749709370892
107.2615944659153
107.59244454371847
107.85712460188952
108.03909214642623
108.66770729076244
109.14743990183214
112.48902566496034
114.20944605034276
114.34178607797415
111.57918795100156
105.72314162216136
98.46098245974937
0.0
17.89898908177308
17.71702154596104
17.71702154596104
17.849361570684245
18.246381665211366
19.189304372991042
20.79392724800997
21.488712403253682
21.124777317088522
20.727757231286045
20.281109628578307
19.83446202587056
19.321644406438892
19.007336837179
18.759199278826603
18.59377424283322
18.726114276281074
19.007336837179
19.685579492604052
20.032972070225906
20.132227095311794
19.784834508965293
18.990794328635697
18.2132966568494
0.0
1066.296708198704
1042.5251303435284
1031.573992770569
1034.8990360862265
1062.9385799822885
1133.0622534561771
1228.9591478536668
1265.2864860870234
1268.363391861778
1276.3203361154528
1282.0605849513788
1278.5535740999094
1269.3393995750114
1269.670249658631
1263.4006406656479
1260.2410224354235
1260.4064475208565
1271.2748724638527
1289.9513592872092
1288.1482263213036
1274.8976808460432
1235.8408294010128
1175.09675559562
1113.5751840050202
0.0
1498.965894473638
1465.5500368714381
1450.1489657217803
1454.8470367521354
1494.2512812837253
1592.8446028288445
1727.649466559789
1778.6996333833495
1783.0337694584089
1794.2165023254677
1802.2892441680278
1797.359577785409
1784.406797376682
1784.86998674343
1776.036290671164
1771.6194414717445
1771.8510365913507
1787.1197679053196
1813.3892639107269
1810.858260685244
1792.1983162831843
1737.3102886408635
1651.9013411699705
1565.4336746064137
0.0
1006.8098646645343
984.3616870565907
974.0226221834051
977.165697876004
1003.6337039548489
1069.8533465176392
1160.3904697175344
1194.683079981708
1197.5945606710293
1205.104857368528
1210.5307986584596
1207.2222978804277
1198.520940916797
1198.818705925166
1192.8964895534277
1189.9353814838873
1190.0842639444486
1200.340616333082
1217.9749252927031
1216.2875899447647
1203.7649145836704
1166.8751311761698
1109.522270604279
1051.4415398600577
0.0
415.66349234913645
411.4782388800488
411.37898385787116
414.62131463081204
423.73623416261455
445.6550516716655
482.8591426251603
498.8888288377242
490.4852368824621
481.3537748130341
471.14704995003063
460.5598475650241
448.6823298917078
441.42017064786586
435.74609190427725
431.9082310273526
434.9520517268559
441.50288319058234
457.0528367717189
465.15866366044787
467.7062091908987
459.4680422919875
441.23820317021807
423.17378898847085
0.0
193.00139151149025
186.15279498123084
182.62924165030026
181.8848290275909
185.0940747252809
197.18664500966017
221.6695505867873
229.26255982700252
224.8953387930206
224.96150879811165
224.74645627429518
224.28326618049346
223.17491845707787
223.8697035541573
224.4156061906755
224.77954126229966
226.10294159677812
227.07894931001155
234.04334340007406
237.61652425663465
237.89774672737786
232.15749797869827
219.98221515160256
204.86236679259184
0.0
276.458323090602
266.6486183163093
261.58661212708364
260.52789187113376
265.1267079665576
282.44670946743116
317.51681742956487
328.38524245980756
322.13217600444983
322.2314309975454
321.9171234515512
321.255423284312
319.6673428713049
320.6598931221638
321.4539332995851
321.9667509190168
323.852596427639
325.2587091594233
335.23383893190265
340.3454725885939
340.7755777525555
332.52086840326535
315.0850693716708
293.4474744206095
0.0
373.8771277505968
360.6100398249575
353.77798574507705
352.33878787987766
358.55876931814873
381.9829546393259
429.41031290620305
444.100056246663
435.6468368239353
435.7791768922817
435.34907181556656
434.4723190954287
432.32179359552435
433.6617364676283
434.7369991739573
435.4317843582831
437.9793299468982
439.88171784773505
453.36385838443744
460.2951675446599
460.85761263155706
449.7079650724068
426.1348972034221
396.85466551559784
0.0
57.832593191685255
57.25360556425431
57.237063055711005
57.683710658418754
58.957483449818056
62.00130414350502
67.17910781982839
69.41234583336711
68.23782806705368
66.96405527565437
65.54139995098858
64.06911711523392
62.4314092463941
61.40577400753077
60.62827632701983
60.0989162077695
60.51247880211529
61.422316507349436
63.589384504164215
64.71427476229701
65.07820983973753
63.920234581967414
61.38923149898748
58.87477093327547
0.0
25.028808207829012
24.79721315801992
24.79721315801992
25.061893210374546
25.69050836343541
27.12970618791988
29.362944195642164
30.206611892877017
29.89230431489248
29.46219922072804
28.99900911820164
28.370393970957213
27.659066310078416
27.195876198827367
26.699601093755437
26.368751010135806
26.501091043583664
26.947738646291402
27.923746368249475
28.30422395423329
28.370393970957213
27.741778826621008
26.550718560488928
25.525083321625594
0.0
595.9106134090083
584.0330956775279
581.2870400736396
587.2754264504687
608.8303089460599
658.523990185398
731.5095168229777
760.6408660502409
748.052020596809
736.5880655498288
726.480595709003
711.0464396585875
694.6197334154772
680.2939252338879
666.5801896066614
657.6141524772556
662.8746686817544
682.2128555851039
711.9231924368897
719.6485416291226
719.0695540627642
698.738816908556
659.4172854431614
619.2520862747155
0.0
72.07568894107024
71.34781877164815
71.33127627764591
71.89372139944177
73.46525925155767
77.2700351259369
83.721611599476
86.50075222626728
85.04501189905594
83.45693153839673
81.68688363610907
79.85066571709748
77.79939524518724
76.52562245378795
75.5496147376463
74.88791458494812
75.41727470419845
76.54216496233124
79.23859307839636
80.64470589742707
81.09135350013483
79.6686981725608
76.50907995396928
73.36600424101286
0.0
193.8119742265371
189.94102830344357
189.0477331329267
190.99974855939354
198.01377017508602
214.175796397832
237.91428926500336
247.39314395567646
243.29060300022311
239.551997145476
236.27658138453066
231.24766027055597
225.90443152334063
221.25598796045117
216.78951193337375
213.87803124405252
215.58190912961624
221.88460311060382
231.54542533708897
234.04334340007406
233.86137586426207
227.24437439544462
214.45701886857518
201.40498340858804
0.0
163.357224752042
158.80803618224803
157.35229592483387
158.24559109535076
163.42339475713305
177.53415047307018
199.0063204259449
207.34374231795152
204.18412408772713
200.72674084913405
197.00467738660168
192.7201689825827
188.98156312783559
186.73178260575358
185.160244730372
185.39183979181394
188.23715041787986
194.3578768630554
203.29082891721026
205.3420993367726
203.48933893248343
195.83015965809508
183.32402683462612
170.6855539137286
0.0
85.85559458792883
82.81177388551723
81.24023603340133
80.90938595559814
82.33204127444752
87.70835500675909
98.60986499301589
101.96799326468738
100.03252032058991
100.06560532895185
99.96635030386598
99.76784025951063
99.27156513989763
99.58587271788217
99.81746776769126
99.98289280368465
100.57842293965886
101.00852804254797
104.10197625314021
105.6900566137994
105.8223966385226
103.25830855590533
97.84890982104824
91.13265328933808
0.0
734.0074348859628
721.3855045899372
722.9074148524425
724.4624102774451
743.76751219279
797.9111270669908
884.693101787267
915.147851203598
906.2645267623196
894.7840291195497
874.8833971002209
857.4806830857129
835.4460681041052
819.4329244291669
810.1360372743059
801.6331903841126
813.2460280370645
833.0804900513023
868.0182579450894
875.7105222656467
874.4532919362592
851.7900618044989
805.1071161603311
762.8741040056153
0.0
821.6992474016281
805.3387111636088
801.5339353037706
809.8051871906861
839.5155240424721
908.0345746529745
1008.6791675482848
1048.860909254356
1031.4912803150992
1015.6766467135982
1001.7478585334729
980.4741986540358
957.8109684350292
938.059218963508
919.167679674499
906.7938868612124
914.056046017808
940.7225621119261
981.6818014577934
992.3186313975119
991.5245912200907
963.5015898034895
909.2752624447363
853.8909598369377
0.0
1292.482362338199
1256.5355016559274
1244.9392064533542
1252.0855681664755
1292.9786375072515
1404.723250436082
1574.5651369957452
1640.5531843807653
1615.5243759344626
1588.2457871987347
1558.7505031906694
1524.8549127825495
1495.2438312146803
1477.411012239786
1465.0206765980524
1466.8734372059164
1489.3877846444584
1537.8573210077282
1608.3945570788708
1624.7054661402456
1610.0984348771876
1549.4701582244477
1450.5294430111264
1350.496923077329
0.0
1376.2866864513092
1345.6003419735366
1331.473043719974
1335.7740946616182
1371.9525504344138
1462.4731312711767
1586.2441445374598
1633.1256006622154
1637.095801549322
1647.3686958648557
1654.7797370748624
1650.2470911881048
1638.3530310353271
1638.783136839096
1630.677309688628
1626.6243965496255
1626.8394482882243
1640.850949243723
1664.9699200109656
1662.6539691057242
1645.5324779981922
1595.1109264992772
1516.7160011966375
1437.3119828146916
0.0
109.06472737656492
105.19378149418638
103.20868104772472
102.77857594483561
104.59825135821212
111.43030541773506
125.27638107259291
129.56088954931724
127.07951399196719
127.12914150014782
126.99680146669996
126.748663914164
126.12004876982776
126.51706885563026
126.81483393088793
127.02988647506193
127.77429914721091
128.32020177500453
132.257317674107
134.2755031289306
134.44092817074042
131.19859742688166
124.31691585626993
115.76444141136461
0.0
1545.6322974056873
1511.1742625795596
1495.293458449489
1500.1238691992046
1540.7522588395202
1642.4224869736938
1781.4291464205303
1834.0673937734264
1838.5338699168324
1850.0639945908358
1858.3848734799026
1853.3063251020374
1839.9399822705486
1840.4197150183045
1831.321337936881
1826.7556067422152
1827.0037443703648
1842.7522078504458
1869.8322867744753
1867.218571006276
1847.9961816045657
1791.3711908560194
1703.3319859808487
1614.1678908155545
0.0
2.696428115483471
2.64680060352217
2.6302580999228313
2.663343107703151
2.7460556265723075
2.9776506789987938
3.3085007544754177
3.4408407844334095
3.391213273344574
3.3250432586563994
3.291958250876079
3.2092457320069228
3.1430757167371057
3.0769057020489314
3.0107356867791135
2.9776506789987938
2.994193183179775
3.0934482062299127
3.225788235606262
3.2588732439682246
3.2588732439682246
3.1596182209180874
2.9776506789987938
2.7956831376611437
0.0
131.74450005467529
128.07206421374391
126.8975464474305
127.62541661103617
131.79412756285595
143.19191266872573
160.49537161743277
167.22817061697123
164.66408254889504
161.8849418697559
158.89074872496457
155.43336548637146
152.4060872663292
150.5864119082088
149.3291815788214
149.5111491146334
151.81055716234533
156.75676582084995
163.93621237656473
165.607005274124
164.11817991237675
157.9312835493566
147.8568986965353
137.6501739004208
0.0
2067.2836117463353
2021.1961963224796
1999.9556208784868
2006.423740555632
2060.7658648343813
2196.728703872536
2382.6499032979277
2453.0713418092673
2459.0266434307487
2474.460799248507
2485.593904299114
2478.7783928150234
2460.9124885322212
2461.5576466562316
2449.3989063667614
2443.2947227500326
2443.609030121534
2464.6676376807295
2500.8957209209907
2497.40525278164
2471.6816583948757
2395.9666188946076
2278.200534310122
2158.9456248292036
0.0
418.971993039922
409.62547844667745
405.3244274177866
406.6312852146396
417.64859279268995
445.2084041154893
482.8756851627857
497.1518658769094
498.359468680667
501.48600189380477
503.7523249535123
502.3627546139427
498.7399462899166
498.87228630009866
496.4074531669537
495.16676543335615
495.23293543844704
499.5009013920871
506.84577309139917
506.13444545669427
500.92355680690747
485.58865574958736
461.71782281406956
437.5492247829365
0.0
500.92355680690747
486.9947685686181
482.495207524454
485.2743482035931
501.1220668221806
544.4303416832255
610.2529642154695
635.8276750365511
626.117225284436
615.5465654079728
604.1156952908328
590.9809473753755
579.5004496453593
572.5856831100086
567.788357057476
568.499684692181
577.2341266728982
596.0098684893502
623.3546272010866
629.6738636615354
624.0163273101616
600.5259719838933
562.1804482317322
523.4048194028558
0.0
130.53689727999992
127.62541661103617
126.2854738116376
126.69903640598336
130.12333468565416
138.70889414182966
150.45407183986237
154.90400532931434
155.28448293856388
156.24394811417184
156.95527583612318
156.52517067216155
155.40028041112055
155.43336548637146
154.67241023879023
154.291932687705
154.30847522533045
155.63187550164466
157.91474101173114
157.6996884588325
156.07852311598526
151.29773954291366
143.85361281560748
136.32677360084085
0.0
108.80004732421028
106.64952182721417
106.1367042077825
107.22850945755333
111.16562535665578
120.24745993244427
133.56417547386823
138.8908616834581
136.5914536531955
134.4905556731046
132.65433775990945
129.8255696162129
126.83137643070657
124.21766083990869
121.7197427652907
120.08203489645089
121.04150011277387
124.56505341753055
129.99099465220633
131.39710747705345
131.29785245196757
127.57578910285555
120.39634246571079
113.06801328657485
0.0
151.01651692675964
149.49460657700797
149.4615215890035
150.63603937567441
153.94454006645992
161.9180269450068
175.41671001933457
181.25621384835614
178.19585064030943
174.87080741189848
171.1652865451558
167.3274256973132
163.0098321307969
160.36303160725063
158.31176110044183
156.92219081903653
158.01399600482668
160.3961165952551
166.0536528884646
168.99821856579035
169.92459875339387
166.9304056086025
160.3134040525386
153.74603005118672
0.0
144.25063290140997
141.0413871717296
139.55256183033984
140.0157519415909
143.8039852987022
153.29938243684612
166.26870544136327
171.1818290827813
171.59539162187096
172.67065435728207
173.4481520552423
172.96841951106154
171.72773163205312
171.77735918676515
170.9171490042527
170.50358637791658
170.52012891554202
171.99241171058168
174.52341484881768
174.2752773079146
172.47214434200887
167.19508568713107
158.97346126768107
150.65258191329988
0.0
824.064825454431
805.6861037848538
797.2163418245008
799.7969724302026
821.4676523983502
875.6608947400169
949.7713116968018
977.8439405227042
980.2260611131327
986.3633299505229
990.8132634981392
988.1002929113376
980.9704737358422
981.2351538143706
976.3716577858288
973.9399097279351
974.072249738117
982.4758416352148
996.9009049553102
995.5113346157409
985.2715247647329
955.0814553687663
908.1338296460699
860.6072162988507
0.0
502.11461707303965
492.12294476293476
489.7904516981363
494.83591534973647
512.9995845536613
554.8686616076709
616.373690660645
640.9227662428634
630.3024787535237
620.658199064664
612.1388096368454
599.1364016443238
585.2903260069152
573.2142982601614
561.6676306123005
554.1077063600898
558.5410973991626
574.8354636902552
599.8808143542794
606.3820183505403
605.8857431814877
588.7642517831337
555.6296167098413
521.7836540600085
0.0
583.1398005070108
573.1150432670659
574.322645983577
575.563333775339
590.898234832659
633.9252870775498
702.8579003143884
727.0595833335259
719.9959342503677
710.8810147185651
695.0498385794388
681.2368478718703
663.7348789224312
651.0136935460637
643.6357367715007
636.8698527548755
646.1005699046456
661.8490335010554
689.607354839128
695.711538746678
694.7189884958192
676.7207443773273
639.6324508963893
606.0677108045461
0.0
376.8216935151691
369.3113967304239
367.5744338277736
371.3626672372328
384.9936903217427
416.424447451307
462.5614905171208
480.98983971232786
473.0328954586529
465.7872787524363
459.3853298365174
449.62525252969033
439.23656021812127
430.18781060416336
421.5195387157835
415.8454598849485
419.1705031133595
431.3954134079207
450.18769770383403
455.0677362700012
454.7038012565414
441.8502758118274
416.9868926836149
391.57760686072004
0.0
912.1867430468111
891.8394634131417
882.4764062822718
885.321716966502
909.3083473745767
969.3080086154245
1051.3422847797158
1082.4091068958203
1085.0393650271517
1091.8548765694065
1096.7680001526605
1093.7572645284079
1085.883032730203
1086.1642552881926
1080.7879415529728
1078.0915134747145
1078.2403959352757
1087.5372830901367
1103.5173416898242
1101.9788888896935
1090.6307313152702
1057.214873683988
1005.254869297696
952.6331647732467
0.0
751.5259463730276
736.5715230122033
733.0975972359848
740.6409789505701
767.8203126641198
830.4998594456008
922.5423504576221
959.2997938549406
943.4024477107233
928.944299373541
916.2065714595481
896.7360445460166
876.024829811641
857.9604157171403
840.6734992333531
829.3584266469342
835.9919706533772
860.3921637750342
897.8609348070574
907.587927096798
906.8600569244677
881.2191760110487
831.6247497066415
780.9716031462849
0.0
527.027627726882
516.5396803349709
514.0913897394514
519.3849909319547
538.458497844022
582.4119303346805
646.960780087158
672.7174584440517
661.5843534225269
651.4437985646146
642.5108465104596
628.8632809464885
614.3224201538362
601.6508622449344
589.5417494229297
581.6013476196337
586.2663337201485
603.354740130498
629.6407785862845
636.4562902157859
635.9434725091078
617.9617709282413
583.1894280326406
547.6726723689201
0.0
166.13636543118113
160.24723404744753
157.20341337702627
156.57479819779147
159.33739633930514
169.7426312175818
190.8177810817458
197.35207000784675
193.58037922325948
193.64654922835055
193.46458160529207
193.06756151658135
192.1080963409734
192.70362644495728
193.18335913454877
193.49766668054298
194.62255694158398
195.46622458647096
201.47115341367908
204.54805910118696
204.7961967293365
199.83344559137066
189.36204073708515
176.34309020693814
0.0
1712.6785006904215
1678.5844004706037
1670.6605412049328
1687.8812873637253
1749.8164216097427
1892.6443993667967
2102.419889131917
2186.158043239936
2149.963045307583
2117.0103784680746
2087.9782832451137
2043.6112884189408
1996.3824404872403
1955.2081483558172
1915.836989655614
1890.063768906506
1905.183617352763
1960.766429481438
2046.1422916444228
2068.325789493742
2066.654996130868
2008.226873405209
1895.2084870277229
1779.7914383655648
0.0
504.94338513239785
493.69448263831646
488.50013643890867
490.0882167937515
503.3553048648015
536.572652422646
581.9818253161296
599.1860291990358
600.64176945645
604.3969178488226
607.126431060496
605.4556381047724
601.104959608416
601.2538421562236
598.2761914618112
596.7873661291462
596.8700786718626
602.0147973165584
610.8650368570788
610.0048266745664
603.7352176815833
585.2406984812852
556.4732844128928
527.3419352728761
0.0
1182.2431172214945
1155.8743662229915
1143.7321684129822
1147.4376892506427
1178.5045113667472
1256.2708215773987
1362.5894933035438
1402.870490002711
1406.2782457738383
1415.0954002972724
1421.4642642833508
1417.576775880796
1407.3535085674137
1407.7174435808736
1400.7695920284364
1397.2791237145923
1397.461091337651
1409.5040340091539
1430.2152488016939
1428.2136057623502
1413.5073199424291
1370.2155875608455
1302.8545121993886
1234.6663116143418
0.0
109.01509986838427
106.8480318715695
106.33521425213783
107.44356200754376
111.3806779008298
120.47905498225337
133.82885552622287
139.15554174453737
136.8561337200912
134.75523574000033
132.90247531244543
130.07370716874888
127.07951399196719
124.44925588390134
121.95133781800803
120.31362994044356
121.27309516258296
124.81319097006651
130.2391322105587
131.64524502958943
131.54599000450355
127.82392665539155
120.62793751842811
113.28306584528995
0.0
800.5083001230715
778.2420899927753
771.062643437061
775.4960343888873
800.8226076690657
870.036443463894
975.2302249871625
1016.1067517903133
1000.5898832844275
983.6999868893513
965.4370626923309
944.4446254290476
926.0989886893108
915.048596268667
907.3728744857351
908.5143071971552
922.476180452531
952.4842822254393
996.1730347829799
1006.2805045656416
997.2317549807656
959.6802714060259
898.4068374144937
836.4551607471789
0.0
1022.4425307883874
1002.095251154718
997.3640950491119
1007.63698982996
1044.6094857801772
1129.8860926883274
1255.1128462411066
1305.1042927214708
1283.499782758414
1263.8307458296092
1246.4942018783568
1220.0096532618866
1191.8046843676375
1167.239066247794
1143.7156259335213
1128.331097350571
1137.3633044850678
1170.5475670258259
1221.5150211321768
1234.7490241570583
1233.756473964364
1198.884875988421
1131.4080030380792
1062.5084748764914
0.0
155.74767303236564
153.0677874335685
153.38209497956265
153.71294506318227
157.81548598955345
169.2959836614055
187.70779031898707
194.17590923999694
192.2900638767854
189.8583157607271
185.62343488233805
181.93445649505654
177.26947045270595
173.86171468157846
171.89315671748614
170.09002375158045
172.55485688472538
176.75665283327427
184.1676945376774
185.8054023599858
185.54072233962154
180.72685369129903
170.81789392391076
161.8683994775412
0.0
100.1648603453131
97.93162234049905
96.88944459890884
97.20375217689336
99.83401027623455
106.43446927722373
115.43359133356142
118.84134711341355
119.13911217413015
119.8835248462791
120.42942747407277
120.09857739626955
119.22182469939737
119.25490970775932
118.67592207160374
118.37815700216251
118.39469951070582
119.40379223520944
121.1572976376784
120.99187260168505
119.75118481283127
116.07874898062451
110.37158517632618
104.59825135821212
0.0
905.1892639687443
873.0802641343154
856.5046753724796
853.030749596261
868.1009704878061
924.8086734300832
1039.6301921918323
1075.1965752648546
1054.7169556210029
1055.0478057046225
1054.0221703785128
1051.9047299538595
1046.660756286986
1049.9361720479314
1052.533345104012
1054.2206804519503
1060.3910343645914
1065.0063929394764
1097.6447529309626
1114.402309170446
1115.77533697239
1088.7779708818987
1031.6897903885365
960.8051617252311
0.0
269.0969089118288
259.5353417656856
254.62221803702116
253.58004031869666
258.06305888339955
274.9198702032249
309.06359800683725
319.6342579414648
313.5466165715401
313.64587150647134
313.3315639604771
312.7029488684888
311.1479534434862
312.12396115671964
312.88491640430084
313.39773402373254
315.2339519194784
316.5904371837971
326.30088687774776
331.28018052425693
331.6937431505931
323.67062880458053
306.69801995403424
285.62287014803456
0.0
2003.346834839042
1963.462858083175
1954.1990556254966
1974.3312835787324
2046.7874491867904
2213.8667377794327
2459.225153242447
2557.189860917028
2514.8410512606733
2476.2970174059924
2442.335257254521
2390.441423076895
2335.2060027551647
2287.034231836496
2240.9799011389055
2210.83945900683
2228.523395986477
2293.5354359490852
2393.4025312336817
2419.3411773590447
2417.405704441121
2349.052078334409
2216.860930371663
2081.841014320477
0.0
260.5775194840101
255.39971582222785
254.19211296030596
256.80582855401207
266.2350557772196
287.97190566321206
319.8823954823678
332.62012339636084
327.11146959279466
322.099090929199
317.6822425149979
310.9329008905876
303.7534542767085
297.48384534188966
291.495459052307
287.57488557450137
289.87429362221326
298.3275130740231
311.31337852891926
314.68804928296015
314.439911742057
305.5565871553677
288.35238330154374
270.7842442597671
0.0
1180.985886892107
1154.6667634192338
1142.5245656092247
1146.2135439965061
1177.2638235749853
1254.9474212429202
1361.1502954965088
1401.3816646700454
1404.7894204411734
1413.6065750227715
1419.95889641306
1416.0714080105056
1405.8646832347486
1406.2286183063727
1399.2807666957713
1395.7902983819274
1395.9722659177392
1408.0152086764886
1428.693338451942
1426.7082379502242
1412.0184946097643
1368.759847216185
1301.4814843974448
1233.359453875653
0.0
1252.4660457175605
1227.5364925260926
1221.746616222701
1234.318919051261
1279.6288368934847
1384.078205794044
1537.4768433112322
1598.7171921984311
1572.249186090504
1548.1467581226264
1526.906183260276
1494.4663330223239
1459.9421282201868
1429.8182287129828
1401.0177295693395
1382.1758177477964
1393.2427528514766
1433.8876846513497
1496.3190936883525
1512.5472904978324
1511.3231445748063
1468.5938572219557
1385.947508677794
1301.5311118649101
0.0
519.5835010053921
501.1551518101851
491.64321213150765
489.6581116879541
498.29329867557595
530.8489461243455
596.7542811411417
617.1842732884454
605.4225530876859
605.60452065258
605.0255330280573
603.8013877448386
600.7906520624218
602.6764974256333
604.1653228455449
605.1247880211529
608.681426340088
611.3116844714195
630.0543412126206
639.6820783638549
640.4595761490616
624.9757926311803
592.2050926295121
551.5105333040091
0.0
44.94598275315037
44.499335150442626
44.48279264189932
44.84672772806449
45.822735450022556
48.18831349700912
52.22468441538103
53.94510480948808
53.035267095529285
52.059259373571216
50.950911623981725
49.80947886603027
48.51916356608768
47.74166589430138
47.129593249783824
46.71603065543804
47.030338224697935
47.74166589430138
49.429001280046464
50.30575397110221
50.58697653781656
49.693681332401084
47.70858088593941
45.75656543329864
0.0
165.59046279466287
164.0850949243723
164.0850949243723
165.8551428150271
170.04039628411485
179.55233596279243
194.32479178780451
199.86653060845728
197.83180263927395
195.0030344926692
191.9592137931658
187.7243328566125
183.04280427663642
179.93281351387768
176.6408553025533
174.47378732318776
175.36708249370466
178.32819070865588
184.82939464675238
187.31077023027632
187.75741778645263
183.53907938752477
175.68139003969884
168.89896357269484
0.0
13.382885552622287
13.250545522664295
13.250545522664295
13.39942805680327
13.730278132279892
14.507775813372472
15.698836082412763
16.145483685120507
15.980058643310691
15.748463590593383
15.516868540784293
15.169475963162435
14.788998377178618
14.54086081300979
14.276180756583665
14.094213214664371
14.160383230806653
14.408520786541656
14.93788091044513
15.136390954800474
15.169475963162435
14.82208338554058
14.193468237714509
13.647565613410736
0.0
19.23893188989631
19.056964345359624
19.056964345359624
19.255474389714966
19.75174950932798
20.860097258917463
22.56397514448121
23.209132797360724
22.97753773882698
22.646687661023794
22.299295083401937
21.80301997251357
21.25711734471994
20.89318226727943
20.512704681295613
20.264567120035
20.363822145120892
20.711214722742742
21.47216989471038
21.75339246433295
21.80301997251357
21.323287361443867
20.39690715348285
19.61940947588013
0.0
5.045463650436871
4.96275113244018
4.96275113244018
4.9792936357486965
5.111633666579154
5.475568748963633
6.071098885228706
6.286151434055855
6.219981418786037
6.153811404097863
6.004928869958888
5.889131343309414
5.740248809752082
5.624451282520964
5.5748237720137706
5.508653756743952
5.591366275613108
5.723706305571102
5.971843862178568
6.021471373267405
6.004928869958888
5.856046335529094
5.525196260924933
5.2439736959555034
