0.0
129.3225424060531
122.77436961742244
117.44914163465248
115.49862208568781
113.26945687948418
116.05591338111537
117.60394477212003
122.96013338891508
131.0253769345253
140.88633688346818
147.18682469242862
154.2768084390632
160.60825680312578
165.54647697624532
167.18739026116071
170.77882300795346
172.17205133497046
172.9925079093912
170.06672863493085
164.5092958901692
162.15628823223113
154.78765880930723
147.5583521428836
136.79953405214698
0.0
129.16773926314255
123.78059002320836
120.26655876486576
118.11479513419964
117.18597629578679
118.17671639136384
119.52350369794553
122.66600742691024
130.18943998185878
137.12462058558285
142.72849425280654
147.6047931796478
151.25814717271882
155.25206819721666
158.30169010030755
160.56181590243554
162.45041417246418
163.16250859991635
161.242949720356
157.15614681283333
154.35421003092955
150.793737839239
142.54273045954207
133.13069962640049
0.0
229.61949618994666
226.12094524453437
223.50477225589506
221.56973294910233
220.53255194467053
220.03718186558498
220.03718186558498
220.03718186558498
223.17968562448593
227.63801606410797
231.4771339048731
235.93546434449516
239.6662199838621
243.36601501369736
246.4775580814222
248.6912429828599
250.5953215984766
250.7965656828995
249.14017210682564
246.05958964863257
242.8242039522772
241.0904088659813
237.1584091421914
232.09634642208567
0.0
346.80547247484753
331.47996174853364
320.10193100995343
311.8354434207424
307.79508141391
308.12016804531913
309.59079788255815
316.95942730548205
339.220118703557
363.92669975145384
386.8530445946464
407.02389363826967
422.41132561086175
433.5571517099169
440.32204885235717
444.3778911231333
446.73089878107135
445.30670998059645
436.6996554143883
423.7735932467026
416.9622551491426
406.07959448964806
386.7292020476602
363.7254556126013
0.0
47.416201510064994
44.67618594722474
42.6792254513047
41.28599719776762
40.450060245101085
40.32621773621561
40.41909961651897
40.775146835688034
43.76284742718516
47.509083390368374
51.37916186515853
54.9396340704565
58.020216534092526
60.60542895402225
62.58690913973346
63.87177518915093
64.49098774990718
64.16590115932021
62.43210599682292
59.8778542054753
58.71683066222182
57.35456303726685
54.32042151242174
50.589665859447365
0.0
830.1163530670519
779.8982147968551
743.9684061941106
720.5776518813644
710.6238100793329
714.6641719500913
729.2621079577945
757.8387674832032
815.3636139300455
879.3127906784053
935.9088184038585
985.3684212642687
1025.6327178140784
1053.9462119543562
1074.674352241699
1093.5448548957597
1108.3130743511392
1112.7868851363494
1095.0464453697452
1061.40772323309
1038.0943705122104
1006.5764513667531
942.6582352551403
867.1762246116825
0.0
58.32982281447064
54.8003112377548
52.277020069546325
50.63610679279534
49.939492672830504
50.21813833006947
51.23983904062126
53.25227984675014
57.29264178554559
61.79741312585785
65.77585379932466
69.2434441188763
72.07634156746288
74.05782174500963
75.52845156047682
76.84427824664084
77.8814592755659
78.19106555594402
76.95264045076044
74.58415241729807
72.94323914054709
70.72955425271675
66.2402632226133
60.94599586298247
0.0
245.64162107976898
229.92910247576776
218.41174898068724
210.7180329263542
206.92535604070892
207.0491985332655
211.41464708986263
218.58203242836368
234.04686599282215
251.24549472522094
266.91157242853194
281.18442188647043
294.20336585553645
306.2934910215688
317.82632486223736
328.29101708894245
337.85785106771607
343.69392940712265
342.2542601794154
332.93511124018465
324.62218275028334
313.05838821843867
291.3549880912981
266.27687951130173
0.0
275.7508316342653
261.803068807736
250.44051841474385
246.29179428815766
241.52385764435897
247.46829818516366
250.7810853373115
262.1900766854235
279.3732251266637
300.4264519909861
313.8478842377572
328.9721509068629
342.4709846094264
353.01307840078306
356.49614908225163
364.1434240998205
367.1466049661472
368.8804001885171
362.64183362583486
350.79939349934534
345.76829147041576
330.05577286641443
314.6373802026462
291.71103527780934
0.0
1473.5556002662331
1384.4199531991305
1320.6255796889336
1279.1073777863253
1261.4443395299431
1268.5962446045003
1294.5257704500934
1345.2547590905342
1447.3783900614671
1560.8800519886984
1661.3318087930356
1749.1516296148536
1820.624238316715
1870.8733370603697
1907.6855243546865
1941.1849229728273
1967.37761431241
1975.3344963233849
1943.832056598213
1884.1244868664119
1842.7301272386414
1786.7997530127357
1673.3290519943987
1539.3314545282096
0.0
62.10701940623598
58.36078344305276
55.66720881900344
53.91793334629731
53.17487827937709
53.46900424138193
54.5681065274712
56.7043898479285
61.00791712014669
65.79133411769791
70.03294012458747
73.7327351544227
76.73591605068569
78.85671906093415
80.42023076214765
81.82893932861502
82.92804161470431
83.26860852094306
81.9373015245702
79.41401035636173
77.68021519930738
75.31172717400946
70.52831017645822
64.89347590786717
0.0
556.6411275805026
548.1733959068687
541.8419474883766
537.1514123547997
534.6126408219529
533.4051763698446
533.4206567154329
533.4051763698446
541.0214908323114
551.8267498999398
561.1458988936001
571.9666383068164
580.9916613058143
589.9702434041219
597.5091562747222
602.8808252262195
607.5094391135178
607.9893288470153
603.9489669218273
596.502935907037
588.6544167506156
584.4437713505363
574.8924177173509
562.6320090219975
0.0
1090.7738787233877
1024.7967808124251
977.581823408555
946.8379200184729
933.7725350126428
939.0668023722736
958.2623916577433
995.8021528542273
1071.3925257262977
1155.4196696352556
1229.7870976279858
1294.7889356991502
1347.6851683403388
1384.884362206033
1412.1297149228506
1436.9291778809873
1456.3260116318872
1462.2085304365473
1438.8951774979491
1394.6834010148352
1364.047860533736
1322.6535007971065
1238.6573174976804
1139.4594659100674
0.0
118.51728329215965
116.70608656773223
115.3592992529861
114.36855917101643
113.82674818035471
113.56358284693198
113.56358284693198
113.56358284693198
115.18901580530968
117.4955825734434
119.4770627591546
121.78362952728831
123.70318845583532
125.60726706600902
127.21721971417789
128.36276293905811
129.33802271626195
129.44638491493853
128.57948733913287
127.00049531954609
125.32862141421302
124.43076320438226
122.4028420798801
119.78666903136828
0.0
62.80363353164377
58.79423222959486
55.852972585053124
53.8869727177152
52.91171294595435
52.94267357453646
54.05725617083456
55.89941352384406
59.84689357689321
64.24330272669327
68.25270402874219
71.89057779597023
75.23432559847195
78.31490807027245
81.27164802502303
83.94974233069907
86.39563193153447
87.88174206537491
87.51021453599704
85.12624619232581
83.00544318207736
80.04870323276975
74.50675084992501
68.0824205756228
0.0
11.888881082970197
11.393511037630986
11.068424445139003
10.867180364526114
10.774298480684829
10.867180364526114
10.991022875588769
11.285148840315088
11.98176296599504
12.616455836687955
13.127306195501772
13.576235302594334
13.916802206111601
14.28832974365393
14.5669753872855
14.76821946898698
14.93850292482783
15.01590449220088
14.830140720708236
14.458613191330343
14.195447857907608
13.870361267320657
13.111825881210724
12.24492830268355
0.0
258.16519510582344
241.66318040085926
229.54209467972464
221.46137080213373
217.482930123224
217.60677261578059
222.18894552074445
229.74333868250324
245.98218805676623
264.0631946915084
280.51876841413804
295.5191925090427
309.2192702960292
321.91312776976
334.0342135453242
345.0407167518051
355.08744040964666
361.23312503487426
359.71605429694506
349.9170156242168
341.186118565452
329.0340721531412
306.2160894297025
279.8685951513197
0.0
164.1842093404044
154.6947768718528
147.8060371824264
142.96069894676126
140.06588022740308
139.66339208577196
139.97299837159304
141.18046282370122
151.5677534585399
164.52477623575723
177.89976739133462
190.2220973329661
200.93447451756958
209.8820960063454
216.7089144494935
221.1517645163127
223.34996907216237
222.17346525680077
216.1980640792495
207.35880481908657
203.31844294832808
198.62790776032173
188.11677463292648
175.1907125468853
0.0
110.34367755059424
103.96578821508297
99.33717436044228
96.08630843552241
94.15126919676659
93.87262355313503
94.07386762939355
94.89432426368683
101.87594584158104
110.57588225543489
119.56994463945797
127.85191257697849
135.05025854678306
141.05662033114461
145.65427352726692
148.64197418407952
150.11260396688897
149.323108002
145.31370668634366
139.36926614553894
136.64473086841423
133.5022271557784
126.44320401867556
117.74326759665732
0.0
667.8362223422643
627.4480833815421
598.5308570152104
579.7067952618398
571.7034730577597
574.9543389636291
586.7038971526644
609.6921633237795
655.9783018701864
707.4193850741535
752.9469882924183
792.7468753726743
825.1316919932423
847.9187140799345
864.5910121781453
879.7772001479591
891.6506008839804
895.257513976361
880.9846646000673
853.9095956030737
835.1629354415696
809.8061812669283
758.3805784085492
697.6513069565273
0.0
192.11069560299472
184.49438119495758
179.1072319795167
175.05138970874063
173.41047647825474
173.39499613266668
174.8656259154761
178.53446030856477
187.12603452918498
195.37704185445227
202.69923037668593
209.46412757355577
216.87919789716995
224.37166981265042
231.1210866639322
236.9881256128706
242.08114888807847
244.6818416672036
242.20499138063505
235.76518081517438
230.1458269057788
225.4088508715118
213.51996970825795
199.99017539616264
0.0
127.63518818234674
122.55764522279064
118.99717302565712
116.28811809139897
115.20449611551851
115.18901580530968
116.16427557707054
118.61016517790596
124.3224010084271
129.78695181573434
134.6632506990319
139.15254171552795
144.0752815430594
149.05994261686914
153.54923366602296
157.45027275306632
160.8249811514924
162.55877637386226
160.91786308894683
156.6298161786456
152.89906053927862
149.75655678037768
141.86159664162165
132.8520539746045
0.0
208.19474173909535
194.88167182979635
185.11359371217014
178.59638155484308
175.37647634014976
175.48483848711825
179.18463357138307
185.26839681425847
198.3647424296205
212.94719817337997
226.2138271819888
238.3194326391797
249.35689645519233
259.60486425188634
269.3884226606709
278.258642475936
286.3548467535446
291.3085471361782
290.0856023929116
282.1906422541556
275.13161911705276
265.33258044432444
246.94196746933162
225.6874964661567
0.0
217.99378049346802
204.06149793088247
193.8290104797765
187.00219203662832
183.64296392936072
183.7513260763293
187.6214045538409
193.98381366350924
207.71485206002743
222.97844154006302
236.86428312031396
249.5426602484568
261.1064547258719
271.83431225606347
282.06679970716937
291.3549880912981
299.83820011052006
305.02410532318237
303.7392392792078
295.4727516083525
288.08864183984053
277.84067404314646
258.5831635930426
236.3224721405382
0.0
300.8134598686735
283.4135869974222
270.81261154279014
261.9269113547222
256.6326440223061
255.9050692220511
256.4623604929854
258.6760453944231
277.6858709410581
301.4326724403157
325.95348969494813
348.52378735162927
368.13734506988874
384.53099749181047
397.0545714362205
405.19721661451933
409.2066178485313
407.0703345389599
396.11027236924315
379.91786395010007
372.502793626486
363.91121940586584
344.66918916527607
320.96882862113836
0.0
465.21439355744457
458.13989021082773
452.84562279676726
448.9291034185654
446.8083003729376
445.802079923608
445.802079923608
445.802079923608
452.1490086876883
461.18951203227425
468.97610988798766
478.01661323257355
485.57100639433247
493.0789586554009
499.36396609155855
503.85325708628267
507.7233355637944
508.12582378706986
504.75111538864377
498.52802917154963
491.96437605910285
488.4503447681024
480.4779831191245
470.23001532243046
0.0
1422.9349744259157
1336.8644289271224
1275.2682598639158
1235.1587665522682
1218.1149409491725
1225.0191609025426
1250.0663087913629
1299.0305417087613
1397.6556213260599
1507.2562443839656
1604.2713713258809
1689.0725306092065
1758.0837700504571
1806.599073952749
1842.1573554588306
1874.4957312875672
1899.7905641615012
1907.468799897461
1877.065462776791
1819.40129398167
1779.4311233720935
1725.4203075358816
1615.850645931166
1486.4507019332464
0.0
77.81953801840169
74.72347524455681
72.54075098258708
70.89983770583612
70.23418421445338
70.23418421445338
70.82243613846306
72.3085462723035
75.79161690750695
79.1353647045657
82.10758497768957
84.84760054052981
87.83530112658399
90.86944265142908
93.60945821426935
95.99342654977612
98.05230830286037
99.10496965015868
98.09874924981573
95.49805651151274
93.22245036651817
91.30289143797117
86.48851381183783
80.99300237594849
0.0
1527.7521799229248
1430.0713992909589
1358.4130262787523
1310.6098165861943
1287.0023378434369
1287.7608732532235
1314.9133438420833
1359.543089138994
1455.7067991691044
1562.675767559258
1660.0624224142796
1748.8265429290152
1829.8505053457063
1905.0383907293008
1976.7896457061765
2041.8998454616587
2101.3597314602266
2137.6765474780073
2128.7289267240308
2070.7706313355216
2019.0354217558847
1947.129364139572
1812.1719872063877
1656.1768638633278
0.0
251.26097507080894
241.29165286875988
234.2635904228332
228.95384271761426
226.80207906245482
226.78659871686676
228.6906773324834
233.50505501304633
244.74376291348196
255.51806142600807
265.1003757503697
273.95511522004676
283.6457917730213
293.44483044574963
302.28408970591255
309.9623254146575
316.6033800645412
320.02452941808707
316.7736635122176
308.36785308486196
300.999223661938
294.8070980815905
279.2648629252657
261.5553837681932
0.0
50.99215401740736
48.05089437286562
45.899130742199496
44.39754028998578
43.499682085597975
43.37583957943398
43.46872145701587
43.85572930476704
47.07563459566182
51.10051621608399
55.24924034267018
59.08835819159971
62.40114537368377
65.18760186987201
67.30840488012048
68.68615282344872
69.36728663320471
69.01123941403566
67.1536017426529
64.39810586960381
63.14420044060399
61.6890509299027
58.422704700216975
54.41330339000363
0.0
406.43564167615926
382.92104487085646
365.8926996133489
353.8954563031265
346.7435512285692
345.737330860884
346.49586618902646
349.483566845839
375.1808879158331
407.25609833222444
440.38397015306504
470.8956688491924
497.3824859657198
519.5502954807699
536.4547981912912
547.4458211338284
552.8794113043891
549.984592585031
535.1854124929049
513.296248654144
503.28048555140475
491.6857303828136
465.6788030269983
433.66551385688535
0.0
390.01102864470585
365.0722429572837
346.78999226533335
334.5760244706704
328.55418239242897
328.7399461312638
335.6751268574545
347.0686378599783
371.620415669713
398.92768949673507
423.78907359229083
446.4522531864263
467.1339525186493
486.32954180411923
504.6427531056013
521.268610303122
536.4393179273476
545.7120259658882
543.4364198181721
528.637239726046
515.4325319637154
497.0728796798987
462.6137009143933
422.79833348854925
0.0
303.4141526477987
291.37046843688614
282.87177607207605
276.46292614336187
273.8777137098248
273.8467530186486
276.1688001214845
281.9584375602009
295.53467285463074
308.5536168236968
320.13289170112955
330.8143082762013
342.51742556454633
354.3598656910359
365.0103217110055
374.28302969511645
382.31731264480237
386.4505564530152
382.5340370748133
372.36347078834126
363.47777062748816
356.00077900316614
337.2231582049154
315.84484465475435
0.0
116.11783463827959
111.28797669377298
108.11451234983357
106.17947310563478
105.34353615841123
106.24139436279901
107.44885884484344
110.26627597505676
117.03117315831918
123.26973966112877
128.31632200026718
132.69725083169396
135.97907738519592
139.5705102299619
142.31052576558739
144.33844692819025
146.04128140495436
146.67597432218457
144.95765944540278
141.27334476115564
138.76553391948485
135.5456285904894
128.14603854442632
119.67830683541311
0.0
29.81508459249145
27.895525663944454
26.502297415850336
25.57347857743747
25.109069162313258
25.124549472522094
25.65088015297496
26.533258044432444
28.40637602602405
30.49621840769041
32.38481669949085
34.11861185654519
35.69760387613196
37.16823369704208
38.57694226350948
39.846328002718124
41.00735154597162
41.7039656741009
41.53368222642449
40.40361930631015
39.397398897802745
37.9886903394998
35.35703696717174
32.30741513211779
0.0
353.214322485206
331.8360089894746
316.5569391638509
306.60309730738993
302.3614912977789
304.0798061201311
310.28741199163704
322.45493874953587
346.92931502183365
374.1437068569718
398.21559498763844
419.2688219063903
436.3900491285672
448.4492136034235
457.27299259964263
465.29179514931093
471.57680266711293
473.4808812827295
465.92648806654114
451.6226780535006
441.6997967521417
428.2938449870326
401.0949333614086
368.9732819898976
0.0
72.21566439200014
68.03597962866743
65.0173184221956
62.881035101738306
61.611649359808176
61.42588559647996
61.56520842101723
62.09153908786269
66.65823169894658
72.35498721109444
78.25298681310824
83.67109668706749
88.37711210908124
92.3091118437571
95.31229274002008
97.278292607358
98.238072074353
97.7272217122734
95.09556835355272
91.21000955222485
89.42977345637959
87.35541139308648
82.74227784865464
77.06100264127264
0.0
250.14639247451086
239.07796802175173
230.8888819699775
224.91348079242624
222.00318172747996
222.23538650307907
223.30352811704256
228.61327582226144
244.66636132161557
262.4996829712445
279.03265823131096
293.5841532838943
304.6680580005971
312.71782124144147
317.5941201682827
320.5198994971727
322.2227340555811
321.185552969505
314.97794717964337
305.65879810433864
300.73605827680717
292.88753917481534
278.9397762938565
262.34487986915616
0.0
130.4990462595154
122.60408616974603
116.95377159094616
113.28493718969301
111.72142548847953
112.3406380465143
114.64720481464802
119.1364958501944
128.1769991730084
138.23920320365278
147.12490344615028
154.91150130186384
161.242949720356
165.68579973274558
168.95214598420316
171.90888594983963
174.23093305267548
174.9430275073425
172.14109064379437
166.86230362975155
163.1934692366629
158.2397687995997
148.1930450601138
136.31964425333396
0.0
60.187460477688994
57.78801182380895
56.11613792391882
54.83127186633689
54.32042151242174
54.32042151242174
54.784830927545954
55.93037415242618
58.6239487764755
61.20916120184817
63.500247659773045
65.62105066457856
67.94309775652849
70.28062515324432
72.40142815804982
74.24358551650229
75.83805784085493
76.6585144751482
75.86901846943702
73.85657766330817
72.09182187767172
70.60571174383126
66.8904364037872
62.64883039689766
0.0
363.1062430953888
341.1396776647617
325.4271589791161
315.1946715280101
310.8292229714129
312.59397874888487
318.98734841365535
331.47996174853364
356.65095218434
384.62387942926495
409.37690137785205
431.01838017707007
448.61949713274436
461.0037482390097
470.0752121386978
478.32621951839457
484.7815104294434
486.74751029133836
478.9918729907271
464.27009449046733
454.06856759446345
440.2910882156106
412.33364126184415
379.31413172404604
0.0
65.23404281682738
61.0698383773109
58.004736223883704
55.96133478100829
54.95511437522237
54.98607500380447
56.147098547057965
58.05117716267465
62.15346034502692
66.7201529561108
70.88435739562728
74.67703429760144
78.12914430422276
81.34904959511755
84.4141517539877
87.18512794541007
89.72389941838442
91.27193080938906
90.90040328001118
88.42355305603661
86.20986816004184
83.14476600661463
77.37060892709371
70.71407393434347
0.0
12.322329872233784
11.687637001540866
11.192266957018099
11.006503189879824
10.789778794975883
11.052944131664393
11.207747270764857
11.70311731583192
12.477133011334248
13.421432159411651
14.009684086414964
14.69081790161393
15.294550143996887
15.7589595591211
15.913762702031633
16.269809921200693
16.393652430086163
16.47105399745921
16.19240835382764
15.666077673374776
15.44935328690742
14.73725884040487
14.056125025205905
13.034424311660487
0.0
227.1116853482759
212.5911509324391
201.94069496689914
194.83523087467645
191.32119963810575
191.42956178507424
195.46992371026232
202.110978360146
216.39930816367246
232.2975905609382
246.77168402165518
259.9763917839857
272.0200760493279
283.19686264905556
293.8627989329688
303.53799514035535
312.37725440051827
317.7798839615471
316.4485769624528
307.8260421050861
300.14780639634114
289.4509094756814
269.3884226606709
246.19891240513286
0.0
118.20767701178151
111.36537826931047
106.41167781591838
102.9286071861579
100.83876480449153
100.54463884248669
100.77684355549175
101.64374112857598
109.12073275017654
118.43988172478659
128.0841172872621
136.95433714879235
144.6480531595817
151.10334407063047
156.01060360700345
159.21502861218272
160.79402059639025
159.9426033307934
155.6390760749041
149.27666701966538
146.3663680363635
142.9916595835078
135.4372664108631
126.11811742808862
0.0
1050.9275507424413
983.7429883793708
934.4536688305632
901.5580017853216
885.3191524654882
885.8454831813203
904.514741750958
935.2122042403499
1001.3750658901472
1074.9529979179883
1141.936316196636
1203.0061545712254
1258.7507649494376
1310.4550134024614
1359.8217348152834
1404.6062831870677
1445.520752673118
1470.490498316917
1464.3448138277633
1424.4675251284257
1388.8782835298935
1339.4186807511278
1246.5832381915386
1139.2737021712326
0.0
32.41577732807296
31.130911270491033
30.21757275045144
29.536438940695437
29.25779328889943
29.25779328889943
29.505478312113326
30.124690870148076
31.579840375406413
32.97306862350053
34.211493742291516
35.341556656962894
36.59546208596271
37.86484782517137
38.994910739842744
39.98565082997687
40.852548403061085
41.28599719776762
40.86802872143436
39.78440674555391
38.840107596932214
38.03513127284778
36.0381707823707
33.74708431900286
0.0
220.85763857607967
208.07089924653877
198.81367155358623
192.2964593962592
188.41090057315947
187.86908959338373
188.28705808060286
189.91249104714507
203.8757342192624
221.3065677000454
239.31017274292125
255.88958895810742
270.2708005357996
282.3144847467122
291.50979127503075
297.4851923709376
300.4264519909861
298.86294035236665
290.8131771115223
278.92429608434236
273.4752254865493
267.1747377592332
253.04121119386906
235.6568186682058
0.0
1046.5775825314322
1030.663819843008
1018.743978124652
1009.9356794740207
1005.1522624846341
1002.8921366280764
1002.9230972376083
1002.9076169736644
1017.1959466955467
1037.5215988412583
1055.0453142050662
1075.3864466963657
1092.3838313443416
1109.257373499761
1123.4063804651428
1133.5150254236921
1142.214961872925
1143.1283003848005
1135.5274661862773
1121.5332624046282
1106.765043003678
1098.8546026009785
1080.9129188043812
1057.84725098697
0.0
282.6860122788115
266.33880075758003
254.49636063109043
246.15247145001305
241.18329072179137
240.48667655828282
241.01300727411493
243.087369337408
260.96713188772725
283.2742642409219
306.3089713671569
327.5324816791557
345.9540552636802
361.3724478730189
373.1374864892866
380.784761561285
384.56195818298664
382.5495172843274
372.2396282413551
357.02247971643936
350.05633843514664
341.99109493035854
323.91008824118677
301.63391652473865
0.0
362.5179910788488
339.34396125054315
322.3465766025673
310.99950641908924
305.39563285528175
305.56591630295816
312.0212072140069
322.6097418516242
345.4277246294925
370.7999590952922
393.9120677317492
414.9807749416596
434.2073248366613
452.04064648629014
469.06899182544214
484.5183450443126
498.63639131851824
507.24344588472644
505.1226429207431
491.3761240969925
479.1002351921252
462.02544889785344
430.01215980938485
392.998729219874
0.0
620.342619343749
610.9151081214757
603.8560849843728
598.6237388710204
595.7908413979404
594.4595344532756
594.4750147988638
594.4595344532756
602.9427464724977
614.9864306834103
625.3582410270906
637.4174055835912
647.4950899326088
657.4953726897601
665.8857028259573
671.8765843490967
677.0315288705827
677.5733398503586
673.0685684556167
664.7866005208176
656.0247429069507
651.3342077733738
640.6992320989924
627.0301149487525
0.0
118.03739355866216
112.07747270764858
107.20117382979397
105.43641803871456
103.3775362910733
105.93178808242091
107.35597695909713
112.23227584239467
119.5854249496668
128.61044796227202
134.3536444268182
140.8244156371899
146.5985727303182
151.10334407063047
152.60493451740126
155.88676106001728
157.15614681283333
157.89920187703206
155.2365878516286
150.17452526759683
148.00728126684933
141.28882510674367
134.67873101740517
124.86421199908878
0.0
474.30133785715026
445.61631618477315
425.0739396362653
411.714428690202
406.03315353452814
408.3242400278323
416.6836095544977
432.999860384553
465.880047165851
502.4135879402199
534.7364833689392
563.0035365540971
586.0072830708002
602.1842110627109
614.0421315347886
624.8164300473147
633.2532010842023
635.8074529082076
625.6678473129117
606.456777763498
593.1282274541815
575.1246224113056
538.6065618464507
495.47840735010317
0.0
165.93348477228838
155.329469789083
147.5428718789399
142.3414863751191
139.78723463275816
139.86463617019493
142.821376190261
147.6667144259261
158.11592630704308
169.726161739578
180.2992160860368
189.9434516566768
198.75175030730793
206.90987569512083
214.71195389642241
221.77097703352524
228.2417482901621
232.173748013952
231.21396851974222
224.91348079242624
219.29412680138623
211.47656833614096
196.81671100051517
179.88124759881762
0.0
678.1306311757223
648.1607434049412
625.9155322980248
609.7540845700577
601.8591245129462
602.4783370029439
605.373155722302
619.7853280183851
663.3004903924202
711.6145501830745
756.4455392378303
795.9048593410891
825.9521486493073
847.7639109778459
861.0150596408668
868.9255000435664
873.5231532941183
870.7366968033732
853.9095956030737
828.6302429386544
815.3016926837672
794.0317414166487
756.1823738526995
711.2120619597988
0.0
641.8912162871569
615.1721944766747
597.6484791128668
586.9825428289536
582.3539289416552
587.2766687691866
594.01060532931
609.5838011768109
646.9687592167767
681.4743789374019
709.3234636897703
733.5346746585815
751.7240434130775
771.5388452701894
786.694072548827
797.9018198941603
807.3293310347893
810.8743228808918
801.3229692477063
780.9818367564066
767.0959951761556
749.3555554095516
708.394644832307
661.6131362068145
0.0
1999.483785365548
1969.0959293796955
1946.324387584162
1929.466325230035
1920.3484212461008
1916.0294132364015
1916.075854463669
1916.060373328852
1943.3676475913107
1982.1922743691173
2015.6607137112514
2054.531782260621
2086.9940000920487
2119.239494010546
2146.2836020442155
2165.5875538848754
2182.197930872882
2183.9472060326184
2169.4266717528553
2142.707649860729
2114.4715575844657
2099.3472906159973
2065.0893558532703
2021.0323828260373
0.0
393.33929614244175
369.54605366084945
352.51770832169757
341.4338036049947
336.7123078618862
338.6318667414466
345.5515671220491
359.0813614341444
386.3421943060467
416.63716851773347
443.4645526112581
466.9017478246946
485.9734945359635
499.3949267283051
509.2094457466213
518.1570671537529
525.1541690445774
527.2749720902051
518.8691616628495
502.92443828324906
491.8714941216484
476.94847153696566
446.6534972708493
410.89397211578137
0.0
745.005587252972
697.3726612802382
662.4335927812352
639.1202401147849
627.6028864836305
627.9744140157298
641.2100824692365
662.9754037610111
709.865274669546
762.0339325376942
809.5275355906389
852.810493297934
892.3317347019008
928.9891180232557
963.9746275045934
995.7247513440052
1024.7193793022032
1042.4288583776313
1038.063409821034
1009.7963566630909
984.5789252993795
949.5160143078201
883.6937195805905
807.6389373206102
0.0
563.6227491257391
538.7149240750635
520.2314292986903
506.7945167607607
500.2463439939019
500.7571943641459
503.15664305884815
515.1384060234824
551.300419265752
591.4563535325194
628.7174691343582
661.5202542693601
686.5054809119019
704.6329285561935
715.6394317626742
722.2185651662797
726.0422026886715
723.720155558621
709.7414321225598
688.7191658133397
677.6507414422248
659.9722228946843
628.51622507715
591.1312669555398
0.0
664.9878446596701
624.7545088010365
595.976605191205
577.2299451113452
569.2575833807228
572.4929690226486
584.1960863109936
607.0759903351402
653.1608847971243
704.3852435166507
749.7270829416507
789.3566865742304
821.6021804927277
844.2808402963774
860.8912171483103
876.0154838718455
887.8269633071588
891.4183961900258
877.2074679783656
850.2562414739288
831.5869829042907
806.3385909310479
755.1297125026797
694.6636064357888
0.0
689.7718271633595
645.6684128272142
613.3145567617482
591.7349991815939
581.0690628976806
581.4251101386216
593.6855187795452
613.8254071864219
657.2476877046469
705.546267013639
749.5103585932842
789.5888912681854
826.1688729976739
860.1172014745796
892.5174984407357
921.9146145405649
948.7574788980332
965.1511313199551
961.1107693947669
934.9490388552191
911.5892452336489
879.1115465939822
818.1810310575374
747.7610830797561
0.0
103.65618194286928
97.66530045510919
93.31533224410005
90.26571040904612
88.43903336080251
88.17586802737975
88.37711210908124
89.13564749437472
95.68382027756243
103.87290632933664
112.32515772814101
120.09627531174641
126.86117249500883
132.51148707380875
136.81501430520473
139.63243153066978
141.01017937602478
140.26712431182602
136.48992776632588
130.91701473584868
128.36276293905811
125.40602298158609
118.76496831537354
110.60684288401698
0.0
17.291510639916922
16.610376830160916
16.11500677829016
15.7589595591211
15.604156416210564
15.604156416210564
15.743479248912266
16.068565839499215
16.842581535001543
17.585636601921763
18.23580978853862
18.85502234113041
19.520675840677583
20.186329337503278
20.805541890095068
21.33187257054794
21.780801675463312
22.028486690512775
21.796281985672145
21.223510366428343
20.712660012513187
20.294691536179915
19.211069560299467
18.003605078255035
0.0
1211.7989728762686
1158.2525670266912
1118.5146011927134
1089.6128551719696
1075.525769507296
1076.6403521035938
1081.79529662508
1107.5390586774088
1185.312155759741
1271.645866425947
1351.756490956703
1422.2693207358648
1475.9860102508371
1514.9499598940033
1538.6193596108908
1552.7528862034699
1560.9884142173114
1556.0037525175612
1525.9409829453996
1480.7694272674385
1456.9452240946703
1418.9255733279779
1351.3075618327373
1270.9492522624384
0.0
1703.5156641135463
1628.2348973640085
1572.3819247299687
1531.7461004303411
1511.946779490328
1513.4948105112114
1520.7550773789449
1556.9480522104784
1666.270028449074
1787.651169706822
1900.2549731684032
1999.3754231369353
2074.8883946620726
2129.6732250562086
2162.9404202594897
2182.832623654039
2194.3964179409504
2187.383835895041
2145.1225792548116
2081.606850931037
2048.1229320869743
1994.7003683489468
1899.620280931543
1786.6604293309329
0.0
1144.1964419987637
1093.622256487626
1056.11345581903
1028.8216624736697
1015.5240727738848
1016.5612537783164
1021.4375527051576
1045.7416455297791
1119.1647744555319
1200.6995877867628
1276.3364015595237
1342.901751350952
1393.6307404540444
1430.4274460692484
1452.7655389503302
1466.1250504406894
1473.8961680868886
1469.1901523900056
1440.7992566578616
1398.1509917861524
1375.6580959934856
1339.7592476464806
1275.902952781146
1200.0339342600007
0.0
401.57482317655047
385.63009979695005
374.3913918965146
365.90817987729247
362.47155017815857
362.44058956862676
365.5056917356614
373.1684470988183
391.1410915049476
408.37068092852246
423.69619165483624
437.82971827463007
453.3255125302647
468.99159023357583
483.09415616219337
495.37004506706074
505.9895404774985
511.45409128480577
506.26818612657297
492.8157933246997
481.06623505402007
471.1588341798937
446.3284106394402
418.0149164991624
0.0
215.6717333634174
203.19460040134192
194.15409705675603
187.79168800151734
183.99901111587207
183.4726804816843
183.87516862331543
185.454160607523
199.09231714823116
216.10518214179504
233.69081875188124
249.88322708938
263.9393521989518
275.688910387987
284.6674924862946
290.5035708257012
293.3829091994713
291.850358115954
283.9863586683741
272.37612323583926
267.06637561226466
260.905210641449
247.11225099865243
230.13034656019067
0.0
308.9251443557962
291.060862151065
278.10383937384773
268.98593449182505
263.55234432126434
262.7938089114776
263.36658058242944
265.6421867301455
285.1783428565386
309.54435692743834
334.7308276544032
357.92033788272647
378.0447460256595
394.9028078354907
407.75146835688037
416.1108378835457
420.2440817461883
418.03039684475044
406.7916889443149
390.1503514828505
382.5340370748133
373.72573842418217
353.95737754940484
329.62232408803686
0.0
417.7827118052077
393.61794179151616
376.1097067188667
363.7873769133092
356.4342278359734
355.39704669546757
356.18654279643056
359.25164490903563
385.67654069764035
418.6341290708046
452.6908196130345
484.05393565640316
511.2683275459708
534.0553496326629
551.4397420766819
562.7403712233956
568.3287645232596
565.3565442936793
550.1393957687636
527.6310192767164
517.3366105793322
505.4167688609761
478.6822667049059
445.7865996596643
0.0
55.868452903426395
53.65476801287456
52.091256311661084
50.89927213982548
50.43486271653683
50.419382406328
50.852831192870106
51.92097285037728
54.41330339000363
56.8127520520481
58.949035367062436
60.915035234400364
63.0667988650665
65.24952312703623
67.21552299437415
68.91835752828935
70.40446766212979
71.16300303925884
70.4354282907119
68.56231030912029
66.92139703236931
65.54364909448402
62.09153908786269
58.15953935318684
0.0
21.424754456294263
20.542376556672334
19.95412462721969
19.598077408050635
19.443274270583057
19.613557726423906
19.830282118334225
20.356612793344127
21.595037903970667
22.756061447224166
23.684880285637032
24.489856609721468
25.093588843939983
25.759242348930112
26.27009270556675
26.64162023494464
26.951226520765715
27.07506902965119
26.74998243906423
26.06884862114379
25.604439206019578
25.016187276566935
23.65391965705492
22.09040794767699
0.0
553.4212222297353
519.9527835679714
495.98925763870284
480.4005815272582
473.7595268773745
476.4531014578801
486.19021896597457
505.23100506771164
543.5912229202605
586.2240074191668
623.9495324361299
656.9380814188258
683.7654653762764
702.6514483487105
716.4753686282536
729.0453836094279
738.8908631828464
741.8785638396591
730.051603977113
707.6206291585765
692.0783940022516
671.0716080386196
628.4543038308717
578.1278032776323
0.0
69.63045196662746
66.8594757752051
64.90895622624043
63.43832640260883
62.8500744731562
62.834594154782906
63.376405145444615
64.7077121418175
67.81925524220007
70.8069558200898
73.45408950262667
75.91545940822797
78.59355371390402
81.3180889719784
83.76397856737086
85.88478156945487
87.72693892246438
88.67123807925051
87.77337986941977
85.45133278291276
83.4079313482018
81.68961650135628
77.38608923730254
72.47882972542288
0.0
179.9896098002157
169.10694916793588
161.3048709666343
156.24280830095816
154.07556430021066
154.95794225698364
158.11592630704308
164.3235320969047
176.78518487668083
190.6555461113438
202.93143507064067
213.65929254640264
222.39018960516742
228.52039393923658
233.02516527954884
237.11196810542717
240.31639311060644
241.27617265924582
237.43705473683633
230.1458269057788
225.08376424010262
218.25694579695454
204.38658456229157
188.0238927771164
0.0
170.53113802284025
159.61751669938428
151.62967475924776
146.28896644449713
143.65731311026977
143.73471470213616
146.76885617799462
151.7535172518044
162.4813747819959
174.41669679151036
185.29935750543467
195.20675840677586
204.24726166971732
212.63759188755893
220.64091417328348
227.91666171318255
234.5577163630662
238.6135586338423
237.60733818451268
231.1365670095203
225.36240991639195
217.34360728507932
202.26578154387866
184.86590872705696
0.0
95.9315052926119
90.38955292337455
86.36467130295236
83.5317738543658
81.84441963882388
81.61221493398322
81.78249838165966
82.49459282544073
88.56287587513093
96.1327493824778
103.95030790487412
111.14865387467867
117.40270069586151
122.63504679832812
126.62896778200377
129.2141802019335
130.4990462595154
129.81791244431645
126.31936150434713
121.16441696925355
118.79592894395566
116.05591338111537
109.9102287558877
102.3558355669141
0.0
675.8085840728866
641.6590115932022
613.7789661496578
603.6393606360062
591.9207629204288
606.5032186641884
614.6303834968991
642.587830369021
684.7252448432714
736.3056508309538
769.1858375306073
806.2766696303398
839.3426202049022
865.1792641130409
873.7089170329533
892.4710575400454
899.8242066173814
904.0812929725803
888.7867428557984
859.7766345520121
847.4233440008488
808.9083230189968
771.1208768373999
714.9428175991659
0.0
763.1175544972458
716.9552584433953
683.9202684783647
662.4181125717212
653.2692470257372
656.984522319516
670.4059544302133
696.6760471983739
749.572279757918
808.351031693633
860.3648865141225
905.8460487500523
942.8594792579189
968.8818869865369
987.9536336978057
1005.2915853227786
1018.8678206172084
1022.985584134263
1006.6693332225633
975.7396660392167
954.3149115883655
925.3512442396989
866.5879726495722
797.1897253850638
0.0
1349.2331997694441
1262.9768906134602
1199.6933674190773
1157.4630710073727
1136.6110882274734
1137.2922220453938
1161.2712282386062
1200.668627177231
1285.6091095980642
1380.0699850969809
1466.0786092134217
1544.4709183231002
1616.0364102959404
1682.4314762042561
1745.7924010721495
1803.3017672278338
1855.81099190969
1887.8862020539336
1879.9757620866703
1828.7978439684714
1783.1154386006363
1719.5997097325665
1600.4167728673797
1462.6574596693724
0.0
1564.0999568495993
1494.9803551797359
1443.694074832924
1406.3865184392541
1388.1971495214693
1389.6368191301838
1396.2933538535078
1429.5295881478944
1529.8884624976965
1641.331243169874
1744.7242593765416
1835.7485052851832
1905.0693508217516
1955.3803705667515
1985.9230308249284
2004.1743207440582
2014.793815882348
2008.3540056162499
1969.560338386598
1911.2459962197997
1880.502092639214
1831.4449775938576
1744.1514881410267
1640.4333847042244
0.0
121.87651141303465
114.8329685806977
109.72446499255949
106.11755185391354
103.98126853345622
103.68714257145139
103.90386695791874
104.80172516774952
112.5109214941907
122.12419643624855
132.06255796889332
141.21142351487734
149.15282455432356
155.79387917699242
160.87142218825662
164.16872899481638
165.7941620157881
164.92726440460316
160.48441431056918
153.9207611981223
150.91758033179556
147.44998999591508
139.6479117401839
130.05011715460003
0.0
1756.5512193479467
1678.9174450221146
1621.3151969561911
1579.4254676847725
1559.006933465532
1560.6168863042046
1568.0783970386428
1605.416914341207
1718.1290800314011
1843.2874187000798
1959.4052527995063
2061.6062853078756
2139.472263865011
2195.959929552355
2230.264305542349
2250.7757213996815
2262.695563281326
2255.4662559617473
2211.8891730762334
2146.4074445912015
2111.8708643699038
2056.7764270640064
1958.7550794278288
1842.2657176874438
0.0
2.507810853373115
2.353007714272649
2.2446455166846047
2.167243947134372
2.1362833199130042
2.1517636336597623
2.1982045751721833
2.29108645901347
2.4613699115885455
2.647133678726823
2.817417131574046
2.972220271218808
3.096062781737166
3.1734643512873992
3.2353856070908744
3.2973068623500534
3.343747804678918
3.359228118969972
3.2973068623500534
3.204424979869506
3.127023410319273
3.0341415264779865
2.84837775933971
2.6161730506890115
0.0
137.52710877620058
128.73429047660045
122.27899957915909
117.97547230149792
115.85466930485687
115.91659056202109
118.36248014924911
122.38736176967126
131.04085724473418
140.66961253510155
149.43147014896851
157.43479248912263
164.72602032018017
171.49091751705004
177.9462084280988
183.8132473770372
189.1694359829463
192.43578223440383
191.6308059239268
186.41394010173275
181.75436565933214
175.2835944026953
163.1315479903846
149.09090330804528
0.0
2349.369840271374
2245.558854924332
2168.513333513128
2112.474596514314
2085.1673227961505
2087.3190867778876
2097.303889135021
2147.2433815112104
2298.0061586048437
2465.3947932770047
2620.693302837563
2757.39995411404
2861.551506465294
2937.0954380828825
2982.979088950309
3010.3947246249377
3026.354928513414
3016.6797322515986
2958.3963501772505
2870.8087341310315
2824.6309583031043
2750.9446640738647
2619.8264044643643
2464.0325258044527
0.0
476.1434952264886
455.0902683077367
439.486111850704
428.12356145771184
422.5970894041263
423.03053818250396
425.05845929067726
435.1671043308709
465.7252439821183
499.6580921134359
531.1295702221287
558.8393321363523
579.9389999557944
595.2490304181647
604.5526991478814
610.1101318109986
613.3455174529244
611.3795175910295
599.5680380740716
581.8121179618795
572.4620083859021
557.5235054012018
530.9438064832938
499.37944638271694
0.0
522.909523533608
489.4875258269639
464.95122830838767
448.5885364959978
440.50781264562164
440.77097789467854
450.05916627880714
465.33823610443085
498.24938352247517
534.8603258614957
568.2049221123474
598.5772979703302
626.3180204396559
652.0463021463966
676.6135603561488
698.8897320998118
719.2463448550552
731.6770369436553
728.6119348310502
708.7816527099945
691.0721735529221
666.4584744424797
620.2652177518826
566.8736150316087
0.0
148.34784824384653
141.79967539534334
136.93885681409017
133.39386495982325
131.67555012114215
131.79939262186323
132.43408549827123
135.59206951295144
145.11246254749113
155.6855169755943
165.484555729967
174.1225708512774
180.7017043093123
185.46964095311102
188.36445967246925
190.0982548404095
191.10447515366513
190.48526271809692
186.81642824336387
181.27447584419022
178.36417686088842
173.70460241848778
165.4381147476324
155.59263511978426
0.0
101.05548919912333
94.94076521064221
90.55983637105095
87.71145861225556
86.50399412204666
86.99936417391744
88.77960027520568
92.24719058659288
99.25977279306922
107.04637068688346
113.93511037630988
119.95695248720912
124.84873168071553
128.3008416818939
130.82413285010236
133.11521930802724
134.9109357222458
135.46822699862304
133.3009830795199
129.2141802019335
126.36580244313807
122.52668459420853
114.75556701876758
105.560260553043
0.0
145.90195856680967
140.09684086414964
136.025518307658
132.92945554197755
131.691030431351
131.67555012114215
132.7901327174403
135.5765892598937
142.10928168116442
148.36332850779021
153.93624154371037
159.07570571960846
164.69505962900408
170.39181521191037
175.51579909665003
179.97412953627207
183.82872766819563
185.82568813962232
183.93708986959373
179.04531067880885
174.77274403245124
171.18131123122896
162.15628823223113
151.8618793987729
0.0
163.93652430086163
156.6917374249239
151.32006847342672
147.4190293863833
145.49947042517857
145.65427352726692
146.35088769077544
149.83395829059964
160.36057176358298
172.03272849682583
182.86894825563027
192.42030188881577
199.68056916477113
204.95935617881395
208.16378118399317
210.06785979960986
211.18244239590797
210.51678884193123
206.44546630721143
200.33074229151546
197.11083702239253
191.97137276485003
182.82250727329563
171.93984655937138
0.0
936.5125506299125
895.118191219861
864.4207287848986
842.0826357405278
831.1844947626597
832.0513923738447
836.0298330527545
855.9375167112471
916.0320953004681
982.7522482756292
1044.6580235702277
1099.164208805155
1140.6669304438196
1170.7916213166893
1189.073872090284
1200.0029737048985
1206.365382678493
1202.5107845465693
1179.2748333359116
1144.3667254464403
1125.9606322075037
1096.5789964532626
1044.3174566476596
982.2104372958535
0.0
466.3134959442286
438.10836400534896
417.92203456170796
404.7792481000854
399.1908547457919
401.466460893508
409.67102731808507
425.70863255349553
458.0315279277851
493.9613365305296
525.7424210066879
553.5295844311335
576.1463230701492
592.0600857585735
603.7012818822847
614.3052968654899
622.587264800289
625.1105559875477
615.1412337854986
596.239770521906
583.1434249609738
565.4494261494895
529.535097892333
487.1345180873814
0.0
536.903727315257
509.78221736314373
487.6298881120374
479.5646446072493
470.2609759319622
481.84025075496544
488.31102192995786
510.509792136184
543.9782307979478
584.9701020663684
611.1008719147402
640.5599092608478
666.8300020290086
687.3414179135551
694.1217953743686
709.0448179590513
714.8808963528877
718.2556047513135
706.1190386845909
683.0533710032538
673.2543322488812
642.6497516152994
612.6334229438279
567.9881976823364
0.0
349.96345657933654
328.78638716802794
313.64664009890464
303.78568017989807
299.59051507097735
301.2778693382273
307.4390342273987
319.4827184383113
343.7403703622426
370.69159686667933
394.5622409401379
415.4142237744669
432.3806478129109
444.315969876855
453.0623471995635
461.0192285845978
467.24231472004743
469.13091307172044
461.653921365754
447.45847358132636
437.62847427185153
424.34636491765457
397.4106186771614
365.58309332752776
0.0
1036.654701284503
990.8484524171638
956.8536831212122
932.1316217821568
920.0724571712267
921.032236719866
925.4441261771534
947.4726127996291
1013.9915216903674
1087.8480993944977
1156.379449047821
1216.7062324126416
1262.6518040636954
1295.996400232903
1316.2291704955896
1328.3347759527805
1335.3783187442955
1331.105752179582
1305.392950764
1266.7386069440033
1246.3665138431718
1213.8578545939736
1155.9924412245632
1087.2443671684437
0.0
697.9609132423485
655.7306168850732
625.528524474767
605.8530455374439
597.4936760107786
600.8838646731484
613.1597537140897
637.1852008079921
685.5611818449246
739.324311961224
786.8953166876794
828.490920182154
862.346366639961
886.1396091215532
903.5859229479245
919.4532447356584
931.8529761330823
935.6301726731397
920.7071500884568
892.4246166393553
872.811058866666
846.3242417501388
792.5765918433535
729.1073048557063
0.0
489.4565652174321
459.8427246875917
438.6656552762832
424.8726955518423
419.00565660290397
421.3741446064301
429.9966794637968
446.8392610641137
480.756628768199
518.4666734395739
551.8267498999398
580.9916613058143
604.7384628867162
621.4262413033006
633.6556893074777
644.7860350065151
653.4859713741038
656.1176247627607
645.6684128272142
625.8226504149999
612.0761316728937
593.4997550407103
555.8206709244375
511.29928810107293
0.0
185.65540469194593
174.91206687059594
167.12546896045285
161.6609181531456
158.39457190168804
157.9301625682082
158.28620975471952
159.6484773905604
171.38255531565187
186.02693222404534
201.16667929316867
215.09896177410985
227.20456728573035
237.32869258986779
245.05336919930298
250.0689908826445
252.54584111478349
251.23001437963288
244.46511731883697
234.46483442561177
229.89814186623596
224.5883941610171
212.71499347942526
198.10157712613403
0.0
1590.6022542844998
1494.3766230353262
1425.5201870499561
1380.704677878137
1361.6329314118013
1369.3576079940217
1397.3460157750383
1452.0998860767234
1562.3352005550462
1684.861885372416
1793.2860039618054
1888.087446737082
1965.2258506028215
2019.4688706703369
2059.20683704861
2095.353369292137
2123.635902795668
2132.2274775877986
2098.2327076931215
2033.7726810371694
1989.0810146844844
1928.7232702202657
1806.2430271744595
1661.5949736610855
0.0
573.8552366584894
548.4984824022038
529.6744207304777
515.9898232890793
509.31780789359004
509.8441386638516
512.2900282048145
524.4730353083013
561.3007020773329
602.1842110627109
640.1264604280406
673.5174975795825
698.9516533460901
717.4041874857168
728.6119348310502
735.3149107272121
739.2159498142557
736.8474618107294
722.6055730439672
701.2117792026478
689.942110611036
671.9385055953749
639.9097360796738
601.8591245129462
0.0
1343.5674048232843
1284.1849207159448
1240.1279472804897
1208.0836975008451
1192.464060752654
1193.7024858959383
1199.4147216883584
1227.975900868179
1314.1857690418285
1409.9160302119164
1498.7265911374761
1576.9021766063724
1636.4704240171102
1679.675980350257
1705.9151123728122
1721.5966708027183
1730.7145753309487
1725.188103304578
1691.8589879163956
1641.7646912678817
1615.3552762875167
1573.2178621942735
1498.2312206773836
1409.142014293253
0.0
101.24125297061597
95.12652897669189
90.73011982417033
87.88174206537491
86.67427758333048
87.16964762703681
88.9498837228821
92.43295435264257
99.44553655639743
107.24761476858492
114.15183477094168
120.17367687911945
125.09641670392942
128.54852671055076
131.07181787331623
133.37838464144994
135.1741010611115
135.7159120218369
133.56414841294261
129.44638491493853
126.61348747179494
122.77436961742244
114.97229140523494
105.76150462930153
0.0
835.6583054662257
782.2357421908495
743.0395873910768
716.893337197117
703.9672750294316
704.3852435166507
719.2463448550552
743.6433196171309
796.2609065276005
854.7610128686706
908.0287730419584
956.5905177360813
1000.9106564205935
1042.026370236
1081.2844463364804
1116.8891683078157
1149.4133077665283
1169.2900308699188
1164.3827713879753
1132.6790885036833
1104.3965549185077
1065.0610773078054
991.2354602948512
905.9079699963308
0.0
949.5624552085104
892.1150103535342
851.0147768837154
824.2493141725431
812.8712834339628
817.4844169756734
834.2031560290042
866.882098589805
932.688913053091
1005.8333963025547
1070.5720690702326
1127.1526163956682
1173.20655030255
1205.5913670047626
1229.3072078672733
1250.902245793016
1267.7757879484352
1272.8997718603896
1252.6050803242097
1214.1210199791042
1187.4484390693126
1151.4102683195995
1078.2967456796678
991.9475547223036
0.0
143.39414772513894
136.14936081654346
130.23588092064972
128.0841172872621
125.59178674763577
128.68784952964506
130.40616437376906
136.3351245880361
145.28274607681192
156.2273279553701
163.20894958225097
171.07294902983082
178.0855311845991
183.56556233749438
185.376759097301
189.35519977621075
190.91871141483026
191.81656966276168
188.58118410248022
182.4200191316645
179.80384600695126
171.6302403551947
163.6114377238821
151.6915960055261
0.0
113.82674818035471
108.79564615958958
105.06489050117224
102.34035525670527
101.02452857598418
101.13289077466081
101.61278049999386
104.02770947224717
111.33441764072835
119.44610213057251
126.969534690964
133.59510904152472
138.64169142692828
142.29504541999933
144.52421066702513
145.85551766611948
146.62953336706477
146.1496436063525
143.33222647886066
139.09062046924964
136.84597497460902
133.28550276931105
126.92309374400861
119.38418087340827
0.0
1011.4837108486965
952.9836046437006
910.5830247843195
880.7524599061122
862.9500988660152
860.4577683699325
862.346366639961
869.7923976547515
933.7415744031111
1013.5580729119896
1096.00622483674
1171.937164549734
1237.8368608688302
1293.00869963052
1335.0996731496505
1362.4533876324297
1375.9677015445075
1368.7538755230344
1331.9262088356472
1277.4509841558217
1252.5276787323435
1223.6568932667017
1158.9337008446116
1079.2720054378215
0.0
300.6896173761169
283.3052248504537
270.68876905023353
261.8185491533241
256.53976208485176
255.796707020653
256.3539983460168
258.5676832474546
277.57750865801563
301.3088299477591
325.81416685680347
348.384464595129
367.98254196780044
384.3761943897221
396.8997683341322
405.02693308519855
409.0363344552845
406.9000511457131
395.9399888399225
379.7630608480118
372.34799044275326
363.7564162221331
344.52986632713146
320.8449860741522
0.0
1860.54796824332
1747.9906054647106
1667.4620129638163
1615.030189601678
1592.7230573573427
1601.7635605658543
1634.5044246722966
1698.5464827321703
1827.482017723187
1970.7987638564603
2097.644456139233
2208.514464215156
2298.7492144310568
2362.203020937042
2408.674923358358
2450.9671409074817
2484.048571745988
2494.095295104467
2454.3263686337423
2378.921760153661
2326.6602200214816
2256.0545083320794
2112.784203426075
1943.5843720485368
0.0
242.00374737785646
227.37485073340676
216.894678242758
210.06785979960986
207.17304108025166
208.34954492282807
212.60663119638278
220.93504016794603
237.7002201219672
256.3539983460168
272.840532705393
287.26818526541973
299.00226319051126
307.25327043413427
313.30607325798144
318.8015846203909
323.10511193070977
324.4209386114308
319.25051374435657
309.4359947804698
302.6401368924238
293.4603107913377
274.8220128312317
252.80900649991435
0.0
1342.1432159411652
1282.8381334256921
1238.8276008909272
1206.8143118024586
1191.2101553998557
1192.4331001431221
1198.145335989972
1226.6755544786165
1312.7925407964558
1408.4299199202305
1497.1475992076982
1575.245783356876
1634.7366294478952
1677.8957445537744
1704.1039156674353
1719.7699935068201
1728.8878983071986
1723.361426280828
1690.063271529392
1640.030896698667
1613.6524415386048
1571.5459878099605
1496.652228747606
1407.6404236831936
0.0
1163.1907871998108
1092.817280177149
1042.4752992783217
1009.687994434478
995.7557118991074
1001.390546154091
1021.8710014835352
1061.9030932577461
1142.5245680771018
1232.1246250764098
1311.414792896671
1380.7356387870313
1437.145902338213
1476.8064665803245
1505.8784957765968
1532.3188724823003
1552.9850909790687
1559.27009860573
1534.4087151905442
1487.2711590791776
1454.5922162462284
1410.457841082833
1320.8732646740464
1215.0962797372576
0.0
580.6046535097713
547.0278526193944
522.6927991852413
505.55609169912077
495.3390845119585
493.9148955754098
494.99851753496125
499.27108423574845
535.9749084577938
581.7966376707209
629.119957303204
672.6970409235174
710.5309281418785
742.2036503894237
766.3529400575271
782.0654586615286
789.8210959621399
785.6723718899833
764.5262630337769
733.2715092734508
718.9676992604102
702.3882830452242
665.235529699213
619.5221626876839
0.0
43.42228051822493
41.7039656741009
40.48102087368319
39.567682359086554
39.19615481610127
39.19615481610127
39.52124141213118
40.35717836479772
42.292217603553546
44.16533558514516
45.82172917210495
47.354280252900786
49.02615415823387
50.713508368332825
52.24605944096422
53.57736644550152
54.72290967038174
55.311161599834385
54.75387029896384
53.29872079370551
52.02933505449686
50.945713078616414
48.267618767497424
45.20251661407021
0.0
141.8151557409314
135.91715612803173
132.04707765052007
129.67858962522212
128.65688890106296
129.74051088238636
131.24210132643566
134.67873101740517
142.9297383372295
150.56153314528427
156.707217770512
162.0634062947767
166.07280761043302
170.4537365126183
173.79748421986827
176.2898148520249
178.36417686088842
179.15367288020695
177.03286991622366
172.54357886706984
169.47847670003526
165.561957240189
156.50597363165943
146.16512389751097
0.0
11.455432292890167
10.97554256211416
10.66593628391323
10.480172516774951
10.387290632933665
10.480172516774951
10.60401502865405
10.88266067881717
11.548314176731454
12.167526733133316
12.662896778200377
13.096345568280405
13.421432159411651
13.777479381574334
14.04064471499707
14.241888796698547
14.412172244374963
14.474093501539178
14.303810053862763
13.947762834693707
13.700077807125442
13.374991217899227
12.647416464725769
11.811479513419966
0.0
16.47105399745921
15.789920187703206
15.340991082787827
15.062345439156259
14.93850292482783
15.062345439156259
15.248109197041504
15.635117044792667
16.594896511787642
17.4927547216184
18.204849159956513
18.824061712548307
19.28847112767252
19.799321489752113
20.186329337503278
20.480455299508122
20.712660012513187
20.805541890095068
20.557856875045605
20.047006512966014
19.675478975423687
19.226549878672742
18.173888531374406
16.98190435953881
0.0
4.644094173286119
4.41188946463542
4.21064538320609
4.1487241279469105
4.071322558396678
4.164204441693669
4.226125697497143
4.41188946463542
4.706015429089595
5.062062648258651
5.278787043162592
5.541952379851104
5.774157088501799
5.944440541076878
6.00636179688035
6.130204308215153
6.176645249727575
6.207605877765386
6.114723994468396
5.913479913855509
5.820598030014223
5.557432693325711
5.294267357453646
4.907259509158186
