0.0
187.178
177.122
167.97
160.646
160.64399999999998
165.13400000000001
173.772
173.858
186.84199999999998
201.022
217.834
229.332
235.582
242.112
242.368
243.65599999999998
238.33200000000002
240.396
243.472
243.3
239.304
232.60600000000002
213.246
194.966
0.0
154.148
142.118
133.85399999999998
127.19800000000001
122.994
126.5
132.98399999999998
138.62
152.56799999999998
165.832
179.196
189.76
199.29
205.404
211.14000000000001
217.3
218.62
220.036
215.402
199.726
191.62
187.966
173.304
154.638
0.0
419.03000000000003
418.272
416.882
416.596
416.118
415.958
416.616
417.29
418.75399999999996
420.422
420.65999999999997
418.904
417.532
417.84799999999996
419.03799999999995
420.846
421.09
420.93600000000004
420.498
417.802
416.75600000000003
417.45
420.32399999999996
419.71599999999995
0.0
369.87
362.166
353.626
347.318
348.32599999999996
352.81
359.22999999999996
364.12600000000003
379.19800000000004
397.406
418.072
441.358
460.156
481.01599999999996
492.00800000000004
496.476
500.89799999999997
494.156
482.304
464.992
453.456
442.62
416.4
392.528
0.0
78.718
78.216
77.954
78.034
78.764
78.064
77.904
78.228
78.464
80.144
82.486
84.51599999999999
87.24600000000001
88.518
89.83
90.78
91.47200000000001
90.038
88.592
86.902
86.422
85.612
83.492
80.52199999999999
0.0
930.84
858.83
810.984
794.34
786.2819999999999
808.79
838.76
891.0179999999999
989.126
1085.534
1208.3799999999999
1339.316
1351.764
1399.7340000000002
1387.416
1368.042
1374.946
1370.4859999999999
1354.1779999999999
1307.722
1250.692
1222.818
1125.312
990.846
0.0
65.41
60.35
56.988
55.824
55.25
56.834
58.942
62.616
69.51
76.286
84.914
94.118
94.99000000000001
98.36
97.5
96.13600000000001
96.62
96.304
95.16
91.89999999999999
87.89
85.932
79.08
69.632
0.0
265.15
249.58599999999998
237.494
227.22
224.85399999999998
232.83200000000002
242.434
249.81
258.61400000000003
272.52000000000004
289.974
307.138
326.288
343.912
356.71000000000004
364.168
368.94399999999996
371.57
366.482
358.256
346.00800000000004
335.19800000000004
310.534
286.044
0.0
399.134
377.684
358.168
342.542
342.542
352.134
370.54
370.728
398.414
428.65000000000003
464.496
489.00800000000004
502.334
516.268
516.808
519.562
508.206
512.62
519.16
518.8059999999999
510.278
496.006
454.712
415.74199999999996
0.0
1652.344
1524.53
1439.594
1410.058
1395.748
1435.7
1488.902
1581.666
1755.8239999999998
1926.946
2145.02
2377.44
2399.536
2484.694
2462.822
2428.434
2440.69
2432.7639999999997
2403.822
2321.356
2220.1279999999997
2170.636
1997.568
1758.868
0.0
69.646
64.262
60.684
59.436
58.834
60.518
62.76
66.67
74.012
81.22399999999999
90.416
100.218
101.146
104.736
103.812
102.36
102.876
102.548
101.324
97.852
93.586
91.496
84.202
74.142
0.0
1015.81
1013.9840000000002
1010.604
1009.9060000000001
1008.7479999999999
1008.3679999999999
1009.9479999999999
1011.59
1015.1379999999999
1019.1779999999999
1019.76
1015.5
1012.1740000000001
1012.9460000000001
1015.8259999999999
1020.2059999999999
1020.7920000000001
1020.436
1019.364
1012.8259999999999
1010.312
1011.97
1018.948
1017.4760000000001
0.0
1223.122
1128.514
1065.6399999999999
1043.772
1033.176
1062.752
1102.14
1170.8
1299.722
1426.3899999999999
1587.814
1759.864
1776.2179999999998
1839.254
1823.066
1797.606
1806.6779999999999
1800.8200000000002
1779.3880000000001
1718.346
1643.4199999999998
1606.778
1478.664
1301.972
0.0
216.28
215.888
215.172
215.02
214.774
214.69199999999998
215.03
215.382
216.134
216.996
217.118
216.214
215.504
215.67000000000002
216.28199999999998
217.216
217.338
217.26000000000002
217.03
215.644
215.108
215.46200000000002
216.946
216.632
0.0
67.8
63.815999999999995
60.726
58.1
57.492000000000004
59.535999999999994
61.989999999999995
63.88
66.13000000000001
69.682
74.146
78.536
83.428
87.938
91.206
93.12
94.338
95.012
93.71
91.60000000000001
88.47
85.71199999999999
79.402
73.14399999999999
0.0
14.177999999999999
13.078
12.318
11.700000000000001
11.312
11.64
12.236
12.754
14.038
15.258000000000001
16.484
17.458
18.334
18.896
19.426
19.992
20.11
20.246000000000002
19.818
18.372
17.624
17.291999999999998
15.940000000000001
14.222
0.0
278.67400000000004
262.318
249.608
238.814
236.322
244.708
254.8
262.548
271.8
286.416
304.762
322.804
342.93
361.452
374.906
382.74399999999997
387.762
390.51800000000003
385.176
376.524
363.654
352.28999999999996
326.37
300.632
0.0
272.598
270.838
269.958
270.24
272.76
270.324
269.764
270.88800000000003
271.714
277.532
285.64
292.67999999999995
302.13
306.536
311.06
314.368
316.754
311.80600000000004
306.80199999999996
300.93600000000004
299.268
296.452
289.132
278.846
0.0
183.21200000000002
182.038
181.44
181.626
183.32999999999998
181.692
181.31
182.064
182.628
186.534
191.982
196.712
203.06799999999998
206.028
209.06799999999998
211.296
212.894
209.56799999999998
206.202
202.26000000000002
201.142
199.25
194.332
187.41400000000002
0.0
748.876
690.942
652.45
639.06
632.5759999999999
650.688
674.7959999999999
716.842
795.768
873.33
972.158
1077.5
1087.51
1126.104
1116.1899999999998
1100.606
1106.16
1102.572
1089.452
1052.08
1006.202
983.7719999999999
905.3340000000001
797.154
0.0
232.462
230.734
229.5
223.942
219.82000000000002
220.63
221.06799999999998
223.422
227.76999999999998
238.598
250.118
259.776
266.42400000000004
272.028
281.23
286.138
287.988
286.732
284.966
276.81199999999995
265.982
263.834
251.104
235.346
0.0
154.432
153.29
152.468
148.776
146.042
146.576
146.864
148.43
151.32
158.516
166.164
172.57999999999998
177.0
180.722
186.83599999999998
190.092
191.326
190.488
189.316
183.898
176.702
175.27599999999998
166.82
156.34799999999998
0.0
224.734
211.542
201.292
192.584
190.574
197.338
205.472
211.73000000000002
219.19
230.974
245.768
260.318
276.544
291.486
302.334
308.654
312.7
314.928
310.616
303.64
293.264
284.10200000000003
263.192
242.43800000000002
0.0
235.31199999999998
221.5
210.77
201.654
199.552
206.62800000000001
215.152
221.70000000000002
229.512
241.852
257.348
272.57599999999996
289.57
305.218
316.574
323.19
327.428
329.75600000000003
325.242
317.938
307.072
297.478
275.584
253.85999999999999
0.0
499.43999999999994
496.222
494.6039999999999
495.11600000000004
499.74
495.28000000000003
494.25800000000004
496.308
497.82800000000003
508.496
523.334
536.2280000000001
553.5519999999999
561.6239999999999
569.9159999999999
575.982
580.342
571.2760000000001
562.108
551.366
548.3100000000001
543.148
529.734
510.88599999999997
0.0
848.974
847.442
844.618
844.0360000000001
843.068
842.748
844.0699999999999
845.446
848.412
851.786
852.274
848.7139999999999
845.9340000000001
846.578
848.982
852.644
853.1360000000001
852.834
851.936
846.472
844.374
845.76
851.594
850.366
0.0
1595.58
1472.156
1390.142
1361.6100000000001
1347.7939999999999
1386.38
1437.752
1527.328
1695.5
1860.748
2071.332
2295.766
2317.1000000000004
2399.3379999999997
2378.214
2345.004
2356.84
2349.188
2321.238
2241.604
2143.86
2096.0699999999997
1928.942
1698.446
0.0
94.158
93.45400000000001
92.956
90.706
89.036
89.366
89.538
90.49
92.254
96.64
101.31
105.218
107.91199999999999
110.17999999999999
113.906
115.896
116.642
116.134
115.424
112.118
107.732
106.86
101.71000000000001
95.324
0.0
1649.13
1552.35
1477.12
1413.254
1398.492
1448.128
1507.834
1553.73
1608.466
1694.97
1803.53
1910.306
2029.382
2139.024
2218.61
2264.994
2294.686
2311.034
2279.372
2228.194
2152.0240000000003
2084.796
1931.384
1779.1
0.0
304.032
301.778
300.162
292.894
287.50600000000003
288.56199999999995
289.13
292.206
297.896
312.064
327.12800000000004
339.756
348.456
355.784
367.82
374.236
376.65000000000003
375.02
372.702
362.036
347.87399999999997
345.064
328.42199999999997
307.804
0.0
84.66
84.118
83.846
83.93
84.714
83.958
83.78399999999999
84.132
84.388
86.196
88.716
90.902
93.83800000000001
95.204
96.60799999999999
97.636
98.378
96.844
95.286
93.464
92.946
92.072
89.796
86.606
0.0
674.788
670.44
668.256
668.946
675.204
669.176
667.786
670.554
672.614
687.024
707.072
724.504
747.9000000000001
758.804
770.006
778.2
784.1020000000001
771.8480000000001
759.464
744.954
740.8199999999999
733.842
715.718
690.26
0.0
421.0
396.288
377.086
360.78000000000003
357.014
369.688
384.93
396.646
410.62
432.7
460.412
487.676
518.0699999999999
546.056
566.374
578.216
585.802
589.97
581.8919999999999
568.8199999999999
549.38
532.216
493.052
454.172
0.0
367.13800000000003
364.414
362.466
353.684
347.18199999999996
348.452
349.142
352.854
359.728
376.83
395.026
410.274
420.776
429.62199999999996
444.166
451.908
454.826
452.85200000000003
450.062
437.176
420.072
416.686
396.586
371.69
0.0
138.578
127.75800000000001
120.33
114.35000000000001
110.566
113.72
119.548
124.618
137.156
149.074
161.092
170.58999999999997
179.156
184.648
189.81
195.344
196.53400000000002
197.804
193.646
179.55599999999998
172.262
168.978
155.798
139.01
0.0
32.18
30.288
28.82
27.578
27.284
28.258
29.416
30.316
31.386
33.074
35.192
37.268
39.594
41.730000000000004
43.292
44.194
44.772
45.092
44.47
43.474
41.989999999999995
40.676
37.686
34.71
0.0
396.06
365.42400000000004
345.06600000000003
337.98199999999997
334.558
344.128
356.882
379.118
420.866
461.882
514.1519999999999
569.8679999999999
575.162
595.57
590.33
582.084
585.024
583.122
576.188
556.416
532.16
520.294
478.812
421.592
0.0
119.894
119.124
118.738
118.856
119.97200000000001
118.9
118.656
119.142
119.50999999999999
122.07
125.63
128.728
132.88799999999998
134.824
136.814
138.272
139.322
137.144
134.94199999999998
132.362
131.632
130.386
127.172
122.642
0.0
266.776
261.21999999999997
255.06799999999998
250.514
251.242
254.46999999999997
259.108
262.638
273.50600000000003
286.634
301.55
318.33599999999996
331.902
346.94599999999997
354.87399999999997
358.096
361.282
356.42400000000004
347.87
335.388
327.06399999999996
319.252
300.338
283.118
0.0
146.336
135.014
127.492
124.878
123.606
127.144
131.85399999999998
140.07
155.496
170.648
189.962
210.54399999999998
212.502
220.046
218.112
215.06400000000002
216.148
215.446
212.882
205.584
196.618
192.232
176.904
155.77
0.0
72.82
72.284
71.898
70.15
68.864
69.11200000000001
69.254
69.992
71.356
74.746
78.35199999999999
81.382
83.464
85.22
88.096
89.636
90.218
89.826
89.27199999999999
86.712
83.318
82.64800000000001
78.664
73.72200000000001
0.0
407.162
375.65999999999997
354.738
347.452
343.932
353.77200000000005
366.884
389.744
432.654
474.824
528.5600000000001
585.8299999999999
591.274
612.256
606.874
598.3960000000001
601.4200000000001
599.466
592.33
572.01
547.066
534.8720000000001
492.226
433.408
0.0
70.41799999999999
66.286
63.074000000000005
60.348
59.717999999999996
61.836
64.382
66.342
68.682
72.374
77.01
81.568
86.65
91.338
94.73
96.71600000000001
97.98
98.676
97.324
95.142
91.89
89.024
82.472
75.966
0.0
17.828000000000003
16.869999999999997
15.995999999999999
15.302
15.302
15.73
16.552
16.558
17.794
19.14
20.742
21.842
22.438
23.060000000000002
23.080000000000002
23.201999999999998
22.694000000000003
22.892
23.189999999999998
23.174
22.792
22.150000000000002
20.306
18.568
0.0
245.154
230.76999999999998
219.57999999999998
210.088
207.892
215.272
224.154
230.972
239.114
251.968
268.108
283.984
301.678
317.97999999999996
329.814
336.70799999999997
341.12
343.55400000000003
338.846
331.238
319.914
309.92199999999997
287.116
264.474
0.0
196.246
194.982
194.34799999999998
194.548
196.37
194.612
194.206
195.016
195.612
199.806
205.634
210.7
217.50799999999998
220.67600000000002
223.936
226.324
228.03799999999998
224.476
220.868
216.648
215.45000000000002
213.42399999999998
208.152
200.744
0.0
1134.4260000000002
1067.852
1016.1020000000001
972.166
962.018
996.16
1037.232
1068.802
1106.454
1165.956
1240.638
1314.088
1396.0
1471.418
1526.17
1558.07
1578.502
1589.75
1567.966
1532.76
1480.366
1434.118
1328.5900000000001
1223.83
0.0
39.226
38.936
38.726
37.788
37.098
37.228
37.306
37.7
38.431999999999995
40.26
42.206
43.838
44.958
45.9
47.455999999999996
48.288
48.598
48.384
48.086
46.708
44.882
44.52
42.368
39.714
0.0
366.676
364.308
363.128
363.5
366.9
363.622
362.87
364.376
365.496
373.31800000000004
384.21799999999996
393.688
406.40200000000004
412.32800000000003
418.416
422.866
426.07000000000005
419.418
412.686
404.80199999999996
402.556
398.764
388.916
375.08
0.0
1909.906
1906.462
1900.108
1898.804
1896.616
1895.8999999999999
1898.884
1901.9660000000001
1908.638
1916.234
1917.322
1909.322
1903.068
1904.518
1909.93
1918.172
1919.276
1918.596
1916.578
1904.282
1899.558
1902.6879999999999
1915.81
1913.04
0.0
469.356
466.33000000000004
464.80600000000004
465.288
469.63599999999997
465.446
464.48
466.404
467.838
477.86
491.808
503.93399999999997
520.202
527.786
535.58
541.278
545.38
536.866
528.244
518.156
515.282
510.43000000000006
497.818
480.11400000000003
0.0
391.322
368.358
350.51
335.352
331.85
343.624
357.796
368.68399999999997
381.676
402.19800000000004
427.962
453.29400000000004
481.55
507.568
526.456
537.458
544.5039999999999
548.3820000000001
540.87
528.73
510.65200000000004
494.702
458.298
422.166
0.0
1132.08
1130.034
1126.268
1125.498
1124.202
1123.78
1125.548
1127.376
1131.328
1135.83
1136.4740000000002
1131.73
1128.0220000000002
1128.886
1132.092
1136.976
1137.63
1137.23
1136.0320000000002
1128.7459999999999
1125.944
1127.8
1135.576
1133.934
0.0
170.854
161.676
153.32
146.634
146.63
150.734
158.618
158.698
170.548
183.488
198.83599999999998
209.324
215.032
220.998
221.23
222.404
217.54
219.434
222.234
222.08200000000002
218.436
212.322
194.648
177.96599999999998
0.0
531.852
490.712
463.368
453.85999999999996
449.252
462.12
479.244
509.09599999999995
565.156
620.24
690.4259999999999
765.236
772.354
799.76
792.722
781.65
785.6
783.052
773.7299999999999
747.188
714.604
698.6800000000001
642.9639999999999
566.1360000000001
0.0
179.118
168.606
160.43599999999998
153.498
151.892
157.288
163.768
168.756
174.69799999999998
184.094
195.886
207.484
220.414
232.326
240.972
246.00400000000002
249.236
251.008
247.572
242.014
233.738
226.434
209.768
193.23
0.0
723.228
708.178
691.482
679.136
681.112
689.88
702.432
712.0
741.478
777.0740000000001
817.4879999999999
863.016
899.782
940.562
962.0659999999999
970.794
979.436
966.254
943.0799999999999
909.23
886.67
865.488
814.2199999999999
767.538
0.0
766.058
706.262
665.198
632.132
611.216
628.648
660.884
688.888
758.2
824.104
890.534
943.038
990.394
1020.7719999999999
1049.3
1079.896
1086.4560000000001
1093.486
1070.47
992.58
952.292
934.116
861.27
768.4879999999999
0.0
3648.886
3642.304
3630.154
3627.674
3623.496
3622.124
3627.8239999999996
3633.712
3646.458
3660.972
3663.056
3647.764
3635.8140000000003
3638.586
3648.93
3664.6699999999996
3666.7819999999997
3665.49
3661.622
3638.14
3629.108
3635.086
3660.16
3654.8700000000003
0.0
441.05400000000003
406.94
384.264
376.378
372.56600000000003
383.23199999999997
397.426
422.192
468.676
514.354
572.568
634.606
640.502
663.232
657.396
648.212
651.488
649.37
641.648
619.634
592.612
579.404
533.2080000000001
469.492
0.0
804.1959999999999
757.0
720.312
689.1700000000001
681.97
706.174
735.29
757.672
784.368
826.5459999999999
879.4879999999999
931.556
989.626
1043.088
1081.904
1104.5140000000001
1119.002
1126.976
1111.5339999999999
1086.576
1049.4260000000002
1016.648
941.834
867.57
0.0
601.118
588.602
574.726
564.466
566.112
573.3979999999999
583.836
591.7860000000001
616.284
645.8720000000001
679.466
717.3
747.862
781.756
799.628
806.8779999999999
814.0640000000001
803.114
783.85
755.714
736.9639999999999
719.354
676.744
637.944
0.0
745.664
687.984
649.656
636.3240000000001
629.8679999999999
647.9
671.904
713.766
792.36
869.5840000000001
967.9920000000001
1072.884
1082.8500000000001
1121.284
1111.412
1095.8899999999999
1101.422
1097.854
1084.784
1047.574
1001.89
979.56
901.454
793.738
0.0
744.572
700.88
666.912
638.0799999999999
631.414
653.826
680.784
701.5
726.216
765.274
814.2860000000001
862.494
916.26
965.758
1001.692
1022.6320000000001
1036.038
1043.426
1029.124
1006.02
971.6320000000001
941.2760000000001
872.01
803.252
0.0
172.106
170.992
170.434
170.614
172.208
170.67
170.316
171.026
171.544
175.222
180.338
184.784
190.75
193.53199999999998
196.388
198.478
199.98000000000002
196.862
193.698
190.0
188.942
187.166
182.54
176.048
0.0
20.92
20.77
20.658
20.156000000000002
19.782
19.856
19.894
20.106
20.498
21.472
22.51
23.376
23.976000000000003
24.477999999999998
25.308
25.75
25.92
25.804
25.648
24.914
23.939999999999998
23.747999999999998
22.602
21.182000000000002
0.0
1292.402
1265.508
1235.67
1213.6100000000001
1217.132
1232.806
1255.2440000000001
1272.348
1325.01
1388.6180000000002
1460.846
1542.2
1607.9080000000001
1680.78
1719.206
1734.8
1750.246
1726.696
1685.272
1624.786
1584.48
1546.614
1455.0
1371.5819999999999
0.0
1816.8300000000002
1779.012
1737.0700000000002
1706.054
1711.012
1733.044
1764.592
1788.626
1862.666
1952.078
2053.6220000000003
2167.974
2260.35
2362.79
2416.814
2438.732
2460.444
2427.3379999999997
2369.112
2284.078
2227.412
2174.192
2045.3939999999998
1928.136
0.0
1220.296
1194.9
1166.724
1145.894
1149.2259999999999
1164.024
1185.2079999999999
1201.352
1251.086
1311.138
1379.338
1456.148
1518.194
1587.0
1623.284
1638.004
1652.588
1630.3500000000001
1591.248
1534.132
1496.074
1460.326
1373.816
1295.056
0.0
485.904
482.298
479.724
468.09999999999997
459.48999999999995
461.17400000000004
462.08599999999996
467.002
476.098
498.736
522.814
543.0039999999999
556.902
568.6039999999999
587.846
598.1039999999999
601.9599999999999
599.352
595.65
578.61
555.968
551.476
524.878
491.924
0.0
358.078
355.766
354.612
354.976
358.29600000000005
355.098
354.364
355.83
356.922
364.568
375.20799999999997
384.45599999999996
396.872
402.654
408.60200000000003
412.95
416.078
409.584
403.00399999999996
395.30400000000003
393.116
389.41
379.79200000000003
366.286
0.0
512.898
509.59799999999996
507.93399999999997
508.46000000000004
513.21
508.634
507.57800000000003
509.682
511.246
522.194
537.44
550.682
568.468
576.758
585.2719999999999
591.5
595.9839999999999
586.672
577.258
566.23
563.0939999999999
557.788
544.01
524.652
0.0
693.648
689.17
686.924
687.638
694.068
687.8679999999999
686.446
689.2860000000001
691.404
706.2139999999999
726.826
744.744
768.7959999999999
780.0020000000001
791.5160000000001
799.942
806.0060000000001
793.416
780.678
765.76
761.524
754.348
735.716
709.54
0.0
67.606
67.102
66.738
65.124
63.925999999999995
64.16
64.286
64.974
66.24199999999999
69.384
72.738
75.548
77.484
79.106
81.788
83.214
83.75200000000001
83.38199999999999
82.86999999999999
80.496
77.34599999999999
76.726
73.026
68.438
0.0
25.576
23.580000000000002
22.206
21.104
20.408
20.988
22.060000000000002
23.002
25.316
27.51
29.734
31.482
33.064
34.076
35.034
36.053999999999995
36.269999999999996
36.504
35.738
33.142
31.794
31.184
28.756
25.656000000000002
0.0
620.572
572.568
540.672
529.572
524.204
539.206
559.188
594.028
659.434
723.706
805.606
892.898
901.198
933.178
924.96
912.0500000000001
916.648
913.674
902.808
871.832
833.816
815.228
750.224
660.578
0.0
84.242
83.61999999999999
83.17800000000001
81.158
79.664
79.96000000000001
80.118
80.968
82.544
86.472
90.644
94.148
96.552
98.58
101.92
103.696
104.37
103.912
103.276
100.32000000000001
96.396
95.61800000000001
91.004
85.292
0.0
201.832
186.21800000000002
175.84
172.236
170.48399999999998
175.368
181.86800000000002
193.19400000000002
214.47
235.372
262.01
290.4
293.096
303.496
300.83000000000004
296.622
298.126
297.156
293.622
283.544
271.184
265.138
244.0
214.83800000000002
0.0
184.072
173.27200000000002
164.872
157.75
156.10000000000002
161.636
168.302
173.42999999999998
179.53400000000002
189.192
201.30599999999998
213.224
226.522
238.754
247.642
252.816
256.136
257.956
254.42399999999998
248.714
240.212
232.702
215.582
198.586
0.0
159.276
158.252
157.736
157.894
159.378
157.952
157.622
158.276
158.762
162.162
166.9
171.01000000000002
176.534
179.108
181.752
183.68200000000002
185.078
182.18800000000002
179.266
175.836
174.866
173.216
168.934
162.93
0.0
978.22
925.658
877.8299999999999
839.528
839.514
863.024
908.142
908.604
976.462
1050.562
1138.4160000000002
1198.494
1231.156
1265.2939999999999
1266.63
1273.3799999999999
1245.532
1256.354
1272.396
1271.5079999999998
1250.6200000000001
1215.6399999999999
1114.436
1018.9200000000001
0.0
855.7139999999999
789.524
745.536
730.234
722.83
743.514
771.066
819.108
909.304
997.928
1110.858
1231.23
1242.6660000000002
1286.772
1275.442
1257.628
1263.982
1259.878
1244.888
1202.178
1149.756
1124.128
1034.4959999999999
910.878
0.0
1456.4299999999998
1370.958
1304.512
1248.11
1235.0800000000002
1278.912
1331.642
1372.1779999999999
1420.5140000000001
1496.912
1592.786
1687.086
1792.244
1889.072
1959.3619999999999
2000.324
2026.55
2040.99
2013.026
1967.824
1900.5520000000001
1841.1899999999998
1705.7
1571.212
0.0
1668.126
1633.412
1594.902
1566.424
1570.982
1591.1979999999999
1620.168
1642.238
1710.214
1792.3159999999998
1885.542
1990.544
2075.36
2169.414
2219.012
2239.13
2259.0679999999998
2228.674
2175.216
2097.14
2045.1180000000002
1996.244
1877.99
1770.328
0.0
202.354
201.048
200.394
200.598
202.47400000000002
200.67
200.25
201.082
201.7
206.02200000000002
212.038
217.262
224.276
227.54600000000002
230.908
233.366
235.13
231.458
227.74599999999998
223.394
222.156
220.06
214.63
206.992
0.0
1873.378
1834.386
1791.14
1759.1560000000002
1764.274
1786.984
1819.5140000000001
1844.296
1920.6399999999999
2012.836
2117.54
2235.462
2330.71
2436.3360000000002
2492.036
2514.636
2537.03
2502.892
2442.852
2355.172
2296.748
2241.864
2109.056
1988.15
0.0
2.81
2.586
2.45
2.398
2.3720000000000003
2.442
2.5260000000000002
2.684
2.984
3.274
3.646
4.038
4.077999999999999
4.215999999999999
4.184
4.122
4.144
4.134
4.082
3.942
3.7680000000000002
3.686
3.394
2.9899999999999998
0.0
148.454
139.744
132.96599999999998
127.218
125.892
130.358
135.738
139.86599999999999
144.798
152.576
162.352
171.966
182.68800000000002
192.554
199.71800000000002
203.89000000000001
206.56199999999998
208.034
205.184
200.578
193.724
187.674
173.86
160.15
0.0
2505.64
2453.49
2395.644
2352.868
2359.712
2390.088
2433.596
2466.742
2568.858
2692.17
2832.208
2989.92
3117.3179999999998
3258.5899999999997
3333.094
3363.318
3393.27
3347.61
3267.306
3150.0339999999997
3071.8900000000003
2998.4860000000003
2820.866
2659.138
0.0
507.808
497.242
485.514
476.848
478.23400000000004
484.39
493.21
499.928
520.62
545.614
573.9920000000001
605.956
631.774
660.4100000000001
675.504
681.634
687.7
678.452
662.174
638.406
622.568
607.69
571.696
538.918
0.0
564.4599999999999
531.3380000000001
505.588
483.726
478.66999999999996
495.66200000000003
516.094
531.808
550.544
580.1479999999999
617.3040000000001
653.854
694.61
732.136
759.384
775.252
785.4159999999999
791.014
780.1759999999999
762.66
736.5899999999999
713.584
661.068
608.946
0.0
158.222
154.93
151.27800000000002
148.578
149.006
150.922
153.674
155.768
162.214
170.0
178.84
188.802
196.846
205.764
210.472
212.376
214.27
211.386
206.316
198.91
193.974
189.34
178.12400000000002
167.914
0.0
113.312
104.55
98.72200000000001
96.69999999999999
95.71799999999999
98.452
102.102
108.462
120.41
132.142
147.094
163.034
164.554
170.394
168.888
166.53400000000002
167.376
166.83200000000002
164.84199999999998
159.188
152.24800000000002
148.856
136.988
120.614
0.0
176.534
175.222
174.284
170.06199999999998
166.936
167.552
167.88
169.668
172.97
181.192
189.946
197.278
202.322
206.578
213.572
217.298
218.696
217.74800000000002
216.404
210.21200000000002
201.98399999999998
200.35399999999998
190.69
178.718
0.0
174.846
171.20999999999998
167.17600000000002
164.184
164.664
166.78799999999998
169.822
172.13799999999998
179.262
187.86599999999999
197.636
208.64000000000001
217.532
227.392
232.59
234.694
236.788
233.602
228.002
219.814
214.366
209.24
196.842
185.56
0.0
998.804
978.01
954.952
937.902
940.634
952.736
970.08
983.298
1023.9959999999999
1073.158
1128.98
1191.8439999999998
1242.6299999999999
1298.946
1328.642
1340.692
1352.632
1334.43
1302.422
1255.67
1224.5220000000002
1195.26
1124.4560000000001
1059.992
0.0
522.9019999999999
482.452
455.574
446.218
441.698
454.33799999999997
471.174
500.53200000000004
555.644
609.796
678.808
752.3580000000001
759.356
786.302
779.384
768.498
772.376
769.8679999999999
760.708
734.614
702.578
686.918
632.1460000000001
556.608
0.0
777.16
735.4019999999999
697.404
666.978
666.966
685.638
721.4879999999999
721.85
775.762
834.632
904.428
952.158
978.11
1005.228
1006.292
1011.656
989.5319999999999
998.1220000000001
1010.874
1010.168
993.572
965.7860000000001
885.378
809.496
0.0
392.424
362.07
341.898
334.882
331.476
340.966
353.606
375.63599999999997
416.99600000000004
457.63599999999997
509.42600000000004
564.624
569.8720000000001
590.1
584.9
576.734
579.642
577.768
570.886
551.306
527.264
515.51
474.40999999999997
417.72
0.0
1105.6119999999999
1082.598
1057.0720000000001
1038.206
1041.22
1054.6200000000001
1073.826
1088.452
1133.5040000000001
1187.916
1249.708
1319.302
1375.5120000000002
1437.852
1470.7259999999999
1484.066
1497.278
1477.132
1441.6979999999999
1389.954
1355.468
1323.078
1244.7060000000001
1173.3400000000001
0.0
782.638
722.104
681.8679999999999
667.876
661.102
680.022
705.228
749.162
831.65
912.704
1016.0
1126.082
1136.5520000000001
1176.882
1166.5240000000001
1150.236
1156.042
1152.294
1138.58
1099.516
1051.5720000000001
1028.134
946.1560000000001
833.1
0.0
548.8420000000001
506.38800000000003
478.176
468.366
463.608
476.876
494.554
525.364
583.216
640.054
712.488
789.692
797.028
825.312
818.05
806.6220000000001
810.698
808.064
798.454
771.06
737.44
720.996
663.514
584.222
0.0
308.238
306.248
305.254
305.57
308.428
305.67
305.04
306.302
307.242
313.824
322.988
330.944
341.634
346.614
351.734
355.472
358.168
352.574
346.914
340.28799999999995
338.402
335.214
326.93600000000004
315.306
0.0
1783.586
1645.6200000000001
1553.93
1522.0439999999999
1506.6
1549.724
1607.16
1707.2839999999999
1895.278
2079.9919999999997
2315.386
2566.266
2590.114
2682.042
2658.4320000000002
2621.31
2634.536
2625.992
2594.7459999999996
2505.724
2396.46
2343.042
2156.2219999999998
1898.566
0.0
612.024
599.28
585.154
574.704
576.378
583.794
594.426
602.52
627.4639999999999
657.582
691.786
730.312
761.4300000000001
795.934
814.1320000000001
821.52
828.83
817.6800000000001
798.064
769.416
750.336
732.402
689.0219999999999
649.5120000000001
0.0
1432.9279999999999
1403.108
1370.0259999999998
1345.568
1349.48
1366.848
1391.728
1410.684
1469.084
1539.608
1619.686
1709.88
1782.738
1863.53
1906.136
1923.422
1940.5520000000001
1914.4379999999999
1868.514
1801.446
1756.764
1714.7839999999999
1613.2
1520.716
0.0
113.528
104.746
98.91
96.878
95.896
98.646
102.298
108.668
120.638
132.396
147.37800000000001
163.348
164.87
170.72
169.214
166.852
167.694
167.15
165.16
159.496
152.54399999999998
149.142
137.246
120.85
0.0
902.058
849.118
807.968
773.034
764.9580000000001
792.11
824.768
849.87
879.808
927.13
986.51
1044.9180000000001
1110.048
1170.016
1213.554
1238.9260000000002
1255.164
1264.112
1246.7920000000001
1218.8
1177.1299999999999
1140.3580000000002
1056.444
973.146
0.0
1064.768
982.408
927.68
908.636
899.42
925.1659999999999
959.446
1019.2280000000001
1131.456
1241.728
1382.2540000000001
1532.0240000000001
1546.264
1601.1380000000001
1587.046
1564.8819999999998
1572.7759999999998
1567.672
1549.0240000000001
1495.8819999999998
1430.652
1398.762
1287.232
1133.416
0.0
207.554
196.404
186.256
178.126
178.126
183.112
192.69
192.786
207.182
222.904
241.546
254.28799999999998
261.218
268.468
268.748
270.184
264.26800000000003
266.568
269.972
269.782
265.348
257.93
236.458
216.19
0.0
121.392
118.868
116.068
113.992
114.322
115.794
117.90400000000001
119.512
124.45400000000001
130.432
137.214
144.858
151.028
157.874
161.488
162.948
164.4
162.188
158.3
152.61599999999999
148.826
145.27599999999998
136.666
128.832
0.0
1679.376
1668.546
1663.106
1664.824
1680.392
1665.384
1661.944
1668.824
1673.95
1709.806
1759.7079999999999
1803.086
1861.326
1888.4499999999998
1916.332
1936.73
1951.4019999999998
1920.926
1890.0919999999999
1853.978
1843.71
1826.338
1781.23
1717.856
0.0
499.236
496.01800000000003
494.40200000000004
494.914
499.538
495.08000000000004
494.056
496.106
497.626
508.284
523.12
536.014
553.328
561.3900000000001
569.682
575.74
580.108
571.044
561.874
551.1419999999999
548.088
542.9259999999999
529.5120000000001
510.68199999999996
0.0
2086.282
1924.902
1817.66
1780.358
1762.296
1812.7359999999999
1879.914
1997.04
2216.936
2433.0
2708.342
3001.802
3029.7019999999998
3137.2219999999998
3109.6000000000004
3066.182
3081.654
3071.654
3035.106
2930.9900000000002
2803.176
2740.69
2522.168
2220.786
0.0
271.37
250.38
236.42600000000002
231.582
229.228
235.78799999999998
244.53
259.766
288.364
316.46799999999996
352.288
390.452
394.084
408.074
404.474
398.83
400.844
399.546
394.78799999999995
381.246
364.62
356.494
328.066
288.864
0.0
1431.412
1401.622
1368.58
1344.1419999999998
1348.052
1365.4
1390.26
1409.1960000000001
1467.526
1537.972
1617.978
1708.072
1780.85
1861.56
1904.126
1921.392
1938.494
1912.418
1866.536
1799.544
1754.904
1712.9660000000001
1611.492
1519.108
0.0
1304.3120000000001
1203.426
1136.372
1113.0520000000001
1101.758
1133.296
1175.298
1248.52
1385.994
1521.0739999999998
1693.2160000000001
1876.682
1894.124
1961.348
1944.076
1916.9299999999998
1926.6119999999999
1920.36
1897.5059999999999
1832.408
1752.5059999999999
1713.444
1576.822
1388.406
0.0
963.972
957.7639999999999
954.64
955.6220000000001
964.556
955.946
953.972
957.924
960.8620000000001
981.444
1010.0919999999999
1034.988
1068.416
1083.988
1099.9940000000001
1111.6979999999999
1120.1219999999998
1102.624
1084.93
1064.1960000000001
1058.304
1048.334
1022.442
986.066
0.0
52.546
52.156
51.873999999999995
50.618
49.688
49.87
49.976
50.502
51.486
53.932
56.538
58.722
60.224000000000004
61.489999999999995
63.574
64.682
65.096
64.81400000000001
64.414
62.572
60.124
59.636
56.76
53.198
0.0
169.248
156.034
146.968
139.662
135.038
138.89000000000001
146.01
152.20000000000002
167.514
182.068
196.746
208.344
218.81
225.524
231.822
238.586
240.036
241.588
236.498
219.29600000000002
210.392
206.378
190.28199999999998
169.786
0.0
13.671999999999999
12.61
11.87
11.282
10.911999999999999
11.222
11.798
12.294
13.53
14.709999999999999
15.896
16.832
17.678
18.218
18.727999999999998
19.273999999999997
19.392
19.518
19.11
17.714
16.996000000000002
16.674
15.372
13.72
0.0
19.658
18.119999999999997
17.068
16.218
15.684000000000001
16.134
16.958
17.674
19.458000000000002
21.148
22.849999999999998
24.195999999999998
25.41
26.196
26.922
27.71
27.88
28.056
27.47
25.468
24.438
23.968
22.098
19.722
0.0
6.718
6.362
6.028
5.7700000000000005
5.766
5.930000000000001
6.24
6.2459999999999996
6.707999999999999
7.22
7.822
8.236
8.456
8.696
8.704
8.754000000000001
8.562
8.632
8.748000000000001
8.736
8.592
8.35
7.656
7.0
