0.0
88.031167708
86.342781637
84.440675798
84.323129932
85.11389303099999
87.026684855
91.023244303
94.987745785
97.092885386
97.520324898
96.398296176
95.00911775899999
94.186296694
94.72059609
93.993948917
94.85951392999999
96.056344567
99.24076893499999
101.03601491799999
101.239048638
100.330739733
97.787474596
93.534451439
88.202143511
0.0
88.811244818
87.261776587
86.80227911200001
86.81296509399999
87.678530107
89.7943557
92.79711827700001
96.013600615
98.364517944
98.578237684
97.338663103
95.928112712
94.603050221
93.88708904
93.310045696
93.502393476
94.784712016
97.979822373
99.892614166
100.330739733
99.123223083
96.77230575099999
92.978780072
89.292114274
0.0
172.41841358
171.87342819
171.24295492
170.99717719
171.62765045999998
172.48252949000002
173.34809451
174.73727294
174.7693309
174.65178506
174.38463529
174.23503153
174.30983346
174.55561108999999
174.90824874
175.05785257
175.45323413
175.82724364999999
177.44082781
177.66523357
176.9599584
175.8165577
174.49149521
173.14506072
0.0
202.798677
196.88932568
193.03168409
191.06546231
191.39672796
194.27125866
199.65699653000001
204.24128532999998
210.82385379000002
217.17133058
222.38609268
226.48951197
229.73805226
232.23857344
234.34371303
235.8504373
236.50228254
240.13551844
242.16585613
241.46058093
238.04106484
232.3668053
223.04862391
212.89693549
0.0
27.388186796
26.319588014
25.624998807
25.218931269000002
25.133443366
25.560882878
26.340959987999998
26.907317347
27.911800203000002
29.033828921999998
29.899393935
30.679471045
31.427490192
32.164823357
32.805982627000006
33.233422139
33.350968005
33.361653997000005
33.746349554
33.564687759
32.955586458999996
32.025905517
30.647413082
28.991084974000003
0.0
536.58619267
520.72818679
512.6068360300001
511.27108752
517.90708598
534.0215556100001
560.02056399
586.85307943
605.4680702400001
614.14509234
614.43361401
610.2553927600001
605.22229251
601.72797445
600.3281101
602.34776177
608.20368313
627.90864465
639.86626503
640.45399436
631.02895308
611.16370175
581.08264602
547.5286442400001
0.0
37.710851036
36.588822317
36.022464965000005
35.926291072999994
36.396474537
37.529189241
39.356493162
41.23722702
42.551603523000004
43.16070483
43.182076804
42.882869143
42.530231545
42.284453828
42.188279933000004
42.327197783
42.743951303
44.122443731000004
44.96663677
45.009380725
44.346849481
42.946985072000004
40.831159482000004
38.480242164
0.0
150.21293088
144.98748279
142.09158012
141.08709726
142.36941584
146.65449691
154.15606039
162.29878312
167.43874322
169.28741915999998
169.04164143
167.88755471000002
167.71657891
168.67831786
170.73002749
173.66867417
177.10956223
182.24952237
186.85518317
186.26745381
182.37775426
176.2546832
167.15022155
156.89167328000002
0.0
187.71006217000001
184.11957021
180.05889483
179.80243115
181.49081723999998
185.58355061
194.10028286
202.55289927
207.04101412999998
207.93863707
205.54497581
202.59564321
200.85382716
201.97585589
200.42638768
202.28574957
204.83970061
211.60393096
215.45088653
215.86764005999999
213.94416225999998
208.5263664
199.44327679
188.08407169
0.0
952.5168968400001
924.35931891
909.93323534
907.57163207
919.34759063
947.95398001
994.09607534
1041.7342089200001
1074.7645972
1090.1737919
1090.6974053000001
1083.2706443000002
1074.3371581
1068.1499708000001
1065.6494503
1069.2399418
1079.6374076000002
1114.6126458
1135.8350182
1136.8822446
1120.158674
1084.8842280000001
1031.48634667
971.9226507
0.0
40.147256264
38.961111613
38.352010306
38.255836414
38.747391855000004
39.954908484
41.899758264
43.908723977
45.308588379
45.949747649
45.97111963
45.661225977
45.287216404999995
45.020066707000005
44.923892822
45.073496653999996
45.511622148
46.986288468
47.873225462
47.926655399
47.2213802
45.725341906
43.481284465
40.970077322
0.0
417.98241383
416.66803733
415.11856908
414.53083975
416.06962198
418.13201766
420.22647126
423.59255738999997
423.68873129
423.38952367
422.75905033
422.37435479
422.55601661
423.16511791
424.01999694
424.38332051
425.33437341
426.23199638
430.15375392
430.69873934
428.98898128
426.22131042999996
423.00482806
419.7349158
0.0
705.08284871
684.24517244
673.55918462
671.81736867
680.52644866
701.7060765599999
735.8691796100001
771.1222534999999
795.58247965
806.98442866
807.3691242
801.86584046
795.26189999
790.67761119
788.82893532
791.48974628
799.18365756
825.07580602
840.7842081699999
841.55359925
829.17922534
803.07335711
763.54588813
719.45550239
0.0
88.992906613
88.715070933
88.383805306
88.255573458
88.586839075
89.024964579
89.473776062
90.189737253
90.21110922700001
90.146993298
90.008075458
89.92258755499999
89.965331503
90.09356336100001
90.275225156
90.360713059
90.563746825
90.745408613
91.589601655
91.696461536
91.333137946
90.745408613
90.061505395
89.366916188
0.0
38.405440246
37.069691766000005
36.332358608
36.075894901999995
36.407160522
37.497131284999995
39.420609090999996
41.504376715
42.808067232
43.288936681
43.224820752
42.925613098
42.882869143
43.128646867
43.652260270999996
44.4109654
45.287216404999995
46.601592911
47.777051570000005
47.627447738
46.633650874000004
45.062810662000004
42.743951303
40.115198297999996
0.0
8.1747806871
8.025176857
7.9824329058
7.9824329058
8.0679208082
8.260268589499999
8.5381042729
8.8373119317
9.0510316888
9.0724036642
8.9548577983
8.826625944
8.69839409
8.634278163700001
8.5808482241
8.6022201999
8.7197660658
9.0082877369
9.1899495305
9.2326934817
9.1151476151
8.9014278587
8.5487902606
8.2175246383
0.0
157.86409815
152.38218638
149.33667988000002
148.27876709
149.6358875
154.13468838
162.02094743
170.58042365999998
175.97684748
177.9110113
177.66523357
176.45771699
176.26536922
177.29122404999998
179.43910758
182.52735809
186.13922195
191.54633179
196.37639825
195.76729695
191.67456360999998
185.24159901000002
175.66695387
164.8954781
0.0
94.827455964
91.140790169
88.715070933
87.34726449
87.04805682899999
88.501351175
91.226278072
93.19249982999999
96.654759885
100.55514542
103.536536016
106.24009097999999
108.84747198000001
111.38005111999999
113.60273658
115.0987749
115.49415639
115.52621438
116.87264884
116.22080360000001
114.12634996
110.89918164
106.14391708000001
100.39485563400001
0.0
63.731231389
61.252082216
59.627812067
58.708817114
58.505783345000005
59.488894226999996
61.316198145
62.630574651
64.970805984
67.588872997
69.587152721
71.40377065
73.15627266
74.85534472
76.35138301399999
77.35586587
77.623015565
77.64438753900001
78.55269650700001
78.11457100599999
76.704020615
74.534765085
71.339654724
67.471327131
0.0
431.69253618000005
418.93346673
412.39364214
411.32504339999997
416.66803733
429.63014057
450.5426187
472.12831415
487.09938308
494.08801912
494.32311083
490.95702467
486.90703523999997
484.10730646999997
482.97459175
484.59886193
489.31138252
505.15870248
514.78677755
515.25696097
507.68059563
491.69435785999997
467.49059538999995
440.49779014
0.0
128.66997944
126.91747737
126.37249205
126.46866595
127.90058829
130.80717695
135.86164924000002
141.07641124
142.8609712
141.51453681
139.00332964
136.56692444
135.76547537
135.74410333
136.23565876
137.01573586
138.12707863999998
140.38182209000001
143.52350246
143.44870056000002
141.97403428
139.27047930999998
134.61138865
129.92024003
0.0
85.477216621
84.323129932
83.959806349
84.023922275
84.974975191
86.89845299699999
90.264539164
93.726799219
94.912943867
94.015320891
92.348306791
90.734722631
90.189737253
90.189737253
90.499630899
91.023244303
91.77126345
93.256615759
95.351069368
95.29763943100001
94.314528552
92.529968586
89.431032117
86.310723671
0.0
127.31285893
122.88885998
120.43108284
119.57620381
120.66617452
124.29941035
130.65757312
137.56072128
141.90991830000002
143.48075852
143.27772473000002
142.29461391
142.14501008000002
142.96783112
144.70964714
147.1994823
150.10607099
154.46595402999998
158.36633956
157.86409815
154.57281392
149.37942382
141.66414057
132.97643252
0.0
133.30769813
128.66997944
126.10534235
125.20771934
126.35112008
130.15533170999998
136.81270214
144.03642989
148.5886607
150.23430285
150.02058311
148.99472828
148.84512445000001
149.70000348
151.51662143
154.13468838
157.18019492000002
161.74311171
165.82515906
165.30154568
161.8499716
156.42148979
148.33219702
139.23842139
0.0
173.73279008
166.97924575000002
162.54456085
160.03335365
159.48836833
162.15986524
167.15022155
170.74071344
177.09887621000001
184.23711612
189.70834187
194.64526825000002
199.42190482
204.07030953
208.14167086
210.87728375
211.60393096
211.66804686999998
214.13651003
212.93967940000002
209.09272375999998
203.19405849
194.46360643
183.93790846
0.0
349.33562804
348.23497127999997
346.94196678000003
346.45041132
347.73272983
349.45317387999995
351.20567588
354.02677669
354.10157859000003
353.85580086
353.32150149
353.00092186
353.15052569
353.66345308999996
354.37941431
354.6786219
355.48007104
356.22809018
359.50868843
359.9681859
358.53626356
356.21740416
353.53522123
350.79960837
0.0
919.7857161000001
892.61124906
878.67672095
876.38991958
887.75981063
915.3830891199999
959.94365835
1005.94683618
1037.8445094400001
1052.7300905
1053.2323317999999
1046.0513485000001
1037.4277561200001
1031.45428861
1029.04994147
1032.51220164
1042.54634422
1076.3247518
1096.8204763
1097.8249592
1081.6784317
1047.6115024
996.0516111300001
938.53962472
0.0
52.115562627
51.410287428
51.185881685
51.22862564
51.805668981000004
52.98112764
55.032837301
57.137976902
57.864624075
57.319638697
56.304469852
55.310672991
54.990093353
54.979407364000004
55.182441133
55.492334779000004
55.951832254
56.860141221999996
58.131773773
58.099715806999995
57.501300492
56.411329736
54.519909889000004
52.617804057
0.0
934.2331716399999
901.77982662
883.7525652100001
877.4798903200001
885.49438116
912.1345488300001
958.78957166
1009.4411536800001
1041.3708857
1052.8796946
1051.3836563
1044.2240441
1043.1233879
1049.1502845999998
1061.8879823
1080.1823934000001
1101.5436832999999
1133.5054725
1162.14392
1158.4786263
1134.3176078
1096.2220614
1039.58632553
975.79097831
0.0
168.28293630000002
165.99613486
165.28017371
165.40840553
167.27845341
171.08266507000002
177.68660554
184.51495177
186.84449715
185.09199515
181.80071088
178.61628647
177.55837375
177.54768773
178.17816097
179.2040158
180.65731018000002
183.59595686
187.72074812
187.6138883
185.67972448
182.1533485
176.06233543000002
169.9178924
0.0
29.450582449
28.307181748999998
27.559162602
27.131723089999998
27.035549198
27.484360691
28.339239711999998
28.948341019
30.016939801
31.235142415
32.154137365000004
32.998330407
33.81046548
34.590542592999995
35.2851318
35.744629278
35.872861133
35.883547117999996
36.300300645
36.097266876
35.445421614
34.440938761000005
32.966272441
31.181712478
0.0
234.72840857
225.613261
219.6184218
216.22027768
215.48294452
219.08412243
225.82698071
230.68910516
239.26995339
248.93008638
256.30341803
262.9821604
269.44718299
275.70917186
281.22314162
284.90980741
285.8929183
285.97840618
289.31243439
287.69885023
282.49477418
274.5337132
262.74706865
248.52401887000002
0.0
238.50056231000002
230.20823575
225.613261
224.01036276
226.05138647
232.85836068999998
244.76255118
257.69259643000004
265.84600515
268.78465176
268.39995622
266.57265232
266.2948166
267.83359882999997
271.08213918999996
275.75191587
281.20176965
289.36586435
296.67508002
295.74539905999995
289.57958409
279.84464917
265.38650764
249.10106217999999
0.0
203.2154305
200.44775965
199.59288062000002
199.74248448
201.99722786
206.59220261
214.57463553
222.81353213
225.62394695
223.49743536
219.53293388
215.68597831
214.41434575
214.39297378
215.15167891
216.40193943
218.15444147
221.70218945
226.68185974
226.55362788
224.22408257
219.96037343
212.5977278
205.18165224
0.0
79.845701032
78.445836633
78.03976909500001
78.03976909500001
78.819846205
80.721952037
83.42550696
86.321409656
88.426549261
88.618897041
87.50755430400001
86.235921753
85.049777105
84.39793184999999
83.885004435
84.055980241
85.210066926
88.073911663
89.7943557
90.200423235
89.110452479
86.99462688899999
83.585796774
80.273140551
0.0
18.230295233
17.599821945
17.247184353999998
17.118952496
17.279242317
17.792169731999998
18.711164682
19.694275563999998
20.31406286
20.538468603
20.517096629
20.378178782
20.356806807999998
20.474352674000002
20.720130398000002
21.072767989
21.489521519
22.119994797
22.675666167
22.600864255999998
22.130680789
21.393347624
20.282004894
19.042430309
0.0
228.31681587
221.56327157
218.11169749
217.5453402
220.36644094000002
227.21615914
238.28684256999998
249.69947753
257.6177945
261.31514631
261.43269215
259.65881821
257.51093461
256.03626833
255.43785298
256.29273201
258.78256713999997
267.1710676
272.25759781
272.50337551
268.49613009
260.04351375
247.24170028999998
232.96522058
0.0
41.707410484
40.083140335
39.025227542
38.416126235
38.287894380000004
38.92905365
40.12588429
40.991449302999996
42.508859570999995
44.229303612
45.543680111
46.729824762
47.873225462
48.984568192000005
49.967679071
50.619524333
50.801186128
50.81187211
51.410287428
51.121765756
50.192084821
48.781534423
46.687080814
44.154501694000004
0.0
146.26980137
142.01677822
139.22773537
137.817185
138.05227671
140.12535834
144.01505792
147.30634219
152.06160675
156.64589555
160.40736327
163.35669586999998
165.70761319
167.50285917
169.03095541
170.11024017
170.58042365999998
173.19849068000002
174.67315703
174.1602296
171.69176644
167.59903307
160.87754673
153.55764504
0.0
84.355187895
81.86535273
80.583034197
80.380000428
81.416541247
83.949120357
88.041853697
92.252132899
95.18009356499999
96.547900008
96.590643956
95.938798701
95.148035599
94.59236423200001
94.378644481
94.688538124
95.618219066
98.706469553
100.58720340400001
100.683377289
99.19802500099999
96.077716541
91.35450992
86.07563193899999
0.0
40.307546078
39.7625607
39.591584894
39.623642857
40.061768361
40.980763311000004
42.562289508
44.197245649
44.752917016
44.336163489
43.545400387
42.786695258
42.530231545
42.530231545
42.679835374
42.925613098
43.267564707
43.972839906000004
44.96663677
44.934578804
44.475081329
43.63088829
42.166907961999996
40.702927631
0.0
234.70703663
227.77183048
224.21339655
223.63635323999998
226.54294192999998
233.5850079
244.95489895
256.69879958999996
264.84152229
268.63504797
268.76327979
266.92528987000003
264.7346624
263.20656616
262.58677883999997
263.47371586
266.03835292
274.65125914
279.88739311
280.14385683
276.01906557
267.33135745
254.17690643999998
239.49435914999998
0.0
39.890792555000004
38.501614138
37.73222301
37.465073319
37.807024928
38.950425624
40.938019362999995
43.107274893
44.464395347
44.955950785
44.891834859
44.592627195
44.539197258
44.795660964
45.340646342
46.120723455
47.039718412
48.396838866
49.625727462
49.465437648
48.439582814
46.80462668
44.389593426
41.664666529
0.0
8.3885004435
8.228210626
8.046548833100001
8.025176857
8.1106647601
8.292326552999999
8.666336127200001
9.0510316888
9.243379469399999
9.2861234206
9.1792635424
9.0510316888
8.9655437857
9.018973725299999
8.9548577983
9.029659713000001
9.1472055786
9.4464132381
9.6173890436
9.6387610187
9.5532731163
9.3181813841
8.9121138471
8.3991864312
0.0
138.88578377
134.05571724
131.37353431
130.44385337999998
131.62999806
135.59449954000002
142.52970562000002
150.06332705
154.80790563
156.51766369
156.29325793
155.23534511
155.06436931000002
155.96199235
157.85341212999998
160.57833907
163.75207743
168.50734203000002
172.76036518
172.21537979000001
168.6248879
162.96131438
154.54075596
145.06228472
0.0
68.262090233
65.611965247
63.87014923899999
62.876352368
62.662632607
63.720545407
65.676081176
67.086631567
69.587152721
72.397567521
74.54545107700001
76.479614872
78.36034873
80.187652641
81.790550819
82.859149601
83.147671273
83.16904324699999
84.141468144
83.671284677
82.153874402
79.83501505000001
76.415498943
72.280021655
0.0
642.65530785
620.33227931
607.9258474100001
603.6087083499999
609.12267804
627.44914718
659.54985458
694.38617494
716.35656586
724.26419688
723.24902807
718.32278764
717.5533964900001
721.6995597900001
730.46206984
743.0501634899999
757.74339673
779.7351596899999
799.42943526
796.9182280900001
780.2908310299999
754.08878893
715.1276773100001
671.24032526
0.0
21.713927262
21.414719605000002
21.329231704999998
21.339917687
21.585695411
22.077250852
22.921443884
23.808380877999998
24.107588532
23.883182789
23.455743277
23.049675738999998
22.910757899
22.910757899
22.985559813
23.124477653
23.306139448
23.690835012
24.214448416
24.203762424
23.957984707
23.498487232
22.718410122
21.927647020000002
0.0
127.54795071
122.60033834000001
119.34111203
117.49243616
117.08636858
119.05259036
122.71788418
125.35732317
130.0164139
135.26323389
139.27047930999998
142.90371521
146.40871918
149.81754932
152.80962593
154.81859165
155.35289105
155.39563496
157.21225291000002
156.33600187
153.50421511
149.17639003
142.77548335
135.03882813
0.0
785.87960272
783.40045351
780.49386482
779.39320809
782.27842478
786.15743834
790.10056788
796.42667263
796.60833445
796.05266311
794.85583248
794.12918527
794.48182289
795.62522356
797.23880772
797.912025
799.70727091
801.3956569999999
808.76898862
809.79484345
806.57836108
801.36359901
795.33670192
789.18157294
0.0
163.27120799000002
156.9237312
152.75619597000002
150.39459263
149.88166523
152.38218638
157.07333503
160.46079319999998
166.42357441000001
173.14506072
178.27433487
182.92273958
187.41085451
191.77073754999998
195.60700717
198.17164423
198.85554746
198.91966337
201.2385227
200.116494
196.49394412
190.94791644
182.75176378
172.85653908
0.0
221.68081748
213.98690620000002
209.70182506
208.21647279
210.11857859
216.44468344
227.51536679999998
239.52641714
247.10278248
249.83839537
249.48575779
247.78668571
247.51953601
248.95145835
251.97559295
256.31410395
261.37926218999996
268.96631357999996
275.76260182
274.89703684
269.15866135
260.11831567999997
246.68602894999998
231.54398419
0.0
465.82358134
464.35960094
462.62847094
461.9766257
463.68638373
465.98387112
468.32410242
472.07488419000003
472.18174408
471.85047843
471.14520323
470.71776371
470.9207975
471.6047007
472.5557536
472.96182118
474.01973393
475.01353084
479.39478588000003
480.00388718
478.09109533
475.00284482
471.42303895
467.7791171
0.0
80.347942462
78.809160216
77.078030187
76.971170313
77.687131494
79.439633494
83.083555344
86.70610522000001
88.62958303
89.014278587
87.98842376
86.72747719099999
85.979458047
86.460327503
85.797796259
86.588559351
87.678530107
90.585118799
92.230760925
92.401736728
91.57891567
89.260056311
85.37035674
80.508232276
0.0
306.59167673
297.52995902
292.88155431
292.12284918
295.91637486
305.11701041000003
319.98121945
335.30492596
345.93748392
350.90646826
351.06675804
348.67309678
345.79856601
343.81097233
343.00952319
344.16360988
347.50832407
358.77135526999996
365.59970150000004
365.93096711
360.55591523
349.19671013
332.01364176000004
312.84297961
0.0
101.474140412
97.94776441
95.992228641
95.30832542
96.173890436
99.069793129
104.134951366
109.6382351
113.11118115
114.35075572
114.19046591
113.42107476000001
113.2928429
113.95537415999999
115.33386661
117.32146036
119.64031969
123.11326574
126.22288822
125.82750665999998
123.19875362
119.06327637999999
112.90814736
105.98362723
0.0
396.54632220999997
384.99476941
377.45046199
373.61419237
374.26603758000005
379.86549521999996
390.4125652
399.356737
412.23335236
424.66115623
434.85558859
442.87007946
449.2282422
454.10105267
458.23652995
461.17517663
462.44680919
469.54230509
473.52817857
472.13900010000003
465.4602577
454.36820237
436.14859312
416.28334172
0.0
441.38472716
433.68012993
431.38264254
431.42538648000004
435.71046762000003
446.26822358000004
461.17517663
477.1614144
488.80914114
489.87773990999995
483.7439829
476.73397485
470.14072037
466.58228647
463.73981369
464.68018057
471.07040133
486.89634929
496.40687845
498.61887795999996
492.58129478
480.92288209000003
462.07279957000003
443.7677024
0.0
1501.4240337
1496.7008267
1491.1334273999998
1489.0282873
1494.5422575
1501.9476471
1509.4919545
1521.5778062
1521.9197582
1520.8618452
1518.5643582
1517.1858653
1517.8590831000001
1520.0497106
1523.1165887
1524.4202794
1527.8504816
1531.0669641
1545.1510957
1547.1173176
1540.9621883
1531.0028481
1519.4833529999999
1507.7287663999998
0.0
254.25170837
246.73945891
242.88181732
242.25134398
245.40371047
253.03350577
265.35444972
278.07077523
286.88671514
291.00082048
291.13973829
289.15214461
286.7691693
285.11284120000005
284.45030994
285.41204886
288.19040569000003
297.51927307
303.18284659
303.46068231
299.00462537
289.59027011
275.33516234
259.43441244999997
0.0
455.57571902
439.74977103
430.96588901
427.89901050000003
431.81008202
444.80424325
467.55471134
492.2500292
507.81951344
513.42965707
512.70300993
509.21937786
508.67439247
511.61303912
517.83228405
526.74439793
537.16323605
552.75409226
566.72067836
564.9361184
553.14947382
534.566541
506.95394846
475.83635188
0.0
329.58792251
319.99190547
313.71923058
310.5348062
311.06910557
315.7281963
324.49070635
331.92815387999997
342.62482765
352.95817791999997
361.43216623
368.08953665999996
373.37910066
377.42909002
380.86997808
383.30638335
384.36429607
390.26296137
393.57561764
392.42153092
386.87550326999997
377.65349578
362.51145102
346.0015998
0.0
429.84386030999997
417.13822075
410.63045415
409.56185538
414.88347737000004
427.79215065
448.60845495
470.10866241
485.01561546
491.97219348
492.20728526000005
488.85188508
484.82326768999997
482.03422487
480.90151011999995
482.5257803
487.21692895
503.00013293
512.5747780400001
513.0449615299999
505.50065408
489.57853222
465.49231566000003
438.60637029
0.0
421.80799743
407.14682215
399.0147854
396.18299864
399.7948625
411.82728477999996
432.88936681
455.75738077
470.17277836
475.36616842
474.69295121
471.46578289
470.96354141
473.68846835
479.43752979
487.69779836
497.33655941
511.77332897
524.70337422
523.04704612
512.13665254
494.94289815
469.37132929
440.56190612
0.0
59.862903799
57.54404444
56.015948183
55.150383167
54.95803539
55.877030340000005
57.597474384
58.837048972
61.027676473
63.485453675
65.36618753
67.075945585
68.721587708
70.324485879
71.724350288
72.66471721900001
72.921180925
72.942552899
73.786745938
73.380678403
72.055615912
70.014592233
67.011829656
63.38927978
0.0
11.583610798999999
11.423320985
11.369891048
11.380577037
11.508808887999999
11.775958586
12.224770072
12.694953536
12.855243356999999
12.737697491
12.513291741
12.288885998
12.214084087
12.214084087
12.256828035
12.331629953
12.427803837999999
12.630837607
12.919359279
12.908673297
12.780441439
12.534663722
12.117910195
11.690470683000001
0.0
708.61991071
687.98526816
674.49955157
667.63914735
668.80392006
678.81669063
697.66677322
713.65301096
736.65994273
758.8547394799999
777.07434873
791.4042584
802.75277748
811.48322954
818.8672471100001
824.12475312
826.39018252
839.07445004
846.2020039600001
843.7121688
831.78660634
811.95341293
779.39320809
743.90504252
0.0
996.1584713
967.1460142
948.19975774
938.55031074
940.18526687
954.26939884
980.74927663
1003.23259519
1035.56839451
1066.7821648000001
1092.3857912
1112.5288785
1128.4937446000001
1140.761258
1151.1373524
1158.5213702
1161.7057946999998
1179.5513943
1189.5641649
1186.0698467
1169.292846
1141.4237899
1095.6557038
1045.7521407000002
0.0
669.08175571
649.60119995
636.87418842
630.38779386
631.4884505900001
640.94554979
658.73771949
673.83702034
695.55094758
716.51685571
733.72129608
747.23907073
757.96780249
766.2066990899999
773.1739631600001
778.1429475
780.28014508
792.25913743
798.99130972
796.6403924399999
785.37736124
766.6555106100001
735.9119236199999
702.4006657799999
0.0
268.95562756000004
265.30101976
264.15761909
264.34996686
267.34204339999997
273.42237052
283.98012645
294.89052003
298.61992983
295.80951497
290.54132301
285.46547875
283.77709266
283.75572072
284.76020358
286.4058457
288.72470505999996
293.42653973
300.00910823
299.83813243000003
296.74988192
291.11836632
281.37274544999997
271.56300863
0.0
124.5558741
119.71512161999999
116.54138326
114.73545125999999
114.34006977
116.26354753999999
119.83266746
122.41867651999999
126.97090732999999
132.08949553
136.01125307
139.54831503
142.97851714
146.30185932999998
149.22981999
151.18535574999999
151.7089692
151.75171311
153.52558708
152.67070805
149.90303727
145.68207201
139.42008314
131.87577579
0.0
178.41325275
171.48873265
166.92581579
164.33980676
163.78413541999998
166.5304343
171.64902243
175.34637424
181.86482683
189.20610041999998
194.81624405000002
199.89208824
204.7969567
209.56290725
213.75181449000002
216.55154326
217.31024842000002
217.37436437
219.90694347
218.67805485000002
214.72423936
208.66528427999998
199.71042649
188.89620678
0.0
241.28960512999998
231.91799378
225.75217881
222.25786079
221.49915566
225.20719342
232.14239953999999
237.13275588000002
245.95938181
255.8866645
263.46302984
270.33412001
276.97011847000005
283.41376909
289.07734268
292.87086836
293.88603717
293.97152512
297.40172716
295.74539905999995
290.39171918
282.19556649
270.08834228
255.45922495000002
0.0
37.422329367
36.909401951999996
36.749112131
36.781170094
37.197923624000005
38.042116663
39.506096991
41.023507265999996
41.547120663
41.151739117
40.425091944
39.719816752
39.484725017
39.474039028
39.612956868
39.8480486
40.168628235
40.820473497
41.73946845
41.718096476
41.290656957
40.499893862
39.142773408
37.785652957
0.0
14.735977208
14.479513502
14.404711591
14.404711591
14.543629431
14.896267028999999
15.398508459
15.932807848
16.317503412
16.349561375
16.146527606
15.911435874
15.697716116
15.580170247
15.483996362
15.516054328
15.729774079
16.253387483
16.573967118
16.648769029
16.44573526
16.061039706
15.430566418
14.810779126
0.0
357.73481442
347.16637247
341.74857665
340.86163966
345.27495266
356.02505639
373.35772862
391.24607226
403.65250416
409.44430954
409.63665731
406.84761449
403.49221431
401.162669
400.23298807000003
401.57942253
405.47980806000004
418.6128871
426.584634
426.98001555999997
420.69665472
407.45671579
387.39911662000003
365.02265812
0.0
46.633650874000004
45.992491604
45.80014382
45.832201783
46.355815187000005
47.403041995
49.241031898
51.132451745
51.773611018
51.282055577
50.373746609
49.497495611
49.19828795
49.19828795
49.369263756
49.657785425
50.063852963
50.875988039
52.019388735
51.987330776
51.453031382999995
50.469920501000004
48.781534423
47.08246236
0.0
116.34903549
112.90814736
111.14495937000001
110.8564377
112.29904606
115.79336405
121.42487968
127.24874305
131.27736044
133.15809427
133.22221025
132.31390129
131.22393048
130.47591137
130.16601773
130.60414323
131.87577579
136.15017091
138.73617994
138.8644118
136.82338808999998
132.51693501
125.99848245999999
118.72132478
0.0
104.273869185
100.662005322
98.642353652
97.94776441
98.83470142499999
101.816092021
107.02016808
112.67305565
116.24217557
117.52449408
117.35351828
116.55206921
116.43452334
117.10774055
118.52897693999999
120.57000065
122.95297589
126.52209588
129.71720624
129.31113873
126.60758376
122.35456061000001
116.03914178
108.92227391
0.0
55.406846875999996
53.248277338
51.837726947
51.036277853
50.865302050000004
51.709495089
53.301707275
54.45579396
56.475445658
58.751561069
60.49337708
62.074903281000005
63.602999541
65.077665861
66.38135637500001
67.246921388
67.482013123
67.50338509699999
68.294148196
67.90945263500001
66.680564029
64.79983018099999
62.021473344
58.655387177
0.0
460.04246188
451.24789394
441.29923921
440.67945196
444.7935573
454.83838583
475.69743407
496.42825042
507.4348179
509.63613139
503.75883805999996
496.54579629
492.2500292
495.00701403
491.2028024
495.76571919
502.02770803
518.62304717
528.03740246
529.06325729
524.34005065
511.0680538
488.79845511999997
460.97214284
0.0
493.28657005
478.71088265
471.23069111
470.01248850999997
476.1141876
490.92496668
514.8188354700001
539.49278136
556.6010479
564.5834807800001
564.85063045
561.0036748800001
556.3766421400001
553.17084579
551.87784129
553.73720315
559.12294105
577.2356903799999
588.23157184
588.7658712799999
580.11022108
561.83718194
534.19253141
503.34208452999997
0.0
825.06512003
796.40530066
780.4831788
774.94783717
782.02196106
805.5525062500001
846.7576753
891.47853441
919.68954223
929.8412306800001
928.52685418
922.21143535
921.22832446
926.54994645
937.80229163
953.9595052
972.82027374
1001.05265374
1026.34638653
1023.1085327500001
1001.77930088
968.12912502
918.1080160600001
861.7714882
0.0
914.6243839900001
887.9949023400001
870.59811413
861.7394302800001
863.23546857
876.16551382
900.48682209
921.12146464
950.81782476
979.46695815
1002.98681746
1021.4735761300001
1036.13475138
1047.3977827
1056.9189976
1063.7046005
1066.6325611
1083.0141804
1092.2041298
1088.9983332000002
1073.5998247
1048.0068842
1005.97889421
960.16806411
0.0
70.388601808
67.65298892599999
65.857742971
64.842574126
64.61816838600001
65.69745315
67.717104855
69.18108518599999
71.756408251
74.652310954
76.864310429
78.862590153
80.796753948
82.677487806
84.333815921
85.434472669
85.73368033
85.755052304
86.759535157
86.27866570799999
84.718511485
82.324850215
78.787788242
74.524079096
0.0
1027.16920785
997.2484416899999
977.7144561499999
967.76580145
969.45418751
983.9657593100001
1011.27914395
1034.4570513800002
1067.8080198
1099.9835286999999
1126.3886045
1147.1514788
1163.6185862
1176.2707958
1186.9674701
1194.5865787
1197.8671775
1216.2684485
1226.5911128
1222.9899344
1205.6893203
1176.9440136
1129.7546906999999
1078.3016596
0.0
1.6135841617
1.5708402105000001
1.5494682347
1.538782247
1.5601542228
1.6135841617
1.6883860764
1.7738739792
1.8273039181000001
1.8486758939
1.8486758939
1.8379899064999998
1.8273039181000001
1.8166179303999999
1.805931943
1.8166179303999999
1.8379899064999998
1.8914198451000002
1.9341637963
1.9341637963
1.9021058328
1.8379899064999998
1.7525020034
1.6456421252
0.0
84.098724189
81.181449512
79.557179363
78.99082201099999
79.70678319199999
82.111130454
86.310723671
90.873640471
93.7481712
94.774026027
94.645794176
94.004634906
93.89777502199999
94.442760407
95.58616110300001
97.231803226
99.155281067
102.040497778
104.6158208
104.28455519
102.115299696
98.685097586
93.577195394
87.83881992799999
0.0
1373.8333384999999
1333.8250003
1307.6870743
1294.3830193
1296.6377628
1316.0542029
1352.5895947
1383.57896
1428.1822729
1471.2254319
1506.5426218
1534.3155039
1556.3393247
1573.2552436
1587.5637811
1597.7582138
1602.1501547
1626.7492985
1640.5662810000001
1635.7468999999999
1612.6117368
1574.1635525
1511.0414222
1442.2343472
0.0
278.4340988
270.32343406
265.02318404
262.33031512
262.77912661
266.72225614999996
274.12764569
280.40032057999997
289.44066625
298.17111831
305.33073015
310.95155973
315.41830269
318.84850473
321.74440744
323.80680312000004
324.70442608999997
329.68409638
332.48382521999997
331.51140035
326.82025163000003
319.03016655
306.23903911
292.29382497999995
0.0
319.76749971
308.66475836
302.48825737
300.34037381
303.08667271999997
312.20182031999997
328.17737214
345.51004437
356.44180991999997
360.37425341
359.87201203
357.41423478999997
357.04022527
359.10262085
363.46250392
369.72449279
377.03370846
387.97616
397.77521083
396.52495024
388.25399565
375.21709051
355.82202267
333.99054949
0.0
86.748849172
84.226956044
82.570627929
81.737120882
81.876038722
83.104927325
85.413100695
87.368636464
90.17905126400001
92.903978161
95.137349617
96.889851617
98.279030006
99.347628837
100.245251795
100.897097029
101.16424671700001
102.724400996
103.58996596700001
103.290758292
101.826777971
99.401058791
95.415185297
91.06598825100001
0.0
65.323443578
63.38927978
62.395482918999996
62.235193097999996
63.047328171
65.00286394
68.17660233000001
71.435828616
73.70125803799999
74.759170828
74.791228794
74.288987364
73.669200072
73.252446545
73.081470739
73.327248463
74.043209647
76.436870917
77.890165263
77.964967174
76.821566481
74.395847245
70.741239406
66.648506073
0.0
97.712672682
96.387610187
95.97085666699999
96.045658578
97.124943349
99.33694282
103.17321244
107.13771392
108.48414841
107.4689796
105.55618774999999
103.707511819
103.09841052200001
103.087724572
103.451048148
104.04946343099999
104.89365649000001
106.60341455
108.99707581
108.9329599
107.8109312
105.76990749000001
102.222159531
98.663725619
0.0
95.86399678299999
93.074953964
91.247650046
90.32865509300001
90.478258925
91.83537937599999
94.38933046300001
96.547900008
99.657522462
102.66028502500001
105.1287482
107.06291202
108.60169425000001
109.78783893
110.78163577000001
111.49759698999999
111.79680465
113.51724865999999
114.47898758000001
114.147722
112.53413784
109.85195484
105.43864191
100.640633355
0.0
547.63550409
531.6920102600001
521.27317211
515.9729221599999
516.87054513
524.60720035
539.17220173
551.52520364
569.30668739
586.46838382
600.54182984
611.6125132
620.38570924
627.1285675500001
632.83488508
636.8955604600001
638.64806243
648.45779925
653.96108299
652.04829114
642.8155976300001
627.49189112
602.33707582
574.90614503
0.0
301.43034461999997
292.51823074
287.95531397999997
287.20729477
290.93670457
299.98773626
314.59548158
329.66272441
340.12430647
344.99711694
345.15740679
342.80648947000003
339.98538866
338.01916688
337.23908978
338.3718045
341.66308873
352.73377216
359.44457248
359.77583813
354.48627412999997
343.3194169
326.42487014
307.57478757999996
0.0
365.49284160999997
358.49351955000003
350.59657458
350.10501912
353.37493144999996
361.34667835
377.9313314
394.39843868
403.13957673
404.88139278
400.22230205
394.4839266
391.07509646
393.26572393000004
390.2415894
393.8748253
398.8438096
412.01963262000004
419.49982409
420.32264512999996
416.56117744
406.02479345
388.32879758
366.23017477
0.0
226.21167627999998
219.53293388
216.10273184000002
215.53637445
218.33610325
225.13239149
236.09621503
247.40199017
255.24550521
258.91079903
259.02834487
257.26515688
255.14933130999998
253.67466498999997
253.08693563
253.94181465999998
256.41027785
264.71329043000003
269.7570767
270.00285443
266.0276669
257.64985249
244.97627092000002
230.82802307
0.0
606.20540336
588.55215147
577.01128462
571.14467731
572.13847415
580.7086364300001
596.82310606
610.50117049
630.18476007
649.1737604
664.7646166500001
677.02144472
686.73500767
694.19382717
700.5092459
705.00804678
706.9422106
717.79917422
723.90087331
721.77436172
711.55855739
694.59989468
666.75221043
636.38263296
0.0
451.16240599
437.82629316
430.99794699999995
429.87591823
435.45400386999995
449.00383644
470.85668159
493.42548786
509.06977402999996
516.36830372
516.61408145
513.09839149
508.86674031
505.92809363
504.75263497000003
506.45170701000006
511.37794741000005
527.94122856
537.9967430400001
538.4882984999999
530.56998153
513.85709662
488.57404936
460.35235552
0.0
316.39072756
307.04048818
302.24247964
301.46240253999997
305.37347409
314.87331727
330.19702381
346.02297177
356.99748126
362.11606943
362.28704526
359.81858207
356.8478775
354.79616777
353.96266078
355.15949141
358.61106542
370.22673424
377.27948616
377.62143778999996
372.07541011
360.35288144
342.6141417
322.83437818
0.0
107.22320187
103.05566658800001
100.32005371300001
98.770585454
98.428633845
100.074275989
103.16252648999999
105.37452593
109.2962835
113.70959642999999
117.07568262999999
120.13187515
123.08120775
125.9450525
128.45625963
130.14464569
130.59345721
130.63620115
132.15361141
131.41627825
129.04398896
125.40006711
120.01432931
113.51724865999999
0.0
1028.16300476
997.7827412
982.2025710099999
979.6486199000001
992.36494527
1023.23676426
1073.0548391999998
1124.475813
1160.1349542
1176.7623512
1177.3287088
1169.3035319
1159.6647705999999
1152.9860282
1150.2931591
1154.1721735
1165.3924605
1203.1460549
1226.0568134999999
1227.1788417999999
1209.1302087
1171.0560341
1113.4158153
1049.1182266
0.0
335.57207573
325.7943968
319.41486209
316.1663218
316.71130719
321.4558858
330.37868563
337.95505097
348.84407258
359.3590846
367.98267674
374.76827906
380.14333091
384.27880822
387.77312621
390.26296137
391.33156021
397.34777135
400.72454343
399.54908484
393.89619727
384.50321398
369.0833335
352.27427469
0.0
785.66588291
762.787183
747.83748601
740.2397487
741.52206718
752.62480853
773.51591476
791.2439685500001
816.7514215000001
841.3719375000001
861.56845448
877.44783233
890.046612
899.71743101
907.90289765
913.72676102
916.23796815
930.31141414
938.2083591400001
935.4513743099999
922.2221213700001
900.2410443599999
864.14377749
824.7872843800001
0.0
65.440989444
63.50682564900001
62.523714767
62.352738964
63.164874037
65.131095798
68.304834181
71.574746456
73.840175878
74.90877466
74.940832623
74.427905211
73.81880390399999
73.391364385
73.220388579
73.46616630300001
74.182127487
76.586474749
78.03976909500001
78.11457100599999
76.96048432100001
74.534765085
70.869471264
66.776737924
0.0
511.01462383999996
493.26519808
483.4020313
479.97182919
484.3530842
498.9287716
524.44691054
552.14499096
569.6165811
575.91062789
575.0984928
571.1767353
570.5783199499999
573.8696042500001
580.83686829
590.84963886
602.52942359
620.01169965
635.6773577900001
633.67907806
620.46051117
599.6228349
568.64415616
533.74371989
0.0
613.80314074
595.65833342
586.361524
584.83342769
592.4311651
610.86449406
640.59291217
671.29375522
692.58024301
702.5075257
702.8494773
698.06215471
692.30240729
688.31653384
686.7029496800001
689.0218090100001
695.72192338
718.25867176
731.93673612
732.60995337
721.82779168
699.09869553
664.68981475
626.30574651
0.0
97.605812801
95.746450924
93.630625334
93.502393476
94.378644481
96.50515605300001
100.92915501300001
105.33178199
107.66132737
108.13151083
106.88125027000001
105.35315396
104.444845
105.03257433
104.220439234
105.19286418
106.51792667000001
110.03361666
112.03189636
112.25630212
111.25181925999999
108.44140447
103.707511819
97.80884657
0.0
66.56301816999999
64.61816838600001
63.357221817
62.716062554000004
62.822922428
63.763289355
65.526477347
67.03320163000001
69.191771175
71.275538802
72.985296847
74.331731316
75.400330098
76.22315116600001
76.917740373
77.40929581399999
77.623015565
78.809160216
79.482377449
79.247285717
78.125256998
76.265895114
73.209702597
69.875674393
0.0
584.18158248
561.4845443199999
546.56690532
538.10360296
536.2762990599999
545.2525288200001
562.02952971
574.1260679
595.48735762
619.5094581999999
637.8786712799999
654.49538236
670.57779403
686.16865028
699.87877266
709.05803621
711.5158133799999
711.72953319
720.02185968
716.01461426
703.0631970400001
683.23000363
653.89696701
618.4942893900001
0.0
173.65798815
166.91512984000002
162.48044486999999
159.96923776999998
159.42425235
162.08506331
167.07541962000002
170.67659756
177.02407435
184.16231421999998
189.62285395
194.57046632
199.34710292
203.98482160999998
208.05618300999998
210.78110985
211.51844301
211.58255892
214.05102218
212.85419148
209.00723591
203.10857061
194.3888045
183.86310652999998
0.0
1202.6651857
1167.1129047
1148.8932951000002
1145.9119041
1160.7867999
1196.9054385
1255.1654443
1315.3061836
1357.0242798
1376.4834641
1377.1353091
1367.7530117
1356.4792943
1348.6571512
1345.5154709
1350.0463303
1363.1687229000001
1407.3339105
1434.1343681
1435.4487443
1414.3332328
1369.7940355
1302.3761385999999
1227.1681558999999
0.0
156.43217581
151.81582902
149.44353973
149.04815817
150.98232195999998
155.68415663
163.26052197
171.08266507000002
176.51114695
179.04372602
179.1292139
177.9110113
176.44703097000001
175.42117614
175.01510863
175.60283796
177.31259602
183.06165746
186.54528946
186.71626526
183.96996645000002
178.17816097
169.404965
159.62728614
0.0
784.8430618699999
761.98573393
747.04672289
739.4596716
740.74199008
751.83404548
772.70377967
790.41046149
815.8858565200001
840.48500048
860.66014549
876.5181514
889.10624509
898.76637808
906.94115873
912.7650221
915.26554328
929.32830325
937.2145623
934.46826342
921.2496964300001
899.28999146
863.22478258
823.91103331
0.0
751.88747544
729.6606207
718.26935768
716.40999582
725.70680524
748.28629753
784.71482998
822.30813517
848.39263143
860.5532856
860.97003913
855.10343182
848.05067983
843.16718341
841.2009617
844.03274846
852.2395870700001
879.84149366
896.59712251
897.41994362
884.22274863
856.37506435
814.22952835
767.21118195
0.0
335.326298
322.30007881
313.74060255
308.8784781
307.8312513
312.98189742
322.60997248999996
329.55586459
341.81269256
355.60830286
366.14468685
375.68727397
384.90928149
393.86413928
401.73971231
407.00790434
408.41845471000005
408.53600058
413.30195113
410.99377778999997
403.56701620999996
392.17575322
375.34532237
355.02057353
0.0
29.087258859000002
28.691877313
28.563645455
28.585017435999998
28.916283056
29.568128318
30.711529011
31.88698767
32.293055208
31.993847550999998
31.41680421
30.871818832
30.690157037
30.690157037
30.797016913999997
30.967992716999998
31.224456423
31.726697856
32.442659037
32.421287063
32.090021439000004
31.480920139000002
30.433693331
29.365094549000002
0.0
97.520324898
95.810566846
95.30832542
95.319011405
96.259378336
98.599609648
101.890893939
105.41726994
107.99259295
108.22768473
106.87056425
105.33178199
103.867801678
103.077038555
102.457251305
102.66028502500001
104.070835465
107.57583942
109.67029309
110.16184852
108.82610000999999
106.25077693
102.083241712
98.043938302
0.0
7.8755730276
7.7366551859
7.7045972224
7.7045972224
7.7793991371
7.96106093
8.228210626
8.516732297099999
8.7304520535
8.7411380419
8.634278163700001
8.5060463094
8.3885004435
8.3243845165
8.2816405653
8.292326552999999
8.409872418900001
8.6877081023
8.8586839075
8.9014278587
8.7945679805
8.5808482241
8.2495826018
7.9183169788
0.0
11.327147093
11.124113324
11.070683387
11.070683387
11.177543267999999
11.455378951
11.829388523
12.24614205
12.545349707
12.566721681
12.417117856
12.235456060999999
12.064480255
11.968306363
11.904190434
11.925562415
12.085852229
12.491919767
12.737697491
12.791127428
12.641523599
12.342315938
11.861446489
11.391263022
0.0
3.1630523961
3.0989364698
3.0348205428
3.0241345544
3.0561925179
3.1203084452
3.2699122743
3.4088301163
3.4836320317
3.5050040068
3.4622600556
3.4088301163
3.3874581408999997
3.3981441286
3.3767721528
3.4088301163
3.4515740678999998
3.5584339464
3.6332358607999997
3.6332358607999997
3.6011778973
3.5156899945
3.3554001774
3.1630523961
