0.0
105.97392842314053
103.94141074293184
101.65161233477002
101.51010794088397
102.462046594633
104.7647090439338
109.57585850094168
114.34841584326661
116.88263093449937
117.39719237543297
116.04646859111072
114.37414391556284
113.38361314713087
114.02681495204101
113.15206050519888
114.19404741822329
115.63481944060973
119.4683021703246
121.62946021950071
121.87387689508539
120.78043384745025
117.71879327788803
112.59890694958236
106.17975299277629
0.0
106.91300304573237
105.04771783170594
104.4945642873189
104.5074283172284
105.54941523025282
108.09649436387231
111.71128847158298
115.58336330599901
118.41345121740892
118.67073194037113
117.17850376341053
115.48045101556642
113.88531054692545
113.02342014247003
112.32876219296745
112.56031484612888
114.10399915894791
117.95034591982004
120.25300835290047
120.78043384745025
119.32679777893397
116.49670985629461
111.92997708360544
107.49188466366336
0.0
207.56122057342688
206.90515476855245
206.14617663456607
205.85030378194833
206.60928191593462
207.63840482026077
208.68039165966982
210.35271643378744
210.39130845114832
210.24980410467555
209.92820315730262
209.74810669365147
209.83815498786296
210.13402771570892
210.55854099219368
210.73863746832203
211.21460679706814
211.6648480310591
213.6073174632219
213.87746223356174
213.02843591765858
211.65198399615878
210.05684358116963
208.43597497160798
0.0
244.13367492701823
237.01986299076438
232.37594599245253
230.00896339609952
230.40774847801177
233.86817417814714
240.3516482795099
245.87031968848012
253.79456591079907
261.43580322806037
267.7134528833115
272.65324262194656
276.56390956855
279.5740940346945
282.1083090597983
283.9221381803886
284.70684439665285
289.08061663710214
291.52478348028905
290.6757570520912
286.55926554708134
279.7284624285449
268.51102303465876
256.29018893101903
0.0
32.97052421714753
31.68412061980441
30.8479582876452
30.359124919007833
30.25621262857522
30.770774069508814
31.709848692100636
32.391642600464245
33.600861990900434
34.951585763993236
35.99357267701767
36.932647299609485
37.833129818747835
38.72074830797668
39.4925904643862
40.00715190531979
40.14865629920587
40.16152034159257
40.624625636686
40.405937024663544
39.6726869729552
38.55351584179438
36.894055196156025
34.90012961940079
0.0
645.9547027765784
626.8644734372239
617.0878060644765
615.4798016021098
623.4683679365448
642.8673341758947
674.1655336962831
706.4671280387197
728.8762787442141
739.3218759567363
739.6692049739099
734.6393668287689
728.5804058915962
724.3738661921924
722.688677495469
725.1199802912782
732.1694720155987
755.8907543183649
770.285610607146
770.9931325765765
759.6470528711179
735.7328099450285
699.5205486559885
659.1274756500051
0.0
45.39718297901094
44.04645920591813
43.364665298802244
43.248888977212395
43.81490655275669
45.17849436698848
47.37824452585666
49.64231486047451
51.224591276747006
51.95784132970307
51.9835694019993
51.623376396090755
51.19886321443254
50.902990385521406
50.78721405270209
50.954446531361576
51.45614392990846
53.115604574299105
54.13186341502731
54.18331956086747
53.38574933216173
51.70056061422715
49.15348149183714
46.323393571693245
0.0
180.82975380451643
174.5392402141823
171.05308643176892
169.84386705131448
171.3875514140423
176.5460298582786
185.5765830321227
195.37897848714806
201.56657983571054
203.79205808559072
203.49618523297292
202.10686926409556
201.90104470568923
203.05880803388234
205.52870284705264
209.06631280649904
213.20853239378692
219.39613364253185
224.94053324607466
224.23301116434968
219.55050214867694
212.17940948946077
201.21925081853684
188.8697763035073
0.0
225.96965603810617
221.6473399622128
216.75900627583914
216.450269388321
218.48278711469524
223.40971293072448
233.66234961974084
243.83780207440049
249.24069720669866
250.32127616328606
247.43973212100866
243.88925823895644
241.79242030064864
243.14314413987051
241.27785885472417
243.51620113950477
246.59070569281093
254.7336405333909
259.3646934843252
259.8663908953493
257.55086436373483
251.0287981327165
240.09436755654767
226.41989727209713
0.0
1146.6615753275612
1112.7648405701357
1095.3983919448654
1092.5554400322435
1106.7316077152411
1141.1686320008691
1196.7155393048486
1254.0634116820406
1293.8261464164318
1312.3760872382356
1313.0064246364252
1304.0659200687219
1293.3115858938186
1285.8633085011584
1282.85312458401
1287.1754399362267
1299.6921468300986
1341.7961367398548
1367.3441124227008
1368.604788217255
1348.472571664176
1306.0083887772084
1241.7268012143886
1170.0226646780707
0.0
48.33018319083518
46.90227518837652
46.169025135420455
46.05324881383062
46.6449944729006
48.098630537673735
50.439885089180265
52.85832384884142
54.543512565528296
55.31535472193781
55.34108279548175
54.96802574718651
54.517784493232064
54.196183590777
54.080407270434854
54.26050377900386
54.78792924984699
56.563166215827465
57.63088120239584
57.69520137814552
56.846175003599626
55.045209965322904
52.34376240790783
49.32071395801944
0.0
503.1767674764477
501.59449099654154
499.72920581121275
499.02168384178225
500.87410497973366
503.356863952576
505.8782150425968
509.9303863356731
510.04616271216264
509.68596966008846
508.926991513625
508.46388623225636
508.68257483804035
509.41582488974865
510.44494779407484
510.8823249931653
512.0272241616863
513.1078032305684
517.8289043758967
518.4849702930658
516.4267244844134
513.094939195668
509.2228643662428
505.2864693373613
0.0
848.7948222046771
823.7099520153114
810.8459160418805
808.7490782283444
819.2332674457504
844.729786864223
885.8561098096202
928.2945645893557
957.7403429717928
971.4662693085047
971.9293745898731
965.304396029743
957.3544218249635
951.8357504159933
949.6102721785902
952.8134171557633
962.0755230825865
993.2450821791078
1012.1552151671059
1013.0814257298429
998.1848720300374
966.7580320982593
919.1739630214823
866.0969506304909
0.0
107.13169165775481
106.7972267253902
106.39844160479876
106.24407318100317
106.64285828911744
107.17028377243774
107.71057327443809
108.5724636913707
108.59819176366693
108.52100754553055
108.35377507934824
108.25086278891563
108.30231893350809
108.45668736978084
108.67537598180331
108.77828827223591
109.02270494532516
109.24139355609988
110.25765240805757
110.38629276080465
109.94891553675973
109.24139355609988
108.41809525509792
107.58193292293872
0.0
46.2333453223996
44.625340822601416
43.73772233462031
43.42898547455193
43.82777059389567
45.139902264782734
47.455428743993046
49.96391575170012
51.533328148044845
52.112209764728135
52.03502554659174
51.67483254193093
51.623376396090755
51.91924922624962
52.54958698877306
53.46293353782092
54.517784493232064
56.10006092073403
57.51510488080599
57.33500837223698
56.1386530241875
54.24763973661716
51.45614392990846
48.29159107615225
0.0
9.840987526412514
9.660891022460072
9.609434878366711
9.609434878366711
9.712347166553434
9.943899814599233
10.278364749708809
10.638557757364152
10.895838476957547
10.921566549503313
10.78006215349612
10.625693721091267
10.471325289809363
10.394141074293184
10.329820893802168
10.35554896534976
10.497053361356958
10.844382332739416
11.063070944512333
11.11452708860569
10.973022692473727
10.715741973005104
10.291228785981694
9.892443670505873
0.0
190.04040355430624
183.44115307645401
179.7749028179123
178.501363337819
180.1350958699864
185.55085504966218
195.0445136171694
205.34860637092422
211.84494450718745
214.17333508617952
213.87746223356174
212.42382617752264
212.19227353683831
213.42722099957078
216.01289218923037
219.7305986248052
224.07864277049933
230.58784495414005
236.4023892032509
235.66913915154257
230.74221344780784
222.99806381391184
211.47188752003038
198.50493920501017
0.0
114.15545530354036
109.71736289482777
106.7972267253902
105.15063012213855
104.79043711623002
106.53994600991429
109.82027518526037
112.18725779908135
116.35520546240853
121.05057859408339
124.63964462825014
127.8942457599975
131.03307052523715
134.0818470087425
136.75756649261362
138.55853157830362
139.03450089457257
139.0730930242281
140.69396152149517
139.90925530523086
137.38790431502753
133.502965450702
127.77846938350805
120.85761806059575
0.0
76.72111059290681
73.7366542477196
71.78132078439957
70.67501368439598
70.43059700007731
71.61408831821727
73.813838465856
75.39611489335796
78.21333877236287
81.36502758373237
83.77060231223632
85.9574884287178
88.06719033954006
90.11257205090598
91.9135370891827
93.12275647961889
93.4443573708445
93.47008544314072
94.56352850200531
94.03610302991447
92.33805028207038
89.72665097270124
85.88030422181087
81.2235231898463
0.0
519.6813256261427
504.3216666449687
496.44887657472856
495.1624730597347
501.59449099654154
517.1985666657774
542.3734851368771
568.3588378191788
586.3813521370289
594.7944317354716
595.0774405407117
591.0252691353409
586.1497994838675
582.7794220779435
581.4158343036388
583.3711677831791
589.0442075735224
608.1215729902713
619.7120693837917
620.278086994272
611.1574855386938
591.9128876931942
562.7758461982753
530.2812912325153
0.0
154.89585729924775
152.78615531356243
152.13008952116516
152.2458658976546
153.9696467240335
157.46866444152982
163.5533534734576
169.83100300393693
171.979296994506
170.35842850971616
167.33538010848878
164.4023799016554
163.43757720926274
163.41184911450762
164.00359470744857
164.9426693175632
166.28052912188465
168.99484073541137
172.7768672581479
172.68681907623096
170.91158208529612
167.65698093108992
162.0482612403854
156.40094953232
0.0
102.89942381867795
101.51010794088397
101.07273071808677
101.14991492499365
102.29481412845072
104.61034060766103
108.66251193941663
112.83045960274379
114.25836759397296
113.17778857749511
111.17099895835314
109.2285295261904
108.5724636913707
108.5724636913707
108.94552073841821
109.57585850094168
110.47634102008003
112.26444201721776
114.78579306606382
114.72147289031415
113.53798158340363
111.38968757037564
107.6591171410751
103.90281862824891
0.0
153.26212464230852
147.93641375684422
144.97768558002753
143.9485626757014
145.26069427297315
149.63446650094517
157.2885679654015
165.5987352347323
170.8343978259851
172.72541109359193
172.48099440553008
171.29750311983076
171.11740664370245
172.107937418373
174.20477524438618
177.20209566315302
180.701113492944
185.9496401315744
190.64501329444215
190.04040355430624
186.07828044314678
179.82635898246824
170.53852497336732
160.08006372594463
0.0
160.47884890767423
154.89585729924775
151.8084885862694
150.7279096172048
152.1043614388872
156.68395822526557
164.69825264197854
173.39434104566138
178.87442032497603
180.85548188679437
180.5982011638321
179.3632537010997
179.18315722497138
180.21228012929748
182.3991662495221
185.55085504966218
189.2171052083864
194.71004863489605
199.62411040354772
198.99377258113387
194.83868894646847
188.30375868054975
178.56568343745784
167.61838881391154
0.0
209.14349705333296
201.01342626013056
195.67485133976587
192.65180282624385
191.99573703384658
195.21174604592017
201.21925081853684
205.54156688195297
213.19566834640932
221.78884432116283
228.37523075163745
234.31841542461532
240.06863947426976
245.66449513007382
250.56569285134793
253.85888612273263
254.7336405333909
254.8108247802248
257.782417004419
256.3416449832804
251.71059201986884
244.6096442432872
234.0997268188314
221.42865136890617
0.0
420.5382003265294
419.21320456958557
417.65665628425205
417.06491057901644
418.60859492926704
420.6797046730022
422.7894066462104
426.1855121468895
426.27556032880636
425.97968747618853
425.3364857186917
424.95056468415703
425.1306611602854
425.74813483550435
426.6100253110797
426.97021825085915
427.93502095572893
428.8355035484827
432.78476251244706
433.33791608802716
431.6141352616482
428.82263950110513
425.593766441654
422.3005732825639
0.0
1107.2590330962485
1074.5457896369992
1057.7710867169644
1055.0181829862595
1068.7055173056106
1101.959050293062
1155.6020803070114
1210.9817553444434
1249.380902678845
1267.300505204102
1267.9051142829474
1259.2604824555672
1248.8792053052525
1241.688209072256
1238.7938010075552
1242.9617487020753
1255.0410784592425
1295.704296135748
1320.3775170710524
1321.5867363516888
1302.149178431862
1261.138632050112
1199.0696579661185
1129.8354162304934
0.0
62.737903488314835
61.88887711376893
61.61873235715401
61.670188502994186
62.364846441267325
63.77989040133927
66.24978530559288
68.78400039682566
69.6587548436678
69.00268900884811
67.7806055872547
66.58425025043466
66.19832916100044
66.1854651298432
66.42988181416189
66.80293886120941
67.35609240559647
68.44953546446105
69.98035574612287
69.94176363143993
69.22137762087057
67.90924595123124
65.63231158545615
63.34251317854207
0.0
1124.6512098037965
1085.583132554757
1063.8815038311704
1056.3303146958258
1065.978341644706
1098.0483833464586
1154.2127644504285
1215.1882949440296
1253.6260345453359
1267.4806011936203
1265.679636432337
1257.0607316765834
1255.7357367680877
1262.9910523271378
1278.3249837999842
1300.3482136705788
1326.0634216199721
1364.5397525648716
1399.0153692172216
1394.6030053087725
1365.5174193420733
1319.6571312414019
1251.4777405173354
1174.6794457237602
0.0
202.58283870513625
199.82993496195405
198.96804449885587
199.12241299252372
201.37361921238718
205.95321611106021
213.90319031583968
222.12330929095896
224.92766919869712
222.81796722548893
218.85584421414688
215.02236140208265
213.74882193446652
213.73595788708892
214.49493590878066
215.72988337151298
217.47939229264708
221.01700225209356
225.98252007300653
225.85387977391133
223.52548919491932
219.2803573783371
211.94785684877647
204.5510361072824
0.0
35.453283163787845
34.076831317151104
33.17634879801275
32.661787357079156
32.54601103548931
33.08630054996684
34.115423420604564
34.84867347356063
36.13507707090374
37.60157717681586
38.70788426558997
39.72414311754765
40.701809843592926
41.640884477414204
42.47704680957341
43.03020036518993
43.18456879023324
43.197432831372225
43.69913023116684
43.45471354684815
42.670007348051925
41.46078796884521
39.68555100286472
37.53725700106617
0.0
282.57141434116676
271.59839174763704
264.3816674822713
260.29090405953946
259.40328561398076
263.7384657247744
271.8556723583047
277.708808737071
288.03862968539846
299.66771819609716
308.54390308838555
316.58392547508186
324.36666723863345
331.9049923266003
338.54283493410804
342.9809273740136
344.1644186721901
344.267331001302
348.2809101771999
346.33844074503713
340.0736552494582
330.48994838773956
316.30091676965907
299.17888483245076
0.0
287.1124191226614
277.12992719150765
271.59839174763704
269.66878623808003
272.1258171286445
280.32020812130327
294.6507442106282
310.21622775020853
320.0314871403169
323.5690970872862
323.1059918059176
320.90624165079265
320.57177666851936
322.42419780647066
326.33486476555134
331.95644850363345
338.5171068518301
348.34523038913346
357.1442310221107
356.02505982357314
348.6025111120957
336.8833743071855
319.47833366455427
299.8735427545035
0.0
244.63537222574774
241.30358693700217
240.274464032676
240.454560621099
243.16887222214845
248.70040766601906
258.3098424977211
268.22801421694135
271.6112557825375
269.0513125628612
264.27875525297685
259.6477023020426
258.11688198669236
258.09115390441445
259.0045004322511
260.50959265284615
262.61929452623684
266.89015453739165
272.8847952626308
272.73042686878046
269.9260669735195
264.79331671137857
255.9299958664678
247.0023549219181
0.0
96.12007685596335
94.43488815050594
93.94605478186858
93.94605478186858
94.8851294044604
97.17492781137449
100.42952891442432
103.9156826693879
106.44989775063891
106.68145040380035
105.34359066061708
103.81277037895528
102.38486238772609
101.60015619017759
100.98268245881138
101.18850703967658
102.57782292745235
106.02538456898071
108.09649436387231
108.58532772128022
107.27319605164088
104.72611692925089
100.62248945290284
96.63463829814465
0.0
21.94604538544654
21.18706725894654
20.762554078536038
20.60818564226326
20.801146181989502
21.418619913355705
22.52492700212982
23.70841832026979
24.454532404383087
24.724677160997995
24.69894908870177
24.53171662127176
24.505988548975534
24.64749294286161
24.94336577302046
25.367878953430967
25.86957636445504
26.62855447847786
27.297484355684226
27.207436107638316
26.64141852086456
25.753800031635727
24.415940289700163
22.92371212272128
0.0
274.8529927770715
266.72292209616376
262.5678384614984
261.8860445868232
265.28215007502496
273.52799713242223
286.8551383996992
300.5939287713114
310.12617945599703
314.5771359432802
314.718640289753
312.5832103465615
309.99753914442465
308.2223021534898
307.50191613668187
308.53103904100794
311.52835934748026
321.6266276551234
327.7499088042295
328.0457815445527
323.2217680701125
313.04631562792997
297.6352004697229
280.4488484328756
0.0
50.20833243601881
48.252998972698784
46.979459406512916
46.24620935355685
46.09184092851355
46.86368308492305
48.304455118538954
49.34644203156337
51.17313514213632
53.244244927046196
54.82652135330044
56.25442935575909
57.63088120239584
58.9687409443314
60.152232251241905
60.93693845003813
61.15562706206058
61.168491091970104
61.88887711376893
61.54154813901763
60.42237700910452
58.72432426001271
56.20297321116665
53.15419667775256
0.0
176.08292457691007
170.96303824985208
167.60552476653396
165.907472022433
166.1904808276732
168.68610383541596
173.36861296338344
177.33073597472543
183.0552320419194
188.57390345088956
193.1020441850066
196.65251806705885
199.48260594478035
201.64376398272702
203.48332118559534
204.78258874796666
205.34860637092422
208.50029518354148
210.27553218695348
209.65805839944
206.68646617524576
201.7595403592165
193.66806169566954
184.85619701531473
0.0
101.54870004433741
98.55137965676349
97.00769534519218
96.76327866087351
98.01109015476314
101.05986667570005
105.98679245429778
111.05522263676332
114.57996849642807
116.22656509967972
116.27802124427217
115.49331504672365
114.54137638174515
113.87244651576822
113.61516580154002
113.98822283735808
115.1073939685189
118.8251003679099
121.08917070128003
121.20494702162216
119.41684602822758
115.66054751290596
109.97464360905595
103.61980984047676
0.0
48.523143729313695
47.86707789449403
47.6612533136288
47.699845417082265
48.22727090040256
49.33357798917667
51.237455317885995
53.20565282359272
53.87458268956965
53.37288528977502
52.4209466247965
51.507600075748634
51.19886321443254
51.19886321443254
51.37895971177207
51.67483254193093
52.08648169243192
52.93550806697782
54.13186341502731
54.09327130034437
53.54011775595732
52.52385891522912
50.76148599163533
48.99911305681208
0.0
282.5456863711834
274.1969269721971
269.9132029261419
269.2185450040891
272.71756283388004
281.1949625319615
294.8822968513125
309.0198724171317
318.8222677598624
323.3890005113404
323.54336900500823
321.3307548025057
318.69362744829
316.8540702454216
316.10795614633577
317.1756711803174
320.26303978100117
330.6314528589841
336.9348304717414
337.24356725944216
332.27804943852914
321.8195881786293
305.98395986870923
288.3087744557383
0.0
48.02144631953734
46.34912164398947
45.42291105130717
45.10131015009981
45.51295930060079
46.88941115721927
49.282121844584225
51.89352115395338
53.527253726047796
54.11899937388832
54.041815166981394
53.68162214984339
53.617301974093714
53.92603883416208
54.58210466898175
55.52117930280303
56.62748639282486
58.26121896491928
59.74058310074092
59.5476225622624
58.31267510951173
56.34447760505272
53.4372054655247
50.15687629017864
0.0
10.098268245881137
9.905307706778759
9.68661909513061
9.660891022460072
9.763803310771562
9.982491922419708
10.43273318211366
10.895838476957547
11.127391124878576
11.178847268971936
11.050206909237625
10.895838476957547
10.792926188646053
10.85724636913707
10.78006215349612
10.870110405409953
11.011614800294204
11.371807808074317
11.57763238457253
11.603360455995348
11.500448167808628
11.217439376792415
10.728606009402759
10.11113228215402
0.0
167.19387564972132
161.37933138813338
158.15045832868225
157.03128724243925
158.4591952286776
163.23175253856186
171.580511925071
180.64965732838806
186.36128924838698
188.41953505703918
188.1493902866994
186.87585069431145
186.67002613590512
187.7506052172644
190.02753950692866
193.3078687434129
197.128487395805
202.85298336318144
207.97286969023946
207.31680388536503
202.9944878219489
196.17654875078995
186.03968842578584
174.62928850839378
0.0
82.17546185482483
78.98518092752468
76.88834307156628
75.69198772226908
75.4347069955637
76.70824656299729
79.06236514566105
80.76041789350516
83.77060231223632
87.15384377801502
89.73951501508793
92.06790552545547
94.33197586007334
96.53172600646434
98.4613314087176
99.74773500606072
100.09506398081201
100.12079205310823
101.2914193301092
100.72540174333545
98.8987086315148
96.10721282605382
91.99072130731909
87.01233938412892
0.0
773.6431239781697
746.7701528627864
731.8350070333255
726.6379364594336
733.2757790544642
755.3376007427847
793.9811648276343
835.9179221963454
862.3663801475386
871.8857667973238
870.663683381969
864.7333627438915
863.8071521686771
868.7983980843453
879.3469076384567
894.5007420612243
912.1887915090956
938.662977555044
962.3713958229094
959.3483474216821
939.3319073948188
907.7892911988457
860.8870160092214
808.0544201815196
0.0
26.139721121069943
25.779528105179665
25.67661582597652
25.689479855886034
25.985352686044887
26.57709834511487
27.593357184595355
28.661072171163728
29.021265175824553
28.751120419209638
28.236558978276044
27.747725609638675
27.580493143456376
27.580493143456376
27.670541402731747
27.837773868914045
28.05646248093651
28.519567777277658
29.149905539801104
29.13704149741441
28.841168668503272
28.288015124116207
27.34894050152439
26.39700183654588
0.0
153.54513346002588
147.58908485196514
143.66555385798407
141.44007562058107
140.95124224445738
143.31822484081033
147.73058919843794
150.90800609333314
156.51672579651478
162.83296745664964
167.65698093108992
172.03075317153912
176.2501570056608
180.35378447577025
183.95571453485562
186.3741532957646
187.017355165556
187.0688112178173
189.25569733804198
188.20084645125536
184.79187691567586
179.5819422944064
171.87638477768877
162.5628226863099
0.0
946.0597982965379
943.0753419126715
939.5763240828807
938.2513284382313
941.7246180734496
946.3942631540398
951.1410924939405
958.7566017164467
958.9752903222304
958.3063604824557
956.865588461317
955.9908340506585
956.4153472148488
957.791799024054
959.734268456217
960.5447027672362
962.7058607927056
964.7383785190799
973.6145632990737
974.849510761806
970.9774359323808
964.6997863894244
957.4444701191751
950.0347853427804
0.0
196.54960573794702
188.9083684206857
183.8913943229221
181.04844239782307
180.4309687226042
183.44115307645401
189.08846489681403
193.16636428464548
200.34449642035568
208.43597497160798
214.61071228527
220.20656794107416
225.60946308584948
230.85798972447995
235.47617864051378
238.56354724119748
239.38684558711734
239.46402983395123
242.25552558201719
240.90480185508994
236.54389366201823
229.86745893733212
220.00074338266782
208.08864606672887
0.0
266.8644264551137
257.60232052829076
252.44384207157722
250.65574114555935
252.94553948260133
260.56104882987927
273.88819008467897
288.3473665853938
297.46796804097215
300.7611613123568
300.3366480483492
298.291266386892
297.96966545199626
299.6934462783752
303.33396846711605
308.5567670109913
314.6543200778194
323.7877856930701
331.96931253853376
330.92732559930727
324.01933833375426
313.13636392214147
296.9662706299481
278.7379316413971
0.0
560.7690565666561
559.0066835981445
556.9227098195089
556.1380036032446
558.1962492996022
560.9620170776848
563.7792409080287
568.2945176072453
568.4231579188178
568.0243728369056
567.1753464087077
566.6607850626008
566.9052017506626
567.7284999842877
568.8733991528087
569.3622325289324
570.6357721088432
571.8321274543971
577.1063822876001
577.8396323393084
575.5369698425944
571.8192634070197
567.5098113909811
563.1231751156314
0.0
96.72468654619055
94.87226537330315
92.78829153602483
92.65965118452544
93.52154158898091
95.63124348732596
100.01787976267562
104.37878796572903
106.6943144349576
107.15741973005105
105.92247227854807
104.40451602679579
103.50403351888691
104.0829151368179
103.28534490811218
104.23728356061352
105.54941523025282
109.04843301762135
111.02949456446706
111.23531913410282
110.24478836691857
107.45329256020986
102.77078346593085
96.91764708466908
0.0
369.08205632051016
358.1733538141422
352.57749815833813
351.6641516305014
356.2308843819794
367.30681942939276
385.2006934356704
403.6477210175281
416.44743690379755
422.4292135941363
422.622174105165
419.74063006288765
416.280204350275
413.8874936841213
412.92269097925146
414.31200683583427
418.33845015892734
431.8971440668884
440.1172630420077
440.5160482237373
434.0454380574575
420.3709677730069
399.6855980186632
376.6075174733941
0.0
122.15688569034386
117.91175381636657
115.5576352337028
114.73433692147135
115.77632384572526
119.26247758945938
125.36003064505809
131.98500918272933
136.16582089967272
137.65804908536737
137.465088462044
136.53887788682977
136.3845094929794
137.18207975662122
138.84154038354384
141.23425106217476
144.02574681024072
148.20655852718406
151.94999304503682
151.47402371629073
148.30947085629595
143.3310888881879
135.92140421161085
127.58550886000214
0.0
477.3715112702743
463.4654883576166
454.3834790192167
449.76529010318274
450.54999620715245
457.29075114377207
469.98755457615783
480.7547527235758
496.2559160636997
511.2167899754387
523.4890802436342
533.1371073048093
540.7912086569711
546.6572090831149
551.6355909514056
555.173200910852
556.7040212262023
565.2457410239225
570.0440265283794
568.3717018540793
560.3316793550882
546.9788100180107
525.0456286412624
501.13138570269587
0.0
531.349006266497
522.0740363047735
519.3082685266909
519.3597246912469
524.5182031479604
537.2278707275411
555.173200910852
574.4177987563514
588.4395979456813
589.7260015729695
582.342044878853
573.9032372979499
565.9661270282534
561.6824030944928
558.2605695115358
559.392604632679
567.0852982267909
586.136935448967
597.5859274835376
600.2487829325082
592.980602602404
578.9459393781739
556.2537798674394
534.2176862613968
0.0
1807.4485117417378
1801.7626071928173
1795.0604451968702
1792.5262297600198
1799.164072766797
1808.0788491399273
1817.1608589025518
1831.710083061142
1832.1217326770418
1830.8481931595168
1828.082425344003
1826.4229645299224
1827.233399040577
1829.8705265070867
1833.5625044611143
1835.131916718962
1839.2612726082334
1843.133347674725
1860.0881467963898
1862.4551298419217
1855.0454443668054
1843.0561638396384
1829.1887324702084
1815.0382930816008
0.0
306.07400816292073
297.03059084188163
292.3866738435697
291.6276956971062
295.4225863919921
304.60750805950397
319.43974154737595
334.7479443639939
345.360774005267
350.31342790357417
350.480660332325
348.08794966617126
345.2192696587942
343.22534406207546
342.4277737984336
343.58553701433215
346.9301864502727
358.1604897792418
364.9784288504007
365.31289383267404
359.94859081755425
348.6153751594733
331.45475109260934
312.3130655762216
0.0
548.4324460865269
529.3808087520562
518.8065711156669
515.1145928746647
519.8228299726154
535.4654977715068
562.8530303452917
592.581817532969
611.3247179674445
618.0783368391471
617.2035824409659
613.009906676645
612.3538408717706
615.8914507189224
623.3783196423334
634.106925672573
646.6493607111083
665.4179892278619
682.2312842775522
680.0829902869829
665.893958556608
643.5233999807691
610.282731028218
572.8226582290678
0.0
396.7654618467303
385.21355748304796
377.6623683477036
373.82888564793393
374.4720874054308
380.0808071086125
390.62931666272374
399.5826856895514
412.4595856978829
424.8991085196012
435.1002890440615
443.1145834607746
449.48228129794245
454.3577509369387
458.4999705242265
461.43297074353706
462.7065102111532
469.80745810002946
473.79530930594404
472.40599333706666
465.7295587246752
454.62789570727847
436.3995567187275
416.5246210383369
0.0
517.4558473887396
502.160508607022
494.32631066643734
493.03990703914906
499.4461970059725
514.9859524632749
540.0450945703623
565.9275350108925
583.8728651942032
592.2473525506957
592.530361368413
588.4910541102372
583.6413125535189
580.2837991824954
578.9202112958959
580.8755447754364
586.5228565957964
605.5230377532341
617.049213934821
617.6152315577784
608.5332221070839
589.3658085084182
560.3702713724492
528.0043569303738
0.0
507.7820923451041
490.1326349145936
480.34310360676324
476.9341340711838
481.2821782168778
495.7670826875761
521.1220976472814
548.6511346798336
566.0047191579089
572.2566407184048
571.4462064198626
567.561267555537
566.9566578029238
570.2369870394083
577.1578383398615
587.1017381413598
598.705098682075
616.0844112424282
631.6498947820086
629.6559691852898
616.5217884415189
595.8235546397976
565.0399164655162
530.3584754918263
0.0
72.06432957217173
69.27283376546303
67.43327662373287
66.39128969947896
66.15973705754698
67.2660441463211
69.33715394246043
70.82938212066877
73.46650949110469
76.42523777522514
78.68930809861354
80.74755386359564
82.72861539921189
84.65822080021742
86.343409518152
87.47544468047009
87.78418154053843
87.80990961283467
88.82616845356286
88.33733509615494
86.74219462751401
84.2851637531699
80.67036964545925
76.30946144240583
0.0
13.944615001138514
13.751654462659996
13.687334286910307
13.700198318067546
13.854566753092607
14.176167655547681
14.716457168777499
15.282474744321794
15.475435284048036
15.33393089016196
15.063786132299336
14.793641375684423
14.703593127638515
14.703593127638515
14.755049272230961
14.845097521524586
14.960873841866722
15.205290526185411
15.552619500936704
15.539755471027181
15.385387034754407
15.089514205843274
14.58781680604866
14.073255365115067
0.0
853.0528180686368
828.2123645548559
811.9779511755008
803.7192400707261
805.1214199746863
817.1750217493928
839.8671812726046
859.1117790058095
886.8080484671123
913.5266512011224
935.4598325778708
952.7105048266517
966.3721110637246
976.8820284881805
985.7710773030744
992.1001830105869
994.827358659014
1010.0969693459765
1018.6772813856469
1015.6799609668801
1001.3236967952771
977.4480459863661
938.2513284382313
895.5298649655504
0.0
1199.1982983275996
1164.2724406408931
1141.464504853487
1129.8482802778713
1131.8164777923118
1148.7712773007693
1180.6483583667214
1207.7142901428595
1246.6408630703806
1284.2167125329954
1315.0389419011437
1339.2876497471204
1358.5065198846576
1373.2744329484838
1385.7654116477827
1394.6544608245151
1398.4879439734632
1419.970883879154
1432.0244857661548
1427.817946041797
1407.6214092518298
1374.072003860939
1318.9753372045232
1258.9002894783564
0.0
805.4558849444825
782.0047474120563
766.6836805480607
758.8752107022312
760.2002063468805
771.5848781695174
793.0034980878639
811.1803810241537
837.3201020878287
862.5593406710443
883.2704386199606
899.5434441414483
912.4589362794354
922.3771079986556
930.7644595148205
936.7462362051592
939.3190433599184
953.7396277309776
961.843970429425
959.0138824518859
945.4551885439247
922.9173975393355
885.9075659866533
845.5659491452258
0.0
323.7749216456925
319.3754213354424
317.99896952623726
318.2305221669215
321.8324522135297
329.1520887081899
341.861756175476
354.995936919247
359.4854855361857
356.1022440704071
349.76027432799424
343.64985721378844
341.61733948741426
341.59161151743086
342.80083089788536
344.78189234740904
347.5733882077696
353.2335640755072
361.15781019800863
360.9519856396024
357.2342792040276
350.454932250047
338.7229314102364
326.91374642340935
0.0
149.94320340094052
144.11579510445216
140.29517645206013
138.12115436673588
137.64518505046695
139.9607114697868
144.25729945092496
147.3703962461813
152.85047552549594
159.0123488042576
163.73344994958592
167.9914459133632
172.12080146575062
176.121516594271
179.64626250633992
182.00038105531527
182.63071889020637
182.68217494246767
184.81760499795385
183.7884820936277
180.45669681735933
175.37540249518509
167.8370774072182
158.75506808129535
0.0
214.77794472649796
206.4420494871839
200.949106048197
197.83600936523533
197.1670795254605
200.47313673192812
206.6350099982126
211.0859664854958
218.93302836116337
227.770621111319
234.5242399830216
240.63465708475013
246.53924964054954
252.2766096428265
257.31931172305053
260.6896891289744
261.6030357691058
261.6802199161222
264.728996499445
263.2496323486508
258.48993897384946
251.19603057394437
240.41596849144346
227.39756401186736
0.0
290.4699324936849
279.1881728878653
271.76562417638786
267.55908437716647
266.6457378493298
271.10955837151334
279.45831765820503
285.46582254311636
296.09151623176695
308.0422056773615
317.16280713293986
325.43438227261504
333.4229486070501
341.1799622883236
347.99790137195976
352.56463412343777
353.7867175387925
353.8896298803816
358.0189854202918
356.02505982357314
349.58017785186587
339.713462184907
325.1385094199973
307.5276442189598
0.0
45.04985401548911
44.43238028412291
44.23941974439666
44.278011847850124
44.7797092588742
45.795968099602405
47.5583410231962
49.385034135016845
50.01537189629257
49.5394025700419
48.66464812319977
47.815621749901574
47.53261295089996
47.519748919742725
47.686981385925016
47.96999017369718
48.355911251901944
49.140617450698166
50.246924550701735
50.22119647840551
49.7066350362242
48.75469637249339
47.12096380039899
45.487231239534026
0.0
17.739505617418178
17.430768757349806
17.340720509303893
17.340720509303893
17.50795297548619
17.932466157144415
18.53707584737164
19.180277651034068
19.643382947375216
19.68197505082868
19.437558366509997
19.154549578737843
18.89726886326192
18.755764458146384
18.63998813780425
18.678580252487176
18.935860966715385
19.566198729238828
19.952119807443587
20.042168055489498
19.79775137117081
19.334646087306847
18.575667960806847
17.829553866711805
0.0
430.64933255677846
417.9268010421147
411.40473471127893
410.3370197895919
415.6498666401558
428.5910868604207
449.4565532031874
470.9909493982059
485.9260952276669
492.8984026926762
493.12995533336044
489.7724419623369
485.73313470416105
482.9287748089
481.80960372265713
483.4304722199241
488.1258453827919
503.935745610434
513.5323163947585
514.0082857235046
506.44423255325984
490.5056920140452
466.3598964347945
439.42260510747775
0.0
56.1386530241875
55.36681086777798
55.13525822459828
55.173850328051735
55.80418809057518
57.06486361562207
59.27747780439978
61.554412170174864
62.32625433781385
61.73450867874387
60.64106561987927
59.58621466571586
59.22602165980734
59.22602165980734
59.43184624067255
59.77917520419439
60.268008572831754
61.24567531010649
62.62212716672499
62.58353505328977
61.94033325960909
60.75684194146911
58.72432426001271
56.67894253741732
0.0
140.06362381137583
135.92140421161085
133.79883830331974
133.45150928614606
135.18815415990252
139.3946938468292
146.1740409131044
153.18494050776923
158.0346820644874
160.29875231925132
160.37593657856243
159.2824935745974
157.9703618525539
157.06987937209482
156.69682227264312
157.2242477659452
158.75506808129535
163.90068249063134
167.01377917359298
167.16814756744336
164.71111667687893
159.52691025018206
151.67984827469704
142.91943977137532
0.0
125.52726310749723
121.17921895057364
118.74791615476437
117.91175381636657
118.97946880667809
122.56853484084482
128.83332037011212
135.63839540637065
139.93498338750882
141.47866773775942
141.27284317935312
140.30804048696052
140.1665360281931
140.97697032673534
142.68788711821387
145.1449180087783
148.01359800367817
152.31018599729347
156.15653284425815
155.66769948061165
152.41309832640536
147.2932119993474
139.690566699447
131.12311881944865
0.0
66.70002657077679
64.10149130379433
62.40343855595023
61.438635848585015
61.23281127894925
62.24907011967746
64.16581147954402
65.55512736731976
67.98643016811991
70.72646983023616
72.823307697424
74.72718501615158
76.56674216911122
78.3419791350917
79.91139152020698
80.95337843323139
81.23638723223301
81.26211530452923
82.2140539582783
81.75094867316662
80.27158452486779
78.00751420272711
74.66286484040191
70.6106935086463
0.0
553.8096130242526
543.2225114652575
531.2460939249079
530.499979838299
535.4526337366063
547.5448275286736
572.6554258003171
597.6116555658155
610.8616126860759
613.5116040876691
606.4363842810707
597.7531600245829
592.581817532969
595.900738774337
591.3211419879585
596.8140854144683
604.3524103901404
624.3302582998256
635.6634740702011
636.8984215329336
631.212517582918
615.2353849265252
588.4267338983036
554.92878422279
0.0
593.829629043079
576.2830839416803
567.2782587378197
565.811758634403
573.1571232113412
590.9866770056852
619.7506615009701
649.4537206063695
670.0490421912734
679.6584771227928
679.980077945394
675.3490249944596
669.7788974209336
665.9196866388859
664.3631383535525
666.6014805260384
673.0849547396958
694.8894956925769
708.1265887654598
708.7697905354339
698.3499213927124
676.3524198165078
643.073158734301
605.9346868700467
0.0
993.232218244025
958.7308736341687
939.5634600355031
932.8998894704888
941.4158812857489
969.7424884696486
1019.3462112254219
1073.1822018751716
1107.1432568320538
1119.3640910479876
1117.7818145680817
1110.1791692681813
1108.995677970005
1115.4019679368284
1128.947797797412
1148.3982202013178
1171.10324375943
1205.0900268360213
1235.5391999656435
1231.6413971537581
1205.9647812342025
1165.4559319265927
1105.2393795295463
1037.4201818201223
0.0
1101.0457037652254
1068.9885261108504
1048.045875508773
1037.381589702944
1039.1825546763394
1054.7480382159197
1084.0265841571288
1108.86703767091
1144.6161936661042
1179.1046741287655
1207.4184172902417
1229.673199551977
1247.3226568701928
1260.8813512273323
1272.3432065107409
1280.5118698578228
1284.0366155453025
1303.7571826072535
1314.8202541188537
1310.9610426505612
1292.4239665499028
1261.6146007799534
1211.0203473742813
1155.872225077351
0.0
84.73540501835382
81.44221180186877
79.28105375768352
78.05897033609008
77.78882559070466
79.08809321795728
81.51939602000515
83.28176895482841
86.38200162160547
89.86815537781678
92.53101082054891
94.93658554905285
97.26497605942039
99.52904639403823
101.5229719720412
102.84796768406721
103.20816068997576
103.233888762272
104.4431081414787
103.86422652479546
101.98607726838236
99.10453321362775
94.84653730100695
89.71378694154399
0.0
1236.5297307902229
1200.51042997478
1176.9949721555572
1165.0185547275023
1167.0510723415819
1184.5204333583497
1217.4009092089182
1245.3030032036731
1285.4516601329767
1324.1852719006558
1355.9723044478067
1380.9671264427782
1400.7906056591607
1416.0216249775758
1428.8985249734299
1438.0705820445685
1442.019842069093
1464.1717112905174
1476.5983697529282
1472.2631895547943
1451.4363153666377
1416.83205948823
1360.024476501991
1298.0841427794787
0.0
1.9424694335352752
1.8910132894419158
1.8652852178943236
1.85242118162144
1.8781492531690325
1.9424694335352752
2.032517685449111
2.1354299726376555
2.1997501530038988
2.2254782245514915
2.2254782245514915
2.212614189401554
2.1997501530038988
2.1868861167310154
2.1740220815810782
2.1868861167310154
2.212614189401554
2.276934368644851
2.3283905127382103
2.3283905127382103
2.2897984049177342
2.212614189401554
2.109701901090063
1.9810615413557515
0.0
101.23996318426904
97.72808135576153
95.77274789244152
95.09095398532561
95.95284438978103
98.84725248692236
103.90281862824891
109.39576199237267
112.85618767628772
114.0911351277907
113.93676669276563
113.16492453635611
113.03628417237955
113.69235000844694
115.06880186506544
117.04986340068167
119.36538988613059
122.83867959995517
125.93891228045712
125.54012709872748
122.92872784924879
118.79937229686138
112.65036309542252
105.74237576997909
0.0
1653.8519218052265
1605.6889708959116
1574.223539408428
1558.2078150216494
1560.9221263232462
1584.2960795464526
1628.2782179278079
1665.5839227573315
1719.2784094224473
1771.0947464930175
1813.6103848957277
1847.044014533988
1873.5567921481188
1893.9205613294048
1911.145505994995
1923.4177957890581
1928.7049143202776
1958.317925530735
1974.9511237175045
1969.1494434159536
1941.298806172182
1895.0140048574115
1819.0261437759511
1736.1946167513406
0.0
335.1853215630845
325.42151823771474
319.04095635316907
315.799219358635
316.33950878702
321.08633812692096
330.001115024093
337.55230415943754
348.4352785710503
358.9451959955062
367.56410015235497
374.3305830589579
379.70775012145543
383.83710566136557
387.3232593439616
389.80601831680394
390.886597385686
396.88123811092504
400.2516155293262
399.08098827852734
393.43367644569
384.05579426714957
368.65754315632
351.86997618890774
0.0
384.94341271270827
371.577679328253
364.142266569398
361.5565952674437
364.86265258620585
375.8356752920302
395.0674091026293
415.9328754453959
429.0927842714449
433.8267494516736
433.2221398238323
430.2634115222438
429.8131702882528
432.2959291363235
437.54445588724843
445.08278097521526
453.8817816081925
467.05455436932436
478.8508754210686
477.34578318799646
467.3890193391205
451.6948954879679
428.34667018483617
402.0654446499166
0.0
104.43024410033973
101.39433160931237
99.40040603130942
98.3970112329679
98.5642436991502
100.04360783621956
102.82223961177102
105.17635819443478
108.55959966021348
111.83992883555953
114.5285123518356
116.63821425018068
118.31053892073771
119.59694252681486
120.67752155077903
121.4622277445844
121.78382863456228
123.66197790095711
124.70396480649526
124.3437717980913
122.5813988757452
119.66126271628941
114.86297728420021
109.6273146455341
0.0
78.63785196400283
76.30946144240583
75.1131061055858
74.92014556585957
75.89781229190484
78.25193087456863
82.07254956439222
85.99608054340071
88.72325617435972
89.99679572931615
90.03538784399908
89.43077815377184
88.68466405967679
88.18296665988221
87.97714207901696
88.2730149091758
89.13490532486072
92.01644937961532
93.76595827329959
93.85600652134549
92.47955467595646
89.55941850651892
85.15991820001204
80.23299242266205
0.0
117.62874501861268
116.0336045599535
115.53190716140656
115.6219554094525
116.92122303795286
119.58407849066673
124.20226740670063
128.97482471658492
130.59569332614657
129.37360991079174
127.07094741407768
124.8454691978859
124.11221915740703
124.09935512250664
124.5367323440561
125.25711835961634
126.2733771504358
128.33162295908804
131.2131670013655
131.1359827545316
129.78525902760433
127.3282281370399
123.05736820449133
118.77364422581289
0.0
115.40326679743002
112.0457534051953
109.84600325755657
108.73969615755301
108.919792666122
110.55352522698695
113.62802983144957
116.22656509967972
119.96999957011921
123.58479367533442
126.55638595567603
128.88477653466808
130.73719767261937
132.1651056588577
133.36146099193456
134.2233514675099
134.58354441976658
136.6546542633192
137.81241747921771
137.41363240978268
135.4711629776199
132.2422899056916
126.92944306760488
121.15349087952517
0.0
659.2561160613949
640.0629743804511
627.5205392296212
621.1399773575528
622.2205564264349
631.5341185178137
649.0677995718347
663.9386250770675
685.3443809605137
706.004022744874
722.9459582184312
736.273099473231
746.8344729624254
754.9516797082501
761.8210749564421
766.7094086428157
768.8191105037295
780.6282954905565
787.2532740506866
784.9506115539726
773.8360844891982
755.3890569073407
725.1071162563779
692.0851358971335
0.0
362.86872698948724
352.14012095924755
346.64717764503246
345.74669503980164
350.2362436567403
361.13208211573067
378.71721933430763
396.8555100286472
409.4494012317385
415.3154016578824
415.5083621813883
412.6782743036669
409.28216880298777
406.91518620663476
405.9761115965201
407.339699370825
411.3018224819844
424.62896374926123
432.70757836543066
433.10636344734286
426.7386656101749
413.2957480911803
392.9577071294212
370.2655477185041
0.0
439.9886227304353
431.5626790846151
422.056156594502
421.46441088926656
425.4008059306252
434.99737671494967
454.96236056478006
474.78584008061466
485.30862144015333
487.40545937846116
481.79673967527947
474.88875230990914
470.7851248397996
473.4222521940153
469.78173001775156
474.15550225820084
480.1372790483569
495.99863534073756
505.0034605321211
505.99399130679166
501.4658506849692
488.7819111876663
467.479067633332
440.8762411759939
0.0
272.31877775196784
264.27875525297685
260.14939971306666
259.4676057136196
262.8379832318382
271.01951007730196
284.2180110330064
297.8281611055235
307.27036349599763
311.6827278536252
311.824232200098
309.7016662918069
307.15458711950816
305.3793502283907
304.6718281466657
305.7009510509919
308.6725433874808
318.6678993660121
324.73972435056226
325.03559720318003
320.25017573362356
310.1647715856526
294.9080249335905
277.87604129059355
0.0
729.7638972895904
708.5125097999945
694.6193509222372
687.5569951630164
688.753350496093
699.0703074095203
718.4692736488703
734.9352396813865
758.6307940141693
781.4901859536546
800.2588143705907
815.0138637239234
826.7072724465555
835.686369555661
843.2890147307895
848.7047739104655
851.0331644894576
864.1030250212949
871.4483895982332
868.8884463785569
856.5904280280831
836.1752029193076
802.6515251615161
766.0919348428253
0.0
543.1195991236684
527.0652822079645
518.8451632453224
517.4944395059179
524.209466247965
540.5210638866312
566.8280175038287
593.9968614718298
612.8298102005166
621.6159466862989
621.9118195389166
617.6795517697119
612.585393524932
609.0477835654855
607.6327396266248
609.6781213878994
615.6084419136821
635.5476976937117
647.6527555206794
648.2445012259149
638.7122505412293
618.5928982975487
588.1565891279638
554.1826701237043
0.0
380.8783773722543
369.6223458487126
363.8463937167802
362.9073191066656
367.61555631691095
379.0516842042864
397.4987118984386
416.5503491206149
429.7617141112197
435.9235872776867
436.12941194838766
433.15781961189884
429.5816176475685
427.11172270962663
426.1083279000556
427.54909992119434
431.7041835433825
445.6873906155338
454.1776543485157
454.5893035776229
447.91286885293675
433.80102136939564
412.4467216629825
388.6353910535279
0.0
129.07773705817397
124.06076301530999
120.76756980007266
118.90228458105541
118.49063543055443
120.47169696991382
124.18940337180024
126.85225880829381
131.57336006591677
136.88620690400344
140.938378209557
144.61749251547624
148.16796639752852
151.61552806276353
154.63857656380833
156.671094177888
157.2113837185676
157.26283988312355
159.08953293879688
158.20191449323818
155.34609853323872
150.95946225788907
144.47598816900344
136.6546542633192
0.0
1237.726086135777
1201.153631757231
1182.3978672878554
1179.323362722072
1194.6315655137357
1231.7957654852223
1291.7679008323687
1353.6696427621096
1396.5969306559475
1416.6133704582219
1417.2951644951004
1407.634272850029
1396.0309123716995
1387.9908906213393
1384.7491529530375
1389.4187989319844
1402.9260362012567
1448.3746746860286
1475.9551687565393
1477.3058919843793
1455.5785359770541
1409.7439750727806
1340.3553649557828
1262.9524604095946
0.0
403.96932196490116
392.19872898295773
384.5188995485181
380.60823260191455
381.26429840678895
386.97593043908245
397.7174005042225
406.8380019598009
419.9464546212939
432.6046660363188
442.9859430369076
451.1546059597655
457.62521601375073
462.60359799433587
466.8101376812626
469.80745810002946
471.09386173979505
478.33631397514415
482.4013493031208
480.98630537673733
474.1812303404788
462.87374276467574
444.3109387938514
424.0758101736814
0.0
945.8025175610985
918.2606164936458
900.2638301457791
891.1175006079229
892.6611848458788
906.026918230334
931.1761086316329
952.5175443031457
983.2239982305932
1012.8627371365362
1037.1757651445378
1056.2917225661704
1071.4584210363155
1083.1003735943918
1092.9542251016785
1099.9651246963433
1102.988173197388
1119.930108558651
1129.4366311610586
1126.1177099196905
1110.192033315559
1083.7307113045113
1040.275997780122
992.8977532742286
0.0
78.77935635788891
76.45096584752137
75.2674745293814
75.06164995974564
76.03931668579092
78.40629931084139
82.22691799941728
86.163313009583
88.890488640542
90.17689223788513
90.21548434133861
89.59801062120187
88.86476056824581
88.35019912606447
88.14437454519926
88.44024737535811
89.302137791043
92.19654588818432
93.94605478186858
94.03610302991447
92.64678714213878
89.72665097270124
85.31428663628482
80.38736085768711
0.0
615.1710647145917
593.803900960801
581.9303957620403
577.8010402096529
583.0752949305613
600.6218400319599
631.3411578944904
664.6847391761534
685.7174380724426
693.2943552775878
692.3166885378176
687.5955872926719
686.8752012758639
690.8373243995006
699.2246758033705
711.278277578077
725.3386688970622
746.384231715957
765.242908526922
762.837333701096
746.9245212566366
721.8396510672712
684.5468108091666
642.5328691936213
0.0
738.9102268399237
717.067093757387
705.8753824457789
704.0358252304333
713.1821548930614
735.3726168804774
771.1603650053272
808.1187403934532
833.7439001234985
845.6945895690927
846.1062386859054
840.3431505888734
833.4094351412251
828.6111497490629
826.6686803169
829.4601760649659
837.5259266462348
864.6561786093521
881.1221446293915
881.9325788281164
868.9527665904905
841.5909619866887
800.1687661886738
753.9611489335795
0.0
117.50010466586556
115.26176240479168
112.71468328240167
112.56031484612888
113.61516580154002
116.17510895383955
121.500819851781
126.80080264373788
129.605162551476
130.171180062139
128.66608794136138
126.82653072601583
125.73308772205085
126.4406096914812
125.46294292925211
126.6335702149871
128.22871062997618
132.46097851147547
134.86655322500678
135.13669799534657
133.92747861489215
130.54423716159064
124.8454691978859
117.74452135018426
0.0
80.13008013222944
77.78882559070466
76.27086933895237
75.49902718379056
75.62766753528993
76.75970270758974
78.88226864832151
80.69609771775548
83.29463298598564
85.8031200049222
87.86136575742714
89.48223428838254
90.76863788572564
91.75916866538711
92.5953309975463
93.18707665661631
93.4443573708445
94.87226537330315
95.68269963316615
95.39969084539398
94.04896707230118
91.81062480997954
88.13151051528975
84.11793128698763
0.0
703.2511191264637
675.9279066523177
657.9697124341066
647.7813959445465
645.5816457894213
656.3874359542003
676.5839724571921
691.1460611747242
716.8612691989807
745.7796220756388
767.8928999285151
787.8964758081835
807.2568500301726
826.0254784471086
842.530036709098
853.5802435619388
856.5389718510501
856.7962525864895
866.7787445051661
861.954731030726
846.3635194088677
822.4878685999566
787.1760897913758
744.5575386602839
0.0
209.05344875912147
200.93624201329666
195.59766708045478
192.57461869170453
191.91855277453553
195.12169775170867
201.12920252432534
205.4643827474137
213.10562006467504
221.69879613924599
228.27231852234303
234.22836713040377
239.9785912923529
245.56158290077937
250.46278063453067
253.74310974624316
254.63072819180186
254.7079124386357
257.67950478760184
256.23873275398597
251.60767980305167
244.50673191417536
234.00967852461991
221.33860307469467
0.0
1447.7957939265273
1404.9971465064655
1383.063965067331
1379.4748980200172
1397.3816368472578
1440.8620783041983
1510.9968025701914
1583.395596604338
1633.6167930977165
1657.0422029596111
1657.8269090261495
1646.5322860092886
1632.960727380182
1623.5442529596912
1619.7622264494319
1625.2165784949168
1641.0136138516873
1694.1806752730442
1726.4436765500366
1728.025953404258
1702.6066183199594
1648.989316488106
1567.8301137510027
1477.2930283861801
0.0
188.31662272792735
182.7593591893016
179.90354322930213
179.42757390055604
181.75596436725345
187.41614023499108
196.53674169056944
205.95321611106021
212.48814638945606
215.53692286048428
215.63983518959614
214.17333508617952
212.41096213014504
211.1760146674126
210.68718130376612
211.39470327319648
213.45294908184871
220.37380038230208
224.56747613414578
224.77330069255206
221.46724349856166
214.49493590878066
203.9335624320635
192.16296946259737
0.0
944.8119867864282
917.2958138012533
899.311891488287
890.1784259978082
891.7221102357641
905.0749795853189
930.1984418918629
951.5141494810975
982.1820112913666
1011.7950221025546
1036.0823220282782
1055.1725514799275
1070.3263858028774
1081.9554743135764
1091.79646188578
1098.8073614804448
1101.8175459465895
1118.7466172604745
1128.2402758279816
1124.934218621514
1109.021406052283
1082.5858121359902
1039.1696907412563
991.8429022751475
0.0
905.1392997972524
878.3821049335869
864.669042531958
862.430700359472
873.6224116710803
900.8041196864588
944.6576182802829
989.9132968903624
1021.3144087398625
1035.953681716706
1036.4553791277299
1029.3930233685091
1020.9027596230501
1015.0238951620056
1012.6569125781298
1016.0658821137094
1025.945461703274
1059.173266620925
1079.3440750291616
1080.3346058163092
1064.4475214416505
1030.9238435715645
980.1880856821709
923.5863273791101
0.0
403.6734491122833
387.99218929603103
377.68809642998156
371.83496005121526
370.5742845062048
376.7747499021449
388.36524629566526
396.726869729552
411.4819189581129
428.0893894493967
440.77332894669956
452.2609129986309
463.36257612832225
474.1426382108232
483.6234327309529
489.9654024858428
491.6634552299439
491.80495968871116
497.54231969098805
494.76368787800516
485.8231828860779
472.1101205967436
451.8492638818183
427.38186747996633
0.0
35.01590593974293
34.53993661349225
34.38556817721948
34.411296250763414
34.810081370107156
35.59478756890339
36.971239414292405
38.38628337436436
38.87511674300173
38.51492372711145
37.82026578883833
37.16419995401865
36.945511341996195
36.945511341996195
37.074151704725026
37.279976274360784
37.588713134429156
38.19332283588584
39.055213240341274
39.02948516804504
38.63070005868305
37.8974500069747
36.636774481927816
35.3503708845847
0.0
117.39719237543297
115.33894662168035
114.73433692147135
114.74720096261035
115.87923612492843
118.69646000019017
122.65858309013845
126.90371498532691
130.00394762091105
130.2869564386284
128.6532238939838
126.80080264373788
125.03842975508019
124.0864910863585
123.34037699974978
123.58479367533442
125.28284643191257
129.50225020988697
132.0236013123849
132.61534690532582
131.00734244295916
127.90710979489788
122.89013574205217
118.02753013795643
0.0
9.4807945186324
9.313562051077612
9.274969943257135
9.274969943257135
9.365018195170974
9.58370680681912
9.905307706778759
10.252636678161217
10.50991739762984
10.522781434027497
10.394141074293184
10.239772641888331
10.098268245881137
10.021084030240186
9.969627886146826
9.982491922419708
10.123996318426904
10.45846125353648
10.664285828911742
10.715741973005104
10.587101613270791
10.329820893802168
9.93103577832635
9.532250662725758
0.0
13.635878141070144
13.391461456751458
13.327141281001772
13.327141281001772
13.455781633748863
13.790246577342916
14.240487831297367
14.74218523109198
15.10237824698226
15.12810631927848
14.948009811957201
14.729321199934736
14.523496619069514
14.407720297479665
14.330536079343275
14.356264152887215
14.549224691365739
15.03805806000311
15.33393089016196
15.398251065911648
15.21815456857211
14.857961562663572
14.279079945980293
13.713062359206534
0.0
3.807754650306652
3.730570434790473
3.65338621914952
3.640522182751866
3.679114290572341
3.7562985073362394
3.936395010040964
4.103627478718698
4.193675730757305
4.219403802180126
4.167947658086767
4.103627478718698
4.07789940617293
4.090763442445814
4.065035370898222
4.103627478718698
4.155083621813883
4.283723982671141
4.373772233462031
4.373772233462031
4.335180125641554
4.23226783845301
4.039307298352456
3.807754650306652
