0.0
95.60547164
90.7645434
86.82771287
85.38573425
83.73775868
85.79772814
86.94215562
90.9018747
96.86434187
104.1543449
108.8121648
114.0536426
118.734351
122.3850747
123.5981678
126.2532395
127.2832243
127.8897708
125.7268029
121.6183082
119.8787785
114.4313037
109.0868273
101.1330564
0.0
95.49102889
91.50842126
88.91057088
87.31981669
86.6331602
87.36559379
88.36124569
90.68443348
96.24635103
101.3733861
105.5162136
109.1211602
111.822009
114.7746319
117.0291541
118.7000182
120.0962197
120.6226563
119.2035663
116.1822777
114.110864
111.4786808
105.3788823
98.42076324
0.0
169.752928
167.1665219
165.2324395
163.8019051
163.0351387
162.6689219
162.6689219
162.6689219
164.9921097
168.2880609
171.126241
174.4221922
177.1802624
179.9154441
182.2157433
183.8522746
185.2599204
185.408696
184.1841586
181.9067479
179.5148944
178.2331357
175.3262899
171.584012
0.0
256.3860882
245.0562562
236.6447142
230.5334715
227.5465157
227.7868455
228.8740516
234.3215264
250.7783936
269.0434562
285.9924271
300.9043172
312.2799263
320.5198042
325.5209523
328.5193523
330.258882
329.2060088
322.842992
313.2870225
308.2515416
300.2062164
285.9008729
268.8946806
0.0
35.0538137
33.02817706
31.55186561
30.52188088
29.90389004
29.81233584
29.88100149
30.14421981
32.35296485
35.12247935
37.98354804
40.61573125
42.89314193
44.80433582
46.269203
47.2190778
47.6768488
47.43651903
46.15476025
44.26645491
43.4081343
42.40103812
40.15796026
37.39989003
0.0
613.6877916
576.5625642
550.0004024
532.7081032
525.3494345
528.3363902
539.1283413
560.2544726
602.7813977
650.0576969
691.8979656
728.4624235
758.2289823
779.1605609
794.4844448
808.4350158
819.3528539
822.6602494
809.5451105
784.6767013
767.4416235
744.14108
696.8876694
641.0853855
0.0
43.12202743
40.51273277
38.64731598
37.43422285
36.91923049
37.12522744
37.88054957
39.36830529
42.35526102
45.68554498
48.6267236
51.19024116
53.28454345
54.74941062
55.83661672
56.80938008
57.57614649
57.80503199
56.88949001
55.13851596
53.92542283
52.28889154
48.97005185
45.05610987
0.0
181.5977524
169.9818135
161.4672731
155.7794685
152.9756212
153.0671754
156.2944609
161.5931601
173.0259906
185.7405799
197.322186
207.8738074
217.4984425
226.4364211
234.9624058
242.6987356
249.7712974
254.085789
253.0214714
246.132018
239.9864425
231.4375692
215.3926959
196.8529707
0.0
203.8568669
193.5455753
185.1454776
182.078412
178.5535754
182.9481769
185.3972517
193.8316822
206.5348272
222.0990409
232.0212272
243.2022837
253.1816913
260.9752424
263.5502043
269.203676
271.4238653
272.7056241
268.0935813
259.3387111
255.6193218
244.0033829
232.6048852
215.6559142
0.0
1089.369073
1023.472939
976.3110828
945.6175378
932.5596202
937.8468752
957.0160355
994.518924
1070.016805
1153.926228
1228.188127
1293.111498
1345.949714
1383.09783
1410.312316
1435.077726
1454.441439
1460.323797
1437.034697
1392.89413
1362.292139
1320.943974
1237.05744
1137.995797
0.0
45.91443048
43.14491598
41.15361216
39.86040911
39.31108392
39.52852514
40.34106865
41.92037857
45.10188697
48.63816788
51.77389917
54.50908085
56.72927016
58.29713581
59.45300756
60.49443657
61.30698008
61.55875412
60.57454649
58.7091297
57.42737092
55.67639688
52.14011597
47.97439994
0.0
411.5132331
405.2532148
400.5725064
397.1048911
395.22803
394.3353766
394.3468209
394.3353766
399.9659598
407.9540636
414.843517
422.8430651
429.5150773
436.1527567
441.7261185
445.6972819
449.1191201
449.4738926
446.4869369
440.9822407
435.1799934
432.0671506
425.0060331
415.9421674
0.0
806.3864906
757.6109914
722.7059533
699.9776236
690.3186556
694.2325976
708.4234984
736.1758647
792.0582586
854.1777822
909.1560783
957.2105881
996.3156751
1023.816267
1043.958191
1062.291919
1076.631596
1080.98042
1063.745342
1031.060493
1008.412274
977.8102828
915.7136477
842.3787348
0.0
87.61736783
86.27838768
85.28273577
84.55030219
84.14975257
83.9551999
83.9551999
83.9551999
85.15684875
86.86204569
88.32691287
90.03210981
91.45119989
92.85884569
94.04905027
94.8959266
95.61691591
95.69702584
95.05614645
93.88883042
92.65284874
91.9890808
90.4898808
88.55579836
0.0
46.42942284
43.46535567
41.29094346
39.83752056
39.11653125
39.1394198
39.96340758
41.32527628
44.24356636
47.4937404
50.45780757
53.14721215
55.6191755
57.89658619
60.08244267
62.06230221
63.87049763
64.96914801
64.69448542
62.9320671
61.36420145
59.17834497
55.08129459
50.33192055
0.0
8.789203043
8.422986249
8.182656478
8.033880906
7.965215257
8.033880906
8.125435104
8.342876326
8.857868691
9.327083958
9.704745026
10.036629
10.28840304
10.56306564
10.76906258
10.91783815
11.04372518
11.10094655
10.96361525
10.68895266
10.49439999
10.25407022
9.693300751
9.052421363
0.0
190.8561708
178.6565738
169.6957067
163.7217952
160.7806166
160.8721708
164.2596761
169.8444822
181.8495265
195.2164395
207.3817036
218.4712058
228.599389
237.9836944
246.9445615
255.0814409
262.5087752
267.0521523
265.9306134
258.6863875
252.2318165
243.2480608
226.3791997
206.901044
0.0
121.3779785
114.362638
109.2699357
105.6878777
103.5477983
103.2502472
103.4791327
104.3717861
112.0508945
121.6297525
131.5176059
140.6272487
148.5466868
155.1614777
160.2084029
163.4929097
165.1179967
164.2482319
159.8307418
153.2960609
150.3091052
146.8414899
139.0708273
129.5148579
0.0
81.57479074
76.85974952
73.43791136
71.03461365
69.6040793
69.39808236
69.54685793
70.15340449
75.31477243
81.74645486
88.39557852
94.51826553
99.83985331
104.2802319
107.6791815
109.8879266
110.9751327
110.3914747
107.4274075
103.032806
101.0186136
98.69542583
93.47683653
87.04515409
0.0
493.7174589
463.859346
442.4814407
428.5652025
422.6485125
425.0518102
433.7380147
450.7327628
484.9511444
522.9804696
556.6380818
586.0613123
610.0027351
626.8487076
639.1741916
650.4010252
659.1787839
661.8452999
651.2936786
631.277642
617.4186252
598.6729031
560.6550222
515.7591322
0.0
142.0234502
136.392867
132.4102594
129.4118594
128.1987663
128.187322
129.2745281
131.9868212
138.3383937
144.4381922
149.8513342
154.8524823
160.3342899
165.8733189
170.8630227
175.2004028
178.9655692
180.8882074
179.0571234
174.2963051
170.1420334
166.6400853
157.8508822
147.8485861
0.0
94.35804568
90.60432355
87.97214035
85.96939226
85.16829302
85.15684875
85.87783806
87.68603348
91.90897088
95.94879988
99.55374644
102.8725861
106.5118655
110.196922
113.5157617
116.3997189
118.8945708
120.1763296
118.9632365
115.7931724
113.0351022
110.7119144
104.8753342
98.21476629
0.0
153.9140517
144.0719754
136.850638
132.0325983
129.6521892
129.7322991
132.4674808
136.9650807
146.6469372
157.4274441
167.2351876
176.1846105
184.3443784
191.9204883
199.15327
205.7108394
211.6961952
215.3583631
214.4542654
208.6176852
203.3990959
196.15487
182.5590715
166.8460822
0.0
161.1582777
150.8584303
143.2937647
138.2468395
135.7634319
135.8435418
138.7046105
143.4082075
153.5592792
164.8433341
175.1088486
184.4817097
193.030583
200.9614654
208.526131
215.3926959
221.6641585
225.4979906
224.5481158
218.436873
212.9779539
205.401844
191.1651662
174.708299
0.0
222.3851478
209.5217829
200.2061433
193.6371295
189.7231876
189.1853066
189.5973005
191.2338318
205.2874013
222.8429188
240.9706501
257.6564027
272.1562989
284.2757859
293.5342042
299.5538928
302.5179599
300.93865
292.8361035
280.865392
275.3835844
269.0320119
254.8067783
237.2855936
0.0
343.9233461
338.6933126
334.7793706
331.8839691
330.3161034
329.5722255
329.5722255
329.5722255
334.2643782
340.9478347
346.7043049
353.3877614
358.9725675
364.5230408
369.1694163
372.488256
375.3493247
375.6468759
373.152024
368.5514255
363.699053
361.1012026
355.2074011
347.6312912
0.0
1051.946295
988.316127
942.7793576
913.1272416
900.5270951
905.6312416
924.1480782
960.3463194
1033.257794
1114.28326
1186.00453
1248.696267
1299.714844
1335.581201
1361.868701
1385.775791
1404.475736
1410.152096
1387.67554
1345.045617
1315.496499
1275.567424
1194.564847
1098.902154
0.0
57.53036939
55.24151444
53.62787169
52.41477856
51.92267475
51.92267475
52.35755719
53.45620757
56.0311694
58.50313275
60.70043351
62.72607015
64.93481519
67.17789305
69.20352969
70.965948
72.48803655
73.26624724
72.52236938
70.59973121
68.91742282
67.49833274
63.93916328
59.87644573
0.0
1129.43548
1057.222106
1004.246558
968.906637
951.4541179
952.0148874
972.0881454
1005.08199
1076.173825
1155.253763
1227.249696
1292.871168
1352.770502
1408.355345
1461.399559
1509.534178
1553.491638
1580.339906
1573.725116
1530.877751
1492.630984
1439.472328
1339.70114
1224.377183
0.0
185.7520242
178.3819112
173.1862105
169.2608242
167.67007
167.6586257
169.0662715
172.625441
180.9339845
188.8991998
195.9832059
202.529331
209.6934471
216.937673
223.4723539
229.1487142
234.0583081
236.5874928
234.1841951
227.9699539
222.5224791
217.9447692
206.4547173
193.3624669
0.0
37.69744117
35.52302896
33.93227477
32.82218011
32.15841217
32.06685798
32.13552362
32.42163049
34.80203965
37.7775511
40.84461674
43.68279689
46.1318717
48.19184116
49.75970681
50.77824727
51.28179536
51.01857704
49.64526406
47.60818315
46.68119689
45.60543506
43.19069308
40.2266259
0.0
300.4694347
283.0855813
270.4968791
261.6275661
256.3403111
255.5964333
256.1572027
258.3659478
277.3634439
301.0759813
325.5667294
348.123395
367.7045492
384.0927507
396.5898987
404.7153339
408.7322743
406.5921949
395.6514682
379.4692637
372.0648179
363.493056
344.2666744
320.5999141
0.0
288.3270592
269.8903325
256.374644
247.3451111
242.8932882
243.0306195
248.1576547
256.5806409
274.7312607
294.9189615
313.2984668
330.0528851
345.3424362
359.533337
373.071914
385.3630652
396.5784545
403.4335751
401.7512667
390.81054
381.0485736
367.4756637
342.000708
312.5660332
0.0
224.307786
215.4041402
209.1212333
204.3833036
202.4721097
202.4492211
204.1658623
208.4460211
218.4826501
228.1072852
236.6676028
244.5641524
253.2160241
261.9708943
269.8445554
276.699676
282.6392546
285.694876
282.7994745
275.2805859
268.7115722
263.1839875
249.3020821
233.4975386
0.0
85.84350524
82.2728915
79.92681517
78.49628082
77.87828998
78.54205792
79.43471135
81.51756936
86.51871745
91.13076019
94.86159378
98.10032354
100.5265098
103.1815816
105.2072182
106.7064182
107.9652884
108.4345037
107.1641892
104.4404518
102.5864793
100.2060701
94.73570675
88.47568844
0.0
22.04167326
20.62258318
19.59259845
18.90594196
18.56261372
18.57405799
18.96316334
19.615487
21.00024425
22.54522135
23.94142287
25.22318165
26.39049768
27.47770378
28.51913279
29.45756332
30.31588393
30.8308763
30.70498928
29.86955722
29.12567935
28.08425035
26.13872363
23.8842015
0.0
261.124018
245.3194745
234.0239753
226.6653066
223.5295753
224.7998898
229.389044
238.384244
256.4776424
276.5966775
294.3925248
309.9567385
322.6141065
331.5291965
338.0524332
343.9805675
348.6269431
350.0345889
344.4497828
333.8752729
326.5394927
316.6287508
296.5211599
272.7742897
0.0
53.38754192
50.29758772
48.06595414
46.48664422
45.54821368
45.41088239
45.51388086
45.9029862
49.27904727
53.49054039
57.85080909
61.85630527
65.3353648
68.2422106
70.46239991
71.91582281
72.62536785
72.24770678
70.30218007
67.42966709
66.11357549
64.58004267
61.16964878
56.96959993
0.0
184.9280364
176.7453799
170.6913586
166.2738685
164.1223448
164.294009
165.0836639
169.0090502
180.8767631
194.0605677
206.2830532
217.0406715
225.2347722
231.1857951
234.7907417
236.9537096
238.2125799
237.4458134
232.8566593
225.9672058
222.3279264
216.5256791
206.2143875
193.946125
0.0
96.47523652
90.63865638
86.46149608
83.74920295
82.5933312
83.05110219
84.75629913
88.07513882
94.7585953
102.1973739
108.7663877
114.5228579
119.2035663
122.4880731
124.9028151
127.0886716
128.8053128
129.3317495
127.2603357
123.357838
120.6455449
116.983377
109.5560426
100.7782838
0.0
44.4953404
42.72147781
41.48549613
40.53562132
40.15796026
40.15796026
40.5012885
41.34816483
43.33946865
45.25066254
46.94441521
48.51228086
50.22892208
51.95700757
53.52487322
54.88674192
56.06550222
56.67204878
56.08839077
54.60063505
53.29598772
52.19733734
49.45071139
46.3149801
0.0
268.4369096
252.1974837
240.5815447
233.0168791
229.7895936
231.0942409
235.8207264
245.0562562
263.664647
284.3444516
302.643847
318.6429431
331.6550836
340.8105034
347.5168484
353.6166469
358.3889095
359.8423324
354.1087507
343.2252454
335.6834683
325.4980637
304.8297034
280.4190653
0.0
48.22617399
45.14766407
42.88169766
41.37105338
40.62717552
40.65006407
41.50838468
42.91603048
45.9487633
49.32482437
52.40333429
55.20718161
57.75925489
60.13966405
62.40563046
64.45415565
66.33101671
67.47544419
67.2007816
65.36969763
63.73316633
61.46719992
57.19848543
52.27744726
0.0
9.109642737
8.64042747
8.274210677
8.136879379
7.976659532
8.171212204
8.285654952
8.651871745
9.224085485
9.922186247
10.35706869
10.86061678
11.3069435
11.65027174
11.76471449
12.02793281
12.11948701
12.17670838
11.97071144
11.58160609
11.42138625
10.8949496
10.39140151
9.636079377
0.0
167.8989555
157.1642258
149.2905647
144.0376426
141.4397922
141.5199021
144.5068578
149.4164517
159.9795174
171.7327876
182.4331845
192.1951509
201.0987967
209.3615631
217.2466684
224.3993402
230.9340211
234.928073
233.9438654
227.5694043
221.893044
213.9850501
199.15327
182.0097463
0.0
87.38848233
82.33011288
78.66794494
76.09298311
74.54800601
74.33056479
74.50222892
75.1431083
80.67069303
87.56014646
94.68992965
101.2474991
106.9353037
111.7075663
115.3354014
117.7043663
118.8716823
118.2422472
115.0607388
110.3571418
108.2056182
105.7107663
100.1259602
93.23650676
0.0
776.9289273
727.2607747
690.8222037
666.5031198
654.4980755
654.8871809
668.6889763
691.3829732
740.2958037
794.6904418
844.2098188
889.3574829
930.5683164
968.7921942
1005.287987
1038.396274
1068.643492
1087.103107
1082.55973
1053.079278
1026.76889
990.2044324
921.5731164
842.2414035
0.0
23.96431142
23.01443661
22.3392244
21.83567631
21.62967936
21.62967936
21.81278776
22.27055875
23.34632058
24.37630531
25.2918473
26.12727936
27.05426562
27.99269615
28.82812821
29.5605618
30.20144118
30.52188088
30.21288546
29.41178622
28.71368546
28.11858317
26.64227172
24.94851905
0.0
163.2754685
153.8224975
146.9788212
142.1607815
139.2882685
138.8877189
139.1967143
140.3983632
150.7210991
163.6073525
176.9170441
189.1738624
199.8055936
208.7092394
215.5071387
219.9246287
222.0990409
220.9431692
214.9921463
206.2029433
202.1745585
197.5167387
187.0681158
174.2161952
0.0
773.7130861
761.9483716
753.13628
746.6244876
743.0882067
741.4173426
741.4402311
741.4287869
751.9918525
767.0181853
779.9731044
795.0108815
807.5766952
820.0509547
830.5110219
837.9841333
844.4158158
845.091028
839.471889
829.1262646
818.2084265
812.3604021
799.0964876
782.0445181
0.0
208.983902
196.8987478
188.1438776
181.9754135
178.3018013
177.7868089
178.1759143
179.7094471
192.9275845
209.4187845
226.4478654
242.1379661
255.7566531
267.1551508
275.8527997
281.5062714
284.2986745
282.8109187
275.1890317
263.9393096
258.7893859
252.8269188
239.4600058
222.9916944
0.0
268.0020271
250.8699478
238.3041341
229.9154806
225.7726532
225.8985402
230.6708028
238.4986867
255.3675478
274.1247142
291.2110164
306.7866744
321.0004637
334.1842683
346.7729706
358.1943568
368.6315354
374.9945522
373.4266866
363.2641705
354.1888606
341.5658255
317.8990653
290.5358042
0.0
458.6064239
451.6368605
446.4182712
442.5501063
440.455804
439.4715964
439.4830407
439.4715964
445.743059
454.6467048
462.3143689
471.229459
478.6796819
486.0726834
492.2754803
496.7044147
500.5153582
500.9159078
497.5856238
491.4629368
484.9854773
481.517862
473.6556452
463.5503506
0.0
87.26259531
82.85654952
79.25160296
77.94695563
76.42486708
78.31317242
79.3660457
82.97099226
88.40702279
95.079035
99.32486095
104.1085678
108.3772823
111.7075663
112.8176609
115.2438472
116.1822777
116.7316029
114.7631876
111.0209098
109.4187113
104.4518961
99.56519072
92.3095205
0.0
350.6411354
329.4348942
314.2483416
304.3719324
300.1718836
301.8656363
308.0455447
320.1078103
344.41545
371.4239385
395.3195842
416.21683
433.2230224
445.1822895
453.948604
461.9138193
468.150949
470.0392544
462.5432544
448.3409094
438.4873888
425.1776972
398.1806529
366.2969034
0.0
122.6711815
114.8318533
109.0753831
105.2301067
103.3418014
103.3990228
105.5848793
109.1669373
116.8918228
125.4750289
133.2914685
140.4212517
146.9330441
152.9641769
158.7320914
163.9506807
168.7343876
171.6412334
170.9316883
166.2738685
162.1195967
156.340238
145.5025097
132.9824731
0.0
501.3279017
479.1717857
462.7263628
450.7785399
444.9419598
445.3997307
447.5398101
458.19443
490.3642864
526.0818681
559.2244879
588.3959443
610.6092817
626.7342649
636.5305641
642.3785885
645.7775381
643.7175687
631.277642
612.5891412
602.7356206
587.0111871
559.0299352
525.7843169
0.0
474.5368544
454.7840361
441.829117
433.9440117
430.5221735
434.1614529
439.1397124
450.6526529
478.2905765
503.799865
524.3881154
542.2869612
555.733984
570.3826558
581.5866008
589.8722558
596.8418191
599.462558
592.4014405
577.3636634
567.0981489
553.98301
523.7014589
489.1168605
0.0
1478.176865
1455.711754
1438.877226
1426.41441
1419.673733
1416.48078
1416.515113
1416.503668
1436.691369
1465.39361
1490.136133
1518.872707
1542.871351
1566.709775
1586.702923
1600.973934
1613.253641
1614.546844
1603.812114
1584.059296
1563.184939
1552.003882
1526.677702
1494.107296
0.0
290.7875783
273.1977279
260.6090256
252.4149249
248.9244211
250.3435111
255.459102
265.4613981
285.6147661
308.0112118
327.8441401
345.1707721
359.2701186
369.1923049
376.4479751
383.0627659
388.2355781
389.8034438
383.5892026
371.8015995
363.6303873
352.5981064
330.2016607
303.7653859
0.0
550.7671688
515.5531352
489.723407
472.4883292
463.9737887
464.2484513
474.0333063
490.1239566
524.788665
563.3558711
598.4669061
630.4650985
659.682332
686.7823747
712.6464358
736.1186434
757.5537701
770.6460204
767.4187349
746.5214892
727.8787655
701.9574831
653.2964267
597.0707046
0.0
416.674601
398.2607629
384.5962988
374.6626682
369.82174
370.1994011
371.9732637
380.8311324
407.5649583
437.2514071
464.7977765
489.0481948
507.5192543
520.9205001
529.0573795
533.9211963
536.7479322
535.0312909
524.6971108
509.1557856
500.9731292
487.9037673
464.649001
437.0110773
0.0
491.6117124
461.8680422
440.5931353
426.7341186
420.840317
423.2321705
431.8840422
448.7986804
482.8682864
520.7373917
554.2576726
583.5550161
607.3934405
624.159303
636.4390099
647.6200664
656.352048
659.0071198
648.5012755
628.5767931
614.7749977
596.1093855
558.2517245
513.5503872
0.0
509.9339963
477.3292574
453.4107231
437.457404
429.5722987
429.835517
438.8993827
453.7883842
485.889575
521.5957123
554.0974528
583.7266802
610.7695015
635.8667962
659.8196633
681.5523411
701.3967136
713.5162006
710.5292449
691.1884205
673.9190099
649.9089213
604.8642557
552.8042497
0.0
76.63086403
72.20192968
68.98608846
66.73156633
65.3811419
65.18658923
65.3353648
65.89613427
70.73706251
76.79108387
83.03965791
88.78468386
93.78583195
97.96299225
101.1445006
103.2273587
104.2458991
103.6965739
100.9041709
96.78423194
94.8959266
92.71007011
87.80047623
81.76934341
0.0
12.78325495
12.27970686
11.91349006
11.65027174
11.53582899
11.53582899
11.63882747
11.87915724
12.45137098
13.00069617
13.48135571
13.9391267
14.43123052
14.92333433
15.38110532
15.77021067
16.10209464
16.28520303
16.11353891
15.69010074
15.31243968
15.00344426
14.20234502
13.30969159
0.0
895.857831
856.2720844
826.894631
805.52817
795.1138799
795.9378677
799.7488112
818.7806402
876.2766768
940.1013973
999.3255194
1051.454191
1091.165825
1119.971064
1137.46936
1147.917983
1154.006338
1150.321281
1128.096499
1094.702106
1077.089367
1048.982228
998.9936354
939.5864049
0.0
1259.373776
1203.720267
1162.429324
1132.388102
1117.750875
1118.895302
1124.262667
1151.019382
1231.83885
1321.573409
1404.819064
1478.096755
1533.921928
1574.423216
1599.016963
1613.722856
1622.271729
1617.087473
1585.844603
1538.888743
1514.134777
1474.640584
1404.349849
1320.840975
0.0
845.8806829
808.4922372
780.7627593
760.5865029
750.7558708
751.5226372
755.1275838
773.0950952
827.3752906
887.6522859
943.5690126
992.7793942
1030.282283
1057.485324
1073.999412
1083.875822
1089.620848
1086.141788
1065.152988
1033.624011
1016.99548
990.4562064
943.2485729
887.1601821
0.0
296.8759325
285.0883294
276.7797859
270.5083233
267.9676943
267.9448058
270.2107722
275.8756882
289.1624912
301.8999691
313.2298011
323.678424
335.1341431
346.7157492
357.1414835
366.2167934
374.067566
378.107395
374.2735629
364.3284881
355.6422835
348.3179477
329.9613309
309.0297523
0.0
159.4416364
150.217551
143.5340945
138.8304975
136.0266502
135.6375449
135.935096
137.102412
147.1848181
159.7620761
172.7627723
184.7334837
195.1248853
203.8110898
210.4487692
214.7632608
216.8918959
215.7589127
209.9452211
201.362015
197.4366288
192.8818074
182.6849586
170.1305891
0.0
228.3819478
215.1752547
205.5963967
198.8557188
194.8387784
194.2780089
194.7014471
196.3837555
210.8264303
228.8397188
247.4595539
264.6030775
279.4806348
291.94345
301.4421981
307.6221065
310.6777279
309.0411966
300.7326531
288.4300577
282.7994745
276.2876821
261.6733432
243.6829432
0.0
308.8580882
290.9935752
278.0501004
268.9404577
263.5044272
262.7376607
263.3213188
265.5872852
285.1226622
309.4875233
334.6649278
357.8510286
377.9700637
394.8160362
407.6679567
416.0222773
420.1536605
417.9563598
406.7066377
390.0666621
382.4562194
373.6441278
353.8798652
329.5607813
0.0
41.30238774
39.66585644
38.50998469
37.62877553
37.28544728
37.27400301
37.5944427
38.38409766
40.2266259
42.0004885
43.57979842
45.03322132
46.62397551
48.23761826
49.69104116
50.94991139
52.04856177
52.60933123
52.07145032
50.68669307
49.47359994
48.45505948
45.9029862
42.9961404
0.0
15.83887632
15.18655265
14.75167021
14.48845189
14.37400914
14.49989617
14.66011601
15.04922136
15.96476334
16.82308395
17.50974044
18.10484273
18.55116944
19.04327326
19.42093433
19.69559692
19.92448242
20.01603662
19.77570685
19.27215875
18.92883051
18.49394807
17.48685189
16.33098013
0.0
409.1328239
384.3903018
366.6745644
355.1501797
350.2405858
352.2318896
359.4303385
373.5067965
401.8657094
433.3832422
461.2729399
485.6606895
505.4936177
519.4556329
529.6753703
538.9681215
546.2466802
548.4554253
539.7119993
523.1292452
511.6391933
496.1093124
464.6032239
427.3978865
0.0
51.47634803
49.42782284
47.98584422
46.89863811
46.46375567
46.45231139
46.85286101
47.83706864
50.13736788
52.34611291
54.3030839
56.12272359
58.10258313
60.1167755
61.92497092
63.49283656
64.85470526
65.55280603
64.88903809
63.17239687
61.6617526
60.39143809
57.2099297
53.58209459
0.0
133.062583
125.0172579
119.2493434
115.5070655
113.904867
114.5571907
116.8918228
121.4809769
130.6936182
140.9476884
150.0229983
157.9538807
164.4084517
168.9403845
172.2706685
175.291957
177.6609219
178.370467
175.5322868
170.1420334
166.3997555
161.3528303
151.0987601
139.0021617
0.0
126.0701311
118.0019174
112.0966716
108.1483968
106.2028701
106.2600915
108.5031693
112.1882258
120.1191082
128.9426441
136.9879693
144.3123052
150.9957616
157.1985586
163.1152487
168.4940578
173.4036517
176.4020517
175.6581738
170.874467
166.6057525
160.6776181
149.5308945
136.6675296
0.0
70.9201709
66.82312053
63.84760908
61.75330679
60.50588084
60.33421672
60.46010374
60.98654038
65.4726961
71.06894648
76.84830525
82.16989303
86.79338005
90.66154493
93.61416782
95.52536171
96.47523652
95.97168843
93.38528233
89.57433882
87.82336478
85.79772814
81.25435104
75.66954494
0.0
499.6112605
474.3651903
453.7540513
446.2580514
437.5947353
448.3752422
454.3834865
475.0518467
506.2031627
544.3354864
568.643126
596.0636084
620.5085794
639.609074
645.9148694
659.7853305
665.221361
668.3685366
657.0615931
635.6150221
626.4824908
598.0091351
570.0736604
528.5423871
0.0
564.1569703
530.0301429
505.6080604
489.7119628
482.9483964
485.6950223
495.6172085
515.0381429
554.1432298
597.5971412
636.0499046
669.6731839
697.0364449
716.2742709
730.3736174
743.1912052
753.2278342
756.2720113
744.2097456
721.3440846
705.5052083
684.0929701
640.650503
589.3458191
0.0
997.4601026
933.6926034
886.9084081
855.6884264
840.2729883
840.7765364
858.503718
887.6293974
950.4241332
1020.257098
1083.841489
1141.795296
1194.702179
1243.786673
1290.62809
1333.143571
1371.962551
1395.675088
1389.827064
1351.992291
1318.220237
1271.264377
1183.154905
1081.312304
0.0
1156.306637
1105.20795
1067.293067
1039.712365
1026.265342
1027.32966
1032.250698
1056.821556
1131.014789
1213.402124
1289.838435
1357.130771
1408.378233
1445.572126
1468.151681
1481.644481
1489.495253
1484.734435
1456.055082
1412.944499
1390.216169
1353.949262
1289.414997
1212.738356
0.0
90.10077546
84.89363043
81.11701975
78.45050372
76.8711938
76.65375258
76.81397242
77.47774036
83.17698921
90.28388386
97.63110828
104.3946747
110.2655877
115.1751815
118.9289037
121.3665342
122.5681831
121.9273037
118.6427968
113.7904243
111.570235
109.0067174
103.2388029
96.14335255
0.0
1298.581861
1241.188823
1198.604676
1167.636469
1152.54147
1153.731675
1159.247815
1186.851406
1270.177171
1362.704133
1448.547638
1524.10274
1581.667442
1623.427601
1648.788114
1663.951778
1672.76387
1667.419393
1635.20376
1586.794477
1561.2623
1520.532126
1448.066978
1361.948811
0.0
1.853972517
1.739529769
1.659419845
1.602198471
1.579309922
1.590754197
1.625087021
1.69375267
1.819639692
1.95697099
2.082858013
2.197300761
2.288854959
2.346076333
2.391853432
2.437630531
2.471963356
2.483407631
2.437630531
2.368964883
2.311743509
2.24307786
2.105746562
1.93408244
0.0
101.6709373
95.1705892
90.39832661
87.21681821
85.64895257
85.69472967
87.50292508
90.47843653
96.87578614
103.9941251
110.4715846
116.3882747
121.7785281
126.7796762
131.5519388
135.8893189
139.849038
142.26378
141.6686777
137.8119571
134.3672304
129.5835235
120.5997678
110.2198106
0.0
1736.840364
1660.095057
1603.136902
1561.708627
1541.520926
1543.111681
1550.493238
1587.412468
1698.86826
1822.615204
1937.424169
2038.488559
2115.48564
2171.333701
2205.254532
2225.522342
2237.32139
2230.168718
2187.081023
2122.329316
2088.191045
2033.716297
1936.783289
1821.608108
0.0
352.0030041
336.4387904
324.9029614
316.5028637
312.4172576
312.7376973
314.2368973
321.7100088
344.3010072
369.3868576
392.6530682
413.1383201
428.7368666
440.0552544
446.9332636
451.0417582
453.4336117
451.9801888
443.2482071
430.1216239
423.2092819
412.1655567
392.5157369
369.1808606
0.0
386.5761583
361.867969
343.7287935
331.632195
325.6582836
325.8528362
332.7194011
344.0149003
368.3454286
395.4111384
420.0621064
442.5157735
463.0239139
482.0442986
500.2063627
516.6746742
531.7238955
540.9136482
538.6476818
523.9875658
510.8953154
492.6989185
458.5492025
419.0778987
0.0
109.6704854
104.8295571
101.2360548
98.61531591
97.34500141
97.4365556
97.90577087
100.2404029
107.2786319
115.0950716
122.3392976
128.7252029
133.5890197
137.1138563
139.2539357
140.5356945
141.2795723
140.8218014
138.1095082
134.0124578
131.8609342
128.4162075
122.3049647
115.026406
0.0
74.70822586
70.18773732
66.94900755
64.84326099
63.95060755
64.31682435
65.63291595
68.1964335
73.38068999
79.13716021
84.22986249
88.68168539
92.29807622
94.8501495
96.71556629
98.40931896
99.73685484
100.1488487
98.54665026
95.52536171
93.41961515
90.581435
84.83640906
78.03850983
0.0
107.8622899
103.5706869
100.5608426
98.27198766
97.35644568
97.34500141
98.16898919
100.2289587
105.0584426
109.6819296
113.8018686
117.6013678
121.7556395
125.9671327
129.7551876
133.0511388
135.9007632
137.3770746
135.9808731
132.3644823
129.2058624
126.5507907
119.8787785
112.2683357
0.0
121.1948701
115.8389495
111.8677861
108.9838289
107.5647388
107.6791815
108.1941739
110.7691357
118.5512426
127.1802258
135.1912182
142.2523357
147.6197006
151.5221983
153.8911632
155.298809
156.1227968
155.6306929
152.6208487
148.1003601
145.719951
141.9204517
135.1568853
127.1115601
0.0
692.3442923
661.7423015
639.0483046
622.534216
614.4774466
615.118326
618.0595046
632.776842
677.2035167
726.5283411
772.293996
812.5892875
843.2713883
865.541947
879.0576356
887.1372936
891.8408905
888.9912661
871.8134096
846.0065699
832.3993272
810.6780937
772.0422219
726.1277915
0.0
344.7358897
323.884421
308.9610866
299.2448973
295.1135141
296.7958225
302.8612882
314.7175569
338.6132026
365.1753644
388.6704606
409.2129338
425.9330193
437.6977338
446.3038285
454.1431567
460.2658437
462.1312605
454.7611475
440.787688
431.1058315
418.0250254
391.4743079
360.1284392
0.0
396.9217827
376.8714133
360.494656
354.5321889
347.6541797
356.2144973
360.9982041
377.4092942
402.1518163
432.456256
451.7741918
473.5526467
492.9735811
508.1372452
513.1498375
524.1821184
528.49661
530.9914619
522.0191505
504.9671811
497.7229551
475.0976238
452.907175
419.9018865
0.0
258.7207203
243.0649524
231.8724516
224.5824486
221.4810501
222.7284761
227.2832974
236.1869432
254.1201218
274.0446042
291.691676
307.1071141
319.6500393
328.4735752
334.9395904
340.8219477
345.4225461
346.8187477
341.2911629
330.796763
323.5296485
313.7104607
293.7974225
270.2679936
0.0
766.3773059
732.5136968
707.3820694
689.1055625
680.1904724
680.9000175
684.1616358
700.4468388
749.6228876
804.2235227
854.8873272
899.4856661
933.4522737
958.1032416
973.0609087
982.0103316
987.2174766
984.0588568
965.0499164
936.4735622
921.4128966
897.3799195
854.6012203
803.777196
0.0
515.9880177
484.768036
462.4402559
447.8945827
441.7146743
444.2209704
453.2962804
471.0577948
506.8211536
546.5671199
581.7353764
612.4861428
637.5147717
655.1046221
668.0023198
679.7327015
688.8995656
691.6919686
680.6596877
659.7509977
645.2511015
625.6699473
585.9354252
539.0138986
0.0
361.8450805
339.9521828
324.2964149
314.099566
309.7621859
311.5131599
317.887621
330.338992
355.413398
383.2916514
407.9540636
429.5150773
447.0705949
459.4075231
468.4485002
476.6769338
483.1086162
485.0541429
477.3292574
462.6576971
452.4951811
438.7620514
410.9066865
377.9929522
0.0
137.2511876
129.3088609
123.5523907
119.5125617
117.0978197
116.7544915
117.0177098
118.024806
126.6995663
137.5258502
148.718351
159.0181983
167.9676212
175.4521769
181.16287
184.870815
186.701899
185.7291356
180.7279876
173.334986
169.958925
166.0335387
157.25578
146.4523846
0.0
1175.899235
1104.761623
1053.857489
1020.726313
1006.626967
1012.33766
1033.028909
1073.507309
1155.001989
1245.583424
1325.739125
1395.823864
1452.850685
1492.951424
1522.328878
1549.051259
1569.959949
1576.311522
1551.179894
1503.525934
1470.486313
1425.865085
1335.317983
1228.382679
0.0
424.2392667
405.4935445
391.5773064
381.4605675
376.528085
376.9171904
378.7253858
387.7320301
414.9579598
445.1822895
473.232207
497.9175078
516.7204513
530.3620268
538.6476818
543.6030528
546.48701
544.736036
534.2073032
518.3913154
510.0598833
496.7501918
473.0719872
444.9419598
0.0
993.271498
949.3712599
916.8008538
893.111205
881.5639317
882.4794737
886.7024111
907.8170981
971.5502644
1042.32166
1107.977464
1165.771052
1209.808621
1241.749592
1261.147638
1272.740689
1279.481366
1275.39576
1250.756237
1213.722563
1194.198631
1163.047315
1107.611247
1041.749446
0.0
74.84555716
70.32506862
67.07489457
64.96914801
64.07649458
64.44271137
65.75880297
68.3337648
73.51802128
79.28593578
84.39008234
88.84190523
92.48118462
95.0332579
96.89867469
98.60387163
99.93140751
100.3319571
98.74120293
95.69702584
93.60272355
90.7645434
84.9966289
78.1872854
0.0
617.784842
578.2906497
549.3137459
529.9843658
520.4283963
520.7373917
531.7238955
549.7600726
588.6591626
631.9070771
671.2868267
707.1875167
739.9524754
770.3484693
799.3711502
825.6929822
849.7374035
864.4318524
860.8040173
837.3661425
816.4574524
787.3775502
732.7998037
669.718961
0.0
701.9918159
659.5221122
629.1375626
609.3504115
600.9388695
604.3492634
616.7090802
640.8679442
689.5175564
743.5917548
791.451712
833.2805364
867.3272539
891.2686768
908.8013057
924.7660691
937.2403286
941.0283836
926.0249393
897.5744722
877.8559867
851.213715
797.1624051
733.3262403
0.0
106.0083174
100.6523968
96.28068385
94.68992965
92.84740141
95.13625637
96.40657087
100.7897281
107.404519
115.4956212
120.6569892
126.4706808
131.6549372
135.7062105
137.0451907
139.9863693
141.142241
141.806009
139.4141556
134.8593342
132.9252517
126.8826747
120.9545403
112.1424487
0.0
84.14975257
80.43036326
77.67229303
75.65810067
74.68533731
74.76544724
75.12021975
76.90552662
82.30722433
88.30402432
93.86594187
98.76409148
102.4949251
105.1957739
106.8437495
107.8279571
108.4001709
108.0453983
105.9625403
102.826809
101.1673892
98.53520599
93.83160904
88.25824722
0.0
747.7689151
704.5210007
673.175132
651.1220145
637.9610984
636.1185702
637.5147717
643.0194679
690.2957671
749.3024479
810.2546555
866.3888234
915.1071012
955.8944965
987.0114797
1007.233513
1017.224365
1011.891333
984.6654034
944.3930004
925.9677179
904.6241454
856.7756325
797.8833944
0.0
222.2935936
209.441673
200.1145891
193.5570196
189.6545219
189.1051967
189.5171906
191.1537219
205.2072913
222.7513646
240.8676516
257.5534043
272.0418562
284.1613432
293.4197615
299.4280057
302.3920729
300.812763
292.7102164
280.7509493
275.2691416
268.9175691
254.7037798
237.1940394
0.0
1375.464499
1292.253177
1232.72006
1193.958301
1177.467101
1184.150557
1208.355199
1255.700163
1351.019528
1456.970624
1550.745012
1632.708908
1699.417586
1746.327668
1780.683381
1811.94914
1836.405555
1843.832889
1814.432547
1758.687485
1720.051613
1667.854276
1561.937513
1436.851589
0.0
178.9083479
168.0935082
160.3457342
155.298809
153.1587296
154.0284945
157.17567
163.3326899
175.7268395
189.5171906
201.7053433
212.3714074
221.0461677
227.1459661
231.6206776
235.6833951
238.8649035
239.8376669
236.0152791
228.7596089
223.7355722
216.9491173
203.1702104
186.8964517
0.0
992.2186247
948.375608
915.8395347
892.1727745
880.6369455
881.5410432
885.7639806
906.855779
970.5202797
1041.223009
1106.810148
1164.546515
1208.526863
1240.433501
1259.808658
1271.390264
1278.130942
1274.045336
1249.428701
1212.440805
1192.93976
1161.811333
1106.443931
1040.639351
0.0
859.9228081
807.8971349
770.6803532
746.4413792
736.1415319
740.3072479
755.4480235
785.0429181
844.6447012
910.8841638
969.5017393
1020.749202
1062.452139
1091.772371
1113.264719
1132.811541
1148.089647
1152.736023
1134.356518
1099.508701
1075.349837
1042.722209
976.4941912
898.2954615
0.0
429.2289705
404.4063384
386.4159385
373.7471263
366.1939049
365.1410316
365.9421308
369.1007507
396.2351262
430.1101796
465.0953277
497.3109612
525.2807688
548.695755
566.5488237
578.1647626
583.8983443
580.8312787
565.1983993
542.0924085
531.5178986
519.2610803
491.7948208
457.9998773
0.0
32.1011908
30.8308763
29.92677859
29.25156638
28.97690378
28.97690378
29.21723355
29.83522439
31.26575874
32.65051599
33.87505339
35.0080366
36.24401828
37.49144423
38.62442743
39.60863507
40.4555114
40.89039384
40.47839995
39.40263812
38.46420759
37.66310835
35.68324881
33.4172824
0.0
104.8410014
100.4807327
97.619664
95.86868996
95.11336782
95.91446706
97.02456171
99.56519072
105.6649892
111.3070167
115.8503938
119.8101128
122.77418
126.0129098
128.4848731
130.3274014
131.8609342
132.4445922
130.8767266
127.5578869
125.2919205
122.3965189
115.7016182
108.0568426
0.0
8.468763348
8.11399083
7.885105334
7.747774036
7.679108387
7.747774036
7.839328235
8.045325181
8.537428997
8.995199989
9.361416782
9.681856477
9.922186247
10.18540457
10.37995724
10.52873281
10.65461983
10.70039693
10.57450991
10.31129159
10.12818319
9.887853423
9.349972508
8.731981669
0.0
12.17670838
11.67316029
11.34127632
11.13527938
11.04372518
11.13527938
11.27261067
11.55871754
12.26826258
12.93203052
13.45846716
13.91623815
14.25956639
14.63722746
14.92333433
15.14077555
15.31243968
15.38110532
15.19799693
14.82033586
14.54567326
14.2137893
13.43557861
12.55436945
0.0
3.433282439
3.261618317
3.112842744
3.067065645
3.009844271
3.07850992
3.124287019
3.261618317
3.479059538
3.742277858
3.902497705
4.097050377
4.268714499
4.394601521
4.44037862
4.531932819
4.566265643
4.589154193
4.520488544
4.371712972
4.303047323
4.108494651
3.91394198
3.62783511
