0.0
101.5569642973075
96.16980859163723
92.92540922375443
91.448481155885
92.33221678944494
96.2787623121565
104.52292641274245
109.03845244906958
113.46923666815714
118.72322674422372
123.90458097694214
128.79539197171178
132.93563295285065
137.80223203853586
140.30816739570295
142.1482744984313
143.7341563042342
142.2693341986467
139.75129286758826
135.5020981601254
133.79515669280545
129.29173664971884
120.07909510413813
109.81323437178483
0.0
98.34888280853065
94.71709246187599
92.36853471305396
91.17004390343715
91.71481242863678
95.21343715536236
101.32695090946646
104.94663528609959
108.08208095668213
111.58070568921246
115.67252279413499
119.14693557888256
122.20974544481523
126.0110193698365
128.83170987403673
131.15605570022996
132.89931506987483
132.62087780581749
131.22869154357815
128.08113989910424
125.78100598199548
122.17342756183946
114.31665443422061
106.13302012762978
0.0
175.1733548272993
172.99428061040587
171.66262410152842
170.82731236740383
170.46413334415436
171.49314056379504
173.53904914528005
174.5801623581613
175.75444126449844
177.58244243203373
180.25786130758505
183.22382344043424
185.94766615350355
189.31312525062543
192.12170978093434
194.19183031020205
195.60822853957325
195.39032112562356
193.852863196037
191.39535171508624
188.76835671575122
187.27932266238093
183.50226070449156
179.24096002313738
0.0
266.90027324143693
255.7748887691288
248.69289756422518
245.23059077271813
247.21596944604798
257.48183021709957
270.7983948995416
277.8682801112047
287.9888692149091
302.00757999606736
317.3458412735133
331.34034008753974
343.0468109970469
354.3537849809798
361.5810477951833
365.9997260403794
366.24184540211184
360.92732553398497
349.57192767383583
339.11237143661725
334.26998431806396
323.96780564468736
305.4698867875744
285.67662936260723
0.0
36.354221455942856
34.380948694587076
33.02508029984422
32.17766254926009
31.923437225245806
32.95244448938957
35.26468434749616
36.06367822960363
37.177427274223575
39.40492535572382
41.983496509801135
44.44100798301224
46.571658321754434
48.62967285971655
50.23976658427845
51.23245594609729
51.6924827256492
50.91770078164989
49.222865280481635
47.3101223634288
46.72903590881541
45.57896895993561
42.74617248184399
39.3928193895721
0.0
624.4621396783001
587.3694541922923
564.0775720347949
552.3468891581556
558.3514492091547
590.7954431008236
646.8097563173014
677.0746759533786
698.9864777838297
728.7308407747678
763.1602133397665
794.9868028145146
824.4164106584195
854.0397139878406
877.9974243610785
896.204799999592
913.3589563932853
918.8308541348407
905.647454836268
877.5131857150103
859.1000085783912
829.5009171967527
765.3998173680692
693.6840638315467
0.0
43.88413346070227
41.28135037045171
39.63493874356487
38.81173293495873
39.23544180251112
41.51136376216259
45.457909281004305
47.57645365359478
49.11391156770206
51.20824401379387
53.62943758468004
55.86904163233198
57.93916213644581
60.02138860671135
61.70411813592314
62.975244763734246
64.1858415472424
64.5732325163397
63.641072994953966
61.667800233598186
60.37246167348368
58.290235203218145
53.78681516206644
48.75073253477802
0.0
185.81450055679343
173.84169831842186
166.72338923054247
162.9342212987617
163.60004955320045
172.99428061040587
189.53103270327344
197.6057132448419
202.50863021350295
209.7722109300313
218.83958084696306
228.14907012562725
237.13169828336686
246.41697565294663
254.5158681035996
261.25889217498894
267.0455448120384
269.369890696279
266.7307897037035
259.7940700887506
254.5400800513823
244.9400475347694
225.87314815630117
204.49400894488028
0.0
216.55155294244398
205.0629894468864
198.15048177971613
195.00293013524225
196.89146111418688
205.30510880861874
222.8708681404762
232.51932449460713
241.94987349283582
253.1599996856377
264.21274837264514
274.64809264273174
283.4612372046905
293.8481576372593
299.18688943381966
303.12132903294764
306.4988940652626
303.3634483559817
298.01261058553
288.93313473340515
285.2892383722259
275.7013118295044
256.0533259751387
234.15363017662634
0.0
1108.482946460933
1042.662799210387
1001.3088127721369
980.4865483403697
991.1397998502638
1048.7278888212563
1148.1663089085064
1201.8804883046214
1240.789068732734
1293.583194383993
1354.6941205577261
1411.2047783941637
1463.4420297107997
1516.0182482576954
1558.5586189183027
1590.869447155214
1621.328062489648
1631.0370483649506
1607.6241065846345
1557.686989146409
1525.012982466723
1472.460975906308
1358.6648782139723
1231.370625727746
0.0
46.72903590881541
43.94466329920046
42.20140392568573
41.32977424473311
41.77769505813333
44.21099459517121
48.39965946800568
50.663475461505435
52.29778111256601
54.52527920374081
57.10385035201339
59.48872602057461
61.69201216977144
63.90740428511996
65.69908752904625
67.05495592765895
68.33818852162176
68.74979142302246
67.76920802735535
65.6627696247864
64.28268929000046
62.06729716884719
57.273333905226075
51.910390147338546
0.0
424.6652462813716
419.3628323290887
416.1305389254226
414.133054220154
413.24931857111477
415.73104196114997
420.6823828060273
423.2125300722788
426.0695385175023
430.5003227365899
436.97701553716246
444.18006644228143
450.77781890437103
458.93724124382993
465.7286892494832
470.7526658409629
474.1786547881925
473.6580981624027
469.9536719898141
463.9733238672486
457.6176907281931
454.010112308037
444.84589463867263
434.5195040562117
0.0
820.5425009674466
771.8159803572324
741.1999876330989
725.7890906090505
733.6821815809469
776.3072943877294
849.9115789999423
889.6675775424034
918.4676749567979
957.557845090027
1002.7978467868089
1044.6239660133308
1083.2904273505992
1122.2111135784608
1153.6987362099321
1177.6201283519094
1200.1614409408066
1207.352385833336
1190.0166395023364
1153.0450141228762
1128.857290323099
1089.9729214944844
1005.7274913269196
911.5067435295063
0.0
90.41947388400159
89.28151288579416
88.60357870777187
88.16776386439318
87.98617434696372
88.51883691955604
89.57205612954763
90.1047187079447
90.71001712195032
91.65428261142266
93.03436294427368
94.57182086225077
95.97611312160048
97.70726650961431
99.15998267807392
100.22530783486805
100.96377186880274
100.84271220148094
100.05582430293943
98.78469765190933
97.42882925716648
96.66615329092836
94.71709246187599
92.51380631267916
0.0
47.515923815096606
44.45311394916394
42.6251128029127
41.65663537920203
41.83822489276168
44.23520652747461
48.46018931230862
50.530309810617695
51.77722450225556
53.64154355083175
55.953783408938335
58.33865907749954
60.62668699749798
63.01156266605919
65.08168317017302
66.80073060364468
68.27765868118865
68.88295707391022
68.20502287073403
66.42544559876418
65.08168317017302
62.6241716969619
57.757572617081415
52.28567514641429
0.0
9.043157983080413
8.716296852481316
8.498389431565942
8.38943572072127
8.437859592487278
8.752614756547688
9.321595246170316
9.648456376769413
9.93899960717197
10.265860737190591
10.641145743038546
10.955900907485935
11.246444129955343
11.597517202532426
11.851742526546714
12.069649948236053
12.22702752562246
12.202815593319052
12.069649948236053
11.779106716092071
11.573305264424267
11.234338163803635
10.520086064107256
9.76951605628118
0.0
195.29347337319095
182.7032668146444
175.2217786454681
171.2389152668696
171.9531673394772
181.81953114625605
199.20370096648878
207.67787847232998
212.83502079596394
220.47388650963313
230.00128320224698
239.78290524983373
249.22556012520803
258.9829702637104
267.50557158772045
274.5754567993836
280.6647587063205
283.1101641553325
280.3378975273485
273.0379989278444
267.5176775616118
257.43340639893074
237.38592358029234
214.91724722172643
0.0
125.87785371507891
119.06219380034133
114.34086634330504
111.42332808667216
110.55169841152427
114.09874698157262
122.11289775043007
124.89727031360704
128.7348621216041
136.45846965251283
145.39267387598872
153.89106334896186
161.27570370765807
168.41822476266935
173.98696994707078
177.40085286236155
179.01094657724886
176.3234217665045
170.43992137702247
163.8179569671501
161.82047226188146
157.84971481847595
148.01966889467286
136.4100457375982
0.0
84.59650334656213
80.0204474949558
76.84868392011339
74.88751712490931
74.30643067029592
76.69130633885715
82.07846203291791
83.9427810814941
86.52135222976668
91.71481242863678
97.71937249511521
103.4333893236449
108.39683616176278
113.19079940409979
116.93154345966423
119.23167733807468
120.30910849197917
118.50531929157574
114.54666782206165
110.10377757103525
108.76001518501224
106.08459625141346
99.48684380093333
91.67849454372606
0.0
502.3855598688933
472.55645509941377
453.8164168612193
444.3737618890992
449.20404307245946
475.30450976026583
520.3750280741077
544.7080234444866
562.3464186196921
586.2678111293034
613.9783715319969
639.5824935030981
663.2617666509768
687.0863113694571
706.3590121686345
721.007233243859
734.8201425849591
739.2146089210707
728.5976751393594
705.9716211782531
691.1660225004885
667.341477782008
615.770054758509
558.0730119450974
0.0
145.22319035760452
139.77550483472012
136.39793980240515
134.06148798297144
133.79515669280545
137.2816754127461
145.87691261880272
150.63455797816394
153.5278842676649
157.49864171107038
162.19575725902226
166.85655492399835
171.29944507827895
176.29920979937262
181.43214021392214
186.37137508490812
190.22107286679656
190.47529816372207
188.34464782304494
183.6354263399
180.13680160736968
175.94813675001456
165.71859391998618
154.581103512485
0.0
96.47245782089158
92.86487936784202
90.61316935403836
89.06360548345396
88.88201596602448
91.20636178254311
96.90827266427027
100.08003623524283
101.9927791406862
104.6318801332617
107.75521981640847
110.85434758466604
113.79609780843084
117.12523896452946
120.53912187982024
123.81983915970255
126.37419839308596
126.54368196951762
125.1272837014481
121.99183805021471
119.66749220467234
116.89522557668842
110.0916716358422
102.69492529551492
0.0
157.49864171107038
147.3417347050411
141.3008567323679
138.09277527648456
138.66175577849066
146.62748263243353
160.6461933555443
167.48606523741378
171.63841219244398
177.78824385274288
185.4755334426284
193.36862451127047
200.98327827715687
208.85215737866707
215.71624111157354
221.43025796332222
226.33317493198328
228.3064477281675
226.07894963505782
220.1833432716844
215.74045307870546
207.6052426870293
191.43166961741116
173.32114169263204
0.0
164.90749409494595
154.27845428129572
147.9591390832635
144.59368004418906
145.1989783904726
153.5278842676649
168.21242328391273
175.36705031281537
179.71309277271084
186.16557360615147
194.2160422773339
202.47231227247968
210.43803912642255
218.6943092183141
225.87314815630117
231.85349629821587
236.99853258991098
239.05654714528734
236.72009532585363
230.55815773036167
225.8973601234331
217.37475870267718
200.4506156581266
181.4805640901385
0.0
230.61868754177107
218.1495406834399
209.49377366597395
204.15504186941357
202.55705408971926
209.0579587993763
223.74249781562412
228.8391102891503
235.86057162459713
250.02455401505517
266.3797165575997
281.9479912422359
295.49456929316983
308.569014555832
318.774345476776
325.02102488950743
327.9748810291161
323.05985808656374
312.2613347351801
300.13115499101406
296.48725862983474
289.19946596552364
271.18578583187553
249.91560028873118
0.0
354.9106595090945
350.479875290007
347.78024438927633
346.1096208629796
345.38326281648074
347.4533833070501
351.59362428818895
353.70006271978167
356.0849383573842
359.8014705038642
365.20073215053225
371.2295041493141
376.74982545749924
383.55337943704376
389.2431843216605
393.43184917901584
396.30096355943226
395.86514875088204
392.76602098262447
387.76625620348347
382.4517363740549
379.437350326291
371.7742727422358
363.1548235690473
0.0
1070.409677438009
1006.841240247705
966.9157580901142
946.8077458277002
957.0978181595514
1012.7005285539603
1108.725065551777
1160.5870320454146
1198.1639561194431
1249.1421866544547
1308.1587800609
1362.7203772424275
1413.1659454292972
1463.9383746596945
1505.0139234275555
1536.2110028017285
1565.6285044589017
1575.0106296776596
1552.3966819032855
1504.1665056421427
1472.6183530444687
1421.882242180776
1311.9963721784834
1189.0602683582338
0.0
58.82289778935488
56.61961164015806
55.251637269588905
54.29526581589977
54.18631210312019
55.60271034216597
59.08922907952087
61.014077972399996
62.18835685358323
63.79845057621021
65.69908752904625
67.58761851379569
69.37930175578707
71.41310435757596
73.48322485201521
75.49281552150067
77.04237940562949
77.15133311453924
76.29180939780342
74.37906648075057
72.96266824170476
71.26783273666668
67.12759173811361
62.61206572500544
0.0
1155.7325384305425
1081.220306763284
1036.936676229954
1013.3663568470971
1017.5550219366422
1075.9542105391836
1178.8428317342866
1229.009961883133
1259.5170013840202
1304.6964733467896
1361.0860714443133
1418.9889156010374
1474.83374555067
1532.6397419549621
1583.01267437588
1624.9114287491805
1660.926682984538
1675.4054209090123
1659.001834316109
1615.8077409879713
1583.1458395275597
1523.4271006415709
1404.812827120593
1271.852982568245
0.0
189.93052962884784
182.81222054096847
178.39354225707396
175.33073237179212
174.97965932243403
179.55571517017057
190.79005333010434
197.01252077570396
200.80168874618303
205.99514897214192
212.14498063244085
218.22217646874066
224.03304105357284
230.58236963944609
237.28907582785976
243.7657686284323
248.78974531665784
249.11660645693146
246.33223383570703
240.1702962402151
235.5942403537803
230.122342863764
216.74524838926175
202.16966309933792
0.0
39.09017019127642
36.983731784837644
35.50680370535874
34.61096208629796
34.332524826110436
35.43416790070884
37.92799728204965
38.78752099298073
39.986011810337196
42.38299344505012
45.15526008270862
47.79436107528413
50.09449496723901
52.309887088392294
54.04104048608073
55.094259692202485
55.59060437020953
54.767398557733564
52.93939741148232
50.88138287932494
50.263978516581865
49.02916980077028
45.966359930967805
42.35878151274671
0.0
311.59550653878887
294.74399927953897
283.04963430522486
275.83447746491277
273.6796152151513
282.4443359589413
302.2981232340161
309.1864189340544
318.66539175045193
337.80492695291923
359.8983182562968
380.95059634679325
399.23060778995654
416.90532084813793
430.681912306262
439.1318778449714
443.1147412235699
436.4806708785045
421.90508558858073
405.5014991698199
400.58647620791834
390.73221833633255
366.39922296595387
337.659655285572
0.0
295.03454251748775
276.0160669765375
264.7090930313029
258.6924269677142
259.7698581216187
274.67230459051444
300.9422548160542
313.7503687885504
321.53450613086846
333.0714935026424
347.46548928094154
362.2468760496219
376.5077061344651
391.2648809360137
404.12141884277366
414.8109884097858
424.011523962126
427.70384419952154
423.5151793421664
412.4866425642434
404.15773668705117
388.9042172074955
358.62719165557456
324.6820577753424
0.0
229.35966691494014
220.76442970888354
215.4256979123231
211.72127175908363
211.30966885961786
216.82999020650132
230.38867415393003
237.9064802060821
242.47043011862556
248.74132144044154
256.1743857334015
263.52270820912196
270.53206357067734
278.4372606132108
286.54825903775514
294.35660828915763
300.4338041641558
300.8211951545372
297.4678420313066
290.0105658292622
284.4902444823788
277.8803860463978
261.7310249245624
244.12894770972923
0.0
88.42198919034242
85.14127189885056
83.03483349241179
81.95740235398662
82.44164106584195
85.58919270838096
91.08530211522131
94.34180747440973
97.16249798441471
100.3100496230839
103.99026383434537
107.11360352910165
109.86165824800115
113.27554122133937
115.81779442278392
117.91212686113609
119.47379675785457
119.21957140288163
117.97265667254545
115.13986023315216
113.0818456777758
109.82534030697789
102.76756109242514
95.4192386109
0.0
22.553418104213616
21.100701962842866
20.2290722760855
19.7690455004034
19.853787277009747
20.991748253933107
23.001338919548747
23.98192230941112
24.575114739850793
25.45885039275986
26.560493467358274
27.686348474260097
28.775885582706806
29.90174058960863
30.882323985275747
31.70552980355646
32.40767593710114
32.686113199223584
32.37135803477619
31.523940284192065
30.894429955297284
29.720151076048978
27.407911217942402
24.817234093843542
0.0
265.70178242601537
249.92770632066998
240.0129186376748
235.01315391658113
237.57961906580846
251.380422433017
275.2170731447378
288.08571696734174
297.4073121811989
310.07015458309365
324.7183756583182
338.2649537286013
350.7825244631488
363.3848369568883
373.57806190394086
381.32588134393416
388.62577994343815
390.9501257889804
385.3450626635559
373.3722604832317
365.5396992646973
352.94949274484907
325.66264117681425
295.1556021790048
0.0
55.36059098236849
52.37041692302065
50.2881904527551
49.004957858792295
48.62967285971655
50.191342709997066
53.71417935548163
54.93688211094626
56.61961164015806
60.02138860671135
63.943722193249656
67.68446625655375
70.94097160606758
74.07641728245488
76.52182278564446
78.0229628012966
78.737214900993
77.55083005559297
74.96015293536394
72.0547206468177
71.17098499390863
69.42772563006847
65.10589510247642
59.99717667440793
0.0
192.50910077131567
184.48284410596344
179.3741256585458
176.88029623657178
178.3088004785327
185.71765276566248
195.3176853403228
200.41429781384912
207.72630234854626
217.83478551705758
228.89964013925805
238.99601729517968
247.43387689869596
255.58119326426356
260.79886539930686
263.9948409199971
264.1643244964288
260.3267326884317
252.13099244664784
244.58897448541128
241.10245572677235
233.66939143381234
220.32861490033332
206.05567878355131
0.0
98.16729328529644
92.34432277494578
88.67621451048687
86.83610740195373
87.78037289142608
92.87698535334286
101.67802396462932
106.43566933946988
109.88587021513302
114.55877379595302
119.97014137781414
124.98201213084663
129.60649179675198
134.25518346848753
138.0322454263769
140.8892538716004
143.5888846755853
144.4484084155401
142.3661819510793
137.9475036671848
135.05417731963635
130.40548568659912
120.32121446587057
109.05055842296095
0.0
45.49422718332926
43.787285717944215
42.73406651182247
41.995602479822665
41.91086070321633
43.012503777814736
45.70002863499707
47.1890626844975
48.09701026970998
49.34392496521768
50.80874707274014
52.27356918026259
53.665755483135165
55.22742533728549
56.83751906184739
58.387082945976196
59.58557376333266
59.670315539939
59.00448730871927
57.52755922924036
56.42591615464195
55.1184716245059
51.910390147338546
48.42387140417892
0.0
273.14695259612097
256.92495570833404
246.73173076128145
241.59880044347773
244.22579540411434
258.4139897617043
282.92857464370775
296.16039754760857
305.74832405163176
318.750133509644
333.8099575423819
347.7318205711075
360.6125703289044
373.56595596874786
384.0497241150508
392.0154509689937
399.5211509892069
401.906026684857
396.1435860149394
383.8318167011012
375.7813480879662
362.82796248682104
334.79054090515535
303.4239782060894
0.0
49.34392496521768
46.17216138650544
44.271524429799555
43.26672909795919
43.44831861732359
45.942147998664396
50.33661432703651
52.47937063580024
53.774709195914745
55.71166405494557
58.120751655810196
60.590369095173024
62.975244763734246
65.44486220309707
67.59972447994741
69.37930175578707
70.91675966989435
71.53416403263742
70.83201789715783
68.9919107866898
67.59972447994741
65.04536526784807
59.98507070438638
54.307371782051476
0.0
9.672668314103605
9.16421766259218
8.849462498725263
8.704190885749137
8.788932661194533
9.16421766259218
9.951105573904147
10.386920416702358
10.810629286576656
11.306973974258275
11.80331865807006
12.263345433752155
12.662842369001144
13.122869154357815
13.364988508350567
13.534472055758508
13.691849642819493
13.546578021910213
13.304458667917462
12.904961732668472
12.735478179455782
12.311769302228806
11.440139619341272
10.459556221545743
0.0
171.80789573017736
160.7309351727839
154.14528864588732
150.6466639520553
151.26406833027772
159.9440472568281
175.24599061259997
182.7032668146444
187.23089878616463
193.9497109484696
202.33914663707128
210.94648977832097
219.2390778112358
227.83431497859408
235.32790906361427
241.55037656726142
246.91332027290616
249.05607664552215
246.62277707365578
240.1945081492995
235.34001499880736
226.46634062543913
208.84005138542662
189.07100588889304
0.0
90.6252753395392
85.72235835346395
82.32058138691066
80.21414298434172
79.59673862159865
82.13899186754628
87.91353854424872
89.92312918471048
92.68328988330609
98.23992912670971
104.66819805687071
110.79381777325672
116.10833766073266
121.24126801723473
125.26044939490399
127.70585484391593
128.86802775701253
126.94317889509205
122.69398418762923
117.93633882826799
116.49572865111402
113.63872020589052
106.55672900098692
98.20361120890546
0.0
795.0231207555379
743.7664528403739
713.3078377187807
697.0858408309936
699.9670611853016
740.1467684463263
810.9182565224003
845.4323708465911
866.4120131517866
897.4880326516022
936.2876595855809
976.1162936618033
1014.5285296440987
1054.2966344893869
1088.9439140039556
1117.7682239272583
1142.5370336611566
1152.5002453945106
1141.2174831068214
1111.4973323926015
1089.0407617563883
1047.9531069759378
966.3588837941892
874.8982964767262
0.0
24.502478929396148
23.58242537416214
23.013444885700455
22.62605391466825
22.577630042321776
23.17082246695669
24.611432638305907
25.42253249043491
25.90677120229025
26.572599433509982
27.371593309812706
28.15848122576847
28.909051227789796
29.744363012222223
30.615992695109757
31.451304479542173
32.1050267446102
32.14134464693514
31.7781656140111
30.991277698055338
30.398085273420417
29.695939139875733
27.96478573638254
26.088360721654645
0.0
169.31406634690165
160.1619546707778
153.80632153172232
149.88398796453313
148.709709058196
153.47946039144864
164.26587774959168
168.00662186320358
173.16376418683754
183.56279055459927
195.5719106372483
206.9999442826982
216.9389439328253
226.5389764107399
234.03257051510923
238.62073233673712
240.7877005216917
237.1801221015357
229.25071318861615
220.35282680941776
217.6774079725648
212.3144641701742
199.0947472982122
183.47804873735967
0.0
798.4370036321303
788.4737921309662
782.3965962946663
778.643746207163
776.9852286160595
781.6460262810356
790.9555155210013
795.7131609190609
801.0761046247057
809.42922246903
821.5836142190263
835.1301922312621
847.5509152133767
862.8770705749789
875.6609724642483
885.0915215011752
891.5440024507108
890.5634188557474
883.5903816287067
872.3439374174849
860.3953470881979
853.6160051144835
836.3771069228999
816.9712404302666
0.0
216.73314245406866
205.00245963547698
196.87935517899385
191.85537849076826
190.35423846350668
196.45564630563666
210.25644961479782
215.0625188890737
221.64816541597023
234.9647300403648
250.3272032462444
264.9633183862759
277.68669059957995
289.97424794628637
299.56217448900793
305.43356888524943
308.2179415064739
303.5934617438228
293.44866071168485
282.0448390333668
278.6309560600286
271.7789783010135
254.8548352177646
234.85577631404087
0.0
274.2364897239168
256.5617766657354
246.0537965716497
240.4608394394655
241.45352877613044
255.31486199344667
279.7325991230175
291.63276553739007
298.8721343254848
309.5859158596288
322.97511630802245
336.7153898251234
349.9593186061697
363.6753802528845
375.6360764593173
385.5750760513969
394.12188934253885
397.5599842249615
393.6618625668568
383.408107827744
375.66028836840167
361.4963060359911
333.34993076669974
301.8017785173107
0.0
473.27070717202133
467.3629948734549
463.7554164532989
461.5279183601892
460.5473349587173
463.31960164474873
468.82781701774076
471.6485074832427
474.8323770106924
479.7837179136171
486.9867687606887
495.0130254260409
502.37345387565273
511.4650357597162
519.0312656880848
524.6242227815707
528.4497086543745
527.8686222171755
523.7404871712297
517.0700988270936
509.9881076802374
505.9689263606157
495.75148946578037
484.25081997698226
0.0
92.69539583591339
87.78037289142608
84.82651673440317
83.47064832998574
84.28174818211474
87.88932661194532
95.40713262539913
99.53526767134491
103.5665549822723
108.37262419463087
113.10605764490768
117.56105377307969
121.33811576966737
125.78100598199548
128.06903386716542
129.75176342540092
131.20447957644623
129.8607171517249
127.57268920850751
123.68667352429415
122.12500368562311
118.02108054876177
109.60743295107568
100.23741382036891
0.0
356.79919048803924
335.60164076889396
322.2971820796924
315.59047589127874
319.0285707737014
337.56280753313933
369.57098655821045
386.85830868405804
399.37587941860545
416.3726582484568
436.04485601190686
454.228019760685
471.0432090789116
487.9673521234622
501.65920180304516
512.0582281708068
521.864062127478
524.9874018628675
517.4574898174749
501.3807645389877
490.8606784710107
473.94864140035145
437.31598265132754
396.3493874356486
0.0
125.52678062702253
117.43999411156264
112.6218189020937
110.06745972675778
110.51538047050104
116.85890767436348
128.0327159841896
133.49250748096534
136.79743672797957
141.71245963183364
147.8259734478551
154.1210767368029
160.18616657986217
166.46916393361698
171.9410613655858
176.48079931099736
180.403132936234
181.96480277490497
180.18522548358595
175.50021590952548
171.9531673394772
165.46436856501325
152.58361880721628
138.1411991527009
0.0
521.9003800685012
500.12174387345857
486.2967285971655
479.5294925586442
483.4034023076646
503.4872029318821
529.5150337763403
543.3279431174402
563.1333065162987
590.5412177458506
620.5398060917616
647.899293406399
670.7916786383221
692.897175915591
707.0248404230732
715.6685014472987
716.1406342162212
705.753713822351
683.5392627607106
663.0922830745452
653.6254162320391
633.4689797838223
597.3084537843719
558.6056746028261
0.0
488.7784519872007
470.6921360295535
459.0219830223712
453.10216469186594
455.77758362546473
473.1617534456974
503.5235208148579
521.5372009872043
537.129687580925
554.4896454920732
574.8397774838535
592.1392054868465
607.3200892197997
626.2175050024872
640.2483217575367
651.8095210383951
660.4410761467766
659.0609958197304
652.1484881525603
636.4833657348405
625.1037559656069
607.138499708175
568.0846473805252
527.4570193177098
0.0
1525.4245850759514
1506.3818975678694
1494.7722742366525
1487.5934355308555
1484.4337782607745
1493.3437705171186
1511.1153314438275
1520.219019205037
1530.4727736152138
1546.4042274391948
1569.6476857011266
1595.5302448782375
1619.2458357156006
1648.5301718341111
1672.9479089249835
1690.9615895230113
1703.2854649074866
1701.4211456247858
1688.1045811164859
1666.6164880045985
1643.7967389256103
1630.8312470603364
1597.903014909583
1560.8345411972152
0.0
295.88196028355117
278.3162009129955
267.27555819987947
261.7189189506711
264.5638214220032
279.9384006017741
306.47468209813064
320.8202540002135
331.19506845889083
345.2864150640481
361.60525970426755
376.6892956460899
390.63537064194736
404.6661873389495
416.0215851990987
424.6410343142397
432.77624470591593
435.3669218222752
429.12024240954366
415.7915718112576
407.0631690084909
393.04445818863434
362.67058488428074
328.68913315977113
0.0
563.5933332919809
527.251217838953
505.654171155535
494.16560765997747
496.2115162414624
524.6847526316783
574.8639893929378
599.3301503987251
614.1962789459467
636.2291404379149
663.7338993618521
691.9650163903354
719.2034440821539
747.3861371957228
771.9612519858815
792.3840197629623
809.9497790948197
817.0075583325914
809.0055135763238
787.9411295119359
772.021781835989
742.894823165226
685.0525087812126
620.2129449127898
0.0
433.78104007451975
415.68261808493367
404.1819486541831
398.5647795935653
401.78496702333985
418.4669907448564
440.1124612464432
451.58891876810947
468.0530350369779
490.82436056868573
515.7626543433955
538.5097679079713
557.5403493841144
575.9051026058191
587.6478914563496
594.8388363295297
595.2262273199112
586.5946722115295
568.1330712954399
551.1362923688428
543.2674132673325
526.5127537605152
496.45363560319487
464.28807901428166
0.0
500.2306975997825
470.52265245312185
451.8673560321669
442.47312493626316
447.279194210539
473.27070717202133
518.147529980998
542.3836776569916
559.937331053656
583.761875733438
611.3392705394217
636.84654475809
660.4168641796447
684.1445611650416
703.3325201856777
717.9202115075403
731.6725909404851
736.0549513414038
725.4864413972103
702.9451292533437
688.2000604256866
664.4844693754828
613.1309537659336
555.6881363074948
0.0
521.8035322773703
488.16104766702574
468.17409469849514
457.5329490076993
459.42147998664393
485.7882779065688
532.2388765861552
554.889142456346
568.6657338564227
589.0642896276734
614.523140028173
640.6599246570025
665.8766556764205
691.9771223642268
714.7242359868502
733.6337577627781
749.9041785267812
756.4414011774614
749.0325488516336
729.5298346646151
714.7847657982594
687.8126694353052
634.267973615622
574.2344790408241
0.0
79.47567894266736
75.17806035705328
72.18788629770545
70.34777918530249
69.80301062914423
72.04261468066599
77.10290924025783
78.85827457992428
81.27946815661518
86.15817319684264
91.7874482642453
97.16249798441471
101.82329560875758
106.32671561314588
109.84955227410978
112.00441452387129
113.02131586636642
111.326480392287
107.609948245807
103.42128333814404
102.1743686639204
99.65632733866671
93.4459658495442
86.12185529451769
0.0
13.074445280076418
12.578100598199544
12.275451403773692
12.069649948236053
12.045438012062814
12.360193176510204
13.134975120509521
13.558683997736498
13.812909317880953
14.176088354674828
14.599797228031976
15.011400135237418
15.410897070486406
15.87092385584308
16.33095063152517
16.778871441055557
17.117838541676193
17.142050477849434
16.9483549884635
16.524646120911104
16.20989095646371
15.834605947713381
14.914552392479367
13.909757064508835
0.0
932.6316574633508
893.7230764741128
869.002690152051
856.9088284263048
863.8334419706207
899.7155305512205
946.2266589841687
970.9228335906377
1006.3085777254204
1055.2772178134621
1108.8945490701612
1157.7905532181087
1198.708724654317
1238.1983915970256
1263.4514406735618
1278.8986561223624
1279.7218617278022
1261.1876245813812
1221.4800501473267
1184.9442393635757
1168.020096028788
1132.0169475931796
1067.3831857065911
998.2217911325639
0.0
1311.0642120534042
1256.369449333214
1221.6132156859894
1204.6164367787412
1214.349635221
1264.7952028273949
1330.179535714421
1364.8994513819246
1414.630766935061
1483.4895123359463
1558.8491621756007
1627.5989540243047
1685.1144067843152
1740.6202693101964
1776.1270733773842
1797.8451797803666
1799.0073528095581
1772.9432039273313
1717.1225859641795
1665.7569646129289
1641.968738009614
1591.353685917377
1500.4983970429432
1403.2753694618948
0.0
880.6002072965359
843.8585950340287
820.5182890003149
809.1023613287562
815.6395839794367
849.5120820356696
893.4325332748622
916.7486274768883
950.1610988928833
996.4058959002216
1047.020947644174
1093.1931091177507
1131.8232520883141
1169.109633292028
1192.9583898615451
1207.5460813382015
1208.3208633576621
1190.8156335082783
1153.3234509999504
1118.8335486235426
1102.8536708265997
1068.860113399087
1007.8339297004649
942.5222329857227
0.0
303.5571438995453
292.1775340722642
285.11975483449254
280.2168378658315
279.6599633377168
286.9598619372209
304.91301225945966
314.8641178447798
320.9171017526461
329.2096897468626
339.03973565131656
348.77293382268704
358.0582111535684
368.5177673714379
379.2436548794733
389.5700454619342
397.6205140750692
398.14107066216064
393.69818050788
383.8318167011012
376.5198120696582
367.77930333169843
346.40016406223003
323.0961759695395
0.0
165.34330890349617
156.39699864808145
150.19874311156627
146.37325729680975
145.22319035760452
149.88398796453313
160.41617996770327
164.07218226407556
169.09615895230115
179.25306599702876
190.98374881562043
202.1454511902535
211.8544373944921
221.22445648456562
228.54856705120162
233.0277751465055
235.14631955198954
231.6113769171343
223.87566350908
215.18357855059074
212.56868946709963
207.33891135816498
194.43394963323615
179.18043015368056
0.0
236.84115508411648
224.03304105357284
215.14726060956747
209.65115126851424
208.01684558649504
214.6872338338854
229.7712698144059
235.01315391658113
242.21620476365263
256.7554721706007
273.5585555536342
289.5505390535801
303.44819017322123
316.885814459133
327.3574766508937
333.7736396013586
336.8122375582068
331.76404896089684
320.674982429612
308.2179415064739
304.4771974509095
296.98360330784186
278.4977904246202
256.6465184442767
0.0
320.2996973744237
302.9760574042987
290.9548313477583
283.5338730867371
281.3184809288204
290.33742696953584
310.73598283753233
317.83007995827984
327.5753840648434
347.24758182829345
369.9583775098936
391.59174207628735
410.3923101645896
428.5512619075375
442.7152442979956
451.3952232825934
455.49914636140727
448.67138047277837
433.6841923220871
416.8326850241389
411.78449646552724
401.65180138793147
376.640871827921
347.09020422575315
0.0
42.237721833815414
40.65184004155692
39.6712566458898
38.98121647849683
38.90858067191203
39.925481975708834
42.41931134737507
43.81149765411747
44.64680943468005
45.79687637775511
47.16485074832428
48.52071914693697
49.81605770705148
51.26877384842223
52.75780789792268
54.19841806927189
55.32427308004354
55.39690889049818
54.767398557733564
53.39942419296916
52.38252288917234
51.17192610566418
48.19385801633786
44.949458632975734
0.0
16.318844665373465
15.713546268782093
15.32615530355464
15.132459814168708
15.217201590775055
15.79828804538844
16.815189343380503
17.408381773820174
17.928938384130625
18.51002484841859
19.18795904579002
19.7690455004034
20.277496150366897
20.907006477326764
21.379139224965307
21.76653019406259
22.044967456185038
22.00864955772992
21.76653019406259
21.24597357988231
20.870688575001818
20.265390184215192
18.970051624100677
17.61418321968323
0.0
416.3121284370474
391.59174207628735
376.0597852939761
368.23933010738057
372.2464054531109
393.8676640456133
431.21457486724495
451.3952232825934
466.00712645549305
485.8245958475921
508.78961682611754
530.0113784930456
549.6230464063881
569.3678799551388
585.3477575779392
597.4779373221053
608.9180769607957
612.5740792378189
603.773040611053
585.0208963989671
572.7454450261521
553.0127174125943
510.27865087948777
462.4600779047938
0.0
52.624642247034934
50.65136948567915
49.42866673601928
48.581248987370074
48.484401244612016
49.75552786661837
52.86676160683243
54.58580903836918
55.63902824449094
57.07963841970997
58.78657988702993
60.46930941624172
62.07940314467348
63.89529831896825
65.74751140139273
67.53919463951429
68.94348691240839
69.02822868901474
68.25344674501542
66.54650527769547
65.27537865568912
63.76213267388527
60.05770650903629
56.01431324743651
0.0
135.3931444338014
127.35478179455782
122.30659319724786
119.76433995710498
121.05967850561002
128.09324583429728
140.24763758429359
146.80907210535992
151.55461152952816
158.00709236296882
165.47647459695204
172.37687623218346
178.75672128032338
185.17288426948662
190.37845043063854
194.3249959069121
198.04152805339214
199.22791293362064
196.37090452709543
190.2694967430129
186.27452733247554
179.85836434331233
165.96071328171857
150.4045445903229
0.0
129.0011934504684
120.68439350846914
115.7451586374832
113.10605764490768
113.57819039448115
120.10330707127004
131.57976459293624
137.18482766031346
140.58660465976033
145.6347932570703
151.92989652666895
158.38237741815712
164.61695085699722
171.06943169043794
176.69870676364536
181.37161036381448
185.39079168343628
187.01299137221497
185.17288426948662
180.35470906001768
176.7108126988384
170.04042441274976
156.80860154754725
141.9666849868066
0.0
73.54375469631815
69.57299724130318
66.81283657366622
65.10589510247642
64.59744445831768
66.66756495275693
71.35257451327303
72.97477420785647
75.21437825937824
79.72990426668163
84.94757641333449
89.92312918471048
94.23285375389048
98.40941266444308
101.6538120323259
103.65129672598508
104.59556221545742
103.02178641837438
99.58369153595171
95.70978181595515
94.55971487674992
92.22326310762399
86.48503432744174
79.7056923305084
0.0
530.7377365975921
502.56714938051795
485.6309003427268
477.93150477895
482.56809047679417
503.18455370069285
546.2212694649887
569.8642246718442
592.9866232529101
620.4429583006306
647.5603263309322
673.1160244838644
694.7251770444279
720.1840274449276
733.2705786814811
742.894823165226
751.1874111594425
743.4880155763165
730.3772523919802
708.1264834860622
699.204385139732
675.7067016002235
627.5491614533171
573.8834059914659
0.0
574.0649955030908
539.9745900522571
518.5591328804638
507.7727155223208
513.2930369272516
543.1100357034904
594.6088229416887
622.4283370707064
642.5726675450317
669.920048963174
701.5650489262975
730.8372791676622
757.8820113546155
785.1204390077357
807.1411945258126
823.8716421235455
839.6578242027821
844.6818008329601
832.5516210500958
806.6932737240217
789.7691306794713
762.5549149547847
703.6230634236264
637.6939625241533
0.0
1020.6783615365874
954.8824261177298
915.7680442689079
894.9578853079543
898.650205448604
950.2337344846924
1041.089023301079
1085.3968657241444
1112.3447499845227
1152.2339137367105
1202.0378660232566
1253.173474083412
1302.4931872208117
1353.5440533282838
1398.0455910240244
1435.029322783708
1466.8438066521987
1479.627708812356
1465.1368654751166
1426.9909602992577
1398.1545451566808
1345.4088430914005
1240.6559031940712
1123.2280150757492
0.0
1203.76901918682
1153.5413590717712
1121.630027063865
1106.0254348638873
1114.9596393002037
1161.2770721121922
1221.322673009166
1253.1855798831612
1298.8492906080933
1362.0787609551207
1431.2643673995342
1494.3848832269218
1547.191115064913
1598.1572398001758
1630.7707176746087
1650.6971405608417
1651.7624658376008
1627.8289669284165
1576.584404735605
1529.419554718679
1507.5803883832907
1461.1055778526675
1377.695459341831
1288.4260526795322
0.0
93.43385986404334
88.38567126673338
84.87494060287982
82.7200783279644
82.0663560667662
84.70545705547188
90.64948727184263
92.7196077682168
95.56451021632995
101.30273897716306
107.92470339284014
114.23191261698102
119.71591608088868
125.01832997512412
129.15857099496128
131.68871831926026
132.87510310274297
130.8897244294131
126.51947000238575
121.60444705983335
120.12751898035445
117.17366284074579
109.87376418319418
101.25431511255624
0.0
1351.8734301309228
1295.471725653175
1259.6380611229338
1242.1086198675441
1252.1444667863748
1304.163810418173
1371.5940517125416
1407.3792926568037
1458.6722784355943
1529.661673809523
1607.3698811135666
1678.2503235157883
1737.5574597925483
1794.794475481993
1831.4150287989025
1853.81106908193
1854.9974540976027
1828.1222054096845
1770.5704338959858
1717.606824726343
1693.0680278965565
1640.891306546123
1547.2032214451367
1446.953701552196
0.0
1.8885309847494334
1.7674713063986165
1.7069414673199539
1.670623563447075
1.6827295309532213
1.7795772739047626
1.9490608244085703
2.0459085667796377
2.106438406051792
2.2032861490033335
2.300133891954875
2.3969816343259414
2.4817234093843545
2.578571152335896
2.651206959501179
2.6996308306867123
2.7480547018722463
2.772266638238979
2.7359487343661
2.651206959501179
2.5906771202290253
2.5059353451706126
2.312239859848004
2.0943324385456457
0.0
104.03868770475694
97.33198152214808
93.34911811452584
91.21846776804396
91.59375275551022
96.8598487938587
106.12091419243671
110.63644022876387
113.38449490896505
117.45210008545398
122.52450064989586
127.73006681104782
132.76614941511727
137.97171557626925
142.49934758648774
146.2764095443771
149.5208089219345
150.8161474897887
149.33921941030977
145.45320374544556
142.51145352168075
137.1364038421446
126.45894015227809
114.48613797195397
0.0
1808.1352525572484
1732.6908607649107
1684.7633341412893
1661.3261801810004
1674.7516988219566
1744.3125895088938
1834.5020504965228
1882.3690467669585
1950.961461090519
2045.920673159861
2149.8504068712755
2244.6643472152236
2323.9826483309002
2400.540788985976
2449.5215350866074
2479.459593292174
2481.0575809170746
2445.114962834652
2368.133113383616
2297.2889893480983
2264.481816549275
2194.678805804036
2069.3820385261565
1935.2963385373548
0.0
366.4476468808685
351.15780942159125
341.448823256051
336.6911778579915
339.4150206678065
353.5184731501094
371.7863786774289
381.49536488166746
395.3930159819595
414.6415048720524
435.7058889364401
454.9180599242082
470.99478520269525
486.5146360111153
496.4294236941104
502.5066195691086
502.82137467744343
495.54568798702365
479.94109545811
465.58341758213584
458.93724124382993
444.78536478856495
419.3991502314136
392.2212523897028
0.0
395.5746055129333
370.0794372101089
354.9227654442876
346.84808490271917
348.2886950411748
368.2756480097055
403.49190849065985
420.6581708969428
431.1056211409209
446.56494207988396
465.87396082008456
485.69143021218366
504.80675344751904
524.587904937293
541.8268031288768
556.1723750309596
568.496250279991
573.4596970987598
567.8425280574912
553.0490353149193
541.8752270050932
521.4282472608803
480.8369371003898
435.3306039392993
0.0
114.17138280557165
109.41373740751209
106.387245521301
104.91031740312381
105.75773516918723
110.15220148594986
115.84200633186835
118.86849831482522
123.1903288462871
129.1948888972862
135.75632345705085
141.73667159896556
146.74854229395058
151.57882343861255
154.67795120687018
156.56648222451315
156.66332997694576
154.3995139428128
149.532914915175
145.06581279376252
142.99569226449478
138.58911995449165
130.67181697676511
122.20974544481523
0.0
76.01337214148572
71.49784612837756
68.6650496560907
67.23654544702336
67.97500948289296
71.9215550017347
78.737214900993
82.41742913353855
85.09284802456916
88.71253242829113
92.90119728564626
96.77510701144762
100.3584734876907
103.96605190204195
106.8835901412606
109.09898229917727
111.18120872493974
111.84703697937846
110.24904923838248
106.82306032985122
104.58345626865488
100.9758778543036
93.16752859709634
84.43912575950114
0.0
110.28536708265997
106.14512610152114
103.57866092907484
101.81118962325671
101.60538816771907
104.25659514579546
110.78171179936531
114.38929021952134
116.59257634549917
119.60696235456466
123.17822287239574
126.713165507251
130.07862460437292
133.8798984713467
137.77802012945145
141.53087015890725
144.46051435073315
144.6421038623579
143.03201014747054
139.44864369444645
136.79743672797957
133.61356718118068
125.8536418059945
117.39157023534631
0.0
126.16839691432935
120.91440689631023
117.56105377307969
115.92674814910794
116.87101360955654
121.72550676004873
128.0085040170577
131.34975120509517
136.14371444743222
142.76567887665374
150.01715359994157
156.63911806786132
162.17154534993782
167.51027714649823
170.9362660550295
173.01849251949028
173.1274462458143
170.6215108886472
165.246461209111
160.30722624137925
158.01919839490762
153.1525993092224
144.39998450062546
135.05417731963635
0.0
720.7530079469336
690.6817838157218
671.5785665542778
662.2327593732887
667.5835971437403
695.318369513566
731.2730939762124
750.3520993672704
777.6994807467145
815.5427361883055
856.9814642116054
894.7641898030889
926.3849778184294
956.9041227127337
976.4310489636297
988.3675331835815
988.9970434582987
974.6756834653002
943.9870552267541
915.7438321082844
902.669386806924
874.8498726005097
824.9006494012336
771.4528013339831
0.0
350.7946304370401
329.96025976049333
316.87370852393985
310.2880619970433
313.6535210941652
331.87300264852246
363.34851911261086
380.34529794246225
392.6570672563004
409.3633028869014
428.70863951007783
446.5891540470158
463.1138001659921
479.7595059464852
493.2213421995288
503.4387790556658
513.087235448495
516.1500452757293
508.7411929499012
492.94290493547146
482.60440841781735
465.9708085725172
429.9555542017157
389.6789991882583
0.0
421.6508602336078
399.2790316661728
385.8171954324784
379.7036816551553
383.38389586061214
399.7632704089868
433.95052361225305
452.7389857073148
471.1037389290193
492.91869296833954
514.4673157755414
534.7690238524068
551.9352862586899
572.1522526150617
582.5512789828234
590.2022506316856
596.7878971585822
590.6743834393066
580.263251039606
562.5885379814245
555.4944408026296
536.8270384077832
498.5600740347876
455.92285525411364
0.0
263.2563768802576
247.62757240356123
237.8096324536495
232.85829160877213
235.3884388750237
249.0681825807152
272.68692582043883
285.4345100008748
294.68346942943134
307.2131461378702
321.72820157768626
335.1537199284048
347.5623370333741
360.0435898655966
370.13996702151826
377.81515067621064
385.05451942560705
387.3546533040175
381.79801405480924
369.9341656008091
362.1742401675754
349.70509330924426
322.6724671348807
292.4438654011285
0.0
797.8317052858467
764.5523996600533
743.4032738171242
733.0526712675314
738.9845955332296
769.6732240426641
809.4655403520059
830.5904542858503
860.85537386388
902.7662345593566
948.6236406150119
990.4497598415338
1025.4602189404773
1059.2358690894846
1080.8450215533026
1094.064738889644
1094.7668851431536
1078.9080666981415
1044.9387209281742
1013.6811121489237
999.2023743405442
968.4047921047859
913.1168370122037
853.9428662547572
0.0
525.0358256810364
493.8629584868356
474.2755025406251
464.40913873384625
469.4573273311562
496.7320728672522
543.8363937693385
569.2710322027062
587.708421267759
612.7072448925765
641.6647199675588
668.4189089359124
693.1635072057571
718.0654830781417
738.2098135911654
753.5238629208287
767.9541766014528
772.554444396972
761.4532718917956
737.7982106916995
722.326783759496
697.4369138803517
643.5411450113104
583.2413191463464
0.0
368.19090619246583
346.32752827692923
332.59936075306894
325.67474711200737
329.22179572075396
348.3492248912824
381.37430522015035
399.21850181606516
412.13556951488533
429.67711693765835
449.97882501452386
468.7430752005012
486.10303311164944
503.5598387558811
517.6875032053159
528.4254966872427
538.5339798751032
541.7662732787692
533.9821359364511
517.3969599673673
506.55001279781476
489.0932071535831
451.29837553016074
409.0122298375432
0.0
142.32986401005607
134.6304684849775
129.29173664971884
125.998913376596
125.00622403993104
129.02540535955282
138.08066930259324
141.22822094706714
145.56215741372205
154.30266624842764
164.3990434430476
174.01118185615522
182.3642997004794
190.43898028074625
196.7340835116466
200.59588732547385
202.41178246107035
199.38529053616094
192.71490219202482
185.23341408089595
182.98170407870182
178.478284016266
167.36500551784928
154.24213639831996
0.0
1196.5296507083121
1125.4676191814485
1080.8329157535534
1058.364239317591
1069.8649087096433
1132.0169475931796
1239.3605646262172
1297.336044935876
1339.3316470616094
1396.3265436602098
1462.2919624813571
1523.2818287226846
1579.6835326199575
1636.4363101277136
1682.3421399434903
1717.2194337166118
1750.0992422813868
1760.5830105631344
1735.3057495001167
1681.39787498612
1646.133190203268
1589.416731062216
1466.5774753813823
1329.17473982339
0.0
441.6499191760299
423.2246361042176
411.5181651947104
405.79204240776863
409.0727596489527
426.05743254361096
448.09029403557923
459.78465900989335
476.5393184780123
499.7343528830772
525.1205674982759
548.279284020365
567.6488325139275
586.3525528497971
598.3132491142774
605.6252536876729
606.0126446780541
597.2358179603729
578.4352498720706
561.1358218690774
553.1216711389184
536.0643624589593
505.4604756700188
472.7138326439066
0.0
1034.0312441794022
990.8976805272297
963.4897693750744
950.0763570562946
957.7515405368446
997.5438569816305
1049.1152798309872
1076.4868734678003
1115.7223149394408
1170.0296866499007
1229.4578828590659
1283.680512616842
1329.0415746717106
1372.828860314193
1400.8299636645982
1417.9599086909834
1418.8678562491073
1398.3119226818244
1354.2946237482467
1313.7759489280259
1295.0116990709844
1255.098322751841
1183.4430994911077
1106.763899097118
0.0
76.15864375272041
71.643117745417
68.79821530117368
67.36971109210634
68.09606916182427
72.0547206468177
78.88248652190227
82.57480671092495
85.25022561163014
88.88201596602448
93.0827868088805
96.95669652887709
100.55216895772749
104.15974741077706
107.08939162001721
109.30478371988642
111.39911617758776
112.06494443202645
110.45485065909166
107.02886176990955
104.77715173869166
101.16957332434038
93.34911811452584
84.60860931271382
0.0
632.1736411772699
591.4128474209984
567.1888057382455
554.295949987208
556.5960839236658
588.5316270666905
644.8122716120328
672.2565007826079
688.9385244073785
713.6468048329456
744.5049168801133
776.174128752321
806.7174856911538
838.3382737258435
865.8914565259969
888.8080538024485
908.5044633975865
916.4338721170143
907.4512442108138
883.8203950939445
865.9640923112977
833.2900851285335
768.4142033771349
695.6815485368154
0.0
714.3126330873843
671.8933217013109
645.2480864786304
631.8225681279118
638.6987578927572
675.8035493526563
739.8804371174621
774.4913992521331
799.562858662251
833.5806283277839
872.9734476922023
909.3760929953376
943.0427896502107
976.9273935255419
1004.3353050066329
1025.1575694383998
1044.7813434417287
1051.0401288863989
1035.9560930219736
1003.7663245239758
982.7140462399879
948.8536540802496
875.5278067514431
793.4977687611444
0.0
112.60971296690067
106.62936484433513
103.03389236517691
101.41169269768231
102.39227610495892
106.76253047974355
115.89043024678298
120.91440689631023
125.81732386497124
131.64029444304393
137.40273511296144
142.81410275287004
147.40226451645043
152.80152622116597
155.5858988230413
157.6197014306349
159.38717269001506
157.75286706604334
154.96849444481887
150.2471669877826
148.35863600883792
143.3709772616356
133.15354040549863
121.76182466237366
0.0
87.59878336819186
83.9427810814941
81.63054122338752
80.49258024065944
81.13419653570591
84.51176156995578
88.88201596602448
91.19425583574058
94.5233969918392
99.12366476026963
104.15974741077706
108.74790921112087
112.59760699300926
116.30203310755046
118.67480286800743
120.12751898035445
120.20015476565518
118.45689541535945
114.72825733368637
111.3022684251551
109.71638667739968
106.32671561314588
100.26162575267232
93.76072098690277
0.0
775.4719826536048
733.5248040751524
704.434163306714
686.4689069912349
681.1059632468916
702.9451292533437
752.325372105407
769.4795285377988
793.0861658616785
840.6989374156633
895.6963495798833
948.0667663771345
993.5852053573233
1037.5540805888268
1071.8623931440238
1092.8783538739717
1102.8052472406207
1086.268495496038
1049.9869099898638
1009.1897980023317
996.9506643383502
972.4239734631062
911.8820282364098
840.3357584311121
0.0
230.53394582127729
218.0526929310073
209.4090318487344
204.070300052174
202.47231227247968
208.97321704018415
223.64565012123893
228.75436852995827
235.76372393021194
249.91560028873118
266.27076292802144
281.8390375546102
295.37350959295446
308.4358489204236
318.6411798413675
324.8878591960515
327.8417153937077
322.92669243180615
312.140275073663
300.01009529079863
296.3661989683177
289.07840630400665
271.07683210555155
249.81875259434602
0.0
1399.5951550629466
1316.4876859961396
1264.274646279002
1237.9804841056794
1251.4423205328653
1324.1386574708597
1449.701756213048
1517.5072817499401
1566.6332997694576
1633.3008648441148
1710.464303613284
1781.8047720172217
1847.7701908383688
1914.159318455476
1967.861392245334
2008.6585039426282
2047.1191639752826
2059.3825090065725
2029.807629243781
1966.7597491823449
1925.502610709368
1859.1619066782393
1715.4761743663162
1554.7452393676747
0.0
182.0495445340971
171.2389152668696
164.44746731926386
161.03358434592565
162.77684375426887
172.2316046035345
188.56255523699463
197.38780583089223
203.77975681422527
212.44762980558255
222.48347715009487
231.76875451967462
240.35188571314154
248.9834407634756
255.9685842546449
261.2709981488803
266.27076292802144
267.8687506109699
264.03115886102034
255.8233125872976
250.4603688816528
241.82881383131874
223.13719946934052
202.2301929494456
0.0
1032.9417069742096
989.8444613404571
962.4607619038945
949.0715616876909
956.7467452262882
996.4906377948578
1048.001530852154
1075.3489120381068
1114.5359299237684
1168.7827722485001
1228.1625442912116
1282.3246446632597
1327.6372821646917
1371.376144221195
1399.3530359721021
1416.4587688185147
1417.3788221763875
1396.834994408854
1352.8661190612552
1312.395868987963
1293.643724350196
1253.778772197506
1182.1961845092324
1105.5896198811945
0.0
875.0072504739383
823.0484362665662
790.4107469667781
773.970842626343
782.3844902627276
827.8302936317577
906.3374952319808
948.7325946122243
979.4454350113936
1021.1141763644872
1069.3564579609993
1113.9669497893963
1155.1998760824006
1196.6991340332045
1230.2810888514891
1255.7883628186182
1279.8308152799837
1287.4938931349275
1269.0080801549602
1229.5910483977284
1203.7932311733011
1162.318185208978
1072.4919038250732
972.0123707958303
0.0
445.12433190273003
421.04556188732425
404.35143223061465
394.03714758334684
390.9622317241736
403.49190849065985
431.8440851806604
441.68623702030743
455.23281509059046
482.56809047679417
514.1404545965693
544.199572792588
570.3242514475262
595.565194434076
615.2616041066108
627.319148065476
633.0210589433334
623.5299801336952
602.7077154310399
579.2826676381341
572.2612063026874
558.1819656714214
523.425731966149
482.36228899803746
0.0
32.83138481045828
31.59657609077688
30.833900116799093
30.301237530662362
30.240707696034004
31.027595606185024
32.97665642556282
34.05408756398799
34.707809829056
35.603651448116786
36.668976620390254
37.722195826512014
38.71488518833085
39.8528461652542
41.01501908028572
42.128768124905655
43.0003978077932
43.06092764629139
42.57668893443605
41.51136376216259
40.712369885859864
39.768104388647856
37.45586453054128
34.937823216897065
0.0
107.98523320424951
103.99026383434537
101.41169269768231
100.10424816754626
100.697440596051
104.53503239824332
111.24173857504744
115.22460205039175
118.67480286800743
122.50028864406566
127.00370874519973
130.8170885860649
134.17044170929546
138.34700063145755
141.44612839971512
144.00048757505107
145.91323052112764
145.6105812899384
144.08522939229064
140.62292254273612
138.10488121167762
134.1341237682722
125.50256871793813
116.5320464953915
0.0
8.728402819213496
8.4015416886144
8.195740235398661
8.086786524553993
8.135210395739525
8.449965560380408
8.982628144969208
9.309489275568305
9.587926539238683
9.902681702525125
10.265860737190591
10.568509932583906
10.834841228554643
11.173808329175278
11.428033649319733
11.63383510485737
11.791212686113608
11.767000749940369
11.645941071009076
11.355397842734925
11.16170235915374
10.834841228554643
10.144801057678825
9.418442988347891
0.0
12.541782693939684
12.08175591438776
11.779106716092071
11.621729138705668
11.694364945290475
12.142285758690694
12.917067698820178
13.37709447450227
13.776591415556009
14.224512228956227
14.745068839266677
15.192989652666897
15.580380623699094
16.06461933555443
16.42779837428322
16.73044756677416
16.9483549884635
16.912037086138554
16.73044756677416
16.33095063152517
16.04040740325102
15.580380623699094
14.575585295728567
13.534472055758508
0.0
3.643896323254921
3.4502008373518374
3.3412471265071666
3.2807172878154875
3.3170351911078915
3.462306805244967
3.7528500340995916
3.9102276157428117
4.079711165859637
4.2613006836761
4.4549961691922
4.624479719115532
4.7697513334460995
4.951340851262563
5.036082626320976
5.108718432905783
5.157142304671792
5.108718432905783
5.023976658427846
4.866599075817166
4.806069237125488
4.648691655095283
4.309724555055125
3.9465455196156918
