0.0
134.30140725
127.50113246000001
121.97088545
119.94527162
117.63028447
120.52401843
122.13164843999999
127.69404812
136.06980017
146.31040306
152.85345701999998
160.21640229000002
166.79160883
171.91994845
173.62403621
177.35373771000002
178.80060464000002
179.65264851999999
176.61422791
170.84283632
168.39923876
160.74692018
153.23928826
142.06625999
0.0
134.14064425
128.546092
124.8967719
122.66216634
121.69758829
122.7264715
124.12510952000001
127.38859837999999
135.20168004
142.40386222
148.22348272
153.28751708000001
157.08152384000002
161.22920916
164.39624019
166.74337992000002
168.7046885
169.44419831
167.45073714
163.20659399
160.29678378
156.59923486
148.03056715
138.25617699
0.0
238.45975264
234.82650895999998
232.10961424
230.10007683
229.02296471
228.50852315
228.50852315
228.50852315
231.77201201
236.40198631
240.38890863999998
245.01888294
248.89327110000002
252.73550677
255.96684296
258.26575377
260.24313868999997
260.45213051
258.73196651
255.5327829
252.1728362
250.3722907
246.28891054000002
241.03196061
0.0
360.15734093
344.24180429
332.42572405
323.84098008999996
319.64506586
319.98266817999996
321.50991661
329.16223528
352.2799541
377.93772832
401.74672812
422.69414654
438.67398843
450.24892418
457.27426713
461.48625761
463.92985517
462.45083556
453.51241295
440.08870278999996
433.01513093
421.71349233999996
401.61811771
377.7287365
0.0
49.241705808999995
46.396200775
44.322358124000004
42.875491153
42.007370974
41.87876058
41.975218376
42.344973268
45.4476991
49.338163614
53.357238522
57.054787445
60.253971073
62.938713115
64.996479467
66.330812333
66.973864322
66.636262029
64.835716474
62.183127031000005
60.977404558
59.562690186000005
56.411735456
52.537347241999996
0.0
862.0754922
809.92397613
772.61088467
748.31959589
737.98253526
742.17844941
757.3384
787.01524913
846.7547786099999
913.1659724799999
971.94092392
1023.30470145
1065.11915689
1094.5227083099999
1116.04887435
1135.64588286
1150.98267287
1155.6287238
1137.2052844099999
1102.2714849899999
1078.06057753
1045.32923217
978.95019062
900.56215352
0.0
60.575497067
56.910100743
54.289663898
52.585576139
51.862142653999996
52.15151605
53.212551829
55.30247078
59.498384989
64.176588186
68.308197189
71.909288316
74.85125114600001
76.909017507
78.436265965
79.80275144000001
80.87986351800001
81.20138951300001
79.91528553500001
77.455611692
75.751523933
73.452613083
68.790486185
63.292391708000004
0.0
255.09872274000003
238.78127862000002
226.82051173
218.83059074
214.89189732
215.02050774
219.55402429
226.99735096
243.05757435
260.91834323999996
277.18755845
292.00990672
305.53007472
318.08566476
330.06250798
340.9300866
350.86523975
356.92600474
355.43090889
345.75297647
337.1200036
325.11100769999996
302.5720356
276.52843022999997
0.0
286.36712555
271.8823796
260.0823757
255.77392737999998
250.8224271
256.99572617
260.43605426
272.28428708
290.12897971999996
311.99274719
325.93089899999995
341.63744373000003
355.65597704
366.60393715000004
370.22110449
378.16279656
381.28159868
383.08214427
376.60339546
364.30502625
359.08022889
342.76278477
326.75079029999995
302.9417905
0.0
1530.2868871
1437.719554
1371.4691229
1328.3524869
1310.0094288
1317.4366797
1344.3644814000002
1397.0465156999999
1503.1018643
1620.9732928
1725.292402
1816.4932497
1890.7175247
1942.9011935
1981.1306339999999
2015.9197464000001
2043.1208456
2051.3840634000003
2018.6687936
1956.6625064
1913.6744809
1855.59081
1737.7515334
1598.5950844
0.0
64.49811418
60.607649666
57.81037352
55.993751666
55.222089283
55.527538978
56.668956254
58.887485599
63.35669690500001
68.324273488
72.729179597
76.571415214
79.69021734500001
81.89267039
83.51637665300001
84.979319923
86.120737198
86.474415791
85.091854027
82.471417182
80.670871619
78.21119777599999
73.243621183
67.391848112
0.0
578.0715826200001
569.27784676
562.70264021
557.83152142
555.19500829
553.94105684
553.9571331699999
553.94105684
561.85059633
573.07185342
582.74978584
593.98711926
603.3596020299999
612.68385579
620.5130137
626.09148971
630.8983032399999
631.3966685600001
627.20075432
619.46805424
611.31737035
606.9446167799999
597.02553997
584.2931106
0.0
1132.76822524
1064.25103622
1015.21832254
983.2907915100001
969.7223946
975.22048911
995.15510039
1034.14012748
1112.64069829
1199.9028524999999
1277.1333965
1344.6377788
1399.5704947
1438.2018422
1466.4961302000002
1492.2503619
1512.3939653
1518.5029592
1494.2920517
1448.3781402
1416.563143
1373.5751184
1286.3451162
1183.3281875999999
0.0
123.08015007
121.19922306999999
119.80058496000001
118.77170175
118.20903127999999
117.93573420999999
117.93573420999999
117.93573420999999
119.62374563
122.01911428
124.07688069
126.47224933999999
128.4657105
130.44309533
132.11503051
133.30467661999998
134.31748349
134.43001766
133.52974486
131.88996226999998
130.15372193000002
129.22129655
127.11530130999999
124.39840668000001
0.0
65.221547665
61.057786055
58.003289121
55.961599068
54.948792186999995
54.980944785
56.13843836
58.051518018
62.150974432
66.716643525
70.880405136
74.658335555
78.130816279
81.329999907
84.40057313999999
87.181772977
89.721828317
91.265153083
90.87932189099999
88.403571749
86.201118695
83.13054547
77.375230195
70.70356584400001
0.0
12.34659813
11.832156535
11.4945542507
11.2855623512
11.1891045555
11.2855623512
11.4141727453
11.719622440999999
12.443055926
13.102184214
13.632702099000001
14.098914787
14.45259338
14.838424572000001
15.127797968
15.336789858
15.513629158999999
15.594010656
15.401095064
15.015263873
14.741966776
14.404364482
13.6166258
12.716353023
0.0
268.10444918
250.96711376
238.37937114
229.98754276
225.85593368
225.98454408999999
230.7431288
238.58836305
255.4524014
274.22951933
291.31862584
306.89656025
321.12408537
334.30665114000004
346.89439375999996
358.32464276
368.75816131000005
375.14045218999996
373.56497485
363.38867720999997
354.32164417999996
341.70174898
318.00528326
290.64342128
0.0
170.505234
160.65046235
153.49650899
148.46462721
145.45835918
145.04037536
145.36190143
146.6158528
157.40304983000001
170.85891266
184.74883555999997
197.54557008
208.67036943
217.96247061
225.05211872
229.66601677
231.94885125
230.72705247
224.52160082
215.34203372000002
211.14611958
206.27500079
195.35919325999998
181.93548309
0.0
114.591863851
107.968428388
103.161614851
99.785591914
97.77605444199999
97.486681046
97.695672945
98.54771682500001
105.798127986
114.83300833999999
124.17333843
132.77415882
140.24963807
146.48724238
151.26190334
154.36462921
155.89187764000002
155.07198634000002
150.90822477
144.73492571
141.905497
138.64200814
131.31121555
122.2763351
0.0
693.54764302
651.60457726
621.57404948
602.02526908
593.71382219
597.08984513
609.29175651
633.1650615699999
681.23319747
734.65474115
781.93513843
823.2673048
856.8989236699999
880.56323681
897.87741147
913.6482614600001
925.97878325
929.72456109
914.90221282
886.7847647
867.31636589
840.98338703
787.5779196
724.51059609
0.0
199.50687857999998
191.59733917
186.00278692
181.79079635
180.08670859
180.07063234
181.59788077
185.40796377
194.33031014
202.89897785
210.50306751
217.52841046
225.22895804
233.00988704
240.01915373999998
246.11207131
251.40117382
254.10199221
251.52978423000002
244.84204361000002
239.00634686
234.08699916
221.74040103000002
207.68971514
0.0
132.54909057
127.2760643
123.57851538
120.76516292
119.63982197
119.62374563
120.63655250000001
123.1766079
129.10876247000002
134.78369622
139.84773059
144.50985756
149.62212083
154.79868927
159.46081615
163.51204373000002
167.01667698999998
168.81722258
167.11313482
162.65999985
158.78561159999998
155.52212274000001
147.32320993000002
137.96680358999998
0.0
216.21015394
202.38453619999999
192.24039114
185.47226902
182.12839867
182.24093274
186.08316840999998
192.40115414
206.00170363
221.14557789
234.9229667
247.49463308
258.95703466000003
269.59954503
279.75976642
288.97148611
297.37939081999997
302.52380668
301.25377907
293.05486626
285.72407358000004
275.54777594
256.44913194
234.37637257
0.0
226.38645157
211.91778195999999
201.29134783
194.20169973
190.71314271
190.82567679
194.84475170000002
201.45211083
215.71178862
231.5630201
245.98346089
259.14995032
271.15894613
282.29982182000003
292.92625585
302.5720356
311.3818478
316.76740823
315.43307538
306.84833133
299.17993641000004
288.53742604
268.53850924
245.42079042
0.0
312.39465466999997
294.32489387
281.23878602999997
272.01099001
266.5128955
265.75730945000004
266.33605625999996
268.63496707
288.37666305
313.03770673
338.50256537
361.94181018
382.31048188
399.33528322999996
412.34100958
420.79714321
424.96090487000004
422.74237546
411.36035528
394.54454594
386.84399835
377.92165207
357.93881161
333.32599684999997
0.0
483.12495692
475.77808799
470.27999356
466.21268974
464.01023667
462.96527721
462.96527721
462.96527721
469.55656
478.94511901
487.03149774999997
496.42005676
504.265291
512.06229633
518.58927396
523.25140084
527.27047575
527.68845956
524.18382621
517.72115374
510.90480271000007
507.2554827
498.9761884
488.33367802
0.0
1477.7173868
1388.3331607
1324.3655649
1282.711872
1265.0118663
1272.1818962
1298.1933489
1349.0426851
1451.4647896
1565.2849913
1666.035161
1754.101131
1825.7692742000002
1876.1523977
1913.0796577
1946.6630482
1972.9317210000002
1980.9055658000002
1949.3317132
1889.4474969999999
1847.9384919
1791.8482824
1678.0602334999999
1543.6784449
0.0
80.815558321
77.600298385
75.333540134
73.629452375
72.938171488
72.938171488
73.549070878
75.09239564500001
78.709563062
82.18204378600001
85.268693319
88.11419835299999
91.216924185
94.367878915
97.21338395800001
99.689134082
101.827281994
102.920470362
101.87551082
99.174692524
96.811476467
94.818015312
89.818286121
84.111199744
0.0
1586.5700119
1485.1285613
1410.7113701
1361.0677567
1336.5513999
1337.3391384
1365.5369679
1411.8849401
1511.7509136
1622.8381438
1723.974145
1816.1556475
1900.2989995
1978.3815868000002
2052.8952357
2120.5121521
2182.2612192
2219.9762176
2210.6841167000002
2150.4944512
2096.7674574
2022.0930460999998
1881.9398658
1719.9389936999999
0.0
260.93441958
250.58128261000002
243.28264251000002
237.76847175
235.5338661
235.51778976
237.49517468
242.49490388
254.16629736999997
265.35540197
275.30663145
284.5022748
294.56603836
304.74233609
313.92190318999997
321.89574776
328.79248038
332.34534255
328.96931962
320.23988891
312.58757032999995
306.15705044000003
290.01644555999997
271.62515877
0.0
52.955331032
49.900834098
47.666228445
46.106827378999995
45.174402003
45.045791609
45.142249405
45.544156895
48.888027225
53.067865127
57.376313431
61.36323575
64.80356386599999
67.697297808
69.899750862
71.330541525
72.037898711
71.668143818
69.73898786000001
66.87740652699999
65.57522625
64.064054091
60.671954863
56.508193252
0.0
422.08324715
397.66334804999997
379.9794184
367.52028619
360.09303577
359.04807631
359.83581494
362.93854081
389.62519823
422.93529103
457.33857229
489.02495891
516.53150763
539.55276872
557.1080878700001
568.52226062
574.16504179
571.15877375
555.78983134
533.05794367
522.65657778
510.6154293
483.60724589
450.36145826
0.0
405.02629322999996
379.12737452
360.14126468
347.45706423
341.20338367
341.39629923999996
348.59848152
360.43063809
385.92764931
414.28624182
440.10477912
463.64048176
485.11841808
505.05302963
524.07129214
541.3372379699999
557.09201162
566.72171512
564.35849905
548.98955655
535.27647298
516.20998165
480.42413862
439.07589592
0.0
315.09547305
302.58811192999997
293.7622234
287.10663535
284.4218933
284.38974072
286.8011857
292.81372178
306.91263649
320.43280448999997
332.45787663
343.5505234
355.70420595999997
368.00257517
379.06306936
388.69277286
397.03637233
401.32874430000004
397.26144057
386.69931169
377.47151568
369.70666293
350.20611144
328.00474166
0.0
120.58832368
115.57251814
112.27687670200001
110.267339292
109.399219078
110.331644454
111.585595815
114.511482355
121.5368253
128.0155741
133.25644779
137.80604060000002
141.21421611
144.94391762
147.78942266
149.89541789999998
151.66381081999998
152.32293913
150.53846987
146.71231054
144.10794998
140.76407972
133.07960846999998
124.2858726
0.0
30.962953120999998
28.969491957
27.522624996
26.558047012
26.075758025
26.091834324
26.638428509
27.554777594
29.500009850999998
31.670310298000004
33.631618855
35.432164418000006
37.07194698
38.599195447
40.062138716999996
41.380395285
42.586117757000004
43.309551242
43.13271195
41.959142076
40.914182597
39.451239327
36.718268387
33.551237358
0.0
366.81292897
344.61155919
328.74425146
318.40719074
314.00228469
315.78675394000004
322.23335008000004
334.86932161
360.28595134
388.54808611
413.54673211
435.41049957
453.19088697
465.71432442
474.87781519
483.20533840999997
489.73231613
491.70970095999996
483.86446672
469.00996587000003
458.70505782
444.78298225000003
416.53692381
383.17860200999996
0.0
74.995937849
70.655336937
67.520458507
65.30192916200001
63.983672585
63.790756994000006
63.935443688
64.482037881
69.224546275
75.14062454200001
81.26569471
86.89239958099999
91.779594678
95.862974783
98.98177695000001
101.02346694
102.020197567
101.489679673
98.756708706
94.72155750799999
92.872783055
90.71855889899999
85.927821607
80.027819639
0.0
259.77692596
248.28237171
239.77800925
233.57255751
230.55021323
230.79135772
231.90062242000002
237.41479318
254.08591586999998
272.60581307
289.77530107
304.88702274999997
316.39765333
324.75732913
329.8213635
332.85978411
334.62817712
333.551065
327.10446886
317.42653654000003
312.31427317
304.16358928
289.67884333
272.44505007
0.0
135.52320603
127.32429322
121.4564438
117.6463608
116.02265453999999
116.66570651
119.06107516
123.72320203999999
133.11176105
143.56135584
152.78915186
160.87553058999998
167.45073714
172.0646351
175.45673428999999
178.52730757
180.93875247
181.67826227
178.76845206000002
173.28643389
169.47635089000002
164.33193494
153.89841647999998
141.56789468
0.0
62.504653024999996
60.012826575
58.276586217
56.942253342
56.411735456
56.411735456
56.894024443999996
58.083670617
60.880946754
63.56568879500001
65.944981142
68.14743419599999
70.558879141
72.986400386
75.18885344
77.101933099
78.75779195999999
79.609835839
78.789944559
76.700025608
74.86732744599999
73.324002679
69.46569076399999
65.060784664
0.0
377.08568444
354.27341527
337.95597114
327.32953711
322.79602055
324.62871872
331.26823052
344.24180429
370.38186757
399.43174097
425.13774409999996
447.61241105
465.89116375000003
478.75220344
488.17291503
496.74158274
503.4453997
505.48708978
497.43286363
482.14430262
471.55002117
457.24211455
428.20831739
393.91757021
0.0
67.745526705
63.421002101999996
60.237894774000004
58.115823215999995
57.070863745000004
57.103016343
58.308738816
60.286123671
64.54634307799999
69.288851472
73.613376075
77.552069487
81.137084306
84.480954636
87.664061965
90.541719607
93.178232741
94.785862705
94.400031513
91.827823576
89.528912725
86.34580539699999
80.34934562400001
73.436536783
0.0
12.796734519
12.137606231
11.623164645
11.4302490446
11.2051808548
11.4784779424
11.639240944
12.153682530000001
12.957497512
13.938151794
14.549051175999999
15.256408362
15.883384051
16.365673039
16.526436031
16.896190924
17.024801327000002
17.105182823
16.815809427
16.269215243
16.044147044
15.30463726
14.597280074
13.536244303
0.0
235.85539208
220.77582307
209.71532889
202.33630738
198.68698727999998
198.79952144
202.99543559
209.89216821000002
224.73059273
241.24095252
256.27229260999997
269.98537626999996
282.49273739
294.09982572
305.17639615
315.22408347
324.40365056999997
330.01427916
328.63171739
319.67721844
311.70337378000005
300.59465077
279.75976642
255.67746954999998
0.0
122.75862408
115.65289964
110.508483782
106.891316355
104.72101586299999
104.415566213
104.656710702
105.556983497
113.321836244
122.99976857
133.0153033
142.22702299000002
150.21694388999998
156.92076085
162.01694779
165.34474181
166.98452441
166.10032795
161.63111664000002
155.02375751
152.00141314
148.49677979
140.65154564
130.97361323
0.0
1091.38783058
1021.61669029
970.4297518200001
936.26761506
919.4035767
919.95017093
939.3381882499999
971.21749045
1039.92759558
1116.33824731
1185.9003959000001
1249.3213977
1307.2121533
1360.9069943
1412.1743131
1458.6830487000002
1501.1727086
1527.1037792
1520.7214887
1479.3089403000001
1442.3495275
1390.9857502
1294.5761811000002
1183.1352723
0.0
33.663771453
32.329438586
31.380936911
30.673579725
30.384206329
30.384206329
30.641427127
31.284479107
32.795651274
34.242518245
35.528622214
36.702192088000004
38.004372364999995
39.322628933000004
40.496198807
41.525081987
42.425354764
42.875491153
42.441431064
41.316090087
40.335435814
39.499468225
37.425625573000005
35.046333227
0.0
229.36056703
216.08154352
206.46791636
199.69979415
195.664643
195.10197252
195.53603258
197.22404401
211.72486629
229.82677976
248.52351620000002
265.74123311
280.67611546
293.18347659
302.73279858999996
308.93825032999996
311.99274719
310.36904092000003
302.00936512
289.66276699
284.00390957999997
277.46085560999995
262.78319399000003
244.72950953
0.0
1086.87039018
1070.3439537
1057.96520344
1048.81778856
1043.85021185
1041.50307266
1041.53522551
1041.51914908
1056.3575735099998
1077.4657551999999
1095.6641264099999
1116.78838361
1134.44016087
1151.9633276
1166.6570651
1177.1548889
1186.1897697
1187.1382707
1179.244808
1164.711833
1149.37504294
1141.1600544300002
1122.52762244
1098.57393598
0.0
293.56930782
276.59273539
264.29436618
255.62924063999998
250.46874844
249.74531498
250.29190921
252.44613336
271.01425938
294.18020721
318.10174109
340.14234788
359.27314447
375.28513893999997
387.50312666
395.44481864
399.36743581
397.27751681
386.57070128000004
370.76769872
363.53336386
355.15761173
336.38049379999995
313.24669855
0.0
376.47478505
352.40856452
334.75678753
322.97285988
317.15323938
317.33007871
324.03389567
335.0300846
358.72655033
385.07560543
409.07752081
430.9573646
450.92412873
469.44402593
487.12795558
503.17210263000004
517.83368791
526.77211043
524.56965745
510.29390332
497.54539771
479.81323922999997
446.5674515
408.12901909
0.0
644.2255556599999
634.43508917
627.10429658
621.67050731
618.72854444
617.34598267
617.3620589999999
617.34598267
626.15579487
638.66315599
649.43427677
661.95771423
672.4233852699999
682.80867482
691.52202928
697.74355717
703.09696503
703.6596355
698.98143229
690.38061199
681.28142639
676.4103076
665.36588975
651.17051711
0.0
122.58178475
116.39240944
111.328375081
109.495676909
107.357528998
110.010118468
111.489138073
116.55317243
124.18941477
133.56189744
139.5262046
146.2460979
152.24255763000002
156.92076085
158.48016195
161.88833747
163.20659399
163.97825637
161.21313282
155.95618288999998
153.7055009
146.72838687
139.86380692
129.67143295
0.0
492.56174483999996
462.77236155
441.43911198
427.56526533
421.66526342
424.04455573
432.72575752
449.67017737
483.8162378
521.75630499
555.3236186099999
584.67894184
608.5683230499999
625.36805624
637.6825017
648.8716062999999
657.63318958
660.28577905
649.75580276
629.80511487
615.96342089
597.26668446
559.34269352
514.55412272
0.0
172.32185593
161.30959066
153.22321191999998
147.82157524000002
145.16898577
145.24936727
148.31994056
153.35182233999998
164.20332462
176.26054934
187.24066194
197.25619668000002
206.40361110999999
214.87582107999998
222.97827605999998
230.30906874000001
237.02896195
241.11234211
240.11561147999998
233.57255751
227.73686077
219.61832945
204.39407369999998
186.80660188
0.0
704.2383822200001
673.11466616
650.01302358
633.2293667299999
625.03045392
625.67350589
628.67977392
643.64680894
688.83728723
739.01141838
785.56838219
826.54686999
857.7509675499999
880.4024738200001
894.1637863000001
902.3787753600001
907.1534364099999
904.25970245
886.7847647
860.53216743
846.69047345
824.60163775
785.29508503
738.5934345600001
0.0
666.60376477
638.85607156
620.65770044
609.5811299200001
604.7743163800001
609.8865796599999
616.87977002
633.0525273999999
671.87679104
707.71086299
736.63212607
761.77545873
780.66511073
801.24277434
816.98147166
828.6207126500001
838.4111791500001
842.0926517300001
832.17357483
811.04931708
796.62887629
778.2054369299999
735.66754811
687.08497055
0.0
2076.4630915000002
2044.9053153
2021.2570782
2003.7499879000002
1994.2810472
1989.7957597000002
1989.843989
1989.8279125000001
2018.1865053
2058.5058639999997
2093.2628245
2133.6304124999997
2167.3424126
2200.8293454000004
2228.9146407999997
2248.9617865
2266.2116558000002
2268.0282775
2252.9487084999996
2225.2010154
2195.8778451999997
2180.1713001000003
2144.594449
2098.8412999999996
0.0
408.48269766
383.77342515000004
366.0894955
354.57886501
349.67559355
351.66905471
358.85516065
372.90584653999997
401.21621023
432.6775287
460.5377559
484.87727358999996
504.68327473
518.62142654
528.81380051
538.10590169
545.37238913
547.5748422
538.84541149
522.28682288
510.80834497
495.31079205
463.84947367
426.71322145
0.0
773.6879967
724.22122269
687.9370144300001
663.72610715
651.76534026
652.1511714
665.89640764
688.49968491
737.19479654
791.37192635
840.69401362
885.6433474199999
926.68614047
964.75481798
1001.08725542
1034.05974536
1064.17065499
1082.56194151
1078.02842558
1048.6731025299998
1022.4848100600001
986.07199121
917.71556528
838.73270513
0.0
585.32199381
559.4552276899999
540.26012585
526.30589779
519.505623
520.03614089
522.5279673699999
534.9710233300001
572.52525928
614.2271805500001
652.92283379
686.9885127199999
712.9356603399999
731.76100728
743.19125628
750.0236836500001
753.99452964
751.58308475
737.06618613
715.23457125
703.7400170000001
685.38088279
652.71384188
613.8895782300001
0.0
690.5896039
648.80730105
618.92146001
599.4530612
591.17376689
594.53371349
606.6873960500001
630.44816693
678.3073109300001
731.50378645
778.59126816
819.7465952
853.23352742
876.78530639
894.03517589
909.74172062
922.00793726
925.73763876
910.97959574
882.9907580400001
863.60274063
837.3822959400001
784.2018966600001
721.40787031
0.0
716.32775962
670.52638194
636.92691565
614.51655396
603.4399835199999
603.80973834
616.5421677
637.45743354
682.55145409
732.7095089
778.3661999200001
819.98773969
857.97603579
893.2313609299999
926.87905605
957.40794905
985.28425268
1002.30905384
998.1131401399999
970.9441933799999
946.6850571800001
912.95698057
849.68066515
776.5495780800001
0.0
107.646902403
101.425374422
96.907934263
93.740903234
91.84389987499999
91.570602778
91.779594678
92.56733335999999
99.367608097
107.871970647
116.64963027
124.71993266
131.74527561000002
137.61312493
142.08233624000002
145.00822277999998
146.43901347
145.66735109
141.74473401
135.95726609
133.30467661999998
130.23410342
123.33737088999999
114.865161011
0.0
17.957226703
17.249869517
16.735427931
16.365673039
16.204910046000002
16.204910046000002
16.349596739
16.687199033
17.491014015
18.262676398
18.937880985
19.580932965000002
20.272213852
20.963494738999998
21.606546719
22.153140912
22.6193536
22.876574398000002
22.635429899
22.040606817
21.510088922999998
21.076028834000002
19.950687858
18.696736487
0.0
1258.4527361
1202.8448157999999
1161.5769543000001
1131.5625032399998
1116.93307054
1118.09056416
1123.4439714799998
1150.1788579099998
1230.9461876
1320.6037102
1403.7985612
1477.0261059
1532.810866
1573.2749125999999
1597.8555742
1612.5332362000001
1621.0858269
1615.9092585
1584.6890845
1537.7784428
1513.0370178
1473.5536250999999
1403.3323484999999
1319.8802773999998
0.0
1769.1003179
1690.9212729
1632.9179841
1590.7176972000002
1570.1561104
1571.7637402999999
1579.3035243
1616.8899132000001
1730.4207411
1856.4750071
1973.4140101
2076.3505566
2154.770747
2211.6647715000004
2246.2127394
2266.8707839
2278.87978
2271.597216
2227.7089179
2161.7478607000003
2126.9748246
2071.4955148
1972.7548821
1855.446124
0.0
1188.247536
1135.7262649900001
1096.77339075
1068.4308743899999
1054.6213330799999
1055.69844547
1060.76247984
1086.00226952
1162.2521588
1246.9260292
1325.4748293
1394.602918
1447.2849523
1485.4983164
1508.6964162
1522.5702632
1530.6405657
1525.7533703
1496.2694367000001
1451.9792316
1428.6203683
1391.3394288
1325.024693
1246.2347483
0.0
417.03528912999997
400.47670042
388.80530693000003
379.99549473
376.42655622
376.39440355
379.57751092
387.53527924
406.19986318
424.09278465
440.00832128999997
454.68598291
470.77835878999997
487.04757408
501.69308303
514.44158864
525.46993025
531.144864
525.75930356
511.78899916999995
499.58708779
489.29825597999996
463.51187135000004
434.1083193
0.0
223.97500668
211.01750916
201.62895015
195.02159103
191.08289760999997
190.53630338
190.95428719999998
192.59406970999999
206.75728977
224.42514308
242.68781945
259.50362888999996
274.10090892
286.30282038999997
295.62707415
301.68783914
304.67803084
303.08647725000003
294.91971702
282.86249229000003
277.34832144
270.94995422
256.62597126
238.99027053
0.0
320.81863572000003
302.26658595000004
288.81072311
279.34178261
273.69900144
272.91126281
273.50608586
275.86930193
296.15759204
321.46168768999996
347.61782722
371.70012409000003
392.5993136
410.10640392
423.44973268
432.13093447
436.42330645
434.12439563
422.45300205
405.17097996999996
397.26144057
388.11402605
367.58459135
342.31264837
0.0
433.86717481
408.77207106
390.58977619
377.79304166000003
370.15679933
369.07968729
369.89957849999996
373.08268587000003
400.52492933999997
434.75137127
470.11923057
502.68981365
530.95194843
554.61626148
572.6699459399999
584.40564468
590.20918884
587.12253931
571.31953684
547.9445971
537.25385781
524.8751071
497.11133764000004
462.94920088000003
0.0
58.01936542
55.72045457
54.096748307
52.858873236
52.376584249
52.360507941
52.810644338
53.919909006
56.508193252
59.000019703
61.218549047
63.2602391
65.494844753
67.761603005
69.803293058
71.571686023
73.115010789
73.90274947099999
73.147163387
71.20193113
69.497843362
68.0670527
64.482037881
60.398657766
0.0
22.249598708
21.333249631
20.722350241
20.352595348999998
20.191832356000003
20.368671648
20.593739847000002
21.140334031000002
22.426438008999998
23.632160481
24.596738456
25.432706036
26.059681725999997
26.750962612
27.281480498
27.667311689
27.988837684
28.117448078
27.779845784
27.072488607
26.590199611000003
25.979300229000003
24.564585857
22.940879595000002
0.0
574.72771236
539.97075244
515.0846406100001
498.8958069
491.99907437
494.79635049
504.9083429699999
524.68219153
564.51926205
608.79339129
647.9713335
682.22992801
710.0901553
729.70324086
744.05937649
757.11333176
767.3378584
770.44058418
758.1582913
734.86373306
718.72312826
696.90758963
652.64953672
600.38548657
0.0
72.311195807
69.433538165
67.407924412
65.880675945
65.269776563
65.253700264
65.816370748
67.198932521
70.430268747
73.532994579
76.282041818
78.838173456
81.619373303
84.448802038
86.98885737699999
89.191310432
91.10439009000001
92.085044373
91.152618988
88.741174043
86.619102485
84.83463322899999
80.365421923
75.269234937
0.0
186.91913596
175.61749737
167.5150423
162.25809228
160.00741037999998
160.92375942
164.20332462
170.64992075
183.59134194
197.99570639
210.74421209
221.88508768999998
230.95212071
237.31833535
241.99653857
246.24068163
249.56847565
250.56520628
246.57828394999999
239.00634686
233.74939684
226.65974873000002
212.25538419
195.26273551
0.0
177.09651689
165.76272563
157.46735499
151.92103165
149.18806068
149.26844218
152.41939696
157.59596539999998
168.73684108
181.13166813
192.43330672000002
202.72213852
212.11069753
220.8240519
229.13549888
236.69135971999998
243.58809225
247.80008273
246.75512328000002
240.03522998
234.03877024000002
225.71124702
210.05293121
191.98317041
0.0
99.624828921
93.869513628
89.689675718
86.747712888
84.995396222
84.754251733
84.931091025
85.67060081
91.972510269
99.83382083
107.952352143
115.42783149
121.92265654
127.3564458
131.50413112
134.18887317
135.52320603
134.81584881
131.18260513
125.82919737
123.36952347
120.52401843
114.141727453
106.2964933
0.0
701.82693733
666.36262029
637.40920463
626.8792283299999
614.70946953
629.85334379
638.29340109
667.3271982399999
711.08688593
764.65311635
798.79917678
837.31799069
871.6569667800001
898.48831086
907.34635198
926.83082713
934.46706947
938.88805186
923.0046678
892.8776822699999
880.04879516
840.05096165
800.8087141899999
742.46782281
0.0
792.4972673
744.5577418099999
710.2509182900001
687.9209381000001
678.41984501
682.27815693
696.2163087399999
723.49778922
778.43050517
839.47221484
893.48858166
940.72075003
979.15918253
1006.1834426300001
1025.98944377
1043.9948987799999
1058.09381394
1062.37010976
1045.4256898200001
1013.30524323
991.0556443500001
960.9768875599999
899.95125413
827.88120285
0.0
1401.1781246
1311.6009832
1245.8810697000001
1202.0249244
1180.3701488
1181.0775061
1205.9796944
1246.8938764
1335.1045333
1433.2021136
1522.5220339999998
1603.9324153
1678.2531488
1747.2043976999998
1813.0046924
1872.7281452
1927.2589541
1960.5690471
1952.3540577
1899.2058116
1851.7646514
1785.8035932999999
1662.0321626
1518.9691719
0.0
1624.3171632
1552.536486
1499.2757048
1460.5318232
1441.6421711
1443.137267
1450.0500757999998
1484.5658909
1588.7885415
1704.5218225
1811.8954281000001
1906.4240697999999
1978.4137397
2030.6617132000001
2062.3802527999997
2081.3342097
2092.3625509999997
2085.6748112
2045.3876036000001
1984.828183
1952.9006517
1901.9548587
1811.3006048999998
1703.589397
0.0
126.56870708
119.25399073
113.94881188
110.20303404100001
107.984504724
107.679054983
107.904123227
108.836548603
116.84254584
126.82592790000001
137.14691229
146.64800538
154.8951471
161.79187962999998
167.06490589999999
170.48915775999998
172.17716918
171.27689639
166.66299842
159.84664739
156.72784527
153.12675409
145.02429911
135.05699329
0.0
1824.1777207
1743.5550779999999
1683.7351666000002
1640.2327
1619.0280607
1620.6999963
1628.4487729999998
1667.2248075
1784.2763455
1914.2532277
2034.8415514
2140.9772813
2221.8410685999997
2280.5034862999996
2316.1285666000003
2337.4296636
2349.8084139
2342.3007818
2297.0459983
2229.0432513
2193.1770263999997
2135.9614762
2034.1663468999998
1913.1921917
0.0
2.6043605426
2.4435975463
2.3310634487
2.2506819504999998
2.2185293511
2.2346056503
2.28283455
2.3792923474
2.5561316439
2.7490472397
2.9258865353
3.0866495317
3.2152599293999997
3.2956414276
3.3599466256
3.4242518245
3.4724807232
3.4885570234000003
3.4242518245
3.3277940262
3.247412528
3.1509547305
2.9580391348
2.7168946403
0.0
142.82184604000003
133.69050786
126.9866909
122.51747959
120.31502652
120.37933177
122.91938707
127.09922497000001
136.08587649999998
146.0853349
155.18452051
163.49596739
171.06790457
178.09324751000003
184.79706438
190.88998195000002
196.45238161999998
199.8444809
199.00851335000002
193.59080034
188.75183413000002
182.03194092
169.41204563
154.83084185
0.0
2439.8196161
2332.0119506
2252.0002065999997
2193.8040025
2165.4454097000003
2167.6800147999998
2178.0492281
2229.9113711
2386.4784537
2560.3114812
2721.5889195
2863.5587214
2971.7200656
3050.1724080000004
3097.8225599
3126.2936867999997
3142.8683516
3132.8206641
3072.2933964
2981.3336932
2933.378091
2856.8549052
2720.6886469
2558.8967675
0.0
494.47482451
472.61105696
456.40614690999996
444.60614301
438.86690401000004
439.31704041
441.42303565
451.92085936
483.65547481
518.8947236099999
551.5778408599999
580.35441719
602.26641357
618.16587397
627.82773004
633.59912163
636.95906823
634.91737815
622.65116161
604.21164591
594.50156091
578.98793175
551.3849252
518.6053502999999
0.0
543.04132573
508.33259483
482.85165985
465.85901108
457.4671827
457.74047977
467.3862596
483.25356733
517.4317803399999
555.45222902
590.08057852
621.6222784
650.43100731
677.1498174
702.66290487
725.79670012
746.93703412
759.84630272
756.66319545
736.06945559
717.67816881
692.11685233
644.14517417
588.69801675
0.0
154.05917947
147.25890477
142.21094665
138.52947406
136.74500481
136.87361522
137.53274344000002
140.81230863000002
150.69923287
161.67934556
171.8556432
180.82621838999998
187.65864576
192.61014604000002
195.61641408
197.41695966999998
198.46191912
197.81886715000002
194.00878415
188.25346882
185.23112453000002
180.39215833
171.80741428
161.58288773
0.0
104.946084107
98.595945714
94.04635292900001
91.088313791
89.834362421
90.348804006
92.197578468
95.798669586
103.08123335500001
111.167612088
118.32156535
124.57524592
129.65535660999998
133.24037146
135.86080826
138.24010066
140.10495140999998
140.68369822000003
138.43301623
134.18887317
131.23083405
127.24391171999999
119.17360923
109.624287322
0.0
151.51912416000002
145.49051176
141.26244494000002
138.04718509
136.76108104999997
136.74500481
137.90249834
140.79623229999999
147.58043075
154.0752558
159.86272362999998
165.20005515
171.03575189999998
176.95183023
182.27308541
186.90305971
190.90605829
192.97990095
191.01859236
185.93848167
181.50142303
177.77172144
168.39923876
157.70849957000001
0.0
170.24801327
162.72430501
157.145829
153.09460151
151.10114035
151.26190334
151.98533680999998
155.60250423
166.53438801
178.65591799
189.90932775
199.82840456
207.36818916
212.85020733000002
216.17800136
218.15538618
219.3128798
218.62159892
214.39353210000002
208.04339371
204.69952335
199.36219192000001
189.86109883
178.55946016
0.0
972.5678996400001
929.57987443
897.7005722299999
874.50247182
863.18475681
864.08502961
868.2166386800001
888.8907599400001
951.2989552399999
1020.58780628
1084.8769287500002
1141.4815802399999
1184.5821397999998
1215.8666186
1234.8527282999999
1246.2025955000001
1252.809955
1248.8069566
1224.6764303
1188.4243748
1169.3096546
1138.79683791
1084.5232500900001
1020.02513589
0.0
484.2663742
454.97535622
434.01186155
420.36308315
414.55953898
416.92275495999996
425.44319384
442.09824029000004
475.66555391
512.97864537
545.98328852
574.84024643
598.32772016
614.8541562800001
626.94353358
637.9557988600001
646.55661915
649.1770559500001
638.8239189799999
619.19475717
605.59420768
587.2189971399999
549.92198193
505.88899726
0.0
557.5743006
529.40862366
506.40343882
498.02768668
488.36583061
500.39090275
507.11079604
530.1642097099999
564.92116953
607.49121101
634.62800484
665.2212030000001
692.50268348
713.80378056
720.84519984
736.34275266
742.4035176499999
745.9081509099999
733.30433205
709.35064559
699.17434786
667.39150349
636.21955843
589.85551028
0.0
363.43690612
341.44452816
325.72190709
315.4813042
311.12462705999997
312.87694374
319.27531095999996
331.78267208
356.97423365000003
384.96307126
409.75272536
431.407501
449.0271254
461.42195245
470.50506172
478.76827978
485.23095216
487.19226074
479.42740799
464.68544122
454.476991
440.68352584
412.71076448
379.65789241
0.0
1076.56548168
1028.995711
993.69215739
968.01830684
955.49486938
956.4916000100001
961.07334539
983.94991982
1053.02977958
1129.72980516
1200.8995836
1263.5489233
1311.263381
1345.8917301000001
1366.9034532
1379.4751197
1386.7898365
1382.3527773
1355.6500437
1315.5075239
1294.351113
1260.5908845000001
1200.4976757
1129.10282907
0.0
724.83212208
680.9759766499999
649.6111161
629.1781392400001
620.49693745
624.01764704
636.76615266
661.7165697400001
711.9550060500001
767.7879948
817.19046356
860.3874806800001
895.5463480799999
920.25562058
938.3736103
954.85181741
967.72893344
971.6515506
956.1539976900001
926.7825982100001
906.4139266
878.90737788
823.09046556
757.17763701
0.0
508.30044215000004
477.54648099999997
455.55410303
441.23012007
435.1372025
437.59687630999997
446.55137526
464.04238925
499.2655618
538.4274276799999
573.07185342
603.3596020299999
628.02064562
645.3508966999999
658.0511733999999
669.61003281
678.6449132500001
681.37788413
670.52638194
649.91656575
635.64081171
616.34925213
577.21953874
530.98410101
0.0
192.80306162000002
181.64610969
173.55973096
167.88479719999998
164.49269793000002
164.01040895
164.38016385
165.79487820999998
177.98071335
193.18889285
208.91151392
223.38018354
235.95184991000002
246.46574987
254.48782335
259.69654446000004
262.26875244
260.90226691
253.87692396
243.49163442
238.74912604
233.23495527999998
220.90443340000002
205.72840656
0.0
1651.8397882
1551.9095099
1480.4021292
1433.8612415999999
1414.0552405
1422.0773137
1451.1432637999999
1508.0051354
1622.4844650999999
1749.7283767
1862.3267799999999
1960.7780389
2040.8862396
2097.2175937
2138.4854551000003
2176.0236147
2205.3950142
2214.3173610000003
2179.0138065
2112.0720945
2065.6598174
2002.9783258000002
1875.7826426
1725.5656984999998
0.0
595.9484278499999
569.61544899
550.06666868
535.85521979
528.92633459
529.47292882
532.01298412
544.66503199
582.9105488299999
625.36805624
664.7710666
699.44764493
725.86100528
745.02395445
756.66319545
763.62423314
767.67546063
765.2157868200001
750.42559113
728.2081450100001
716.50459885
697.80786242
664.5459984500001
625.03045392
0.0
1395.2941988999999
1333.625513
1287.8723648999999
1254.5944247
1238.3734376
1239.6595416999999
1245.5916966999998
1275.2524690999999
1364.7813822
1464.1972194
1556.4269503
1637.6122633999998
1699.4738645999998
1744.3428165
1771.5921449
1787.8774359000001
1797.3463766
1791.6071378000001
1756.9948642
1704.9719588
1677.5457915
1633.7861039
1555.9125083
1463.3934044
0.0
105.13899968
98.788861287
94.22319222099999
91.265153083
90.01120171299999
90.525643298
92.37441776
95.99158518600001
103.274148928
111.376603906
118.5466336
124.80031416
129.91257744
133.49759228
136.11802908
138.51339773
140.37824848
140.94091895
138.7063133
134.43001766
131.48805478
127.50113246000001
119.39867748
109.83327914
0.0
867.83080745
812.35149736
771.64630671
744.49343656
731.0697263899999
731.50378645
746.93703412
772.27328235
826.91662489
887.6689612499999
942.98750826
993.4188599600001
1039.44530642
1082.14395805
1122.9134539400002
1159.8889431999999
1193.6652490000001
1214.307217
1209.2110307
1176.2867692
1146.91536968
1106.06549166
1029.3976189300001
940.78505528
0.0
986.1202204900001
926.46107223
883.77849667
855.98257463
844.16649439
848.9572316800001
866.31963526
900.25670387
968.59705365
1044.55756916
1111.78865495
1170.5475294
1218.3745211
1252.00614
1276.6350309
1299.0614696
1316.5846354
1321.9058908
1300.8298619
1260.8641810000001
1233.1647172
1195.7390916
1119.81072817
1030.1371290900001
0.0
148.91476361
141.39105535000002
135.24990896
133.0153033
130.42701899999997
133.64227894
135.42674820000002
141.58397102
150.87607219
162.24201603
169.49242713
177.65918736
184.94175113
190.63276122
192.51368821
196.64529729
198.26900355
199.20142893
195.84148223
189.44311502
186.72622038
178.23793417
169.91041095
157.53166024
0.0
118.20903127999999
112.98423392400001
109.10984567300001
106.280416965
104.913931526
105.02646560299999
105.524830917
108.032733639
115.62074706
124.04472802
131.85780969
138.73846597
143.97933966
147.77334633
150.08833348
151.47089525
152.27471021
151.77634498999998
148.85045845
144.4455523
142.11448882
138.41693999
131.80958077
123.98042286
0.0
1050.4254184899999
989.67308258
945.64009773
914.66106833
896.17332371
893.58503949
895.5463480799999
903.27904815
969.69024202
1052.57964327
1138.20201468
1217.056265
1285.4930719
1342.7890043
1386.5004626
1414.9072847
1428.9418942
1421.4503385
1383.2048216
1326.6323229
1300.7494807
1270.7671816
1203.5521731
1120.82353486
0.0
312.26604435
294.21235979
281.11017562
271.89845593
266.41643776
265.64477537000005
266.22352209
268.522433
288.26412897
312.90909632
338.35787863
361.79712352999996
382.14971889000003
399.17452024
412.18024658
420.62030388
424.78406554000003
422.56553622
411.18351605
394.38378285
386.68323536
377.76088908
357.79412486
333.19738643
0.0
1932.1783015
1815.2875268
1731.658616
1677.2081893
1654.0422413
1663.4308007999998
1697.4321748
1763.9398259
1897.8393253
2046.6737077000003
2178.4029068
2293.5413655
2387.2501158
2453.1468682
2501.4079198
2545.3283697999996
2579.6834224
2590.1169415
2548.8169271
2470.5092716
2416.2356838
2342.9116814
2194.1255283
2018.4115735
0.0
251.32079231999998
236.12868915
225.24503429
218.15538618
215.14911815
216.37091693
220.79189932
229.44094853
246.85158102
266.22352209
283.34478127
298.32789253
310.51372767000004
319.08239538
325.36822852
331.07531486
335.54452616
336.91101169
331.54152759
321.34915362
314.29165809
304.75841233
285.40254759
262.54204951
0.0
1393.8151794
1332.2268757000002
1286.5219551
1253.2761677
1237.0712579
1238.3412856
1244.2734397
1273.9020602
1363.3345147
1462.6538943
1554.7871675
1635.8920994
1697.6733184
1742.494042
1769.7112176
1785.9804331
1795.4493728
1789.710134
1755.1300142
1703.1714136
1675.7773991000001
1632.0498635
1554.2727264
1461.8340028999999
0.0
1207.973155
1134.89029717
1082.61017078
1048.5605684500001
1034.09189821
1039.94367111
1061.21261614
1102.785927
1186.5112955
1279.5609178
1361.9037245999998
1433.8933944
1492.47543
1533.6629103
1563.8542003
1591.3125204
1612.7743808
1619.3013581
1593.4828207
1544.5304883000001
1510.59342
1464.7598898
1371.7263438999998
1261.8769877
0.0
602.9576944600001
568.08820056
542.81625749
525.0197938499999
514.40943606
512.93041645
514.05575749
518.4928161299999
556.6097226400001
604.19556957
653.3408175999999
698.5956010499999
737.88607743
770.7781865
795.85721391
812.17465812
820.22888418
815.92043587
793.96021057
761.50216157
746.64766071
729.4299437899999
690.84682464
643.37351178
0.0
45.094020506999996
43.309551242
42.039523573000004
41.091021897999994
40.705190705999996
40.705190705999996
41.042792991
41.910913179000005
43.920450632999994
45.865682889999995
47.585846948
49.177400612
50.913640979
52.665957635999995
54.2575113
55.640073073
56.829719247
57.440618637
56.861871845
55.350699677
54.03244311
52.907102134
50.125902296
46.942794968
0.0
147.27498101
141.14991086
137.13083595
134.67116215
133.61012636
134.73546731
136.29486841
139.86380692
148.43247463
156.35809037
162.74038134999998
168.30278102
172.46654259000002
177.01613539
180.48861616
183.07690037999998
185.23112453000002
186.05101583
183.84856276
179.18643588
176.00332852
171.93602469
162.53138944
151.79242123
0.0
11.896461742
11.3980964461
11.0765704516
10.8836548603
10.787197064699999
10.8836548603
11.0122652545
11.301638650400001
11.992919536999999
12.635971517
13.150413112
13.600549501
13.938151794
14.307906687
14.581203773999999
14.790195674
14.967034966
15.031340172
14.854500870999999
14.484745979
14.227525190000001
13.889922896
13.134336812999999
12.266216634
0.0
17.105182823
16.397825637
15.931612949
15.642239553
15.513629158999999
15.642239553
15.835155153999999
16.237062643999998
17.233793217000002
18.166218602
18.905728387
19.548780367
20.031069354
20.561587248
20.963494738999998
21.268944434
21.510088922999998
21.606546719
21.349325931
20.818808036
20.432976845
19.966764157
18.873575779
17.635700708
0.0
4.8228898937
4.5817453992
4.3727535033
4.308448305300001
4.228066807099999
4.3245246045000005
4.3888298034
4.5817453992
4.8871950926
5.256949984
5.4820181792
5.755315273200001
5.996459767699999
6.1732990642
6.2376042622
6.36621466
6.4144435586999995
6.446596158199999
6.3501383598
6.1411464648
6.0446886664
5.771391572500001
5.4980944785
5.0961869877
