0.0
131.63540653615456
125.09932532837328
119.79431179046696
115.8599716775153
112.43328835009073
111.40528328380536
111.41797469693485
113.38514479284107
121.9391617328422
133.03146268258047
144.4791234268035
155.3429787522419
165.29305192401142
173.65669760117322
178.84748828911958
182.64222287385152
184.40633020196478
183.36563375495854
179.01247679159738
171.05495651606617
166.66372528955037
158.9727248020875
147.94388097417132
136.91503714625517
0.0
131.40696096802952
125.6196735302707
121.50765349198925
118.14442722697112
116.25340567897985
116.0249601108548
116.31686281700627
117.6621532612212
125.30238800758289
135.20169547714147
145.30406566912103
154.93685331820274
163.70662442940375
171.54992190466808
177.23567794880788
181.29693235401658
183.94943906571464
183.88598203247594
180.05317319539222
173.41556062640043
166.79063946405637
159.65806153887124
149.6572226756936
139.92290366540135
0.0
207.55547999621146
204.10341377987143
201.5397469903276
199.53450265503292
198.27805212216933
197.2119727970505
196.55201898159078
195.82860805727233
198.65879471050448
204.38262497458746
209.89070118522164
214.4469209466238
219.28235185953054
223.76242307301771
227.1637235871468
229.3212650182714
230.29850428079894
229.47356203848145
227.02411797358442
223.72434885307445
220.3484311846494
217.56901023362823
213.13970467914066
210.69026068986363
0.0
330.71301805493744
315.0137316653523
303.2868598020332
294.7074599633941
289.6689662956577
288.45058998273737
288.93286396469153
291.3696165149122
311.63781399692726
341.6784047415863
371.42709285247287
397.57141772680956
417.17966139336477
430.657949286178
438.95813782207256
444.55505398726945
445.91303583813215
441.72486733403736
430.7467891651208
416.5704732369046
405.7066178358463
391.5683761275734
370.80521328936493
348.7729084468282
0.0
46.17138535889277
43.72194133072548
41.86899403400575
40.42217217024491
39.4449328439805
39.08957309054659
39.14033877007156
38.97535031404606
41.704005577980254
46.234842459109196
50.77837075768874
54.81424225993834
58.19015993808593
60.76651816668607
62.44178558344799
63.330184974594765
63.48248200992881
62.6321568808564
60.81728384621103
58.5582111197733
57.16215493229656
55.33459047695975
52.3013411391166
49.00157198187689
0.0
880.9368335375304
827.7344016243856
787.7437376755486
758.9215232762183
742.2069232961338
739.4275023775214
743.4887567827301
755.1394801737542
809.6110540912274
887.1302463769198
970.157514981275
1052.2963840508053
1125.8304705872324
1188.1580336890977
1238.7079590417845
1273.4063002176736
1292.5195790465723
1290.6920145447834
1258.7857848515323
1205.6721930657955
1157.9651453948889
1105.422667264795
1031.0128734320108
950.7396426629015
0.0
61.90874594897598
58.16477709994387
55.35997331834267
53.329346144905976
52.16173551691202
51.95867279881215
52.25057546283251
53.062826322268556
56.89563512046198
62.34025422763891
68.17830734708326
73.95290337711404
79.11831124852407
83.496851094319
87.05044864594267
89.48720124909738
90.83249175704913
90.70557755985715
88.459196243308
84.72791881496735
81.37738397496182
77.68418080545467
72.45531583382824
66.80763400855143
0.0
257.965799584096
241.03544547494278
228.16634573858974
218.97775781911045
213.46968160847626
212.0101683207831
213.33007599491398
216.22371971379337
229.80353889219703
250.93475294450133
274.32503971352077
297.2330525005861
318.4150322551014
336.8937394876791
352.3138145745196
363.7614752863341
371.2621044256151
373.3688801221203
367.31507282067315
355.2074583690189
342.55411271852336
327.34979179316014
304.42908756703855
279.8458073308027
0.0
280.6961324620357
266.7609535085924
255.4275155646362
247.05117848082665
239.75361209637512
237.55799641289866
237.5833793342227
241.78423924496522
260.0345009850379
283.6532333221824
308.07152505594036
331.24605766348253
352.4661116703496
370.2975564941154
381.377166056651
389.474291837716
393.2309521268847
390.997262299085
381.7325257992821
364.7514060635379
355.3851382025245
338.98782377753645
315.4833142406588
291.9407304514292
0.0
1563.7606036606232
1469.3110570821293
1398.340637108386
1347.1688324626627
1317.4962930401282
1312.559330776814
1319.780748721379
1340.467762730798
1437.1509992559234
1574.76406424313
1722.1368317453073
1867.9485537451549
1998.4798072331787
2109.1362964131536
2198.8392518280493
2260.4560954878634
2294.380260350507
2291.11856560118
2234.489450371413
2140.204892727511
2055.5150474756733
1962.271185933086
1830.1788884551324
1687.6796266151455
0.0
65.91923462064551
61.934128787118034
58.938953711349264
56.78141234072059
55.53765319181876
55.3218990562683
55.626493130177245
56.50220110063256
60.576146869277665
66.3761257298885
72.59492144847081
78.7375686493861
84.24564485677946
88.90339594266239
92.685439050528
95.28718011727021
96.708619135327
96.56901351744352
94.1830265938138
90.21061218097779
86.64432320866264
82.70998306222214
77.15114117098268
71.13540817482136
0.0
503.13864793654255
494.80038507267625
488.58158931196266
483.7207755857605
480.6748347710511
478.08578520062036
476.4866662669563
474.7098674997867
481.60130848260764
495.4730303704037
508.8117125740346
519.8532478085984
531.5928111541853
542.4439751485959
550.6807066188431
555.9222630414091
558.2828670437148
556.2903142230964
550.3507296895076
542.3424437873854
534.156478019349
527.4173340567382
516.7057757082985
510.74080843703416
0.0
1157.5463291159504
1087.641988100029
1035.0995099699355
997.2156220524918
975.25946575787
971.6043367867004
976.9474245704768
992.2659683717267
1063.832885127691
1165.694220556015
1274.7896654867914
1382.717499428759
1479.3372789206453
1561.2477020115423
1627.6619022454888
1673.2621739714252
1698.378493654163
1695.9671239064348
1654.0473639973727
1584.2572462462408
1521.5616323731965
1452.533000101215
1354.758301308041
1249.2799112257164
0.0
107.1282748121844
105.35147605149655
104.01887694155027
102.99087195088487
102.34360954747433
101.7851870716194
101.45521015632755
101.07446755718959
102.53398081139392
105.49108166181801
108.33395972493871
110.68187241242094
113.18208204449323
115.49192049582794
117.24333643349772
118.36018138520755
118.86783817397551
118.43632985750261
117.17987929871218
115.46653767280988
113.72781314826955
112.29368266414932
110.0092271146935
108.74008514277361
0.0
65.95730887947903
61.629534716449946
58.34245697666083
55.9945443118646
54.58579670693727
54.2050541153613
54.54772244810376
55.283824797434775
58.7612738346323
64.16781868297572
70.14547742786552
75.99622196800131
81.41545823379533
86.13666641989468
90.08369798378581
93.015415962579
94.9318203562743
95.46485999398715
93.91650677117639
90.83249175704913
87.58348827609353
83.69991380917799
77.84916926148017
71.55422502523086
0.0
12.08223168567523
11.561883469301991
11.181140877726024
10.863855376859968
10.698866920510381
10.673484081071983
10.698866920510381
10.825781117702372
11.523809210144396
12.43759143716463
13.364065087144919
14.252464475050845
15.064715345289743
15.775434856478709
16.308474486629578
16.67652566507609
16.917662638768608
16.917662638768608
16.562302888575555
15.953114733195665
15.343926577815777
14.683972746151777
13.770190516862947
12.869099708265567
0.0
271.1268019542213
253.32073986813106
239.80437775537465
230.1462072605889
224.3589198228301
222.82325806284192
224.20662280262007
227.25256354170952
241.51771945689697
263.72770417615067
288.31098436917506
312.38660776694974
334.6600495842593
354.0779219782528
370.2848650874676
382.31633106682676
390.19770279444305
392.418701291215
386.04760851029135
373.330805826557
360.01750643622165
344.0390088519205
319.96338545414585
294.1109632135816
0.0
159.87381566793994
151.40863862956766
144.97408881540545
139.9736694000209
136.58506029253957
135.34130113391518
135.51898099982927
134.9732499522278
144.428357692184
160.10226116044504
175.85231320902975
189.8001836447407
201.4889812881166
210.41104938711908
216.22371971379337
219.2950432661783
219.82808298275202
216.9090563425486
210.60142073530088
202.77081466668423
197.96076656707294
191.60236522520577
181.13194385153884
169.70966599623128
0.0
107.44556034459481
101.75980423023651
97.4320300672074
94.0814952272019
91.80973108331354
90.97209737169172
91.08632015143311
90.71826897730774
97.0766703137735
107.6105487779343
118.19519295186805
127.57415213094582
135.41744960621023
141.42049120544635
145.3294484824165
147.38545855233068
147.75350973401802
145.78633961866663
141.54740541236092
136.2804661764995
133.0568455282845
128.7798370372184
121.73609906335516
114.05779001494857
0.0
708.7269578174026
665.9187987300096
633.74604947555
610.5588253857401
597.1186117884903
594.8722304784227
598.1466167856374
607.5255760532984
651.3490487311906
713.7146858261394
780.4969369500964
846.5811600062422
905.7485592986799
955.8923590984961
996.5556682370321
1024.4767916516785
1039.858792561787
1038.37389627715
1012.7118456872472
969.9798351477694
931.600981539244
889.338553467044
829.4731261392031
764.8864906231028
0.0
184.29210743410653
176.04268452480298
169.95080300341266
165.12806349715365
161.8917514422909
160.47031234213244
160.96527773073436
162.12019701041595
169.93811156435632
181.77920630356223
194.10257494910235
206.97167465304676
219.72655158913292
231.66917761392938
240.55317152539718
246.21354483186136
249.80521658614373
250.60477605837718
246.49275602657744
238.3702473241884
229.57509339969195
220.20882557108712
207.44125719594464
194.47062609838113
0.0
122.43412710848067
116.95143380296624
112.9028708270912
109.70463307103255
107.54709164314875
106.60792661352787
106.93790355582685
107.69938873897875
112.89017941396173
120.75885972196676
128.95751697875247
137.49884248941981
145.9767109668485
153.90884832105567
159.81035855908127
163.56701881584144
165.96569714611888
166.48604534801632
163.7573901640232
158.36353672124727
152.5254835812775
146.29399641391632
137.8161279688962
129.1859624712576
0.0
218.64778088977488
204.29378509564467
193.3918553990231
185.59932362596967
180.92888117232926
179.68512201370487
180.81465837206247
183.2641024369594
194.77522024682978
212.68281361851055
232.50681137092315
251.92468368929661
269.8830427955969
285.53156345056243
298.6037258337165
308.3126620307133
314.67106340498896
316.4605535788063
311.32052854985943
301.06586130526125
290.3289201111174
277.4471289681167
258.0292566497433
237.17725382456356
0.0
228.9405224299363
213.91388126245866
202.49160343955964
194.33102051722742
189.44482386970114
188.15029908448574
189.31790966278658
191.89426793459813
203.93842532060503
222.69634385592738
243.45950672654428
263.77846983515025
282.5871539970635
298.98446842205163
312.66581906969435
322.8316463273212
329.494641742017
331.36028046374935
325.9791184276212
315.2421772334774
303.9975792764925
290.5066000526515
270.17494542936925
248.345703341662
0.0
292.905278382929
277.40905474817345
265.60603433693933
256.45552056178326
250.2494163157461
247.9649607533269
248.29493760704247
247.29231545559944
264.62879499879176
293.33678663026365
322.1970753575655
347.75759488873746
369.15532872911
385.50187749509854
396.16267014132734
401.7849691198198
402.7622084579673
397.4064292999518
385.84454575546187
371.503241400388
362.70808747589143
351.0446726025997
331.8552458199427
310.9270945548766
0.0
420.5048133271703
413.5372239044629
408.3337417342488
404.2724874370685
401.7215119785525
399.56397062304785
398.23137154226924
396.746475484492
402.5083800765467
414.0956463263036
425.2387129544865
434.4780666085854
444.27584268452483
453.3502079117659
460.24164886217835
464.6201887144549
466.5873587973977
464.92478275487497
459.96243766746227
453.27405936385094
446.4206927090018
440.7983937305093
431.8382512711266
426.8505232623898
0.0
1510.0378235779897
1418.8372804502033
1350.3036131455124
1300.8832242376056
1272.2386900498811
1267.4667156408734
1274.4469970751882
1294.423291772191
1387.781375758551
1520.673232827569
1662.9694323772492
1803.7680434578394
1929.8192258620102
2036.668289158634
2123.2999209239188
2182.797297080875
2215.5665430743447
2212.4063794701706
2157.7190519421656
2066.683496992772
1984.8999879683522
1894.854364141853
1767.3055947809914
1629.7052206602898
0.0
74.63824004692009
71.30039663084688
68.83826117874725
66.88378252621845
65.57656628034105
64.99276097390607
65.19582368876509
65.66540622626152
68.82556976129665
73.62292646182217
78.6233458728856
83.82682800636998
89.00492729847147
93.82766683281791
97.4320300672074
99.72917706004066
101.17599891623951
101.50597583585251
99.84339983654121
96.5436306793015
92.99003312443693
89.19529859587988
84.01719930053753
78.76295149076904
0.0
1604.4746785337788
1499.135893816551
1419.141874317778
1361.954336763396
1327.7128859783606
1318.5877553081768
1326.8244864327328
1344.8082281254685
1429.2823193562658
1560.7019716337177
1706.1837165205818
1848.657595871359
1980.4326081831186
2095.353414425906
2191.2751662280807
2262.4613397907506
2309.1530730285353
2322.250618192576
2284.5571015584974
2209.271598787321
2130.5340301671035
2035.9575698462174
1893.4709996289348
1740.5013162856465
0.0
241.02275406829503
230.2477386217994
222.2775269396205
215.9698913323728
211.74364850030625
209.8780097785739
210.52527218738592
212.0355511340786
222.252144126325
237.74836776108052
253.86647095894398
270.6952936312667
287.3845107656471
302.9949570926409
314.6076062637217
322.0193954160315
326.7279121976436
327.75591719479075
322.38744659771885
311.76472820384186
300.26630190864785
288.006390328755
271.3044817877268
254.3360535018418
0.0
49.64883439609031
47.02171048796519
45.02915756904089
43.46811293634149
42.42741650986067
42.03398249003125
42.08474816955622
41.91975971353071
44.86416911301537
49.724982913757316
54.61117954507933
58.95164512879986
62.58139120133143
65.34812072409913
67.1503023412939
68.10215882941624
68.27983871369518
67.36605647684435
65.41157782431556
62.97482522116085
61.48992909856649
59.510067604654786
56.26106412369919
52.70746657207549
0.0
395.7565447072881
374.80301052089806
358.8625872645686
346.50114432346527
338.11211580059944
335.02810076594676
335.4723004955491
334.1143185690665
357.5299881513814
396.3276585681851
435.31570033317064
469.84905369796445
498.7727994909137
520.8558699600416
535.2606314887912
542.8501005502264
544.1700082567659
536.9358989379617
521.3127611287002
501.9329630302699
490.0537940387122
474.30374202253614
448.37517130967694
420.0986879255397
0.0
409.60288370616865
382.7097650618097
362.28927055958457
347.6814463408224
338.9370581185369
336.6145282605545
338.72130395705955
343.3155979708135
364.8783202380439
398.4217428580425
435.5695287145912
471.93044650555413
505.5754004867633
534.9052717893716
559.3997119954246
577.5738252632023
589.4910684747032
592.8416033298325
583.208815680751
563.9940060091786
543.8907969540213
519.7517165230079
483.3781072497772
444.32660841914446
0.0
291.0523310678444
278.04362571792916
268.41083806884745
260.7959861617081
255.68134397846532
253.44765407504562
254.22183073398355
256.0367037210964
268.38545525555196
287.09260805625473
306.5485547026
326.8802092502623
347.0341839320104
365.88094242189555
379.9049613299016
388.85241227460807
394.53816839436786
395.7819275529922
389.29661200421043
376.46558652020923
362.5811732689769
347.78297770203295
327.6163115812284
307.13235997014465
0.0
118.13173581384167
112.92825365010926
109.23505051841211
106.20180119569295
104.50115090730016
104.29808816219315
104.56460804532655
105.77029287922007
112.6490424327072
121.54572772813677
130.63278435230296
139.2756412565894
147.16970439085333
154.22613380053204
159.32808457712713
162.98321347267674
165.35650898965872
165.30574333065914
161.8536771143191
155.90140124970256
149.9364339028182
143.5272669019515
134.54174166168173
125.7846619571285
0.0
31.309732731702898
29.253722720124163
27.692678079862784
26.57583313571494
25.90318788011863
25.72550800664253
25.89049646266803
26.23316479541048
27.883049374030342
30.44671618193903
33.28959422237376
36.069015165832916
38.645373394433065
40.879063287049895
42.75739342191167
44.140758181134956
45.05454040718294
45.308368809128915
44.57226645979788
43.10006175465413
41.56439996009681
39.724144084068534
36.944723136288225
33.962239474729216
0.0
374.82839336660203
352.186900367605
335.1803978617767
322.9077947996162
315.80059976334655
314.6202976703695
316.3463307785394
321.3086759739807
344.48320858152294
377.4682087472723
412.7884301344405
447.74060033992123
479.02495021079613
505.5500176734677
527.0492828750508
541.822095585488
549.9572956945248
549.1704276721505
535.6032998247746
512.9998811537494
492.70630078281886
470.34401908656645
438.6916180015956
404.5263158184891
0.0
70.32315730458248
66.59187987300096
63.7616932456957
61.566077616233514
60.081181493639164
59.52275902534624
59.611598963704715
59.37046199001219
63.52055626876232
70.42468866039155
77.34151247271224
83.4841596736275
88.62418469933351
92.54583343264457
95.10950024055325
96.45479074094303
96.68323629394409
95.40140289377074
92.62198195355245
89.18260717518842
87.07583148732557
84.27102769816237
79.6640422993664
74.63824004692009
0.0
238.53523578345477
227.21448932176625
218.74931225098538
212.56859081824373
208.92615332934184
208.05044538481337
208.39311364517673
210.15722100569852
224.777736663517
246.44199032436646
267.9031812735978
286.76263117013065
300.90087287840345
310.62250040642795
316.6128505990163
320.64872208290103
321.62596142104854
318.60540352766327
310.6859575476952
300.46936455544886
292.6260670801844
282.4348569768535
267.45898157640397
251.569323914257
0.0
138.48877326662367
130.1251275570533
123.84287476634199
119.31203782795792
116.67222250994422
116.24071426909126
116.8752852550512
118.71554115376547
127.26955809052569
139.46601260477124
152.51279217462977
165.41996613092599
176.9818495673873
186.77962571894673
194.72445451221026
200.1817650638449
203.1896315505826
202.89772887359882
197.88461801915798
189.5336638242639
182.03303471739133
173.78361180808778
162.0821226824442
149.46685135992033
0.0
57.733268828842945
55.144219182792185
53.2405062065475
51.730227245811086
50.71491366071318
50.27071396135879
50.42301100425484
50.791062178380194
53.2278147890969
56.94640079674609
60.80459242551958
64.84046393533116
68.83826117874725
72.56953861032876
75.34895955378792
77.12575832959978
78.25529470200107
78.50912309638504
77.21459827552023
74.67631430899446
71.92227620367737
68.97786679663072
64.98006955321463
60.91881520202012
0.0
385.3368889926208
362.06082499145947
344.5720485360857
331.9567772135618
324.6465193468426
323.42814307713365
325.21763325095094
330.30689265330676
354.1286876372524
388.0401614389383
424.35031357090173
460.2797231145301
492.45247236898973
519.7136421950361
541.822095585488
557.0010336651471
565.3646793423089
564.5651199456955
550.6045580709281
527.379259836795
506.5018741983198
483.5304042699873
450.97691239478394
415.8724450934731
0.0
68.50828426669626
64.01552164764168
60.60152971066057
58.15208567925242
56.69257240236211
56.299138385773546
56.654498135966605
57.42867474737199
61.03303798176151
66.64264555252592
72.8487498504168
78.94063136748598
84.56293035894184
89.47450982840591
93.56114702098333
96.60708777627706
98.59964068763938
99.15806316349429
97.54625284370796
94.33532362914787
90.97209737169172
86.93622586188013
80.8443443480518
74.32095454799857
0.0
12.539122796214565
11.917243221763648
11.409586432671606
11.028843833209555
10.711558340229582
10.61002698247599
10.61002698247599
10.800398278263973
11.612649148178788
12.666036993406555
13.757499096171488
14.79819553021431
15.737360597645198
16.536920047192645
17.03188541851
17.399936589394514
17.564925052982012
17.463393693932076
17.0445768359606
16.295783065938124
15.876966215528643
15.140863862956765
14.087476019025342
13.034088171853062
0.0
238.52254434439848
222.86133228278513
210.96947191698828
202.46622062626415
197.37696122390832
196.01897929742563
197.23735564275455
199.9152452757766
212.46705945703323
232.0118459823213
253.63802539081888
274.82000506971417
294.40286592297394
311.48551697671724
325.75067285949615
336.3353170334299
343.264832236194
345.21931094489764
339.60970334064433
328.4285624925182
316.71438196022683
302.66498023892524
281.48300048441007
258.7399761998225
0.0
115.0984864911225
109.00660494704617
104.3615452969787
100.7698734865215
98.3331208758048
97.4320300672074
97.55894426439941
97.16551025213198
103.98080270540275
115.26347492770287
126.59691286841824
136.64851735818687
145.05023728770047
151.472095695215
155.66026427492972
157.8685713650539
158.26200536003677
156.15522966353163
151.6117013843972
145.9767109668485
142.5246447505084
137.94304214340224
130.40433878417792
122.1802987140967
0.0
1103.7093258657528
1031.2540101367122
976.2240136137497
936.8806121817531
913.325336985876
907.0557755985715
912.7161488294158
925.0902831771667
983.1916031444857
1073.5925869512785
1173.677123191122
1271.6802672931522
1362.3223876642096
1441.3772422068214
1507.3599340746016
1556.3361229936372
1588.4454154093096
1597.4690149343396
1571.5404436057179
1519.7467591700265
1465.5797798547217
1400.5235616444834
1302.507726016974
1197.2831641972386
0.0
31.09397859615243
29.710613829367155
28.682608823577787
27.85766653588829
27.324626905737418
27.0834899244829
27.159638442149923
27.36270116457093
28.669917406127187
30.675161738180954
32.75655459546375
34.926787383543015
37.08432875849283
39.08957309054659
40.58716062627041
41.55170853940535
42.14820526653178
42.28781088441523
41.58978280147972
40.21910945538589
38.73421333279155
37.160477276159845
35.00293590121003
32.82001169243931
0.0
215.04341762081623
203.65921412588898
195.00366573933488
188.28990469804805
183.73368490423735
182.05841753068688
182.28686309881186
181.5507607354372
194.28025485822786
215.36070317591268
236.5426828548079
255.31329279677797
271.0252705606022
283.031353726666
290.8492683130149
294.9739797838709
295.6973907081893
291.7630506179236
283.2724907338473
272.7513036687722
266.29137096569457
257.7246626093231
243.63718656004983
228.28056853885658
0.0
946.0057430355853
930.3064566460001
918.6303504416805
909.4798367421446
903.7433149633853
898.882501161563
895.887326081473
892.5494827086112
905.4947309172593
931.5755986935402
956.6538442751662
977.4170071133746
999.4746947692071
1019.895189271432
1035.3787213482997
1045.2272633857187
1049.6565690914463
1045.9379826009094
1034.756842282123
1019.7048180312787
1004.3101257577335
991.6440887762103
971.4901140944621
960.2835903574204
0.0
275.26420479931653
260.69445480049757
249.60215390693415
241.01006266164728
235.1847009283253
233.02715957282058
233.3444450955084
232.39258857065636
248.6883716344339
275.67033023335574
302.7792030067835
326.8040607779672
346.9199611317437
362.27657915293685
372.30280082941
377.58243147191905
378.4962137444194
373.4577200010631
362.60655611468104
349.1155768152201
340.85346249926874
329.9007671436476
311.8662595650523
292.1945588328498
0.0
380.7299036478391
355.7278065385078
336.7541338741167
323.17431469571306
315.0518059933241
312.89426456219945
314.84874323849454
319.1130602905043
339.1528122043942
370.33563078967853
404.8562926722047
438.66623518830016
469.9378935769073
497.2117548096014
519.9674705764568
536.8597503900468
547.9393599525823
551.0487578005306
542.1013067802041
524.2444790675228
505.5500176734677
483.11158742930036
449.30164502123347
413.0041842202978
0.0
560.7323111086118
551.4295003888657
544.4999851428901
539.0807488868187
535.6921397793373
532.7984960928663
531.0216973256969
529.0418358036977
536.7201447764844
552.1782941912966
567.039946748268
579.3633154370195
592.435477852582
604.5304009732084
613.7062974860402
619.54435062601
622.1714745244125
619.9631674666967
613.3382463043528
604.4161781729417
595.2910473191097
587.7904181798286
575.847792155032
569.1974881793926
0.0
120.14967155902488
114.18470421214056
109.33658189258603
105.75760146933145
102.63551218556782
101.69634713326091
101.69634713326091
103.4985287428937
111.30375190963146
121.41881353094476
131.87654351092738
141.80123379378145
150.87559902102248
158.51583374145733
163.24973336877352
166.71449091614136
168.32630125645315
167.37444480722107
163.4020303889836
156.14253822447532
152.13204958629464
145.11369439655923
135.04939842452282
124.97241112145873
0.0
503.3417105833436
472.93306868940573
450.08851301119915
433.6150500382961
424.07110234377717
422.48467484916944
424.8072047071519
431.4702000894392
462.5895615658648
506.8826167866549
554.3104527010972
601.2433232593463
643.2646143243649
678.8767383453054
707.7497184792551
727.5864076383153
738.5010287739933
737.4603322945784
719.2227620367736
688.8775771760745
661.6164073500281
631.6011994510732
589.0849430730726
543.2308431709702
0.0
174.2658857576334
162.83091645246665
154.1372938891807
147.93118956752357
144.19991212405895
143.20998137926367
144.11107224511613
146.06555084579128
155.24144743424282
169.50660334943026
185.3201124312536
200.79095322030508
215.09418335543572
227.58254050345369
238.00219614250105
245.7312708499072
250.80783873758676
252.2292778053367
248.1299491801847
239.9566748512047
231.40265782586107
221.13529917461514
205.6517669465074
189.03869846807046
0.0
646.6659148384939
615.978061685023
593.0319746023944
576.266608995719
566.4053757461038
564.044771743798
564.9585539406783
569.7305277879378
609.378523368383
668.114414337866
726.2791914464523
777.4129219910639
815.7410098649697
842.101088868375
858.3207233842375
869.2734187398586
871.9259254515566
863.7526511225766
842.2787687342891
814.5607077719924
793.31527102745
765.6606672064206
725.0735065401798
681.9861362256622
0.0
653.0496990260652
624.2909416599739
603.8577557511011
587.1177729577211
577.7261222834121
576.583894518407
578.0560991695365
584.7190946274437
622.7172055720139
671.8964574079218
722.1290971623008
769.9630585107823
813.5327027748453
852.5461273531264
880.7845365173204
900.9765854514204
914.1375878215458
913.8583765944211
894.7704811297633
861.8108638529293
828.8893207960388
793.4168023886606
743.7425851641505
695.3375099115608
0.0
1807.3343328309402
1777.3571995408313
1755.0329921293392
1737.5569067025133
1726.6169031532452
1717.314092249851
1711.5902612619768
1705.2064774525052
1729.954746558516
1779.7812601550645
1827.6786791849559
1867.3647488233014
1909.5129543761088
1948.5009955685437
1978.0846954686292
1996.9187624870494
2005.3839392553502
1998.2513615894338
1976.9043929219326
1948.1456362904346
1918.73961662356
1894.5370789756594
1856.0440019943162
1834.6081941284517
0.0
417.40810696148975
392.2029471297376
373.254657354262
359.5986895955347
351.6792435723554
350.359335941436
352.2884317288155
357.80919934609744
383.61085592766216
420.35251630696024
459.68322644033765
498.6078110640559
533.4457584692699
562.9913838577355
586.9274016419478
603.375481769147
612.4371555141201
611.5614475371832
596.4459664907628
571.2788809869824
548.6754623159571
523.7875880068926
488.53082368537173
450.4946384452383
0.0
782.4260328130961
731.0511652937116
692.0377407154308
664.1546914018965
647.4527828284597
643.0107859429444
647.0212746135336
655.7910456923261
696.9873944718158
761.0663731926668
832.0241014896908
901.4969336533178
965.7535923157028
1021.7989023211361
1068.5667845713588
1103.2905088306147
1126.0462248999497
1132.4427002673087
1114.0655243959416
1077.3492466354876
1038.9450105917665
992.8370822002151
923.3515586299404
848.751392876423
0.0
537.4816299531545
511.9718760809822
492.90936353764846
478.97418458420515
470.7755273339011
468.8083572185497
469.5698424708399
473.5295654392182
506.489182791672
555.3003834458925
603.6546929962716
646.1455666365965
678.0137217750162
699.9191124106384
713.3974003034515
722.4971483439882
724.7054553584923
717.9155457692905
700.0587180242007
677.0237910302209
659.3700260399606
636.3858647806003
602.6520708448284
566.8368840690583
0.0
705.6937084417494
663.0632292634821
631.0427769968239
607.9443928939854
594.5549449557349
592.3339465345829
595.582950028502
604.9238349681914
648.5569363735218
710.6560536047823
777.1590935772347
842.9641053630443
901.8649848350051
951.8057218799918
992.2913511850222
1020.0855606196138
1035.404104464075
1033.9318997373257
1008.3713800873224
965.8297407879979
927.6031842753026
885.5184361446367
825.9195285292443
761.6121042402683
0.0
724.4135527247199
676.858802603363
640.7390217115529
614.9119823923128
599.453833009909
595.3418130213206
599.0603989825175
607.1829076849066
645.3079329120113
704.6530120379546
770.3311096924697
834.6639168271497
894.1612930489231
946.043817287937
989.3469417315233
1021.494308205096
1042.574756868472
1048.4889581350456
1031.469764417021
997.4821418729688
961.9207835110277
919.226847191493
854.8940400568129
785.8273333272251
0.0
100.934861942547
95.59177419117916
91.53051984754666
88.37035630494952
86.23819777570377
85.45132974684778
85.56555252334832
85.2101927623524
91.18785150724219
101.08715897788105
111.02454069222941
119.83238610223447
127.20610102487842
132.84109144242717
136.5216031512723
138.45069893865193
138.79336730704378
136.9404199919592
132.95531421028545
128.0183518605482
124.98510252810648
120.97461388020322
114.36238413422947
107.14096622531386
0.0
16.58768572671761
15.83889195669513
15.29316089829081
14.861652627189875
14.56974996641039
14.4428357692184
14.480910028051909
14.5951328077933
15.29316089829081
16.35924016291369
17.463393693932076
18.63100431760489
19.77323209989479
20.85200278520913
21.65156223475657
22.15921903108653
22.48919594637838
22.552653043353953
22.184601872469432
21.448499519897556
20.661631487800715
19.82399777941976
18.6690785764384
17.501467956006447
0.0
1155.579158698119
1100.7522248867747
1059.7462478335667
1029.7818054099625
1012.1534232329981
1007.9398718399877
1009.5770649935952
1018.0930076909669
1088.9492047456117
1193.9072468745048
1297.862666754729
1389.2281980609075
1457.7237904974843
1504.8216499363107
1533.8088528597245
1553.3790217877997
1558.1129213286927
1543.505097585256
1505.13893542659
1455.6043237508256
1417.656978659706
1368.2365897517998
1295.7051251399557
1218.7062812290064
0.0
1624.4890470186108
1547.4013637472556
1489.7696258799176
1447.64680357252
1422.8604606786805
1416.9208764259652
1419.2434058950455
1431.2114150032085
1530.8136778660576
1678.364124089046
1824.493132335373
1952.930301241862
2049.23279448727
2115.4439323228817
2156.1833896852468
2183.6983882492077
2190.3613834370435
2169.826665983312
2115.8754402569334
2046.2503111163076
1992.8955822585724
1923.4227496736346
1821.4598832297913
1713.2147633654304
0.0
1091.1067463279765
1039.3384445111294
1000.6169225666208
972.3277477434275
955.6892963436665
951.691499079725
953.2525437610373
961.2989039155112
1028.1826865519188
1127.2899837560942
1225.4454250079689
1311.7090053431011
1376.3844810298212
1420.8679072422995
1448.2306084943734
1466.709316234685
1471.1766960199188
1457.3938137085856
1421.1598102433686
1374.39192834964
1338.5513587065602
1291.8976992566047
1223.4021059990112
1150.7056535652691
0.0
385.2099747857062
367.9877181184006
355.2455325889622
345.15585380363035
338.391327027724
335.4342262431973
336.4622312403444
338.8736009772696
355.1947669299626
379.95572695649264
405.719309242494
432.6124278868531
459.2897923697348
484.2411237876579
502.8086709747984
514.6370743073566
522.1630862599332
523.825662226836
515.233570981549
498.25245128901616
479.8879667810854
460.2924145211778
433.6023586316483
406.4807944191642
0.0
210.0049239854885
198.88724020300955
190.4347546144964
183.87329051779963
179.41860222563656
177.7814090720293
178.0225460468021
177.2991350900751
189.7240350968257
210.30951810152854
230.99653239182192
249.32294260418956
264.66686921873503
276.3937411576741
284.0339759105175
288.05715598775447
288.7678755054252
284.92237529410227
276.6348781648555
266.35482810696186
260.0471923916856
251.6835467145238
237.92604759458607
222.92478934843245
0.0
300.79934151719294
284.88430104175046
272.7639951078285
263.37234443351963
257.0012516525962
254.65333898131823
254.9833159106538
253.95531083788677
271.761372923977
301.24354117117537
330.8780064817952
357.12386271734226
379.1054019008795
395.8961503208504
406.83615419420386
412.6107501929064
413.613372376758
408.1179875727715
396.23881868924235
381.51677163780477
372.4804807385355
360.51247182482365
340.8026967646492
319.3034316386861
0.0
406.81077138090836
385.2734319269735
368.8888089086331
356.1846976315465
347.56722361617557
344.3943685945516
344.838568324154
343.44251217772813
367.51813557550275
407.40726813072075
447.4740805194444
482.97198181573805
512.707978444357
535.4002371455649
550.2111240759452
558.0163472556465
559.3743291821291
551.9371571841153
535.8825110518991
515.956981938276
503.7478360930027
487.5535843472242
460.901602677638
431.8255598644788
0.0
53.59586595998142
51.19718760809824
49.42038883228639
48.024332655612504
47.08516758818161
46.66635072696927
46.80595634485272
47.148624685157166
49.42038883228639
52.859763607409526
56.45143542110759
60.182712849448244
63.901298867900294
67.36605647684435
69.9551061228951
71.60499070475582
72.64568712799579
72.8741326917997
71.68113922242283
69.32053513693516
66.76955974971791
64.04090448578373
60.322318474893684
56.552966780157526
0.0
21.803859273331472
20.83931136451767
20.153974699032755
19.595552223177833
19.290958152509745
19.252883890435378
19.303649569960346
19.51940370551081
20.788545684992705
22.425738846161963
24.11369768361533
25.700125165259614
27.159638442149923
28.466854688027315
29.40601975545821
30.07866501105452
30.522864699606053
30.5101732789146
29.875602285392656
28.771448761936266
27.667295238479873
26.48699319735646
24.824417198045154
23.2126068782588
0.0
587.308144230283
551.8356258229048
525.1709527466708
505.95614310750693
494.813076479324
492.96012916423933
495.67609304961326
503.4432419769626
539.753394108926
591.4328556687304
646.7801376063521
701.5436141575979
750.5705690057042
792.1222775278251
825.8179971680337
848.9671469298718
861.7093324593103
860.4782647397421
839.2074451062841
803.7983837645533
771.9936856593724
736.9653669059766
687.3672982293817
633.8475807611405
0.0
66.78225117040937
63.79976750452922
61.59146045437557
59.84004451994664
58.67243389627382
58.15208567925242
58.32976555596938
58.74858241394085
61.578769036924975
65.881160361812
70.34854014272452
75.00629122104546
79.62596803729203
83.95374220356196
87.17736284313466
89.2333728547134
90.52789767557819
90.81980033635769
89.33490421376332
86.39049481427865
83.20494843353949
79.80364791400899
75.18397109776242
70.47545433991651
0.0
191.00586847539338
179.46936785222755
170.80112813464564
164.55694956063672
160.92720351079112
160.33070676097867
161.20641470550717
163.7320072426992
175.5477191686096
192.35115899522827
210.3475923214718
228.16634573858974
244.10676910294768
257.6231312481126
268.57582649570526
276.1018384482818
280.25193280805325
279.85849873745053
272.94167494133404
261.417865724816
251.0743585580636
239.69015495510786
223.54666891154037
206.14673233510928
0.0
179.08862526389242
167.33637051165783
158.40161097359905
152.01782678602783
148.19770938800042
147.18239579750107
148.09617799438138
150.10142240529595
159.53114733195665
174.20242864877468
190.44744605355274
206.34979508993885
221.05915070232007
233.8774847040536
244.58904308490187
252.5338718457568
257.75004542261865
259.20955866710034
254.99600731730155
246.59428742019645
237.81182482672781
227.25256354170952
211.35021450532335
194.28025485822786
0.0
93.40884998240843
88.47188766399945
84.70253597358445
81.7835094154827
79.80364791400899
79.08023698969056
79.18176834874049
78.8644828465781
84.39794190291634
93.54845560029187
102.74973496963037
110.89762649503741
117.72561039924761
122.9417839004895
126.3430844869977
128.13257466081498
128.44986010788284
126.73651848198054
123.05600668455203
118.4744041692701
115.66960034229689
111.95101438434082
105.83375001724644
99.15806316349429
0.0
687.9384121658987
653.7858013570312
626.0296661747917
605.4822574980607
587.6000469396753
582.2315763426034
582.2696505625465
592.5750835093559
637.2996469774806
695.2105957046463
755.0379488125437
811.832052555591
863.8414910015194
907.5380495481171
934.6976879805444
954.534377139605
963.7356565737604
958.2656545830696
935.5607044752137
893.9582302940935
870.9994518480286
830.8184165834183
773.1993705656449
715.5041759999568
0.0
809.8394996593524
760.9267676115129
724.1724157499472
697.672731100571
682.3034217483499
679.7524463222425
683.483723765707
694.207973553203
744.2756247726958
815.53794711014
891.8514545975883
967.3654026560146
1034.9725958386407
1092.274356560586
1138.7376446191486
1170.6438743124
1188.2087991968574
1186.5208401573905
1157.1909691140506
1108.3670767182941
1064.5055296692187
1016.214677562587
947.8079246160504
874.020009741414
0.0
1416.9970243257092
1323.9562255055432
1253.315783076898
1202.8039322682403
1172.5602784662717
1164.5139180093179
1171.7861021854337
1187.6630679980158
1262.2632339459847
1378.3262682994691
1506.8142029405776
1632.636939376918
1749.0172592206811
1850.5105431864438
1935.2257706034052
1998.0990642775466
2039.320796172812
2050.895371458838
2017.6057769285824
1951.1154280386925
1881.579138744601
1798.0569051729553
1672.2214771139104
1537.1213130195852
0.0
1491.5337329163542
1420.766376097146
1367.843155605577
1329.1597075245172
1306.4039921789733
1300.9593728935495
1303.0915312629131
1314.0823009789144
1405.5239809410366
1540.992195936175
1675.1785779956626
1793.0945596642314
1881.5156817113623
1942.3075828587882
1979.7091968158832
2004.9778138105085
2011.0950782964344
1992.23562835669
1942.7137083036303
1878.7743348506503
1829.7854543089102
1765.9983781678172
1672.3864660485021
1572.9999575307793
0.0
118.67746684199798
112.39521403832325
107.6105487779343
103.90465415748771
101.39175305935198
100.46527941261256
100.60488502725515
100.18606816928366
107.21711477322886
118.85514676084605
130.5439443977402
140.9001430035489
149.56838272113083
156.19330388347487
160.5083866701042
162.78015079346713
163.1862762275063
161.01604346535385
156.3329094970372
150.52023924598288
146.95395022937603
142.23274211673603
134.45290167471046
125.97503330531033
0.0
1675.051663929185
1595.5653014525217
1536.1440739515087
1492.701343840346
1467.1535157914418
1461.023560114925
1463.4222382399487
1475.7582979248393
1578.457267682708
1730.6020085136083
1881.2872364997313
2013.722202389288
2113.0071793297434
2181.28701850148
2223.295618365105
2251.6736327971694
2258.5396907074264
2237.357710974518
2181.7439093568555
2109.9485473028376
2054.931242229734
1983.2881774876034
1878.152455816882
1766.5441093018412
0.0
2.6525067456189975
2.5002097074762104
2.373295509203936
2.2844555704133436
2.2336898907803477
2.2336898907803477
2.246381310499547
2.271764149937945
2.43675260779993
2.6778895850573954
2.9190265619907745
3.1728549589674375
3.3886090957062187
3.578980393330688
3.7312774314734742
3.8455002097024646
3.8962658893354605
3.8962658893354605
3.7947345308256692
3.6297460729636835
3.49014045421601
3.337843416073223
3.1093978596152425
2.8682608823577787
0.0
144.428357692184
134.94786706331234
127.75183207247989
122.59911562068102
119.51510057306493
118.70284974063601
119.43895202514993
121.06345376562773
128.66561426936016
140.49401756950977
153.59156279836782
166.40989687572127
178.27637442822265
188.61988155176365
197.26273845605004
203.65921412588898
207.8727654432793
209.05306753625635
205.6517669465074
198.8745487963618
191.79273657338763
183.27679384360715
170.44576835960603
156.67557786542903
0.0
2240.3782692135937
2134.0749362947945
2054.5885738181314
1996.4872537967979
1962.3092608012005
1954.1232946550642
1957.3215323711524
1973.8330695964073
2111.1796152600687
2314.6738412939876
2516.2135881114705
2693.3477345586302
2826.150751349
2917.465517244645
2973.65043324174
3011.6104699555644
3020.786365712196
2992.459117014751
2918.074705411908
2822.0387319221604
2748.4665704528015
2652.6463513081794
2512.0254189484017
2362.7489387206056
0.0
454.04823594716885
432.4982050865862
416.3927933709905
404.61515569743193
397.69833190131556
396.03575593441286
396.6830183432247
400.0335531983543
427.86583685288906
469.1129513345898
509.95394033903983
545.845275662725
572.7637771203795
591.2678672418726
602.6647622514763
610.3557627065305
612.2087099459952
606.4721882428559
591.3947814487872
571.938834878062
557.0264165108512
537.6085441600692
509.1036152078069
478.84727037729056
0.0
549.1704276721505
513.1267953606638
485.73871132770284
466.16854191349944
454.4416700501803
451.31958076317585
454.14976734078795
460.3051059278256
489.216160389747
534.1945522392924
583.9956836707166
632.7561186983461
677.8614247548061
717.1921348125636
750.0248379581029
774.39236398965
790.3708615739511
794.8509328198467
781.9564502701982
756.180176577549
729.2362922741902
696.8604802649012
648.0873538306239
595.735247048712
0.0
141.47125694006584
134.75749582315905
129.7443849687182
126.07656466652081
123.90633182874843
123.39867503998047
123.60173778508747
124.64243419212315
133.3106739097051
146.16708223941032
158.88388492314468
170.0777171779187
178.45405429413677
184.2286502928393
187.76955649615059
190.1682348264281
190.75204009397282
188.9625499201555
184.26672462081103
178.20022588030764
173.55516623996272
167.50135901413563
158.63005654172414
149.20033153944348
0.0
107.24249759948779
100.75718206583004
95.89636826508811
92.38084497661906
90.35021779886124
90.00754946611879
90.5025148341953
91.92395385981409
98.54887501135526
107.99129136951028
118.09366157769412
128.0945004084632
137.05464275981748
144.63142044701354
150.78675906645972
155.01300186611772
157.33553164848024
157.11977756262286
153.23620309894818
146.76357898922274
140.9636000691962
134.56712447497725
125.5054507300039
115.73305748032331
0.0
139.94828647869687
133.6914164980402
129.05904826434303
125.40391936879338
122.9417839004895
121.86301326054713
122.24375585212312
123.11946381933758
129.0463568576953
138.04457353702134
147.39814995897842
157.17054322162244
166.8667880119714
175.9284617569447
182.68029709379476
186.96999699150862
189.71134369017796
190.3078404399904
187.18575115298592
181.017721126892
174.34203426233702
167.22214771139105
157.52590299666204
147.67736118610298
0.0
156.3329094970372
148.92112034472743
143.37496988174138
139.31371550894124
136.92772858531146
136.35661472441453
136.58506029253957
137.73997949660122
147.32200141106338
161.52370026060353
175.58579338855284
187.94723632965616
197.2119727970505
203.58306557797397
207.50471426159194
210.15722100569852
210.79179205107414
208.82462196813137
203.63383120456498
196.93276160233444
191.79273657338763
185.1043582697763
175.29389075478048
164.87423511573306
0.0
893.0571395038608
850.6804886313942
819.0027047655364
795.8408635646421
782.2229700582665
778.948583751052
780.2304171296196
786.8045726653728
841.5553577775622
922.6789134078331
1003.0156009725183
1073.6179693432628
1126.566572950607
1162.9655654152332
1185.3659207588776
1200.4940934388055
1204.1492221074955
1192.8538584591024
1163.206702087526
1124.9293801750998
1095.5995083755604
1057.39833505426
1001.353024897587
941.842957344786
0.0
494.8638422139435
464.9755484894946
442.51173535641163
426.3174836538446
416.938524418592
415.36478829822346
417.6619353429105
424.19801655069165
454.79702971719126
498.341291167959
544.9822590924357
591.1282616283104
632.4388331756584
667.4544605224063
695.8451667068102
715.3391875730989
726.0761286916227
725.0481236944756
707.1278389161472
677.2903109263177
650.4860321609013
620.9784810247875
579.1729441212464
534.0803294714341
0.0
546.5433037737479
519.4090481546161
497.3513604987838
481.0301945460907
466.8284958045791
462.5641787525693
462.5895615658648
470.7755273339011
506.3115028501381
552.3178997724505
599.8599584871595
644.9779559502672
686.2885274976151
721.0122522105908
742.5876659168774
758.3377179330536
765.6606672064206
761.307510199848
743.2730026212528
710.2118539507999
691.9742836497835
660.0553627767443
614.2774113901485
568.4360030027225
0.0
371.3890186325297
348.9505883883623
332.09638282712416
319.93800260844176
312.89426456219945
311.72665395149005
313.4399956530123
318.3515751138341
341.31035363551894
373.99075968522817
408.9936955497085
443.6285803081215
474.62102754522397
500.90495803312285
522.2138519189326
536.8470589833989
544.9061106201406
544.1192425221464
530.6790289573049
508.27867296548936
488.17546391033216
466.0289362999371
434.6557465177109
400.8077297816722
0.0
988.5600737415575
941.6525860290128
906.5861930232651
880.9495249441782
865.8721182257295
862.2550635825318
863.6638111680138
870.9486861134089
931.5629072112723
1021.3547025915337
1110.2834816283657
1188.4372450674623
1247.033530088495
1287.3287878941032
1312.1278224106477
1328.8678052796479
1332.9163679973346
1320.4280110005566
1287.5953076497633
1245.218656885325
1212.75400528877
1170.4788855074423
1108.4305337839417
1042.5620653105843
0.0
740.6839529427936
695.946698068021
662.3271269001074
638.0865149998549
624.0371132461447
621.7018919815146
625.1285753845591
634.9136600538509
680.7169942537422
745.9001265196554
815.7029356126178
884.7569508923464
946.58954837875
998.9924208196612
1041.495986093494
1070.673559889764
1086.7408976878962
1085.192544337612
1058.375574089928
1013.7144678386902
973.6095811976148
929.4307487014714
866.8747404095811
799.3817696599247
0.0
519.4217395612637
488.04854970341756
464.4678916942449
447.4740805194444
437.61284730223764
435.9756541486303
438.37433247890783
445.2530820226724
477.3623742438933
523.0768684568134
572.0276747570048
620.4581328228902
663.8120230335045
700.5663748950703
730.3658286649567
750.8370887937726
762.1070695964614
761.0156075660757
742.2069232961338
710.8844991729072
682.7603128089802
651.7805570541453
607.9063186416336
560.5800140884018
0.0
180.77658415211914
171.20725353627623
163.922378590881
158.2746967666845
154.4545793686571
153.04583178317492
153.23620309894818
152.61432353584024
163.31319043442085
181.0431039401875
198.84916595065778
214.6246008125379
227.83636888487416
237.92604759458607
244.50020313033912
247.9649607533269
248.57414883416712
245.26168830700934
238.1291103494156
229.28319069029965
223.85126305998898
216.65522796112805
204.81413329754204
191.89426793459813
0.0
1687.9715296162149
1586.0213540388768
1509.403252165317
1454.1701930711736
1422.1370493114448
1416.8066529019077
1424.6118760924116
1446.9360842601036
1551.29762882897
1699.838006823025
1858.91226335362
2016.2985603154086
2157.1987032973516
2276.6503467907255
2373.4858806277375
2439.988920384133
2476.616357995573
2473.0881434905864
2411.9662652301768
2310.1937698860497
2218.7774724131373
2118.121821826269
1975.5337200317188
1821.7264033095366
0.0
547.2286404025032
521.2619954697007
501.8441230432986
487.6551157084348
479.3041614379207
477.3116085092738
478.08578520062036
482.121656684505
515.6777707111514
565.3773707813652
614.6073883518927
657.8724384999156
690.3117076504722
712.6105322810772
726.3426485120995
735.607385055114
737.8537662895613
730.9369424934449
712.7628293012873
689.309085499029
671.3380349860811
647.9350568104139
613.5793832791255
577.1169341269521
0.0
1281.2369063295016
1220.4323141859363
1174.9843398367047
1141.7582026961825
1122.2134158684144
1117.5302819000979
1119.3578465963383
1128.8002631565066
1207.3474605473746
1323.7277802939122
1438.9785640817977
1540.2814766237586
1616.2269329727308
1668.452125774588
1700.5741090567656
1722.2891283009944
1727.5306851880832
1711.3364331290218
1668.7947941861912
1613.8790202582416
1571.7942724948723
1517.0054126334
1436.5798848764894
1351.2173951803495
0.0
107.44556034459481
100.94755335999758
96.07404814936704
92.55852485333601
90.52789767557819
90.18522934283571
90.68019471847424
92.10163373653106
98.7392463130848
108.19435411461725
118.32210714906003
128.3483288222923
137.3084711736466
144.91063167413816
151.07866166782355
155.30490449989009
157.6401257645203
157.4116801963952
153.52810573272052
147.04279018393882
141.2301199328845
134.82095285639778
125.74658773718525
115.96150304844838
0.0
877.6243729347527
820.0053269169794
776.2580027113821
744.9736528405075
726.2411171941005
721.2533891853639
725.7588432445548
735.5946935728462
781.804153249988
853.6883551505404
933.2635575061468
1011.1888753014983
1083.27614018374
1146.1367421379507
1198.6030716445096
1237.5403480529756
1263.0754848356687
1270.2461370456144
1249.6225796373196
1208.4516136819284
1165.3769352601869
1113.646707360803
1035.7086982020155
952.0341674481169
0.0
1007.6860434261586
946.8306853535227
901.0908082516872
868.1184994601771
848.9925298511959
845.8196748295719
850.4647345023252
863.8034167491676
926.1055967352577
1014.7805471638092
1109.7504419874117
1203.705022680373
1287.8237536175936
1359.1241499481214
1416.9335672924706
1456.6450198521404
1478.4996447855517
1476.3928693375124
1439.9050374152544
1379.1512108118577
1324.5781052955113
1264.4842322699112
1179.3628793108815
1087.5404570845099
0.0
145.96401948458077
138.71721883474876
132.82839996015946
128.46255159015055
124.66781700541866
123.53828065030194
123.53828065030194
125.7338963305375
135.21438695940915
147.4996813201889
160.20379255406414
172.24795001569103
183.2894852826635
192.5542217500578
198.3161263421126
202.52967769191142
204.4841563682065
203.31654575749712
198.50649761467446
189.67326943782618
184.7997642293562
176.28382153198436
164.04929276538704
151.81476403119828
0.0
108.54971380755521
103.39699736871978
99.53880576263228
96.72131055601845
95.07142598171974
94.67799196189031
94.83028900046521
95.62984845001266
102.28015244725792
112.14138564393924
121.91377890982412
130.49317873874068
136.92772858531146
141.34434273315128
144.07299791714436
145.9132538255812
146.35745355518358
144.9867802220532
141.38241695309452
136.72466590610188
133.15837688949503
128.5133172491501
121.71071623709625
114.47660691829202
0.0
984.9176362526557
932.781283556601
893.1079051628603
862.3439034614745
841.4792093052671
833.8009002568605
834.8923623952746
831.5037532877934
889.8081360099419
986.3644580580813
1083.377671199259
1169.3239660765205
1241.297008558201
1296.2635471404851
1332.1041171076506
1350.988949968719
1354.301410452665
1336.2669030253098
1297.4057751431533
1249.1656884578586
1219.6073716411393
1180.403576168396
1115.8803975667029
1045.4937832061955
0.0
292.79105558266224
277.2948319479067
265.5045029433203
256.35398927619275
250.14788492212705
247.8634293921164
248.19340624583197
247.19078409438893
264.51457219852495
293.22256382999683
322.0574697440032
347.6179892751751
369.0030317089
385.3495803992685
395.9976817144695
401.6199806929619
402.59721995548955
397.24144084068536
385.6922487352518
371.3509443801779
362.5557903800615
350.9050669890374
331.72833164543675
310.800180347962
0.0
1974.4422577636703
1855.1809853700126
1765.5668702337653
1700.954852336483
1663.4897805899495
1657.2582933361655
1666.3834244384632
1692.5023664346875
1814.581134020915
1988.326671652271
2174.395577345813
2358.4973136045833
2523.308091233358
2663.0279321007183
2776.2988545070416
2854.097257847013
2896.9307997909127
2892.8060884172833
2821.302629364334
2702.2698021823066
2595.3318989311206
2477.5935970636488
2310.8156489198177
2130.902081824116
0.0
256.82357174347067
241.31465670206737
229.65124187198697
221.24952197488193
216.37601673400343
215.56376589833363
216.75675932233855
220.14536842981985
236.03502605955825
258.62575339955566
282.82829100424493
306.77700027072495
328.21280833104083
346.3869215231985
361.1216599812837
371.2367216123196
376.8209462628403
376.2752152476474
366.97240452790123
351.4888723322021
337.5790761920543
322.27322382986057
300.57089594906785
277.1806091800484
0.0
1279.8789250619927
1219.150480656129
1173.7405802567691
1140.5525177899099
1121.0204225200296
1116.3499801096007
1118.177544805841
1127.6072698081216
1206.0656269851586
1322.31903285967
1437.4555931234977
1538.6442839778854
1614.5135916709141
1666.688018306038
1698.784619099005
1720.4615645554052
1725.7031203622084
1709.521559925852
1667.0306867176412
1612.1656789564247
1570.1316966035897
1515.3936021526513
1435.0696062970935
1349.7832652568977
0.0
1234.3928758770555
1159.8307840410012
1103.8108576374716
1063.4140680601442
1039.998398250969
1036.102132153787
1041.8005798314343
1058.134437417635
1134.4479446026032
1243.0738068932565
1359.403361326486
1474.5018478024842
1577.5434856478712
1664.8858367255725
1735.7039597115142
1784.3374802189467
1811.1163765491672
1808.5400178668476
1763.8408373092439
1689.4183511623717
1622.5726429943732
1548.962407737185
1444.689702366682
1332.205648684918
0.0
565.3519879356612
535.425619991269
512.6572127853574
494.9907563884495
483.02274747473757
478.6061334025177
479.24070437227334
477.2862256959783
510.7534998436819
566.1769302535987
621.8668804839922
671.1984293725187
712.5216923265145
744.0598706112186
764.6453536159212
775.4838261280642
777.3748476630922
767.0313405395511
744.7198244266783
717.0398377923535
700.0587180242007
677.5568307143859
640.5232676581041
600.1264783076366
0.0
41.653239898455276
39.80029260497641
38.416927838191135
37.325465735426214
36.58936338285433
36.27207788825392
36.386300667995314
36.64012906237929
38.416927838191135
41.09481742260036
43.87423836605952
46.78057350671067
49.67421723423235
52.364798239333034
54.370042571386804
55.651875971560145
56.46412684179904
56.64180671851601
55.71533306853573
53.887768613198894
51.89521570183659
49.77574859328228
46.8947962907732
43.963078304418
0.0
144.27606067197394
137.9303507367545
133.4122052709156
129.70631074877497
127.63760927221307
127.38378089079252
127.71375782012808
129.1859624712576
137.5749909617149
148.43884636277323
159.5438387386044
170.1031000236227
179.7358876727044
188.35336173128675
194.5975403052957
199.05222870548732
201.95856383101446
201.8951066897472
197.68155537235697
190.39668039455321
183.12449674777721
175.29389075478048
164.31581258586385
153.61694571969184
0.0
11.650723407336384
11.14306661100643
10.775015438825577
10.483112784959914
10.318124328610327
10.29274148917193
10.318124328610327
10.432347106083116
11.117683771243948
11.993391740078842
12.894482549648476
13.74480767872089
14.518984286885422
15.217012380623787
15.724669176953743
16.080028930387655
16.32116590408018
16.308474486629578
15.965806153887122
15.382000836649288
14.79819553021431
14.163624536692364
13.27522514878644
12.412208599022577
0.0
16.75267418274311
16.01657183017123
15.496223616390678
15.064715345289743
14.823578368356364
14.79819553021431
14.836269789047819
15.00125824507332
15.978497571337721
17.234948133369013
18.52947295855496
19.760540682444194
20.87738562335118
21.88000779856049
22.603418722878917
23.12376693990032
23.453743851951327
23.453743851951327
22.95877848387483
22.10845335156156
21.270819643180598
20.357037417132627
19.08789542684788
17.844136285508046
0.0
4.721208178537359
4.492762620999094
4.302391323698711
4.162785706031324
4.035871507002849
3.9977972478452513
3.9977972478452513
4.073945767240731
4.378539842770104
4.771973857414155
5.190790712252804
5.584224727328971
5.939584482815425
6.231487138625599
6.421858436250068
6.561464054673658
6.624921153269651
6.586846894112054
6.4345498559692675
6.142647199835008
5.990350161692222
5.711138925601245
5.317704910957193
4.911579475837744
