200.37 194.56 196.88 218.05 193.93 167.19 183.68 277.87 264.97 200.95 133.17 111.20 117.93 126.20 114.47 109.75 101.68 105.37 107.92 122.00 145.83 147.93 164.96 146.95
276.68 283.30 284.70 288.65 276.25 254.13 206.25 223.39 261.00 235.89 210.90 189.44 189.09 191.17 188.22 191.83 188.38 183.69 191.79 192.53 197.12 204.31 199.90 197.92
793.90 806.35 806.02 809.01 808.63 795.71 768.28 761.31 787.94 769.98 750.98 737.25 746.03 742.28 739.83 727.41 727.73 728.42 721.51 723.55 720.39 746.15 748.86 754.12
455.12 470.01 464.81 462.86 431.97 357.15 324.95 346.92 356.22 373.94 340.17 354.87 329.02 318.81 326.35 319.88 324.54 350.27 406.20 429.59 435.43 423.72 421.23 409.82
240.83 258.72 266.20 301.72 273.09 265.39 192.62 205.17 216.79 237.70 199.63 140.14 172.17 154.29 163.03 171.18 176.65 158.23 130.90 124.11 132.87 136.31 132.53 147.53
1521.32 1623.76 1742.00 1703.15 1722.42 1496.56 1315.71 1328.36 1306.48 989.59 862.00 797.39 762.60 766.09 710.71 690.11 746.06 864.93 892.16 882.26 869.16 901.79 880.62 839.16
106.91 114.11 122.41 119.68 121.04 105.17 92.46 93.35 91.81 69.54 60.58 56.03 53.59 53.84 49.94 48.50 52.43 60.78 62.69 62.00 61.08 63.37 61.88 58.97
742.17 789.28 833.06 884.48 929.87 982.97 733.71 797.03 1278.63 712.61 543.83 457.15 414.45 394.62 387.13 372.79 373.41 375.98 381.97 402.03 386.57 407.53 381.27 378.23
427.27 414.88 419.81 464.97 413.54 356.51 391.66 592.51 565.00 428.50 283.96 237.13 251.46 269.11 244.09 234.03 216.82 224.69 230.13 260.14 310.97 315.43 351.74 313.36
2700.51 2882.36 3092.25 3023.29 3057.49 2656.57 2335.55 2357.99 2319.16 1756.64 1530.16 1415.46 1353.70 1359.90 1261.59 1225.03 1324.35 1535.36 1583.68 1566.12 1542.86 1600.79 1563.20 1489.61
113.83 121.50 130.34 127.44 128.88 111.98 98.45 99.39 97.76 74.05 64.50 59.66 57.06 57.32 53.18 51.64 55.82 64.72 66.76 66.02 65.03 67.48 65.89 62.79
1924.56 1954.74 1953.96 1961.19 1960.27 1928.95 1862.47 1845.56 1910.12 1866.58 1820.53 1787.23 1808.53 1799.44 1793.50 1763.37 1764.17 1765.82 1749.07 1754.01 1746.37 1808.82 1815.38 1828.13
1999.01 2133.62 2288.99 2237.94 2263.26 1966.48 1728.85 1745.47 1716.72 1300.32 1132.68 1047.77 1002.06 1006.65 933.87 906.81 980.33 1136.53 1172.30 1159.30 1142.08 1184.96 1157.13 1102.66
409.76 416.19 416.02 417.56 417.36 410.69 396.54 392.94 406.69 397.42 387.61 380.52 385.06 383.12 381.86 375.44 375.61 375.96 372.40 373.45 371.82 385.12 386.52 389.23
189.77 201.82 213.01 226.16 237.76 251.34 187.61 203.80 326.94 182.21 139.06 116.89 105.97 100.90 98.99 95.32 95.48 96.14 97.67 102.80 98.85 104.21 97.49 96.71
25.45 26.06 26.19 26.55 25.41 23.38 18.97 20.55 24.01 21.70 19.40 17.43 17.39 17.59 17.32 17.65 17.33 16.90 17.64 17.71 18.13 18.79 18.39 18.21
780.03 829.54 875.55 929.59 977.29 1033.10 771.13 837.68 1343.84 748.95 571.56 480.47 435.58 414.75 406.87 391.81 392.46 395.15 401.45 422.53 406.29 428.32 400.72 397.53
833.96 895.91 921.81 1044.81 945.68 919.02 667.03 710.49 750.71 823.14 691.31 485.28 596.19 534.30 564.57 592.78 611.71 547.93 453.29 429.79 460.13 472.02 458.95 510.90
560.51 602.15 619.56 702.23 635.60 617.68 448.32 477.53 504.56 553.24 464.64 326.16 400.71 359.11 379.45 398.41 411.14 368.27 304.66 288.86 309.26 317.25 308.47 343.38
1223.92 1306.34 1401.46 1370.21 1385.71 1204.00 1058.51 1068.68 1051.08 796.14 693.50 641.51 613.52 616.33 571.77 555.21 600.22 695.85 717.75 709.79 699.25 725.51 708.47 675.12
607.94 629.80 702.59 731.27 780.59 685.17 634.65 740.51 768.32 576.72 493.95 426.83 416.91 413.43 397.27 391.98 378.10 387.34 409.22 417.00 412.86 439.30 444.78 434.54
403.88 418.41 466.77 485.82 518.58 455.19 421.63 491.96 510.43 383.14 328.15 283.56 276.97 274.66 263.92 260.41 251.19 257.33 271.86 277.03 274.28 291.85 295.49 288.69
629.04 668.97 706.07 749.65 788.12 833.13 621.86 675.53 1083.72 603.98 460.93 387.46 351.27 334.47 328.11 315.96 316.49 318.66 323.74 340.74 327.65 345.41 323.15 320.58
658.66 700.47 739.32 784.95 825.23 872.36 651.15 707.34 1134.75 632.42 482.63 405.71 367.81 350.22 343.57 330.84 331.40 333.67 338.99 356.79 343.07 361.67 338.37 335.67
1527.95 1641.45 1688.90 1914.26 1732.63 1683.78 1222.10 1301.74 1375.42 1508.12 1266.59 889.11 1092.32 978.92 1034.38 1086.07 1120.75 1003.89 830.51 787.44 843.02 864.81 840.88 936.04
1608.46 1633.69 1633.03 1639.08 1638.31 1612.13 1556.57 1542.44 1596.39 1560.01 1521.52 1493.69 1511.49 1503.90 1498.93 1473.75 1474.42 1475.80 1461.80 1465.93 1459.54 1511.73 1517.22 1527.87
2607.74 2783.34 2986.02 2919.43 2952.45 2565.30 2255.31 2276.99 2239.49 1696.29 1477.59 1366.83 1307.20 1313.18 1218.25 1182.95 1278.85 1482.61 1529.28 1512.32 1489.86 1545.80 1509.50 1438.44
246.24 255.09 284.57 296.19 316.17 277.52 257.06 299.93 311.19 233.59 200.07 172.88 168.86 167.45 160.91 158.76 153.15 156.89 165.75 168.90 167.22 177.93 180.15 176.00
4616.05 4909.06 5181.32 5501.14 5783.42 6113.70 4563.41 4957.24 7952.60 4432.14 3382.41 2843.31 2577.71 2454.40 2407.79 2318.63 2322.50 2338.43 2375.73 2500.47 2404.35 2534.71 2371.38 2352.48
795.11 823.71 918.91 956.42 1020.92 896.12 830.05 968.51 1004.87 754.28 646.03 558.24 545.27 540.72 519.58 512.66 494.52 506.60 535.21 545.39 539.97 574.55 581.72 568.33
259.01 278.25 286.29 324.50 293.71 285.43 207.17 220.67 233.16 255.65 214.71 150.72 185.16 165.94 175.34 184.11 189.98 170.18 140.78 133.48 142.91 146.60 142.54 158.67
2064.40 2217.76 2281.86 2586.35 2340.95 2274.95 1651.18 1758.78 1858.33 2037.62 1711.29 1201.27 1475.82 1322.61 1397.55 1467.38 1514.24 1356.35 1122.10 1063.90 1139.00 1168.44 1136.11 1264.68
1178.41 1253.21 1322.71 1404.36 1476.42 1560.73 1164.97 1265.51 2030.17 1131.46 863.48 725.85 658.05 626.57 614.67 591.91 592.90 596.97 606.49 638.33 613.79 647.07 605.38 600.55
960.14 994.68 1109.63 1154.93 1232.82 1082.11 1002.33 1169.52 1213.43 910.84 780.11 674.10 658.44 652.95 627.42 619.06 597.16 611.74 646.29 658.59 652.05 693.80 702.45 686.29
248.73 254.68 255.94 259.48 248.34 228.46 185.41 200.82 234.63 212.05 189.60 170.31 169.98 171.86 169.21 172.45 169.35 165.13 172.42 173.08 177.20 183.67 179.71 177.92
90.06 95.78 101.09 107.33 112.84 119.29 89.04 96.72 155.16 86.48 65.99 55.48 50.29 47.89 46.98 45.24 45.31 45.63 46.35 48.79 46.91 49.45 46.27 45.90
647.30 690.89 741.20 724.67 732.87 636.77 559.82 565.20 555.89 421.06 366.77 339.28 324.48 325.96 302.40 293.64 317.44 368.02 379.60 375.39 369.82 383.70 374.69 357.05
366.80 394.05 405.44 459.54 415.94 404.21 293.38 312.50 330.19 362.04 304.06 213.44 262.22 235.00 248.32 260.72 269.05 241.00 199.37 189.03 202.38 207.61 201.86 224.71
328.27 339.01 335.25 333.85 311.57 257.61 234.38 250.22 256.93 269.71 245.35 255.96 237.31 229.95 235.39 230.72 234.09 252.64 292.98 309.86 314.07 305.62 303.83 295.59
239.16 255.26 273.85 267.74 270.77 235.27 206.84 208.83 205.39 155.57 135.51 125.35 119.88 120.43 111.73 108.49 117.29 135.97 140.25 138.70 136.64 141.77 138.44 131.92
190.44 197.29 220.10 229.08 244.53 214.64 198.81 231.98 240.68 180.66 154.74 133.71 130.60 129.51 124.45 122.79 118.45 121.34 128.19 130.63 129.33 137.62 139.33 136.13
665.44 710.25 761.97 744.98 753.40 654.61 575.51 581.04 571.47 432.86 377.05 348.79 333.57 335.10 310.87 301.86 326.34 378.33 390.24 385.91 380.18 394.46 385.19 367.06
197.10 209.61 221.24 234.89 246.95 261.05 194.85 211.67 339.57 189.25 144.43 121.41 110.07 104.80 102.81 99.00 99.17 99.85 101.44 106.77 102.66 108.23 101.26 100.45
19.08 18.53 18.75 20.77 18.47 15.92 17.49 26.46 25.23 19.14 12.68 10.59 11.23 12.02 10.90 10.45 9.68 10.03 10.28 11.62 13.89 14.09 15.71 14.00
686.21 729.77 770.24 817.78 859.74 908.84 678.38 736.93 1182.21 658.87 502.82 422.68 383.19 364.86 357.93 344.68 345.26 347.62 353.17 371.71 357.42 376.80 352.52 349.71
600.38 644.98 663.62 752.18 680.81 661.61 480.21 511.50 540.45 592.59 497.69 349.36 429.21 384.65 406.44 426.75 440.38 394.46 326.33 309.41 331.25 339.81 330.41 367.80
3175.35 3376.91 3564.20 3784.20 3978.38 4205.57 3139.14 3410.05 5470.54 3048.84 2326.74 1955.90 1773.19 1688.36 1656.31 1594.97 1597.64 1608.59 1634.25 1720.06 1653.94 1743.61 1631.26 1618.26
102.59 106.28 118.56 123.40 131.72 115.62 107.09 124.96 129.65 97.32 83.35 72.02 70.35 69.76 67.04 66.14 63.80 65.36 69.05 70.37 69.67 74.13 75.05 73.33
1121.78 1205.11 1239.94 1405.40 1272.05 1236.19 897.24 955.70 1009.80 1107.22 929.90 652.76 801.95 718.70 759.41 797.36 822.82 737.03 609.74 578.12 618.92 634.92 617.35 687.22
3618.50 3675.26 3673.78 3687.37 3685.65 3626.76 3501.76 3469.97 3591.35 3509.50 3422.91 3360.30 3400.35 3383.26 3372.10 3315.45 3316.94 3320.05 3288.56 3297.85 3283.48 3400.90 3413.23 3437.21
1435.90 1542.57 1587.16 1798.95 1628.26 1582.35 1148.48 1223.32 1292.57 1417.27 1190.29 835.55 1026.52 919.95 972.07 1020.64 1053.23 943.41 780.48 740.00 792.24 812.71 790.22 879.66
1095.34 1164.87 1229.47 1305.36 1372.35 1450.72 1082.85 1176.30 1887.07 1051.70 802.61 674.69 611.66 582.40 571.34 550.19 551.11 554.89 563.74 593.34 570.53 601.46 562.70 558.22
2144.83 2178.47 2177.60 2185.65 2184.63 2149.73 2075.64 2056.79 2128.74 2080.22 2028.90 1991.78 2015.52 2005.40 1998.78 1965.20 1966.08 1967.93 1949.26 1954.77 1946.25 2015.85 2023.16 2037.37
182.90 177.59 179.71 199.04 177.02 152.61 167.66 253.63 241.86 183.43 121.55 101.51 107.64 115.19 104.48 100.18 92.81 96.18 98.51 111.36 133.11 135.02 150.57 134.14
869.23 927.76 995.32 973.12 984.13 855.08 751.76 758.98 746.48 565.42 492.52 455.60 435.72 437.72 406.07 394.31 426.28 494.19 509.75 504.10 496.61 515.26 503.15 479.47
501.36 533.19 562.76 597.49 628.15 664.03 495.64 538.42 863.75 481.39 367.37 308.82 279.97 266.58 261.52 251.83 252.25 253.98 258.03 271.58 261.14 275.30 257.56 255.51
889.93 919.05 908.87 905.06 844.66 698.37 635.41 678.36 696.54 731.19 665.15 693.91 643.35 623.40 638.14 625.49 634.60 684.90 794.28 840.02 851.43 828.53 823.67 801.35
1375.01 1407.88 1414.86 1434.46 1372.83 1262.93 1024.98 1110.14 1297.08 1172.26 1048.11 941.47 939.69 950.06 935.40 953.30 936.18 912.86 953.14 956.80 979.60 1015.33 993.44 983.57
6913.16 7021.59 7018.76 7044.74 7041.44 6928.93 6690.13 6629.39 6861.29 6704.90 6539.49 6419.85 6496.37 6463.73 6442.40 6334.18 6337.03 6342.96 6282.81 6300.56 6273.10 6497.42 6520.99 6566.79
720.84 769.38 825.41 807.00 816.13 709.11 623.42 629.41 619.05 468.90 408.44 377.83 361.34 363.00 336.75 326.99 353.51 409.83 422.73 418.04 411.83 427.30 417.26 397.62
2251.01 2393.89 2526.66 2682.62 2820.27 2981.33 2225.34 2417.38 3878.07 2161.33 1649.42 1386.53 1257.01 1196.88 1174.15 1130.68 1132.56 1140.33 1158.52 1219.35 1172.47 1236.04 1156.40 1147.18
739.67 763.87 755.41 752.25 702.04 580.45 528.12 563.82 578.93 607.73 552.85 576.75 534.73 518.14 530.40 519.88 527.46 569.26 660.17 698.19 707.67 688.64 684.60 666.05
1218.68 1300.74 1395.46 1364.34 1379.77 1198.85 1053.98 1064.11 1046.58 792.73 690.52 638.76 610.89 613.69 569.32 552.83 597.65 692.87 714.68 706.75 696.26 722.40 705.43 672.23
2084.13 2216.42 2339.34 2483.74 2611.19 2760.31 2060.36 2238.17 3590.56 2001.09 1527.14 1283.74 1163.82 1108.15 1087.11 1046.85 1048.60 1055.79 1072.63 1128.95 1085.55 1144.41 1070.67 1062.13
526.52 565.63 581.98 659.64 597.05 580.22 421.13 448.57 473.96 519.69 436.46 306.38 376.41 337.33 356.44 374.25 386.20 345.93 286.19 271.35 290.50 298.01 289.76 322.55
54.71 56.68 63.23 65.81 70.25 61.67 57.12 66.65 69.15 51.91 44.46 38.41 37.52 37.21 35.75 35.28 34.03 34.86 36.83 37.53 37.16 39.54 40.03 39.11
1590.29 1642.33 1624.14 1617.33 1509.40 1247.98 1135.47 1212.22 1244.71 1306.62 1188.62 1240.02 1149.66 1114.01 1140.35 1117.75 1134.03 1223.92 1419.36 1501.10 1521.50 1480.58 1471.89 1432.00
2235.59 2308.75 2283.18 2273.60 2121.87 1754.37 1596.21 1704.10 1749.78 1836.81 1670.93 1743.18 1616.16 1566.04 1603.08 1571.30 1594.19 1720.55 1995.30 2110.21 2138.88 2081.36 2069.15 2013.07
1501.56 1550.70 1533.52 1527.09 1425.18 1178.35 1072.12 1144.58 1175.26 1233.72 1122.30 1170.83 1085.52 1051.85 1076.73 1055.39 1070.76 1155.63 1340.17 1417.35 1436.61 1397.97 1389.77 1352.10
1270.74 1316.45 1468.59 1528.54 1631.63 1432.17 1326.59 1547.86 1605.98 1205.49 1032.48 892.17 871.44 864.18 830.39 819.33 790.34 809.64 855.37 871.64 862.98 918.25 929.69 908.30
1095.47 1176.85 1210.86 1372.44 1242.22 1207.20 876.19 933.29 986.12 1081.26 908.09 637.45 783.14 701.84 741.60 778.66 803.53 719.74 595.44 564.56 604.41 620.03 602.87 671.10
1569.13 1685.69 1734.41 1965.85 1779.33 1729.16 1255.04 1336.82 1412.49 1548.77 1300.73 913.07 1121.76 1005.30 1062.26 1115.34 1150.95 1030.94 852.89 808.66 865.74 888.12 863.54 961.27
2122.08 2279.72 2345.61 2658.61 2406.36 2338.51 1697.31 1807.91 1910.25 2094.54 1759.10 1234.83 1517.06 1359.56 1436.59 1508.38 1556.54 1394.25 1153.45 1093.63 1170.83 1201.08 1167.85 1300.02
176.79 183.15 204.32 212.66 227.00 199.25 184.56 215.35 223.43 167.72 143.65 124.13 121.24 120.23 115.53 113.99 109.96 112.64 119.00 121.27 120.06 127.75 129.35 126.37
45.91 47.00 47.24 47.89 45.83 42.16 34.22 37.06 43.30 39.14 34.99 31.43 31.37 31.72 31.23 31.83 31.25 30.48 31.82 31.94 32.70 33.90 33.17 32.84
1014.23 1082.53 1161.36 1135.46 1148.30 997.73 877.16 885.59 871.01 659.74 574.68 531.60 508.41 510.74 473.82 460.09 497.39 576.64 594.78 588.19 579.45 601.21 587.09 559.45
220.32 228.24 254.62 265.02 282.89 248.31 230.00 268.37 278.44 209.01 179.01 154.68 151.09 149.83 143.97 142.05 137.03 140.37 148.30 151.12 149.62 159.20 161.19 157.48
329.86 352.07 377.71 369.29 373.46 324.49 285.28 288.02 283.28 214.57 186.90 172.89 165.35 166.11 154.10 149.63 161.77 187.54 193.44 191.30 188.46 195.53 190.94 181.95
515.24 547.95 578.34 614.03 645.54 682.41 509.37 553.32 887.66 494.71 377.54 317.37 287.72 273.96 268.76 258.80 259.24 261.01 265.18 279.10 268.37 282.92 264.69 262.58
487.28 523.48 538.61 610.48 552.56 536.98 389.74 415.14 438.64 480.96 403.93 283.55 348.35 312.19 329.87 346.36 357.42 320.15 264.86 251.12 268.85 275.80 268.16 298.51
1047.17 1016.80 1028.89 1139.57 1013.52 873.75 959.91 1452.16 1384.74 1050.19 695.95 581.16 616.30 659.54 598.22 573.58 531.39 550.68 564.02 637.56 762.14 773.08 862.07 768.00
1398.54 1492.71 1601.41 1565.70 1583.41 1375.78 1209.53 1221.15 1201.04 909.73 792.44 733.04 701.05 704.26 653.35 634.42 685.85 795.13 820.16 811.06 799.01 829.02 809.55 771.44
4076.65 4335.43 4575.87 4858.32 5107.61 5399.30 4030.17 4377.97 7023.32 3914.24 2987.17 2511.06 2276.50 2167.60 2126.44 2047.70 2051.11 2065.18 2098.12 2208.28 2123.39 2238.52 2094.28 2077.59
2052.62 2119.79 2096.31 2087.52 1948.21 1610.79 1465.57 1564.63 1606.57 1686.48 1534.18 1600.51 1483.89 1437.87 1471.87 1442.70 1463.72 1579.73 1832.00 1937.50 1963.83 1911.01 1899.80 1848.31
619.07 665.05 684.27 775.58 702.00 682.20 495.15 527.41 557.27 611.03 513.17 360.23 442.56 396.62 419.09 440.03 454.08 406.74 336.49 319.04 341.56 350.39 340.69 379.25
2305.17 2380.61 2354.24 2344.37 2187.92 1808.98 1645.90 1757.14 1804.25 1893.99 1722.94 1797.44 1666.47 1614.78 1652.97 1620.21 1643.81 1774.10 2057.41 2175.89 2205.45 2146.14 2133.55 2075.73
4.59 4.90 5.25 5.14 5.19 4.51 3.97 4.01 3.94 2.98 2.60 2.40 2.30 2.31 2.14 2.08 2.25 2.61 2.69 2.66 2.62 2.72 2.66 2.53
415.53 441.91 466.42 495.21 520.62 550.35 410.79 446.25 715.89 398.98 304.48 255.95 232.04 220.94 216.75 208.72 209.07 210.50 213.86 225.09 216.44 228.17 213.47 211.77
3083.16 3184.06 3148.79 3135.59 2926.33 2419.51 2201.38 2350.17 2413.17 2533.20 2304.43 2404.07 2228.90 2159.77 2210.85 2167.03 2198.60 2372.86 2751.78 2910.25 2949.79 2870.46 2853.62 2776.28
624.85 645.30 638.15 635.48 593.07 490.35 446.15 476.30 489.07 513.39 467.03 487.22 451.72 437.71 448.06 439.18 445.58 480.90 557.69 589.81 597.82 581.75 578.33 562.66
1579.97 1680.26 1773.45 1882.92 1979.53 2092.58 1561.95 1696.75 2721.99 1517.02 1157.72 973.20 882.29 840.09 824.13 793.62 794.94 800.39 813.16 855.85 822.95 867.57 811.67 805.20
194.69 201.06 198.83 198.00 184.79 152.78 139.01 148.40 152.38 159.96 145.52 151.81 140.75 136.38 139.61 136.84 138.83 149.84 173.76 183.77 186.27 181.26 180.19 175.31
185.19 197.66 212.06 207.33 209.67 182.18 160.16 161.70 159.04 120.46 104.93 97.07 92.83 93.26 86.52 84.01 90.82 105.29 108.60 107.40 105.80 109.78 107.20 102.15
461.67 478.28 533.55 555.33 592.78 520.32 481.96 562.35 583.47 437.97 375.11 324.14 316.60 313.96 301.69 297.67 287.14 294.15 310.76 316.68 313.53 333.61 337.77 329.99
215.15 222.19 219.73 218.81 204.20 168.84 153.62 164.00 168.40 176.77 160.81 167.76 155.54 150.71 154.28 151.22 153.42 165.58 192.02 203.08 205.84 200.31 199.13 193.73
1229.01 1269.23 1255.18 1249.91 1166.50 964.47 877.52 936.83 961.94 1009.79 918.60 958.31 888.48 860.93 881.29 863.82 876.41 945.87 1096.92 1160.09 1175.85 1144.23 1137.51 1106.68
854.60 912.15 978.57 956.74 967.57 840.69 739.10 746.21 733.92 555.90 484.23 447.93 428.39 430.35 399.24 387.67 419.10 485.88 501.17 495.61 488.25 506.58 494.69 471.40
831.94 807.81 817.42 905.35 805.21 694.16 762.62 1153.69 1100.12 834.34 552.91 461.71 489.63 523.98 475.26 455.69 422.17 437.49 448.10 506.52 605.49 614.18 684.89 610.15
641.35 684.54 734.39 718.01 726.13 630.92 554.68 560.01 550.78 417.19 363.40 336.16 321.49 322.97 299.62 290.94 314.52 364.64 376.11 371.94 366.42 380.18 371.25 353.77
1360.44 1404.96 1389.40 1383.58 1291.24 1067.60 971.36 1037.01 1064.81 1117.77 1016.83 1060.80 983.50 953.00 975.54 956.20 970.13 1047.02 1214.22 1284.15 1301.59 1266.59 1259.16 1225.03
1279.11 1365.24 1464.66 1431.99 1448.19 1258.29 1106.24 1116.87 1098.48 832.04 724.77 670.44 641.19 644.12 597.56 580.24 627.28 727.23 750.12 741.80 730.78 758.22 740.41 705.56
897.00 957.40 1027.12 1004.21 1015.57 882.40 775.77 783.23 770.33 583.48 508.26 470.16 449.64 451.70 419.05 406.91 439.90 509.98 526.04 520.20 512.48 531.72 519.23 494.79
943.00 1013.05 1042.33 1181.42 1069.33 1039.18 754.24 803.39 848.87 930.76 781.70 548.73 674.14 604.16 638.39 670.29 691.69 619.57 512.56 485.98 520.29 533.73 518.96 577.70
2915.00 3111.29 3337.85 3263.41 3300.33 2867.56 2521.05 2545.28 2503.36 1896.16 1651.69 1527.88 1461.22 1467.91 1361.79 1322.33 1429.54 1657.30 1709.47 1690.51 1665.40 1727.93 1687.35 1607.92
753.09 777.73 769.12 765.89 714.78 590.98 537.70 574.05 589.44 618.75 562.88 587.21 544.43 527.54 540.02 529.31 537.02 579.59 672.14 710.85 720.51 701.13 697.02 678.13
1763.21 1820.91 1800.74 1793.19 1673.52 1383.67 1258.93 1344.02 1380.05 1448.69 1317.86 1374.85 1274.67 1235.13 1264.35 1239.28 1257.34 1356.99 1573.69 1664.32 1686.93 1641.57 1631.93 1587.71
185.55 198.04 212.46 207.72 210.07 182.53 160.47 162.01 159.34 120.69 105.13 97.25 93.01 93.44 86.68 84.17 90.99 105.49 108.81 107.60 106.01 109.99 107.40 102.35
2524.92 2685.20 2834.12 3009.06 3163.46 3344.12 2496.13 2711.55 4349.97 2424.33 1850.14 1555.26 1409.98 1342.53 1317.03 1268.27 1270.38 1279.09 1299.49 1367.73 1315.15 1386.45 1297.12 1286.78
1740.21 1857.39 1992.65 1948.21 1970.25 1711.89 1505.03 1519.49 1494.47 1131.98 986.04 912.12 872.33 876.32 812.97 789.41 853.41 989.39 1020.53 1009.21 994.22 1031.55 1007.32 959.90
222.18 215.74 218.31 241.79 215.04 185.39 203.67 308.11 293.81 222.83 147.66 123.31 130.76 139.94 126.93 121.70 112.75 116.84 119.67 135.28 161.71 164.03 182.91 162.95
149.38 154.26 152.56 151.92 141.78 117.22 106.65 113.86 116.92 122.73 111.65 116.47 107.99 104.64 107.11 104.99 106.52 114.96 133.32 141.00 142.91 139.07 138.25 134.51
5137.73 5519.38 5678.92 6436.72 5825.99 5661.73 4109.33 4377.11 4624.87 5071.07 4258.93 2989.63 3672.92 3291.62 3478.11 3651.90 3768.53 3375.58 2792.59 2647.76 2834.67 2907.93 2827.45 3147.45
1527.32 1640.78 1688.21 1913.48 1731.93 1683.09 1221.60 1301.21 1374.86 1507.50 1266.08 888.74 1091.87 978.52 1033.96 1085.62 1120.29 1003.48 830.17 787.12 842.68 864.46 840.53 935.66
3409.72 3639.32 3904.33 3817.26 3860.45 3354.23 2948.91 2977.25 2928.21 2217.96 1932.01 1787.18 1709.21 1717.04 1592.90 1546.75 1672.15 1938.57 1999.59 1977.41 1948.04 2021.19 1973.72 1880.81
443.51 473.38 507.85 496.52 502.14 436.30 383.58 387.26 380.88 288.50 251.30 232.47 222.32 223.34 207.19 201.19 217.50 252.16 260.09 257.21 253.39 262.90 256.73 244.64
1761.34 1818.98 1798.83 1791.29 1671.75 1382.21 1257.60 1342.60 1378.59 1447.16 1316.47 1373.39 1273.32 1233.83 1263.01 1237.97 1256.01 1355.56 1572.03 1662.56 1685.15 1639.83 1630.21 1586.03
2131.71 2275.25 2440.93 2386.50 2413.50 2097.02 1843.61 1861.33 1830.68 1386.64 1207.86 1117.32 1068.57 1073.47 995.86 967.00 1045.40 1211.97 1250.11 1236.25 1217.89 1263.62 1233.94 1175.85
2949.10 3168.17 3259.75 3694.73 3344.17 3249.88 2358.79 2512.50 2654.72 2910.84 2444.66 1716.07 2108.29 1889.42 1996.47 2096.23 2163.17 1937.61 1602.97 1519.84 1627.12 1669.17 1622.98 1806.66
137.42 142.36 158.82 165.30 176.45 154.88 143.46 167.39 173.67 130.36 111.65 96.48 94.24 93.45 89.80 88.60 85.47 87.56 92.50 94.26 93.33 99.30 100.54 98.23
303.78 311.05 312.59 316.92 303.30 279.02 226.45 245.27 286.57 258.99 231.56 208.00 207.61 209.90 206.66 210.61 206.83 201.68 210.58 211.39 216.43 224.32 219.48 217.30
24.54 25.13 25.25 25.60 24.50 22.54 18.30 19.82 23.15 20.92 18.71 16.80 16.77 16.96 16.70 17.02 16.71 16.29 17.01 17.08 17.49 18.12 17.73 17.56
35.28 36.12 36.30 36.81 35.23 32.41 26.30 28.49 33.28 30.08 26.89 24.16 24.11 24.38 24.00 24.46 24.02 23.42 24.46 24.55 25.14 26.05 25.49 25.24
7.20 6.99 7.07 7.83 6.96 6.00 6.60 9.98 9.52 7.22 4.78 3.99 4.23 4.53 4.11 3.94 3.65 3.78 3.88 4.38 5.24 5.31 5.92 5.28
