0.0
120.93599999999999
110.304
114.358
112.42200000000001
109.94
109.652
107.398
111.868
124.612
125.656
123.72200000000001
120.086
121.916
122.044
117.79
116.454
114.948
116.942
117.648
123.518
128.086
127.954
125.14
122.216
0.0
133.124
121.95
126.532
125.306
124.864
122.57600000000001
120.70599999999999
126.444
139.042
145.874
146.02
143.044
140.532
136.42
133.37199999999999
131.036
130.612
131.71
135.776
139.638
141.174
138.882
134.518
127.748
0.0
417.51
395.824
409.454
408.634
409.322
408.412
406.7
410.518
420.88599999999997
427.938
429.474
428.236
428.5
425.726
426.792
424.096
423.938
424.028
426.45
429.676
429.618
431.206
427.906
419.042
0.0
314.428
294.71200000000005
300.684
297.24
291.298
284.344
276.216
283.774
296.502
307.266
309.798
313.762
318.00399999999996
316.568
317.0
315.96
314.72
315.692
320.87
327.04200000000003
326.996
322.128
320.34
309.142
0.0
86.002
82.65
84.868
84.298
82.418
79.382
72.53800000000001
72.378
77.114
82.496
83.542
81.818
83.69
83.36200000000001
84.142
84.156
83.54599999999999
80.776
81.49600000000001
81.03
80.66199999999999
79.46000000000001
78.06
78.562
0.0
654.096
591.006
608.904
599.23
600.434
602.934
614.986
652.154
704.2860000000001
710.708
694.0360000000001
667.864
646.982
634.528
623.808
616.968
614.6999999999999
625.9879999999999
650.608
672.754
683.76
672.474
650.436
620.938
0.0
45.964
41.536
42.79
42.108
42.193999999999996
42.368
43.218
45.828
49.492
49.946
48.774
46.932
45.464
44.592
43.836
43.358
43.196
43.99
45.72
47.274
48.046
47.256
45.708
43.638
0.0
219.28
204.322
205.93800000000002
201.25
198.092
190.674
179.924
189.382
208.80200000000002
215.054
218.25799999999998
216.72400000000002
216.85999999999999
215.714
216.26999999999998
216.004
214.68
214.784
225.632
234.646
234.75400000000002
230.528
221.476
211.78
0.0
257.874
235.206
243.844
239.732
234.42000000000002
233.82399999999998
229.018
238.542
265.722
267.952
263.822
256.068
259.97
260.24
251.17
248.32
245.10999999999999
249.374
250.86399999999998
263.382
273.132
272.842
266.848
260.608
0.0
1161.104
1049.108
1080.874
1063.71
1065.844
1070.278
1091.674
1157.65
1250.196
1261.588
1232.0
1185.54
1148.474
1126.364
1107.336
1095.19
1091.168
1111.208
1154.902
1194.222
1213.76
1193.72
1154.594
1102.24
0.0
48.94
44.222
45.56
44.84
44.928
45.114
46.013999999999996
48.796
52.7
53.176
51.934
49.972
48.410000000000004
47.478
46.676
46.162
45.992
46.842
48.68
50.342
51.164
50.318
48.666
46.464
0.0
1012.13
959.55
992.594
990.6039999999999
992.274
990.0680000000001
985.912
995.182
1020.31
1037.406
1041.132
1038.114
1038.772
1032.05
1034.624
1028.088
1027.708
1027.932
1033.806
1041.62
1041.474
1045.324
1037.326
1015.8399999999999
0.0
859.4879999999999
776.59
800.096
787.392
788.974
792.26
808.094
856.932
925.434
933.874
911.966
877.5799999999999
850.138
833.774
819.688
810.696
807.722
822.554
854.898
884.002
898.47
883.632
854.674
815.914
0.0
215.494
204.29600000000002
211.332
210.91
211.268
210.796
209.91
211.886
217.234
220.874
221.666
221.028
221.164
219.734
220.28400000000002
218.89000000000001
218.81
218.85600000000002
220.10999999999999
221.772
221.74
222.564
220.85999999999999
216.288
0.0
56.07
52.242
52.658
51.456
50.647999999999996
48.758
46.004
48.428
53.39
54.986000000000004
55.808
55.414
55.448
55.158
55.297999999999995
55.234
54.896
54.92
57.693999999999996
60.0
60.03
58.946
56.63
54.147999999999996
0.0
12.244
11.214
11.638
11.532
11.488
11.272
11.104
11.634
12.792
13.42
13.434
13.158
12.927999999999999
12.55
12.268
12.058
12.018
12.116000000000001
12.49
12.846
12.986
12.776
12.378
11.752
0.0
230.46
214.742
216.44
211.518
208.198
200.398
189.1
199.038
219.448
226.018
229.388
227.774
227.924
226.71599999999998
227.298
227.02
225.63400000000001
225.738
237.144
246.614
246.726
242.286
232.776
222.582
0.0
297.814
286.206
293.894
291.914
285.418
274.904
251.192
250.638
267.028
285.678
289.296
283.326
289.808
288.668
291.384
291.43600000000004
289.324
279.718
282.204
280.594
279.32800000000003
275.172
270.31
272.044
0.0
200.164
192.358
197.528
196.2
191.832
184.766
168.83
168.454
179.476
192.008
194.43599999999998
190.428
194.786
194.01999999999998
195.838
195.876
194.458
188.0
189.67600000000002
188.59
187.738
184.95000000000002
181.68
182.844
0.0
526.234
475.46999999999997
489.872
482.088
483.06
485.06600000000003
494.76800000000003
524.664
566.6080000000001
571.7719999999999
558.362
537.308
520.51
510.492
501.86199999999997
496.358
494.534
503.618
523.424
541.242
550.098
541.018
523.284
499.554
0.0
222.31
203.724
212.418
209.24800000000002
210.124
209.40800000000002
211.066
220.564
238.972
243.082
241.934
233.188
225.996
220.49800000000002
215.57
213.324
209.604
215.74200000000002
228.054
236.13
236.71800000000002
232.618
221.34
207.892
0.0
147.69
135.34199999999998
141.12
139.012
139.596
139.118
140.226
146.52800000000002
158.76399999999998
161.49
160.726
154.922
150.14000000000001
146.488
143.216
141.71800000000002
139.246
143.326
151.51
156.87199999999999
157.264
154.542
147.048
138.112
0.0
185.852
173.178
174.544
170.572
167.896
161.608
152.498
160.512
176.968
182.26999999999998
184.98999999999998
183.688
183.804
182.828
183.302
183.074
181.954
182.044
191.236
198.88
198.972
195.382
187.714
179.498
0.0
194.604
181.332
182.764
178.604
175.804
169.216
159.672
168.07
185.29999999999998
190.854
193.698
192.33599999999998
192.462
191.44
191.932
191.696
190.52599999999998
190.614
200.244
208.23999999999998
208.34
204.584
196.556
187.948
0.0
545.642
524.37
538.45
534.83
522.924
503.66
460.224
459.208
489.242
523.402
530.034
519.1
530.976
528.886
533.852
533.958
530.086
512.484
517.044
514.094
511.76800000000003
504.164
495.25
498.42400000000004
0.0
845.894
801.946
829.566
827.906
829.3000000000001
827.456
823.984
831.728
852.7320000000001
867.022
870.1320000000001
867.614
868.16
862.544
864.698
859.232
858.914
859.102
864.006
870.542
870.418
873.64
866.952
848.996
0.0
1121.214
1013.0619999999999
1043.74
1027.162
1029.226
1033.5140000000001
1054.168
1117.876
1207.246
1218.248
1189.674
1144.814
1109.02
1087.672
1069.294
1057.5659999999998
1053.682
1073.03
1115.224
1153.194
1172.058
1152.71
1114.932
1064.378
0.0
90.04400000000001
82.518
86.034
84.75200000000001
85.108
84.81400000000001
85.488
89.33200000000001
96.78999999999999
98.46000000000001
97.994
94.44800000000001
91.536
89.31
87.316
86.402
84.894
87.38000000000001
92.36999999999999
95.642
95.88199999999999
94.222
89.652
84.208
0.0
1363.82
1270.812
1280.854
1251.716
1232.0720000000001
1185.924
1119.048
1177.882
1298.644
1337.542
1357.4779999999998
1347.934
1348.798
1341.66
1345.106
1343.464
1335.248
1335.888
1403.366
1459.4080000000001
1460.1
1433.798
1377.498
1317.2060000000001
0.0
290.752
266.454
277.82000000000005
273.672
274.818
273.88
276.056
288.474
312.55
317.924
316.428
304.988
295.578
288.382
281.94599999999997
279.002
274.14
282.16
298.26399999999995
308.83599999999996
309.604
304.238
289.488
271.902
0.0
92.494
88.89
91.278
90.664
88.642
85.38
78.012
77.844
82.93599999999999
88.724
89.848
87.992
90.006
89.65
90.494
90.51599999999999
89.86
86.872
87.646
87.148
86.75
85.464
83.954
84.49199999999999
0.0
737.21
708.474
727.5020000000001
722.612
706.52
680.494
621.8059999999999
620.43
661.01
707.17
716.1279999999999
701.35
717.402
714.572
721.2860000000001
721.428
716.192
692.4159999999999
698.576
694.586
691.452
681.174
669.132
673.42
0.0
348.162
324.416
326.984
319.544
314.53000000000003
302.74800000000005
285.676
300.694
331.522
341.456
346.54400000000004
344.108
344.32599999999996
342.504
343.384
342.964
340.868
341.032
358.258
372.564
372.74
366.028
351.656
336.262
0.0
351.1
321.75
335.482
330.474
331.86
330.728
333.348
348.344
377.422
383.914
382.1
368.286
356.93
348.238
340.464
336.912
331.034
340.722
360.17199999999997
372.92999999999995
373.862
367.386
349.572
328.338
0.0
119.678
109.63199999999999
113.75
112.644
112.256
110.19600000000001
108.514
113.672
124.998
131.14
131.268
128.594
126.338
122.636
119.89999999999999
117.794
117.42
118.398
122.06
125.526
126.91199999999999
124.856
120.926
114.846
0.0
26.61
24.794
24.992
24.419999999999998
24.038
23.142
21.834
22.982
25.338
26.098
26.486
26.302
26.318
26.178
26.246000000000002
26.215999999999998
26.048000000000002
26.062
27.380000000000003
28.472
28.49
27.974
26.878
25.702
0.0
278.31
251.46800000000002
259.084
254.964
255.476
256.54
261.67
277.482
299.668
302.40000000000003
295.306
284.17
275.284
269.984
265.424
262.512
261.55
266.348
276.822
286.248
290.934
286.13
276.752
264.2
0.0
130.986
125.88400000000001
129.262
128.39600000000002
125.534
120.908
110.486
110.238
117.44399999999999
125.65
127.238
124.61599999999999
127.46600000000001
126.964
128.156
128.186
127.25200000000001
123.02600000000001
124.12
123.414
122.852
121.03
118.89
119.654
0.0
226.788
212.57
216.87800000000001
214.392
210.108
205.094
199.228
204.68200000000002
213.862
221.624
223.448
226.31
229.37
228.332
228.64000000000001
227.892
227.0
227.70600000000002
231.438
235.89000000000001
235.856
232.344
231.052
222.974
0.0
102.826
92.91199999999999
95.72399999999999
94.204
94.39
94.788
96.682
102.52199999999999
110.716
111.72800000000001
109.108
104.99
101.71000000000001
99.75
98.068
96.994
96.634
98.41
102.276
105.764
107.49
105.716
102.254
97.616
0.0
69.64
63.816
66.546
65.55
65.824
65.596
66.116
69.092
74.86399999999999
76.146
75.788
73.05
70.792
69.074
67.532
66.826
65.664
67.586
71.436
73.97200000000001
74.156
72.87
69.334
65.128
0.0
286.11199999999997
258.512
266.33799999999997
262.11
262.634
263.73
269.00399999999996
285.26
308.062
310.87199999999996
303.58
292.13
283.0
277.55
272.864
269.866
268.87600000000003
273.816
284.582
294.27
299.084
294.14799999999997
284.506
271.604
0.0
58.232
54.266
54.688
53.448
52.608
50.64
47.782
50.29
55.45
57.114000000000004
57.968
57.558
57.589999999999996
57.29
57.434
57.366
57.013999999999996
57.04
59.924
62.316
62.344
61.224
58.815999999999995
56.242
0.0
11.518
10.508
10.892
10.704
10.472
10.444
10.225999999999999
10.654
11.866
11.968
11.786000000000001
11.436
11.610000000000001
11.620000000000001
11.216
11.09
10.946
11.136000000000001
11.208
11.764000000000001
12.198
12.186
11.914
11.636000000000001
0.0
202.742
188.918
190.40800000000002
186.078
183.152
176.296
166.356
175.10399999999998
193.052
198.834
201.798
200.382
200.50799999999998
199.44400000000002
199.96
199.716
198.496
198.586
208.618
216.952
217.052
213.144
204.776
195.812
0.0
214.4
206.04
211.578
210.152
205.476
197.908
180.84
180.43800000000002
192.238
205.662
208.26600000000002
203.974
208.64
207.814
209.77
209.808
208.288
201.37199999999999
203.16400000000002
202.00400000000002
201.09
198.106
194.602
195.844
0.0
938.162
874.184
881.092
861.048
847.534
815.788
769.784
810.258
893.332
920.088
933.8000000000001
927.2379999999999
927.83
922.918
925.29
924.158
918.508
918.944
965.366
1003.918
1004.3919999999999
986.3
947.576
906.1
0.0
37.513999999999996
34.378
35.844
35.308
35.458
35.338
35.618
37.218
40.324
41.018
40.824
39.35
38.138
37.209999999999994
36.378
35.996
35.37
36.404
38.482
39.844
39.942
39.256
37.354
35.08
0.0
400.594
384.978
395.318
392.66200000000003
383.914
369.776
337.886
337.13800000000003
359.186
384.264
389.13599999999997
381.108
389.826
388.29200000000003
391.938
392.02
389.172
376.252
379.596
377.43399999999997
375.724
370.144
363.594
365.932
0.0
1902.984
1804.116
1866.25
1862.514
1865.652
1861.496
1853.692
1871.114
1918.356
1950.508
1957.502
1951.844
1953.074
1940.4340000000002
1945.278
1932.984
1932.2700000000002
1932.686
1943.728
1958.426
1958.1499999999999
1965.39
1950.354
1909.956
0.0
512.77
492.784
506.01399999999995
502.608
491.422
473.322
432.502
431.546
459.764
491.87
498.102
487.826
498.988
497.022
501.69
501.79
498.14799999999997
481.616
485.894
483.12
480.94
473.79200000000003
465.414
468.394
0.0
323.62399999999997
301.55199999999996
303.932
297.018
292.356
281.404
265.54
279.498
308.154
317.384
322.118
319.854
320.058
318.358
319.18
318.79
316.844
316.996
333.004
346.302
346.466
340.22400000000005
326.86400000000003
312.564
0.0
1127.972
1069.37
1106.204
1103.986
1105.846
1103.384
1098.758
1109.086
1137.086
1156.146
1160.2939999999999
1156.94
1157.666
1150.174
1153.042
1145.754
1145.3339999999998
1145.582
1152.126
1160.836
1160.674
1164.966
1156.05
1132.108
0.0
110.38799999999999
100.682
104.382
102.62
100.346
100.094
98.03399999999999
102.112
113.746
114.702
112.934
109.614
111.288
111.396
107.516
106.296
104.926
106.75
107.384
112.748
116.92
116.794
114.232
111.556
0.0
373.73199999999997
337.68399999999997
347.906
342.38
343.072
344.498
351.384
372.618
402.406
406.078
396.55
381.594
369.664
362.548
356.428
352.512
351.224
357.67
371.738
384.39
390.68
384.228
371.636
354.786
0.0
148.126
138.02599999999998
139.11599999999999
135.954
133.814
128.808
121.542
127.93199999999999
141.048
145.272
147.442
146.4
146.498
145.722
146.09199999999998
145.922
145.028
145.094
152.424
158.51000000000002
158.59
155.73
149.616
143.064
0.0
614.824
576.274
587.952
581.216
569.588
556.004
540.108
554.886
579.7760000000001
600.82
605.762
613.518
621.82
619.004
619.848
617.8199999999999
615.394
617.3
627.422
639.492
639.404
629.882
626.388
604.494
0.0
661.582
606.044
628.822
622.728
620.552
609.172
599.884
628.378
690.982
724.942
725.67
710.876
698.4
677.95
662.82
651.192
649.092
654.528
674.764
693.9259999999999
701.5759999999999
690.1999999999999
668.504
634.8679999999999
0.0
3635.656
3446.766
3565.476
3558.346
3564.336
3556.398
3541.476
3574.77
3665.0280000000002
3726.446
3739.818
3729.0020000000004
3731.358
3707.204
3716.4579999999996
3692.9680000000003
3691.6040000000003
3692.402
3713.496
3741.578
3741.06
3754.884
3726.1540000000005
3648.978
0.0
309.93
280.036
288.516
283.932
284.502
285.684
291.396
309.012
333.712
336.754
328.852
316.456
306.562
300.656
295.578
292.332
291.262
296.612
308.274
318.768
323.986
318.636
308.19
294.218
0.0
665.062
619.7080000000001
624.604
610.3919999999999
600.8140000000001
578.312
545.698
574.39
633.28
652.25
661.974
657.318
657.734
654.258
655.938
655.136
651.13
651.4399999999999
684.35
711.672
712.0120000000001
699.184
671.734
642.336
0.0
511.01800000000003
478.97
488.68
483.078
473.424
462.128
448.912
461.202
481.88
499.374
503.486
509.928
516.8299999999999
514.49
515.192
513.5
511.48800000000006
513.072
521.492
531.518
531.444
523.528
520.628
502.428
0.0
523.98
473.438
487.77000000000004
480.028
480.988
482.99
492.65
522.42
564.1859999999999
569.326
555.972
535.008
518.284
508.302
499.712
494.23400000000004
492.42
501.462
521.176
538.924
547.742
538.702
521.042
497.418
0.0
615.76
573.7660000000001
578.298
565.14
556.274
535.44
505.246
531.8100000000001
586.336
603.894
612.898
608.586
608.976
605.748
607.306
606.57
602.862
603.148
633.612
658.91
659.23
647.35
621.938
594.712
0.0
188.026
180.696
185.54600000000002
184.296
180.198
173.558
158.59
158.242
168.588
180.362
182.64600000000002
178.874
182.96800000000002
182.252
183.96
184.0
182.66400000000002
176.59799999999998
178.166
177.15200000000002
176.35
173.72799999999998
170.656
171.754
0.0
20.003999999999998
18.332
19.118
18.832
18.912
18.848
19.0
19.848000000000003
21.506
21.878
21.776
20.984
20.338
19.843999999999998
19.404
19.196
18.864
19.418
20.524
21.253999999999998
21.305999999999997
20.936
19.918000000000003
18.71
0.0
1098.684
1029.798
1050.6599999999999
1038.6200000000001
1017.854
993.574
965.162
991.584
1036.048
1073.662
1082.498
1096.354
1111.184
1106.15
1107.662
1104.038
1099.702
1103.114
1121.202
1142.764
1142.6119999999999
1125.596
1119.3500000000001
1080.222
0.0
1544.502
1447.66
1476.988
1460.0620000000001
1430.87
1396.74
1356.804
1393.94
1456.45
1509.324
1521.746
1541.2259999999999
1562.072
1555.0040000000001
1557.12
1552.022
1545.936
1550.73
1576.154
1606.47
1606.248
1582.334
1573.552
1518.55
0.0
1037.382
972.336
992.04
980.672
961.064
938.1379999999999
911.314
936.254
978.246
1013.7579999999999
1022.0980000000001
1035.184
1049.19
1044.438
1045.862
1042.4379999999999
1038.348
1041.566
1058.646
1079.008
1078.858
1062.792
1056.9
1019.952
0.0
464.682
425.83799999999997
444.01
437.378
439.21
437.712
441.18600000000004
461.034
499.514
508.11199999999997
505.712
487.42400000000004
472.39
460.89
450.59799999999996
445.902
438.126
450.94599999999997
476.68600000000004
493.574
494.80199999999996
486.23
462.658
434.554
0.0
391.19399999999996
375.954
386.048
383.454
374.918
361.1
329.962
329.22999999999996
350.76
375.254
380.01
372.172
380.68600000000004
379.184
382.75
382.824
380.046
367.428
370.7
368.582
366.914
361.462
355.074
357.348
0.0
560.342
538.502
552.9639999999999
549.242
537.02
517.234
472.624
471.584
502.424
537.504
544.322
533.09
545.282
543.138
548.238
548.35
544.37
526.296
530.976
527.948
525.56
517.75
508.596
511.852
0.0
757.808
728.266
747.83
742.794
726.258
699.508
639.1819999999999
637.762
679.478
726.924
736.134
720.944
737.4440000000001
734.536
741.44
741.5840000000001
736.2040000000001
711.758
718.092
713.99
710.764
700.202
687.822
692.228
0.0
64.652
59.246
61.774
60.848
61.11
60.898
61.382
64.144
69.5
70.69
70.36
67.81400000000001
65.724
64.124
62.694
62.036
60.955999999999996
62.739999999999995
66.318
68.672
68.842
67.646
64.366
60.46
0.0
22.09
20.23
20.994
20.790000000000003
20.714000000000002
20.338
20.028
20.976
23.066
24.202
24.228
23.732
23.316
22.634
22.13
21.738
21.671999999999997
21.852
22.526
23.169999999999998
23.419999999999998
23.041999999999998
22.318
21.196
0.0
436.076
394.012
405.942
399.498
400.3
401.966
409.998
434.78000000000003
469.538
473.81600000000003
462.702
445.25800000000004
431.33
423.032
415.884
411.322
409.812
417.338
433.75
448.514
455.85200000000003
448.32599999999996
433.632
413.96999999999997
0.0
80.564
73.836
76.984
75.832
76.148
75.888
76.49199999999999
79.932
86.606
88.09599999999999
87.67999999999999
84.51
81.902
79.908
78.126
77.314
75.962
78.182
82.65
85.57600000000001
85.788
84.3
80.21
75.342
0.0
141.82399999999998
128.14600000000002
132.02599999999998
129.928
130.18800000000002
130.732
133.344
141.402
152.71
154.09799999999998
150.488
144.812
140.284
137.582
135.26
133.778
133.28
135.72799999999998
141.072
145.87199999999999
148.256
145.81
141.03199999999998
134.63400000000001
0.0
152.232
141.846
142.96800000000002
139.716
137.51999999999998
132.372
124.908
131.472
144.95000000000002
149.292
151.522
150.458
150.548
149.75199999999998
150.136
149.956
149.04000000000002
149.10999999999999
156.64000000000001
162.9
162.976
160.042
153.754
147.028
0.0
174.008
167.226
171.72
170.562
166.766
160.626
146.772
146.44400000000002
156.026
166.918
169.036
165.542
169.334
168.668
170.252
170.286
169.048
163.436
164.888
163.948
163.208
160.78199999999998
157.944
158.954
0.0
632.01
576.458
597.638
587.54
574.542
573.0699999999999
561.298
584.636
651.244
656.702
646.5840000000001
627.5840000000001
637.156
637.8100000000001
615.582
608.6
600.73
611.176
614.828
645.514
669.408
668.6999999999999
654.012
638.716
0.0
601.31
543.312
559.7620000000001
550.874
551.9780000000001
554.272
565.3539999999999
599.522
647.446
653.352
638.022
613.966
594.7719999999999
583.32
573.466
567.1759999999999
565.092
575.47
598.098
618.458
628.5840000000001
618.1999999999999
597.942
570.83
0.0
1204.454
1122.32
1131.182
1105.45
1088.102
1047.348
988.288
1040.242
1146.894
1181.246
1198.86
1190.424
1191.188
1184.88
1187.93
1186.4759999999999
1179.228
1179.786
1239.382
1288.87
1289.488
1266.254
1216.538
1163.29
0.0
1418.088
1329.174
1356.102
1340.568
1313.766
1282.422
1245.762
1279.8500000000001
1337.25
1385.796
1397.198
1415.086
1434.23
1427.73
1429.684
1424.996
1419.412
1423.8120000000001
1447.156
1474.99
1474.786
1452.828
1444.77
1394.266
0.0
221.072
212.456
218.162
216.692
211.87
204.066
186.466
186.05
198.22199999999998
212.064
214.748
210.318
215.13
214.282
216.298
216.33800000000002
214.772
207.638
209.486
208.292
207.348
204.266
200.65800000000002
201.94400000000002
0.0
1592.57
1492.716
1522.96
1505.508
1475.408
1440.216
1399.0339999999999
1437.326
1501.782
1556.304
1569.108
1589.194
1610.69
1603.404
1605.588
1600.3319999999999
1594.054
1598.994
1625.212
1656.474
1656.244
1631.5819999999999
1622.528
1565.8139999999999
0.0
1.97
1.784
1.834
1.81
1.812
1.816
1.8519999999999999
1.968
2.122
2.14
2.09
2.01
1.95
1.91
1.88
1.86
1.85
1.886
1.962
2.032
2.062
2.026
1.964
1.872
0.0
122.772
114.39999999999999
115.302
112.68
110.912
106.756
100.736
106.032
116.908
120.404
122.19999999999999
121.342
121.418
120.772
121.08399999999999
120.938
120.198
120.256
126.332
131.37199999999999
131.44
129.07
124.0
118.572
0.0
2130.062
1996.5040000000001
2036.954
2013.616
1973.354
1926.282
1871.2060000000001
1922.42
2008.634
2081.554
2098.674
2125.544
2154.3
2144.5480000000002
2147.474
2140.438
2132.042
2138.648
2173.72
2215.528
2215.224
2182.238
2170.132
2094.272
0.0
431.692
404.624
412.826
408.094
399.934
390.392
379.228
389.606
407.086
421.86
425.33
430.776
436.604
434.628
435.222
433.794
432.094
433.428
440.538
449.016
448.954
442.268
439.812
424.442
0.0
466.808
434.97200000000004
438.404
428.432
421.71
405.914
383.022
403.162
444.498
457.81
464.63399999999996
461.366
461.664
459.21999999999997
460.4
459.838
457.024
457.242
480.338
499.52
499.764
490.75600000000003
471.488
450.85
0.0
134.506
126.07
128.624
127.152
124.612
121.63799999999999
118.156
121.392
126.836
131.438
132.524
134.22199999999998
136.036
135.42
135.602
135.16
134.63
135.046
137.264
139.9
139.88400000000001
137.8
137.034
132.242
0.0
79.624
71.942
74.124
72.946
73.096
73.394
74.862
79.386
85.738
86.516
84.486
81.304
78.758
77.244
75.934
75.102
74.828
76.2
79.2
81.896
83.234
81.858
79.17999999999999
75.584
0.0
168.824
154.71
161.31
158.906
159.57
159.024
160.288
167.502
181.482
184.60399999999998
183.726
177.08599999999998
171.626
167.45
163.708
162.002
159.174
163.836
173.18599999999998
179.31799999999998
179.766
176.654
168.088
157.88
0.0
148.64
139.322
142.142
140.516
137.704
134.422
130.576
134.152
140.168
145.254
146.446
148.322
150.32999999999998
149.64600000000002
149.852
149.364
148.774
149.24
151.682
154.6
154.582
152.28
151.43599999999998
146.142
0.0
849.086
795.8480000000001
811.97
802.67
786.624
767.8580000000001
745.902
766.312
800.682
829.752
836.58
847.284
858.7479999999999
854.86
856.024
853.224
849.88
852.508
866.494
883.162
883.036
869.886
865.064
834.816
0.0
367.442
332.0
342.052
336.616
337.29200000000003
338.70000000000005
345.466
366.348
395.638
399.242
389.876
375.174
363.44800000000004
356.448
350.428
346.57800000000003
345.308
351.652
365.48
377.918
384.1
377.766
365.38
348.81
0.0
502.11199999999997
457.97200000000004
474.8
466.778
456.454
455.282
445.926
464.474
517.394
521.724
513.692
498.592
506.196
506.71599999999995
489.058
483.51
477.262
485.56
488.464
512.836
531.814
531.254
519.588
507.436
0.0
275.752
249.156
256.702
252.62
253.13
254.184
259.266
274.93199999999996
296.90999999999997
299.62
292.592
281.55400000000003
272.754
267.504
262.98
260.10200000000003
259.146
263.902
274.284
283.62
288.258
283.498
274.208
261.774
0.0
939.89
880.958
898.804
888.508
870.742
849.968
825.67
848.268
886.31
918.486
926.042
937.8960000000001
950.582
946.2819999999999
947.568
944.468
940.764
943.6759999999999
959.15
977.6
977.466
962.912
957.568
924.096
0.0
549.962
496.918
511.96
503.83
504.84200000000004
506.946
517.076
548.322
592.158
597.5600000000001
583.538
561.534
543.982
533.508
524.49
518.74
516.836
526.328
547.02
565.644
574.904
565.412
546.878
522.08
0.0
385.668
348.47
359.02200000000005
353.322
354.028
355.506
362.608
384.522
415.26000000000005
419.05
409.21799999999996
393.79
381.48
374.13399999999996
367.812
363.78000000000003
362.44
369.09999999999997
383.614
396.666
403.162
396.508
383.512
366.118
0.0
336.75199999999995
323.626
332.314
330.08
322.732
310.846
284.038
283.404
301.946
323.028
327.124
320.374
327.702
326.40999999999997
329.48
329.53999999999996
327.15
316.286
319.102
317.28
315.846
311.158
305.65
307.61
0.0
1253.3220000000001
1132.434
1166.722
1148.19
1150.5
1155.29
1178.382
1249.594
1349.49
1361.794
1329.848
1279.7
1239.694
1215.828
1195.284
1182.17
1177.8319999999999
1199.4640000000002
1246.628
1289.066
1310.158
1288.532
1246.3
1189.786
0.0
520.2860000000001
487.662
497.542
491.838
482.00600000000003
470.512
457.058
469.564
490.626
508.432
512.62
519.182
526.202
523.8240000000001
524.54
522.816
520.768
522.384
530.946
541.162
541.0840000000001
533.0300000000001
530.076
511.542
0.0
1218.15
1141.7640000000001
1164.9
1151.548
1128.528
1101.608
1070.112
1099.398
1148.702
1190.4
1200.198
1215.56
1232.008
1226.43
1228.1
1224.078
1219.278
1223.056
1243.108
1267.02
1266.8500000000001
1247.984
1241.0620000000001
1197.674
0.0
79.774
72.082
74.264
73.084
73.23
73.534
75.00800000000001
79.542
85.89800000000001
86.68
84.64999999999999
81.45400000000001
78.908
77.394
76.084
75.248
74.968
76.35
79.35
82.052
83.39399999999999
82.018
79.33
75.734
0.0
745.9920000000001
695.1220000000001
700.61
684.672
673.928
648.688
612.104
644.284
710.348
731.616
742.5260000000001
737.308
737.774
733.87
735.758
734.8620000000001
730.368
730.714
767.622
798.278
798.66
784.268
753.4739999999999
720.4939999999999
0.0
748.2139999999999
676.046
696.5160000000001
685.4499999999999
686.828
689.692
703.476
745.99
805.622
812.97
793.9
763.964
740.078
725.828
713.566
705.738
703.148
716.0600000000001
744.222
769.554
782.144
769.232
744.0260000000001
710.286
0.0
134.094
122.31400000000001
126.804
124.66000000000001
121.902
121.594
119.094
124.046
138.17600000000002
139.336
137.19
133.16
135.192
135.33
130.612
129.13400000000001
127.456
129.676
130.456
136.966
142.032
141.886
138.768
135.52
0.0
103.198
96.72999999999999
98.68400000000001
97.554
95.604
93.324
90.658
93.142
97.318
100.85
101.67999999999999
102.97800000000001
104.374
103.898
104.046
103.704
103.294
103.612
105.314
107.338
107.324
105.728
105.14
101.464
0.0
1834.71
1763.204
1810.55
1798.372
1758.342
1693.564
1547.508
1544.086
1645.07
1759.938
1782.24
1745.4660000000001
1785.41
1778.378
1795.0900000000001
1795.4360000000001
1782.4080000000001
1723.228
1738.554
1728.632
1720.824
1695.252
1665.278
1675.95
0.0
545.414
524.158
538.232
534.612
522.712
503.456
460.038
459.022
489.036
523.188
529.8199999999999
518.886
530.762
528.6659999999999
533.638
533.744
529.866
512.274
516.828
513.884
511.562
503.95799999999997
495.05
498.22
0.0
1466.028
1324.62
1364.73
1343.054
1345.754
1351.354
1378.366
1461.666
1578.516
1592.912
1555.542
1496.886
1450.086
1422.17
1398.144
1382.8020000000001
1377.73
1403.032
1458.198
1507.8400000000001
1532.518
1507.214
1457.818
1391.712
0.0
190.69
172.302
177.516
174.69400000000002
175.048
175.776
179.288
190.122
205.32
207.194
202.332
194.71
188.62
184.99
181.862
179.86599999999999
179.202
182.494
189.672
196.12800000000001
199.34
196.048
189.62199999999999
181.022
0.0
1216.854
1140.5620000000001
1163.668
1150.33
1127.334
1100.442
1068.9759999999999
1098.238
1147.488
1189.142
1198.926
1214.278
1230.702
1225.134
1226.798
1222.786
1217.986
1221.764
1241.8
1265.682
1265.508
1246.664
1239.7479999999998
1196.41
0.0
916.544
828.136
853.21
839.658
841.346
844.85
861.7379999999999
913.816
986.864
995.862
972.5039999999999
935.832
906.5740000000001
889.122
874.0980000000001
864.508
861.3340000000001
877.154
911.644
942.682
958.104
942.292
911.404
870.076
0.0
1053.14
1012.09
1039.2740000000001
1032.278
1009.306
972.122
888.282
886.3199999999999
944.288
1010.224
1023.018
1001.912
1024.842
1020.802
1030.398
1030.598
1023.12
989.152
997.946
992.25
987.77
973.084
955.882
962.008
0.0
50.252
46.052
48.014
47.300000000000004
47.5
47.338
47.711999999999996
49.86
54.016
54.949999999999996
54.69
52.712
51.086
49.842
48.73
48.218
47.378
48.766000000000005
51.55
53.376
53.512
52.583999999999996
50.034
46.992
0.0
146.164
133.896
138.924
137.57999999999998
137.1
134.584
132.534
138.82999999999998
152.66400000000002
160.166
160.326
157.056
154.298
149.78199999999998
146.438
143.872
143.404
144.606
149.07999999999998
153.312
154.998
152.488
147.69
140.26399999999998
0.0
11.809999999999999
10.818000000000001
11.222
11.116
11.076
10.873999999999999
10.709999999999999
11.216
12.336
12.943999999999999
12.954
12.687999999999999
12.468
12.1
11.828000000000001
11.622
11.581999999999999
11.68
12.048
12.384
12.524000000000001
12.32
11.932
11.331999999999999
0.0
16.972
15.552
16.134
15.98
15.92
15.629999999999999
15.394
16.126
17.73
18.6
18.62
18.24
17.924
17.394000000000002
17.003999999999998
16.71
16.651999999999997
16.794
17.314
17.804000000000002
18.004
17.708000000000002
17.151999999999997
16.291999999999998
0.0
4.344
3.962
4.11
4.038
3.944
3.938
3.856
4.016
4.476
4.514
4.442
4.312
4.382
4.38
4.231999999999999
4.184
4.128
4.2
4.226
4.438
4.602
4.594
4.494
4.39
