0.0
96.412659386
91.530859654
87.560790845
86.10663773899999
84.444748471
86.52211005400001
87.676199824
91.66935042899999
97.682158133
105.03370995
109.73085537
115.01658647000001
119.73681363
123.41836003
124.64169517
127.31918338000001
128.35786424
128.96953176
126.78830212999999
122.64511981
120.89090342
115.39743612
110.00783683
101.986913
0.0
96.297250401
92.281018003
89.661234224
88.05704945
87.36459558600001
88.103213041
89.107271135
91.450073374
97.058949657
102.22927179
106.40707678
110.04245959
112.7661114
115.74366301
118.01721992
119.70219096
121.11018046000001
121.64106172000001
120.20999047000001
117.16319343
115.07429098
112.41988451
106.268586
99.251720216
0.0
171.18613554
168.57789266999998
166.62748099
165.18486873
164.4116286
164.04231987
164.04231987
164.04231987
166.38512211
169.70890070000002
172.57104329
175.89482188000002
178.6761782
181.43445277
183.75417318
185.40452155999998
186.82405197
186.97408367
185.73920762
183.44256896
181.03052128000002
179.73794081
176.80655279
173.03267921
0.0
258.55073113000003
247.12524245
238.64268262000002
232.47984327999998
229.46766891
229.71002779
230.80641307
236.29988037
252.89569129999998
271.31496404999996
288.40703348
303.44482322
314.91647549
323.22592188
328.26929419
331.29300938999995
333.04722578
331.98546326
325.56872412999996
315.93207451
310.85407953
302.74082843
288.3147063
271.16493236
0.0
35.349769656
33.307030762
31.818254957
30.779574166
30.156365689
30.064038506
30.133283892999998
30.39872454
32.6261178
35.419015043
38.304239460000005
40.958645937
43.255284576
45.182614490999995
46.659849402
47.617743904
48.079379819
47.837020968
46.544440423000005
44.640192304
43.774624976
42.759025980000004
40.497010031
37.715653681
0.0
618.86909822
581.43042612
554.64400256
537.20570615
529.78490892
532.7970832
543.6801497
564.98464688
607.8706227
655.54607111
697.73959315
734.61276123
764.6306362
785.7389380899999
801.19220007
815.2605543899999
826.27057074
829.60589025
816.3800215
791.30165074
773.92105884
750.42379111
702.7714245300001
646.4980073500001
0.0
43.486102533
40.854777852
38.973611528
37.750276371
37.230935978999995
37.438672141000005
38.200371384
39.700688081
42.712862389
46.071263614
49.037274321
51.622435411
53.734419692
55.211654594
56.308039871000005
57.28901617699999
58.062256321999996
58.293074280000006
57.369802467
55.604045113
54.380709956000004
52.73036159
49.383501257
45.436514244
0.0
183.13096464999998
171.41695349999998
162.83052566
157.09469947
154.26717956000002
154.35950674
157.6140399
162.95747551
174.48683229
187.30876964
198.98815811999998
209.62886583
219.3347608
228.34820187999998
236.94617065
244.74781753
251.88009229
256.23101072000003
255.1577072
248.21008680999998
242.0126248
233.39157419
217.21123558
198.51498127999997
0.0
205.5780107
195.17966186
186.70864294999998
183.61568240999998
180.06108595
184.49279065
186.96254275
195.46818432999999
208.27858076
223.97420161
233.98015996
245.25561704
255.31927981
263.17863111
265.77533316
271.47653657999996
273.71547072
275.00805129
270.35706946
261.52828274
257.77749099
246.06347983999999
234.56874573000002
217.47667621000002
0.0
1098.5665107
1032.114022
984.55398272
953.60129512
940.43313078
945.76502558
965.09602925
1002.9155509999999
1079.0508533
1163.6687154
1238.5576004
1304.0291132
1357.3134372
1394.7751911
1422.2194464
1447.1939484
1466.7211473
1472.6531694
1449.1674419
1404.6542003
1373.7938396
1332.0965761
1247.5017962
1147.6037854
0.0
46.302081572
43.509184329
41.501068124
40.196946686
39.642983597000004
39.862260651999996
40.681664387999994
42.274308268999995
45.482677836
49.048815223
52.21102119
54.969295742999996
57.208229896999995
58.789332884000004
59.954963548
61.005185241999996
61.824588978
62.078488723
61.085971523000005
59.204805199
57.912224654
56.146467309
52.580329922
48.379443155
0.0
414.98759949
408.67472846000004
403.9545013
400.45760925999997
398.56490200999997
397.66471202
397.67625294000004
397.66471202
403.34283369
411.39838026999996
418.34600066
426.41308817
433.14143153
439.83515221
445.45556937
449.46026091
452.91098934999997
453.26875717
450.25658289
444.70541106999997
438.85417596
435.71505172999997
428.5943179
419.45392686
0.0
813.19473369
764.00742767
728.80768971
705.88746692
696.1469491900001
700.0939362299999
714.4046494199999
742.39132627
798.74552981
861.38952253
916.8319950599999
965.29222449
1004.7274718900001
1032.4602487
1052.772229
1071.2607469
1085.7214923
1090.1070331
1072.726441
1039.765637
1016.9262012
986.06584032
923.44492939
849.4908569199999
0.0
88.357112786
87.00682775599999
86.002769653
85.264152207
84.86022078500001
84.664025526
84.664025526
84.664025526
85.87581978099999
87.595413534
89.072648446
90.792242199
92.223313518
93.642843931
94.843097293
95.69712372
96.424200279
96.504986566
95.858696295
94.681524728
93.435107776
92.765735705
91.253878105
89.303466394
0.0
46.821421963
43.832329461
41.639558899
40.173864890000004
39.446788337
39.469870133
40.300814762
41.674181587999996
44.617110508
47.894725453
50.883817955
53.595928918
56.088762816
58.385401463
60.589712918
62.586288221
64.409750059
65.51767623799999
65.240694698
63.463396451
61.882293463
59.677982008
55.546340627999996
50.756868083
0.0
8.863409433500001
8.4941007066
8.2517418547
8.1017101849
8.0324647985
8.1017101849
8.1940373661
8.413314423200001
8.932654819
9.4058316252
9.786681249399999
10.121367287
10.375267031
10.65224858
10.859984733
11.010016401
11.136966282
11.194670767
11.056179993
10.779198453
10.583003193
10.340644342
9.775140350900001
9.128850080300001
0.0
192.46755097
180.16495396
171.12843112
165.10408247
162.13807178
162.23039896999998
165.64650465
171.27846273
183.38486445
196.864633
209.13260725
220.31573705
230.52943152
239.99296769
249.02949053
257.23506882
264.72511138
269.30684778
268.17583983000003
260.87045163000005
254.36138531
245.30178063
228.29049737
208.64788949
0.0
122.40276102
115.32819069
110.1924912
106.58019022
104.42204233999999
104.12197904
104.352797
105.25298699
112.99692936
122.65666073
132.62799632
141.81455094999998
149.80085210000001
156.47149103
161.56102693
164.87326451
166.51207197
165.63496382
161.18017728
154.5903247
151.57815042000001
148.08125839
140.24498882999998
130.6083393
0.0
82.263518802
77.508668946
74.05794053700001
71.634352018
70.191739805
69.984003652
70.13403532
70.745702894
75.950647763
82.436632266
89.141893833
95.31627409699999
100.682791529
105.16065981
108.58830641
110.81569973
111.912085
111.32349923000001
108.3344067
103.90270201
101.87150398
99.52870175700001
94.266052417
87.780067901
0.0
497.88586762
467.77566556
446.21726867
432.18353702
426.21689298
428.64048148999996
437.40002278000003
454.53825588999996
489.04553998
527.39594308
561.3377232400001
591.00937123
615.15292915
632.14113057
644.5706774299999
655.89229809
664.74416657
667.43319571
656.79248808
636.60745802
622.6314308899999
603.72744047
565.3885782799999
520.11363663
0.0
143.22254044000002
137.54441877
133.5281864
130.5044712
129.28113607
129.26959515
130.36598043
133.10117316
139.50637137
145.65766987
151.11651451
156.15988681
161.68797679
167.27377127
172.30560265999998
176.67960285
180.47655818
182.41542902999998
180.56888537
175.76787194000002
171.57852612
168.04701141
159.18360192
149.0968574
0.0
95.15470152200001
91.369287084
88.714880616
86.695223517
85.887360675
85.87581978099999
86.60289633400001
88.42635817300001
92.684949425
96.758886312
100.394269086
103.74112939000001
107.41113487
111.12730395
114.47416429
117.38247046
119.89838616
121.19096672
119.96763159
116.77080294000001
113.98944662
111.64664437
105.7607865
99.043984051
0.0
155.21353313999998
145.28836114
138.00605469
133.14733675
130.74683008
130.82761634000002
133.58589091
138.12146362
147.8850631
158.75658877
168.64713809999998
177.67212010999998
185.90078014
193.54085440999998
200.83470178
207.44763611
213.48352568
217.17661291
216.264882
210.37902413
205.11637478
197.81098658
184.10040006999998
168.25474753
0.0
162.51892144
152.13211343
144.50358008999999
139.41404419
136.90966941
136.99045568
139.8756801
144.61898911
154.85576533
166.23509042
176.58727566
186.03927092
194.66032152
202.65816360000002
210.28669693999998
217.21123558
223.53564753
227.4018483
226.4439538
220.28111438
214.77610614999998
207.13603189
192.77915518999998
176.18334426
0.0
224.26272408
211.29075504
201.89646439
195.27198904
191.32500209999998
190.78257983999998
191.19805215999997
192.84840053
207.02062296
224.72435999
243.00514197
259.83177077
274.45408819
286.67589884
296.01248508
302.08299732
305.07208976
303.47944588999997
295.30849036999996
283.23671132
277.70862135000004
271.30342313
256.95808726999996
239.2889729
0.0
346.82705763
341.55286745
337.60588042
334.68603332
333.10493028999997
332.3547719
332.3547719
332.3547719
337.08653999
343.82642426999996
349.63149579000003
356.37138006
362.00333814000004
367.60067355
372.28627795
375.63313829
378.51836272
378.81842611
376.30251042
371.66306951
366.7697289
364.1499451
358.20638280000003
350.56630854
0.0
1060.8277757
996.6603844
950.73915244
920.8366865200001
908.13015819
913.2773985199999
931.95057098
968.4544304599999
1041.9814896
1123.6910457
1196.0178514
1259.2388887
1310.6882106
1346.8573838
1373.3668266
1397.4757618
1416.3335887
1422.0578736
1399.3915502999998
1356.4017069
1326.6031086
1286.3369163
1204.6504424
1108.1800786000001
0.0
58.016092731
55.707913199000004
54.080646619999996
52.857311462
52.361052867
52.361052867
52.799606977
53.907533156
56.504235139
58.997069037
61.212921395
63.255660289
65.48305354899999
67.74506949799999
69.787808392
71.56510663
73.100046026
73.884827073
73.134668724
71.195797907
69.49928595
68.06821463
64.478995447
60.381976765
0.0
1138.9711944
1066.1481299
1012.7253144
977.0870219000001
959.4871529100001
960.05265696
980.29539156
1013.5677999
1085.2598564
1165.0074587
1237.6112464
1303.7867540999998
1364.1918124000001
1420.2459528
1473.738014
1522.279029
1566.6076175
1593.6825629
1587.0119248
1543.8028036
1505.233123
1451.6256535
1351.0121070999999
1234.7144811
0.0
187.32031056
179.88797241
174.64840490999998
170.68987696
169.08569217000002
169.07415125
170.49368167
174.08290089
182.46159262
190.49405746
197.63787313
204.23926654000002
211.46386857
218.76925677999998
225.35910936
231.08339462
236.03443974
238.58497811
236.16138959
229.89468216
224.40121485
219.78485579
208.19779449
194.99500749999999
0.0
38.015717017
35.822946455
34.218761681
33.0992946
32.429922532
32.337595358
32.406840736
32.695363178
35.095869902
38.096503307
41.189463886
44.051606516
46.521358627
48.59872021
50.179823197999994
51.206963096
51.714762594
51.449321946999994
50.064414219
48.010134432
47.075321717
45.990477334
43.555347921
40.566255409
0.0
303.00626906
285.47564546
272.78065806
263.83646232
258.50456754
257.75440924
258.31991317
260.54730649
279.70519661
303.61793667
328.31545778
351.06256713
370.80904310999995
387.33560861
399.93826882999997
408.13230628
412.18316132999996
410.02501344999996
398.99191525000003
382.67308596
375.20612514
366.56199269
347.17328461
323.30670813999996
0.0
290.76137665
272.16899045
258.5391903
249.43342194
244.94401273
245.0825035
250.25282575
258.74692642
277.05079014
297.40893374
315.94361543
332.83948966
348.25812896
362.56884216000003
376.22172406
388.61664826
399.926728
406.83972572
405.14321376
394.11011556
384.26572982
370.57822516
344.88818686999997
315.20499796
0.0
226.20159492
217.2227765
210.88682363
206.10889205
204.18156212
204.15848028
205.88961491999999
210.20591068
220.32727797
230.03317293
238.66576446
246.62898386
255.35390248
264.18268921
272.12282686
279.03582458
285.02555047
288.10697018
285.18712309
277.60475324
270.98027799
265.40602443
251.40691545
235.46893572000002
0.0
86.568273645
82.967513559
80.601629534
79.159017321
78.535808844
79.205180912
80.105370929
82.205814308
87.249186607
91.900168378
95.66250103200001
98.928575076
101.37524539
104.0527337
106.09547256
107.60733016
108.87682888
109.35000572
108.06896607
105.32223242
103.45260701
101.05210025000001
95.53555115500001
89.222680114
0.0
22.227768973
20.796697654
19.758016862
19.065562998
18.719336071
18.730876964
19.123267492
19.781098658
21.177547279000002
22.735568471
24.143557986
25.436138531
26.613310097
27.709695374
28.759917068
29.706270676
30.571838004
31.091178404
30.964228532
30.121743000000002
29.371584642
28.321362957
26.359410344
24.085853501
0.0
263.32866280999997
247.39068308
235.99981707
228.57901984
225.41681387
226.69785351
231.32575349
240.39689909999998
258.64305830999996
278.93195648
296.87805239
312.57367324999996
325.33790617
334.32826542
340.90657717
346.88476214
351.57036663
352.98989705
347.35793896999996
336.69414951000005
329.29643403
319.30201668999996
299.02465936
275.07729663
0.0
53.838287769
50.722245385
48.471770338
46.879126457000005
45.932772840000005
45.794282073999995
45.898150151
46.29054067
49.695105496
53.942155845
58.339237871
62.378552068
65.886984961
68.818372979
71.057307132
72.523001141
73.23853680100001
72.857687175
70.895734571
67.99896924299999
66.67176600900001
65.125285719
61.686098204000004
57.450588748
0.0
186.48936591
178.23762404
172.13248922
167.67770267999998
165.50801387
165.68112741
166.4774493
170.43597724999998
182.40388811
195.69900229
208.02468105
218.87312488
227.13640758
233.13767439
236.77305721000002
238.95428684
240.22378565
239.45054542
234.82264553
227.87502504999998
224.20501957
218.35378444999998
207.95543562
195.58359336
0.0
97.28976760799999
91.403909782
87.191482122
84.456289364
83.2906587
83.752294607
85.47188836000001
88.818748692
95.55863295
103.06021644
109.68469178
115.4897633
120.20999047000001
123.52222805
125.95735748
128.16166895
129.89280359
130.42368494
128.3347824
124.39933629000001
121.66414356
117.97105632
110.48101366
101.6291451
0.0
44.871010252000005
43.082171112000005
41.835754158
40.877859648
40.497010031
40.497010031
40.843236958
41.697263384
43.705379589
45.632709504
47.340762364
48.921865350999994
50.653000006999996
52.395675556
53.976778543
55.350145368999996
56.538857828
57.150525402999996
56.561939624
55.061622926
53.745960586
52.638034407
49.86821896
46.706012993
0.0
270.70329644
254.32676264
242.6127514
234.98421806000002
231.7296849
233.04534721
237.81173797000002
247.12524245
265.89074209
286.74514428000003
305.1990397
321.33321463000004
334.45521536
343.68793349000003
350.45089952
356.60219802
361.41475237000003
362.88044637999997
357.09845660999997
346.12306292
338.51761133
328.24621235
307.40335108000005
282.78661633
0.0
48.633342909
45.528841426999996
43.243743682
41.72034518
40.970186831
40.993268626
41.858835954
43.278366371000004
46.336704261
49.741269087
52.845770568999995
55.673290501
58.246910688
60.647417412
62.932515157
64.998335847
66.891043064
68.045132834
67.768151294
65.92160766
64.271259285
61.98616154
57.681406705
52.718820687000004
0.0
9.1865545688
8.7133777628
8.344069036799999
8.205578264
8.044005696300001
8.240200957699999
8.3556099347
8.724918660699998
9.3019635455
10.0059583053
10.444512418
10.952311916000001
11.402406929
11.748633857000002
11.864042836
12.129483482
12.221810665
12.279515150000002
12.071778998000001
11.679388469
11.517815908
10.986934605
10.479135108
9.7174358623
0.0
169.31651013
158.49114814
150.55101049
145.25373847
142.63395467
142.71474093999998
145.72691522
150.67796034
161.33020897999998
173.1827109
183.97345022000002
193.81783596
202.79665438
211.12918251000002
219.080861
226.29392211
232.88377469
236.91154798000002
235.91903080999998
229.49075075
223.76646549
215.79170517
200.83470178
183.54643697
0.0
88.126294828
83.025218053
79.332130785
76.73542880100001
75.177407609
74.958130554
75.131244027
75.77753428999999
81.351787883
88.299408301
95.489387565
102.10232194
107.83814812
112.65070247
116.30916703
118.69813287000001
119.87530441
119.24055505
116.03218548
111.28887646999999
109.11918776
106.60327207
100.97131399
94.023693564
0.0
783.48846303
733.4009670199999
696.6547487
672.13034113
660.0239394
660.41632998
674.3346526
697.2202527200001
746.54604951
801.39993627
851.33740059
896.8662420400001
938.42501466
976.9716128800001
1013.7755361000001
1047.1633532
1077.6659455
1096.2814133
1091.699677
1061.9703244
1035.4378004
998.56463256
929.35386902
849.3523661500001
0.0
24.166639782
23.208745271
22.527832309
22.020032811
21.812296649
21.812296649
21.996951016
22.458586922
23.543431305
24.582112097
25.505383918
26.347869449999997
27.282682164999997
28.229035774
29.071521306
29.810138760999997
30.456429025
30.779574166
30.467969927
29.660107084
28.956112327
28.355985646
26.867209842
25.159156982000003
0.0
164.65398747999998
155.12120596
148.21974916
143.36103122
140.46426587
140.06033447000002
140.37193869
141.58373299000002
151.99362275000001
164.98867353999998
178.41073757
190.77103900999998
201.49253289
210.47135131
217.32664461000002
221.78143106
223.97420161
222.80857099
216.80730418000002
207.94389479
203.88149872999998
199.1843534
188.64751378999998
175.68708567
0.0
780.24547079
768.38142795
759.49493671
752.9281658799999
749.3620285
747.67705746
747.70013921
747.68859838
758.3408469200001
773.4940456
786.55834182
801.72308142
814.3949870700001
826.9745655400001
837.52294607
845.0591522300001
851.54513679
852.22604975
846.5594689100001
836.1264974000001
825.1164810399999
819.21908234
805.8431818900001
788.64724427
0.0
210.74833286
198.56114487
189.73235814999998
183.5118143
179.80718615
179.28784572
179.6802363
181.22671657
194.55645342
211.18688702
228.35974281
244.18231351
257.91598177
269.41071588
278.18179818
283.8830016
286.69898069
285.19866392
277.51242606
266.16772364
260.97431964000003
254.961512
241.48174345
224.87439169
0.0
270.26474228
252.98801848
240.31611283
231.85663474999998
227.67882985
227.80577971000002
232.61833406
240.51230803
257.52359129
276.43912262000003
293.66968283
309.37684459999997
323.71063955
337.00575373
349.70074122
361.21855708
371.74385577000004
378.16059491
376.57949197
366.33117473
357.17924287
344.44963271
320.58305633000003
292.98876987
0.0
462.47839353999996
455.44998680000003
450.18733745
446.28651400999996
444.17452972
443.18201255
443.19355347
443.18201255
449.50642450000004
458.48524292
466.21764436999996
475.20800371
482.72112812
490.17654801000003
496.43171453
500.89804198999997
504.74116091999997
505.14509232
501.78669106
495.61231080000005
489.08016274
485.58327069999996
477.65467397
467.46406134
0.0
87.999344956
83.556099347
79.920716572
78.605054231
77.070114835
78.974362955
80.03612554200001
83.671508317
89.153434726
95.88177809000001
100.163451135
104.98754636000001
109.29230121
112.65070247
113.77016949
116.21683985
117.16319343
117.71715653
115.73212208999999
111.95824859
110.34252289
105.33377334
100.405809988
93.08888085000001
0.0
353.60156457
332.21628112999997
316.90150993
306.94171517
302.70620576
304.41425864
310.64634341
322.81044956
347.32331630000004
374.55983486
398.65722919
419.73090841
436.88068244
448.94092048000005
457.78124813
465.81371296
472.10350215000005
474.00775033
466.44846232000003
452.1262083
442.18949538000004
428.76743134000003
401.54245362
369.3895127
0.0
123.70688241
115.80136752
109.996296
106.11855431
104.21430622999999
104.27201074
106.47632220999999
110.08862318
117.87872914
126.53440241999999
134.41683547
141.60681474
148.17358557
154.25563864
160.07225108
165.33490043
170.1589957
173.09038372
172.374848
167.67770267999998
163.48835677
157.66020349000001
146.73097331
134.10523125
0.0
505.56056464
483.21738669999996
466.63311669
454.58441948
448.69856169
449.16019752
451.3183454
462.06292122
494.50438461000005
530.5235263899999
563.94596612
593.36371431
615.76459676
632.02572163
641.90473004
647.80212875
651.22977535
649.15241382
636.60745802
617.76117203
607.8244591099999
591.96726573
563.74977083
530.223463
0.0
478.54332313
458.62373369
445.55943747
437.60775897999997
434.15703054
437.82703602
442.84732649
454.45746963
482.32873754
508.0533985
528.8154734999999
546.86543752
560.4259922399999
575.19834135
586.4968801800001
594.85249015
601.88089681
604.52376236
597.40302852
582.23828893
571.8861036799999
558.66023493
528.12301963
493.24642681
0.0
1490.6569691999998
1468.0021874
1451.0255271
1438.4574888000002
1431.6599009000001
1428.4399901000002
1428.4746129999999
1428.4630714
1448.8212151999999
1477.7657865
1502.7172080999999
1531.6964022
1555.8976644
1579.9373540000001
1600.0993022
1614.4908019000002
1626.8741853000001
1628.1783067
1617.3529444
1597.4333553
1576.3827581
1565.1073006
1539.5672941
1506.7218993
0.0
293.24266967
275.50430987000004
262.80932238
254.54603967999998
251.02606588999998
252.45713714000001
257.61591847
267.70266299
288.02618392
310.61172065
330.61209644
348.08501552
362.30340144
372.30935979000003
379.62628892
386.29692776
391.51341351
393.09451654000003
386.82780911000003
374.94068442
366.70048347
355.57505809
332.98952135999997
306.33004765
0.0
555.4172426900001
519.9059004200001
493.85809433000003
476.47750243
467.89107449
468.16805604
478.03552362
494.26202573
529.2194049
568.11223019
603.51970426
635.7880543
665.25196608
692.58081182
718.6632406699999
742.33362185
763.9497232499999
777.15251016
773.897977
752.82429787
734.02417546
707.88404218
658.81214519
602.11171477
0.0
420.19254433
401.62323997
387.84340812
377.82590884999996
372.94410915
373.32495881
375.11379796
384.04645278
411.00598979
440.94307841
468.72201914
493.17718136999997
511.80419024
525.31858146
533.5241597500001
538.42904128
541.27964303
539.54850831
529.12707772
513.45453862
505.20279683
492.02309158
468.57198753
440.70071953
0.0
495.7623425
465.76754937
444.3130205
430.33699344999997
424.39343107
426.80547875
435.53039737
452.58784421
486.94509661
525.1339270999999
558.93721648
588.48191461
612.52160452
629.42901958
641.81240286
653.08785993
661.8935648099999
664.57105312
653.9765090000001
633.88380612
619.9654835
601.1422793400001
562.96498977
517.8862434
0.0
514.23931967
481.35930212
457.23882595
441.15081452
433.19913604
433.46457667
442.6049677
457.6196756
489.99189364999995
525.9994944099999
558.77564395
588.6550280600001
615.9261692900001
641.2353580099999
665.39045685
687.30662155
707.31853817
719.5403488200001
716.52817454
697.02405743
679.60884286
655.39603942
609.97106607
557.47152247
0.0
77.277850997
72.811523584
69.568531328
67.29497448500001
65.933148553
65.736953293
65.886984961
66.452488953
71.334288682
77.43942355899999
83.740753704
89.534284352
94.577656655
98.790084315
101.99845383
104.09889729
105.12603714000001
104.57207404
101.75609503999999
97.60137184599999
95.69712372
93.492812259
88.541767152
82.459714062
0.0
12.891182734
12.383383236
12.014074504
11.748633857000002
11.633224878
11.633224878
11.737092963
11.979451813999999
12.5564967
13.110459789
13.595177491000001
14.056813398
14.553072002
15.049330598
15.510966503999999
15.903357032
16.238043066
16.422697423000002
16.249583959
15.822570742
15.441721126000001
15.130116887
14.322254044
13.422064027
0.0
903.4214719500001
863.5015067300001
833.87602233
812.32916637
801.82694943
802.65789408
806.501013
825.69352589
883.67499596
948.0385823700001
1007.76272806
1060.331517
1100.3784324
1129.4268713000001
1147.0729038
1157.6097435000001
1163.7495018
1160.0333322
1137.6209086
1103.9445699
1086.1831282
1057.8386834
1007.42804196
947.5192420100001
0.0
1270.0065467999998
1213.8831607
1172.2436022
1141.9487451999998
1127.1879374
1128.3420268
1133.7547079
1160.7373272
1242.2391462
1332.7313254
1416.6798154
1490.5761829
1546.8726823
1587.7159189
1612.5173084
1627.3473619000001
1635.9684122
1630.740386
1599.2337354000001
1551.8814317
1526.9184703
1487.0908318
1416.2066387999998
1331.9927076000001
0.0
853.02237163
815.3182588999999
787.35466371
767.00806112
757.0944299500001
757.8676700899999
761.5030529000001
779.62226226
834.36074009
895.14664823
951.5354744399999
1001.1613344799999
1038.9808566
1066.4135701999999
1083.0670851
1093.0268806
1098.8204113
1095.311978
1074.1459716
1042.3507985
1025.5818744
998.81853226
951.21232931
894.6503896500001
0.0
299.38242726
287.49530257000004
279.11661083999996
272.79219888999995
270.23011961
270.20703786
272.49213559000003
278.20487993
291.60386213
304.44888132
315.87437
326.41120961
337.96364823
349.64303671
360.15679448
369.30872633999996
377.22578225
381.29971912999997
377.43351836
367.40447826
358.64493688000005
351.25876241
332.74716248
311.63886059
0.0
160.78778671
151.48582324
144.74593896000002
140.00262996
137.17511004
136.78271956
137.08278285999998
138.2599544
148.42748528
161.11093185
174.22139166
186.29317063
196.77230580999998
205.53184711
212.22556778999999
216.57648622000002
218.72309318
217.58054432
211.71776828
203.062095
199.10356714
194.51028983
184.22735002
171.5669852
0.0
230.31015448
216.99195855000002
207.33222718000002
200.53463839
196.48378335
195.91827933000002
196.34529257
198.04180454000002
212.60641744
230.77179040000001
249.54883096
266.83709568
281.84026274
294.40830029
303.9872454
310.21933017
313.30074988
311.65040151
303.27170978
290.86524475
285.18712309
278.62035226
263.88262591
245.7403347
0.0
311.46574714
293.45040579
280.39765049000005
271.21109595
265.72916957
264.95592934
265.5445152
267.82961294
287.52992524
312.1004965
337.49047139
360.87233019
381.16122836
398.14942977
411.1098578
419.53471312
423.70097719
421.48512488999995
410.14042247
393.35995717
385.68526024
376.798769
356.86763865
332.34323107
0.0
41.651099801
40.000751426
38.835120763000006
37.946471638999995
37.600244703
37.588703809
37.911848941
38.708170881
40.566255409
42.355094559
43.94773844
45.413432448
47.017617223
48.644883801999995
50.110577811
51.38007656
52.488002739
53.053506722
52.511084534999995
51.114635913
49.891300755
48.864160857
46.29054067
43.359152652
0.0
15.972602419000001
15.314771244
14.876217134000001
14.610776487
14.495367508
14.622317388999999
14.783889950999999
15.176280479
16.099552291
16.965119619
17.657573483
18.257700164000003
18.707795168
19.204053773
19.584903398
19.861884939
20.092702896
20.185030079
19.942671228
19.434871721
19.088644794
18.650090683
17.634491688
16.468861015
0.0
412.58709273
387.63567191
369.77036226
358.14867829
353.19763317
355.20574935
362.46497406000003
376.66027823
405.25862269000004
437.04225497
465.16742267999996
489.76107569
509.76145138000004
523.84134653
534.1473681900001
543.5185771800001
550.85858805
553.08598137
544.26873547
527.54597478
515.95891348
500.2979153
468.52582394
431.00636549
0.0
51.910957853999996
49.845137164
48.390984057
47.294598772
46.856044661
46.844503759
47.24843518
48.240952379999996
50.560672824
52.788066075
54.761559581
56.596562313
58.593137616
60.624335616
62.447797455
64.02890043400001
65.402267259
66.106262026
65.436889957
63.705755302
62.182356808
60.901317157
57.692947599
54.034483028
0.0
134.18601751
126.0727665
120.25615406
116.48228046999999
114.86655477
115.52438597000001
117.87872914
122.50662903
131.79705176
142.13769609
151.28962795
159.28747003
165.79653634
170.36673181999998
173.72513308
176.77193003
179.16089587
179.87643158
177.01428891
171.57852612
167.80465253
162.71511662999998
152.37447231
140.17574349
0.0
127.13452902
118.99819617
113.04309294999999
109.06148325
107.09953064999999
107.15723516
109.41925106
113.13542013
121.13326221
130.03129436
138.14454546000002
145.53072002
152.2706042
158.52577081
164.49241494999998
169.91663682
174.86768195000002
177.89139715
177.14123876
172.31714358000002
168.01238874
162.03420368
150.79336937
137.82140032
0.0
71.518943039
67.38730166799999
64.386668264
62.274683982
61.016726135000006
60.843612672
60.970562544
61.501443838
66.02547573599999
71.668974716
77.497128053
82.863645483
87.526168156
91.426991578
94.40454317800001
96.331873089
97.28976760799999
96.781968107
94.17372522699999
90.330606292
88.564848948
86.52211005400001
81.940373661
76.30841558399999
0.0
503.82943001
478.37020968
457.58505284
450.02576493
441.2893053
452.16083097
458.21980229
479.06266346
510.47698701
548.93125822
573.44412487
601.0961157500001
625.74747327
645.0092314999999
651.36826612
665.35583418
670.83776056
674.01150746
662.60910053
640.98145821
631.77182183
603.05806835
574.88673713
533.00481932
0.0
568.9200929900001
534.50513609
509.87686032
493.84655349999997
487.02588296
489.79569836
499.80165662
519.38656008
558.82180746
602.64259602
641.42001237
675.3271697700001
702.92145614
722.32170523
736.54009116
749.4658966100001
759.5872638899999
762.65714269
750.49303645
727.43432288
711.46172048
689.86870084
646.05945319
594.3216088099999
0.0
1005.88156174
941.5756796600001
894.39648994
862.9129209600001
847.3673318
847.87513131
865.7519817900001
895.12356648
958.4484721800001
1028.8710299
1092.9922577999998
1151.4353632
1204.7889338
1254.2878435
1301.5247379999998
1344.3991731
1383.545898
1407.4586377
1401.5612394
1363.4070311
1329.3498428
1281.9975391
1193.1441674
1090.4417191
0.0
1166.0692219999999
1114.5391137
1076.3041191
1048.4905559000001
1034.930001
1036.0033049
1040.9658907
1065.7441981000002
1140.5638374
1223.6467605999999
1300.7284160999998
1368.5888947
1420.2690341
1457.7769516
1480.5471435
1494.1538619
1502.0709173
1497.2699041
1468.3484141000001
1424.8738526
1401.9536296
1365.3805246000002
1300.3014030000002
1222.9773885
0.0
90.861487586
85.610379134
81.801882896
79.112853729
77.52020984800001
77.300932793
77.462505354
78.13187742299999
83.87924447900001
91.046141952
98.45539827200001
105.27606883
111.19654938
116.14759441
119.93300892
122.3912201
123.60301439999999
122.95672411999999
119.64448645
114.75114583999999
112.51221169
109.92705057
104.11043812
96.955081565
0.0
1309.545662
1251.6680601
1208.7243793
1177.4947107
1162.2722660999998
1163.4725198
1169.0352321
1196.8718776
1280.9011539
1374.2093121
1460.7775855
1536.9705919
1595.0213072
1637.1340431
1662.7086725
1678.0003618
1686.8868534
1681.4972536
1649.0096270000001
1600.1916291999999
1574.4438865000002
1533.3698316
1460.2928674
1373.4476129
0.0
1.8696254275000002
1.7542164504
1.6734301662
1.6157256776
1.5926438828
1.6041847807
1.6388074734
1.7080528598
1.8350027338
1.9734935066000001
2.1004433816
2.2158523586000003
2.3081795399000002
2.3658840284
2.412047619
2.4582112097
2.4928339032999998
2.5043748012
2.4582112097
2.3889658242
2.3312613356
2.2620159492000003
2.1235251764000003
1.9504117109
0.0
102.52933518
95.97410527
91.161550931
87.953181364
86.372078386
86.41824197700001
88.241703807
91.242337212
97.693699026
104.87213743000001
111.4042855
117.37092962999999
122.80669242
127.85006473
132.66261907999998
137.03661927000002
141.02976989
143.46489932
142.86477263
138.97549011
135.50167992000002
130.67758465
121.61797997
111.15038579
0.0
1751.5043391
1674.1110789
1616.6720317
1574.8939818
1554.535838
1556.1400235
1563.5839023
1600.8148378
1713.2116403
1838.0033677
1953.7816536999999
2055.6993205999997
2133.3464805
2189.6660613
2223.8732824999997
2244.3122117000003
2256.2108779
2248.9978166
2205.5463364
2140.247937
2105.8214398
2050.8867668
1953.1353629
1836.9877689
0.0
354.9749314
339.27931054000004
327.64608566
319.17506675
315.05496627
315.37811141
316.88996901
324.42617526000004
347.20790728000003
372.50555507999997
395.96820005
416.62640695
432.35665047
443.77059832000003
450.70667788
454.84986011
457.26190778999995
455.79621378
446.99050881
433.75309913999996
426.7823969
415.6454306
395.82970928
372.29781887
0.0
389.83998339
364.92318524
346.63086243
334.43213352000004
328.40778496
328.60398016
335.52851880000003
346.91938481
371.45533338999996
398.74955637000005
423.6086501
446.25189134000004
466.93317999000004
486.11415195999996
504.42955661
521.0369084600001
536.21318888
545.48052977
543.19543204
528.41154209
515.2087551
496.85872778
462.42068903
422.61613284
0.0
110.59642269
105.71462291
102.09078102000001
99.447915479
98.166875839
98.25920301000001
98.732379813
101.08672292
108.18437501
116.06680815
123.37219644
129.81201733
134.71689886
138.27149532
140.4296432
141.72222376000002
142.47238206
142.01074623
139.27555341
135.14391201
132.9742233
129.50041311
123.33757368
115.99756280999999
0.0
75.33898018
70.780325592
67.51425154100001
65.39072636600001
64.49053634
64.859845072
66.187048306
68.772209387
74.00023605199999
79.80530759300001
84.941007066
89.430416275
93.077339948
95.65096013
97.532126451
99.24017931399999
100.57892345600001
100.99439574
99.378670094
96.331873089
94.208347915
91.346205288
85.552674649
78.69738141399999
0.0
108.77296077999999
104.44512418
101.40986806000001
99.101688544
98.17841673199999
98.166875839
98.997820461
101.07518209
105.94544086
110.60796352
114.76268676000001
118.59426476
122.78361058
127.03066100999999
130.85069809
134.17447668
137.04816019
138.53693595
137.12894645
133.48202281
130.29673499
127.61924676999999
120.89090342
113.21620639999999
0.0
122.21810665
116.81696654
112.81227499
109.90396882
108.47289748
108.58830641
109.10764684
111.7043488
119.55215926999999
128.25399614
136.33262456
143.4533584
148.86603943999998
152.80148555000002
155.19045139
156.60998181
157.44092646000001
156.94466778
153.90941175
149.35075711
146.95025044000002
143.11867234
136.2980018
128.1847507
0.0
698.18968814
667.3293277
644.4437275700001
627.79021213
619.6654202
620.31171048
623.27772117
638.11931562
682.92108044
732.66234956
778.81439945
819.4499002
850.3910470000001
872.84963388
886.4794341200001
894.6273079
899.37061681
896.4969333099999
879.17404583
853.14932149
839.42719415
817.52257037
778.56049965
732.2584181499999
0.0
347.64646144
326.61894580999996
311.56961515
301.77139301
297.60512894
299.3016409
305.41831673999997
317.37468677
341.4720811
368.25850465999997
391.95196768
412.66787899999997
429.52913056
441.39317339999997
450.07192852000003
457.97744341000003
464.15182367
466.03299
458.60065184999996
444.50921578
434.74561631
421.55437023
394.77948759
363.16896876
0.0
400.27295489
380.05330216
363.53827749000004
357.52546985
350.58939029
359.22198182
364.046077
380.59572434
405.54714516
436.1074423
455.58847757
477.55080586
497.13570932
512.42739877
517.48231191
528.60773729
532.95865573
535.47457142
526.42650766
509.23057013
501.92518183
479.10882706
456.73102644
423.44707747999996
0.0
260.90507429999997
245.11712626000002
233.83012827000002
226.47857647
223.35099317
224.60895105999998
229.20222828
238.1810467
256.26563339
276.35833627
294.15440057999996
309.69998974
322.34881364
331.2468458
337.76745294
343.69947441
348.33891523
349.74690481000005
344.17265116
333.58964805
326.26117800000003
316.35908775
296.27792569999997
272.54984011
0.0
772.84775531
738.6982390400001
713.35442774
694.92361406
685.9332547199999
686.64879044
689.93794627
706.36064366
755.95188108
811.0135040499999
862.10505815
907.07993651
941.33332093
966.1924145400001
981.2763677300001
990.30134974
995.5524582400001
992.36717052
973.19773946
944.38011788
929.19229649
904.9564113
861.81653568
810.56340906
0.0
520.3444545899999
488.86088560999997
466.34459422000003
451.6761133
445.44402854000003
447.97148506
457.12341701
475.03489017000004
511.10019554
551.1817331899999
586.6469118699999
617.6573040100001
642.8972472099999
660.6356070100001
673.64219873
685.4716189
694.7158779499999
697.53185694
686.40643156
665.32121151
650.69889409
630.95241811
590.88242128
543.56474077
0.0
364.90010349
342.82236617
327.03441814
316.75147824
312.37747805000004
314.14323536
320.57151541
333.12801213
358.41411891999996
386.52774572
411.39838026999996
433.14143153
450.84516866
463.28625635
472.40356554
480.70147101
487.18745548
489.14940808
481.35930212
466.56387126
456.31555412
442.46647693
414.37593188
381.18431011
0.0
138.40998609000002
130.4006031
124.59553157
120.52159469
118.08646526
117.74023837
118.00567899
119.02127801
127.76927847
138.68696764
149.97396564000002
160.36077355
169.38575556
176.93350264
182.69241058
186.4316614
188.27820506
187.29722872000002
182.2538565
174.79843651
171.39387175
167.4353438
158.58347532
147.6888679
0.0
1185.8272384000002
1114.0890185
1062.7551057
1029.3442065
1015.1258210000001
1020.8847289
1041.7506720000001
1082.5708273
1164.753559
1256.0997642999998
1336.9322121
1407.6086698
1465.1169627000002
1505.5562684000001
1535.1817533
1562.1297489
1583.2149689
1589.6201676
1564.2763557
1516.2200579
1482.9014866
1437.9035259
1346.5919434999998
1238.7537951
0.0
427.82107776
408.91708725
394.88335569
384.68120214000004
379.70707518
380.09946575
381.92292757
391.00561409
418.46140969000004
448.94092048000005
477.22766072
502.12137712000003
521.08307205
534.83982206
543.19543204
548.19264075
551.1009469300001
549.33518962
538.71756375
522.7680431
514.3662695300001
500.94420558
477.0660882
448.69856169
0.0
1001.6575931
957.3867095100001
924.54131467
900.65165646
889.0068906500001
889.93016248
894.1887537299999
915.4817099899999
979.75296926
1051.1218809000002
1117.3320105
1175.6135442
1220.0229181
1252.2335635999998
1271.7953854
1283.4863154
1290.2839033999999
1286.1638030000001
1261.3162508
1223.9699052
1204.2811344
1172.8668109
1116.9627016
1050.5448357
0.0
75.477470954
70.91881636699999
67.641201413
65.51767623799999
64.61748622100001
64.986794944
66.31399817900001
68.910700162
74.138726818
79.955339261
85.102579637
89.591988837
93.261994308
95.83561449999999
97.716780821
99.436374577
100.775118709
101.17905010999999
99.574865347
96.504986566
94.393002285
91.530859654
85.714247211
78.84741308199999
0.0
623.00073962
583.1731016800001
553.95154868
534.4589725
524.82232288
525.1339270999999
536.21318888
554.40164368
593.6291549299999
637.2422073800001
676.9544364
713.15823245
746.19982253
776.85244686
806.1201634399999
832.66422812
856.91165415
871.73016685
868.0717022900001
844.43594379
823.35072364
794.02530264
738.98676151
675.3733333600001
0.0
707.91866486
665.09039355
634.4493101400001
614.4950980399999
606.01253821
609.45172573
621.9158952600001
646.2787302300001
695.33908639
749.86982801
798.1338622000001
840.31584331
874.6500139499999
898.79357196
916.4742271599999
932.57377949
945.15335794
948.97339514
933.84327827
905.15260659
885.26763982
858.40043
803.89277013
739.51764277
0.0
106.90333537
101.50219525
97.093572345
95.489387565
93.63130302900001
95.93948257299999
97.220522213
101.64068602
108.31132495
116.47073955
121.67568448
127.53846051
132.7664871
136.85196489999998
138.20224998
141.16826067
142.33389128000002
143.00326341
140.59121582
135.9979385
134.04752674
127.95393284
121.97574778
113.08925654000001
0.0
84.86022078500001
81.109429032
78.328072682
76.296874691
75.315898384
75.396684674
75.75445249500001
77.55483253700001
83.002136258
89.04956665
94.658442933
99.59794714200001
103.36027983
106.08393164
107.74582093000001
108.73833811
109.31538305000001
108.95761514
106.85717177000001
103.69496579999999
102.02153567
99.36712919099999
94.623820236
89.003403058
0.0
754.08225567
710.46920331
678.85868448
656.6193746399999
643.34734221
641.4892577200001
642.8972472099999
648.44841903
696.12386744
755.62873594
817.09555713
873.70366037
922.83326187
963.96502125
995.34472213
1015.7374881000001
1025.8126919000001
1020.4346336
992.9788380599999
952.36641906
933.78557371
912.2617994999999
864.00930624
804.61984667
0.0
224.17039690000001
211.20996877000002
201.80413719999999
195.19120278
191.25575666999998
190.70179357
191.1172659
192.76761427
206.9398366
224.63203281
242.90127386999998
259.72790276
274.33867925
286.56048991
295.89707613999997
301.95604737
304.9451399
303.35249604
295.18154043
283.12130239
277.59321232
271.18801411
256.85421916
239.19664572000002
0.0
1387.0774126
1303.1635455
1243.1277961
1204.0387753
1187.4083417
1194.1482256
1218.5572249000002
1266.301918
1362.4260551
1469.271686
1563.837802
1646.4937113
1713.7656041
1761.0717435
1795.7175184
1827.2472512
1851.9101493
1859.4001916
1829.7516254000002
1773.5359131999999
1734.5738423
1681.9358082
1575.1248002
1448.9827879000002
0.0
180.41885376
169.51270542
161.69951771
156.60998181
154.45183393
155.32894217
158.50268897
164.71169199
177.21048419000002
191.1172659
203.40832199000002
214.16443863
222.91243909000002
229.06373751
233.57622856
237.67324720000002
240.88161675999999
241.8625931
238.00793326
230.69100412999998
225.62454998
218.78079770000002
204.88555682
188.47440035
0.0
1000.59583053
956.3826515000001
923.5718792499999
899.70530287
888.07207799
888.9838089
893.24240015
914.51227457
978.71428853
1050.0139541
1116.154839
1174.3786685
1218.7303383
1250.906361
1270.4451006
1282.1244889
1288.9220778
1284.8019774
1259.9775066
1222.6773253
1203.011635
1171.6203936000002
1115.7855301
1049.4253684
0.0
867.18305313
814.71813221
777.18713283
752.7435115200001
742.3567036000001
746.5575903399999
761.82619804
791.67095947
851.77595466
918.57467062
977.68714867
1029.3672887
1071.4223196
1100.9900995
1122.6639053
1142.3757591
1157.7828568
1162.4684617
1143.9337802
1108.7917465
1084.4289116
1051.5258117
984.7386371800001
905.87968313
0.0
432.85290915
407.82070196999996
389.67841086
376.90263711
369.28564459
368.22388199
369.03174478999995
372.21703261
399.58050102000004
433.74155822
469.02208253
501.50970951
529.71566349
553.3283401499999
571.33214058
583.04615173
588.8281415
585.73518096
569.97031468
546.66924223
536.0054527699999
523.64515134
495.94699687
461.86672593
0.0
32.372218047
31.091178404
30.179447485
29.498534523
29.221552974
29.221552974
29.463911825
30.087120302
31.529732515
32.926181136000004
34.161057187
35.303606064
36.550023018
37.807980864
38.950529732
39.943046941999995
40.797073366999996
41.235627477
40.820155162999995
39.73531078
38.788957171
37.981094328000005
35.984519026
33.699421281
0.0
105.72616382999999
101.32908180000001
98.44385737
96.678100034
95.916400778
96.724263624
97.843730689
100.405809988
106.55710846999999
112.24677106
116.82850746000001
120.82165799
123.81075052
127.07682460000001
129.56965845
131.42774303000002
132.9742233
133.56280907
131.98170613000002
128.63484578999999
126.34974805
123.42990087000001
116.67847576
108.96915605999999
0.0
8.5402642972
8.1824964691
7.9516785151
7.8131877423
7.7439423559
7.8131877423
7.9055149244
8.113251082700002
8.609509683699999
9.0711455918
9.440454317799999
9.7635994543
10.0059583053
10.271398954999999
10.467594214
10.617625881999999
10.744575754
10.790739346
10.663789474
10.398348827
10.213694461
9.971335612699999
9.4289134212
8.805704945
0.0
12.279515150000002
11.771715653000001
11.437029618
11.229293465
11.136966282
11.229293465
11.367784231
11.656306674
12.371842333
13.041214402
13.572095695
14.033731602
14.379958529
14.760808155
15.049330598
15.268607653
15.441721126000001
15.510966503999999
15.326312147
14.945462521
14.668480972
14.333794947
13.5490139
12.660364776
0.0
3.4622693103
3.2891558446999998
3.139124174
3.0929605834
3.0352560949
3.1045014813000003
3.1506650719000002
3.2891558446999998
3.5084329009
3.7738735477
3.9354461154
4.1316413767
4.3047548422999995
4.4317047163000005
4.4778683069
4.5701954891
4.604818181900001
4.627899977599999
4.5586545912
4.4086229214
4.339377535000001
4.1431822737
3.9469870133000002
3.6584645707
