0.0
119.36813715939344
117.07872642711014
114.49951685248568
114.34012749765468
115.41238315866691
118.00608267240769
123.42532075302981
128.80108900539116
131.65560745868896
132.2352051133639
130.71376126609124
128.83006888635174
127.71434339707878
128.4388404729243
127.45352445752172
128.62720970871587
130.25008314344248
134.56808567390792
137.00239586009715
137.27770468966744
136.04605974202286
132.59745365128666
126.83045697458606
119.59997621798988
0.0
120.42590287856143
118.32486138206971
117.70179390458995
117.71628383825035
118.8899690894445
121.75897749004245
125.83065101733925
130.19212337879335
133.3799104917813
133.6697093013871
131.9888761074673
130.0762038467672
128.2794511126374
127.308625044535
126.5261682067683
126.78698715178122
128.52578011853396
132.85827259084365
135.45197206639318
136.04605974202286
134.40869633544457
131.22090921700075
126.07698002323583
121.07795024518563
0.0
233.7952043190255
233.05621730133564
232.20131077071534
231.86804210284137
232.72294863346167
233.8821439537234
235.0558291994617
236.93952161193653
236.98299141564573
236.82360209900597
236.461353471061
236.25849437799144
236.3599239927249
236.6931925242015
237.1713606650771
237.374219839985
237.91034768276688
238.41749556547768
240.60547671303493
240.90976550267632
239.95342941188144
238.40300566728058
236.60625294406256
234.78052028805297
0.0
274.99010773286886
266.9771700784912
261.7463012527563
259.0801520188824
259.5293402269664
263.42713443576434
270.73006489612595
276.9462497727267
285.8720536323516
294.4790788314175
301.5501702931975
307.1143077322474
311.51924990559456
314.9098962316817
317.764414660428
319.80749638954256
320.6913827983955
325.61796291632754
328.3710517848993
327.41471563954553
322.77793441305784
315.08377552835697
302.4485466275271
288.68310233922705
0.0
37.13771977655989
35.68872563850857
34.74687945136676
34.1962616776524
34.08034214562624
34.659939800301174
35.71770551946915
36.48567241811952
37.84772691056116
39.3691707523779
40.54285600357204
41.600621722740016
42.61491761910315
43.614723581805855
44.48412006518224
45.06371771985717
45.223107074688194
45.23759702198835
45.759234906558284
45.51290590066169
44.686979248273985
43.426354346014264
41.55715189993518
39.31121099045674
0.0
727.5979168694956
706.094843920065
695.0824884457779
693.2712457425242
702.2694993659294
724.1203309632696
759.374358357362
795.7586011934834
821.0000791169107
832.7659115070848
833.1571399314238
827.4915728230817
820.6668104490367
815.928599580536
814.0304173244228
816.7690162129593
824.7095041308361
851.4289560078047
867.6432004295939
868.4401472037491
855.6600188844764
828.7232178798441
787.9340328703755
742.4356168979183
0.0
51.135003158919645
49.61355931710289
48.845592426636365
48.71518295276592
49.352740372089976
50.888674153023054
53.36645413473765
55.9166838202177
57.698946609775305
58.52487327034683
58.55385315130742
58.14813479057982
57.66996672608678
57.336698077308434
57.20628859798211
57.39465784741343
57.95976555478821
59.828967992683474
60.97367336291703
61.03163313302203
60.133256768685065
58.235074441645395
55.366066046503335
52.1782789444272
0.0
203.68510611597006
196.59952472871348
192.67275064168285
191.3106961465133
193.04948916782502
198.8599556127715
209.0318944819149
220.0732298344347
227.04289159964287
229.54965151687696
229.216382849003
227.65146912436657
227.41963007122607
228.72372486448927
231.50579355673477
235.49052748206907
240.15628858678943
247.12595037927704
253.37111518866936
252.57416835995534
247.29982973051128
238.99709326652774
226.65166317530364
212.74131949584046
0.0
254.53031045437208
249.66169009290536
244.1555123557618
243.80775378969074
246.09716455198142
251.64681214739315
263.1952953826238
274.6568390649949
280.74261442135014
281.9597694435181
278.71402259043265
274.7147988214602
272.3529383226687
273.874382189037
271.77334070345705
274.2945905188883
277.75768644507883
286.9298194197182
292.1461982654176
292.711305986432
290.10311653630293
282.75671621767316
270.4402660865201
255.03745833708294
0.0
1291.589905574871
1253.4089100155315
1233.8474891259232
1230.645212131106
1246.6131275197192
1285.402700576503
1347.9702673649724
1412.5664259025214
1457.354834544565
1478.2493304875816
1478.9593375452007
1468.8888289727772
1456.7752375255013
1448.385560963069
1444.994915509925
1449.8635352166846
1463.9622477636667
1511.3878260068666
1540.1648503022511
1541.5848641446942
1518.9081062223202
1471.076809465627
1398.6705722030936
1317.9036391020236
0.0
54.43870980120579
52.83032630286757
52.00439964229602
51.87399016842559
52.540527474166126
54.17789085619288
56.81506018455465
59.539169166709975
61.437351485565806
62.306747968942176
62.33572785808659
61.915519550058846
61.40837160460522
61.046123066682455
60.91571360099585
61.11857278408761
61.71266037242299
63.71227228418865
64.91493742452722
64.98738712829264
64.03105099385068
62.00245920112441
58.959571512035026
55.554435282294925
0.0
566.7740574521799
564.9917946544383
562.890753141579
562.093806367424
564.1803579002479
566.9769166270878
569.8169451303576
574.3812766203444
574.5116861133105
574.1059677907741
573.2510611783155
572.729423315569
572.9757523487451
573.8016790011328
574.9608743213945
575.4535323059082
576.7431370645769
577.960292141304
583.2781006290162
584.0170877012648
581.6986970607416
577.9458022431068
573.5843298461893
569.1504077946095
0.0
956.0753127008088
927.8199269774367
913.3299855969235
910.9681252345293
922.7774273465743
951.4964912307863
997.8208338010725
1045.6231505158555
1078.7906263771245
1094.2513938284678
1094.7730316912143
1087.310711859654
1078.3559280945167
1072.1397432179162
1069.6329833825203
1073.2409787817126
1083.6737366367881
1118.7828645578788
1140.0830784687987
1141.1263541942917
1124.3470020514876
1088.948075266232
1035.3497820592584
975.5642839357547
0.0
120.67223188445799
120.2954934128748
119.84630522388647
119.67242593539503
120.12161411074368
120.71570171271875
121.32427924289837
122.2951053246405
122.3240852056011
122.2371455545355
122.0487763187439
121.93285678671772
121.99081654863889
122.16469585077007
122.41102485666666
122.52694438869283
122.8022532700941
123.04858226780686
124.19328764349632
124.33818705921102
123.84552904741784
123.04858226780686
122.12122602250932
121.17937983536753
0.0
52.07684935151735
50.26560667554326
49.2658007210244
48.91804213040178
49.3672303112063
50.845204338402034
53.45339378580324
56.27893235268456
58.046705205853804
58.69875256429417
58.61181291322858
58.20609456068481
58.14813479057982
58.481403447541986
59.19141057608736
60.22019640611092
61.40837160460522
63.19063439961872
64.7845279506568
64.58166876756505
63.234104222423575
61.10408283678746
57.95976555478821
54.39523997294504
0.0
11.084805162776078
10.88194598268507
10.823986217217573
10.823986217217573
10.93990574815256
11.200724693711066
11.57746316965897
11.98318152820422
12.27298035663287
12.301960239230217
12.142570884126412
11.968691586905546
11.79481229023027
11.707872642711019
11.635422935126464
11.664402817996605
11.823792173100413
12.215020590346992
12.461349594606821
12.519309360074313
12.359920004152125
12.07012117654186
11.591953110957641
11.142764928243574
0.0
214.05990413274188
206.6265641794142
202.49693091747574
201.0624267403643
202.90264924001212
209.00291457640284
219.6964913628515
231.30293438182684
238.62035474038564
241.2430341705503
240.90976550267632
239.2724021779364
239.01158324656322
240.40261761996547
243.31509580517698
247.5026889054192
252.40028906328004
259.7321994018743
266.2816528645106
265.4557262121229
259.9060786712701
251.18313404111206
238.20014649237268
223.59428551709053
0.0
128.58373988045514
123.58471010786081
120.2954934128748
118.44078091409588
118.03506255336828
120.0056945841734
123.70062963988697
126.36677885193727
131.06151986216975
136.3503484443699
140.39304208252227
144.05899730910627
147.5945429717976
151.0286591015939
154.04256690153886
156.07115873245635
156.60728649339984
156.650756351668
158.4764889531187
157.5926025442657
154.75257401371655
150.37661171860202
143.9285878161402
136.1329993603531
0.0
86.4180104367006
83.05634403794917
80.85387294854766
79.60773798813219
79.33242910127501
80.66550371275605
83.14328368901477
84.92554648402827
88.0988436469881
91.64887928153111
94.35849832184216
96.8217883562566
99.19813875324519
101.50203942737274
103.53063122009902
104.89268571254064
105.2549342450075
105.2839141259681
106.51555914726725
105.92147155074802
104.00879929004793
101.06734118568455
96.73484871064693
91.4894899267001
0.0
585.3646522163989
568.0636622108486
559.1958180258506
557.7468239505421
564.9917946544383
582.5680935713974
610.9249088276646
640.1945904801352
660.4949983328744
669.9714200153167
670.2901987031552
665.7258671586093
660.2341793196629
656.4378147255983
654.9018809337535
657.1043520613463
663.4944161527837
684.9829992585763
698.0384364892576
698.6759938649344
688.402625462896
666.7256731622311
633.9059558670336
597.3043639032483
0.0
174.47338430180304
172.09703382297604
171.35804688712466
171.48845638009072
173.4301084944719
177.37137250697907
184.22511484109512
191.29620616647782
193.71602636717563
191.89029384756333
188.48515759599965
185.18145098644888
184.094705402688
184.06572544261695
184.73226272380597
185.7900284293342
187.29698239750533
190.3543600557185
194.61440275606412
194.5129731958896
192.51336132504312
188.84740608754734
182.52979167805157
176.16870746484662
0.0
115.90504117046012
114.34012749765468
113.84746949404533
113.93440913965502
115.22401392287533
117.83220337027652
122.39653490936651
127.09127591959897
128.6996594124813
127.4825043384823
125.2220734817037
123.03409233414646
122.2951053246405
122.2951053246405
122.71531362448442
123.42532075302981
124.43961664939295
126.45371850300288
129.29374700900053
129.22129730523508
127.88822269920993
125.46840248760033
121.2663194864331
117.0352565988494
0.0
172.63316166575797
166.63432594410065
163.30163951087616
162.1424441906145
163.62041814415565
168.54699818024923
177.1685133320712
186.52901550158293
192.4264216085068
194.55644299959877
194.28113408819016
192.94805955309158
192.74520037818368
193.8609258401772
196.2227862844097
199.5989426304613
203.54020669752742
209.45210278448675
214.7409313666869
214.05990413274188
209.59700220292942
202.55489067394097
192.09315294063282
180.31283065226165
0.0
180.76201883306618
174.47338430180304
170.99579834101806
169.77864323701164
171.32906700889203
176.4874860981261
185.51471959976388
195.30991997004463
201.48263498837724
203.7140859942027
203.42428718459684
202.03325281119461
201.83039363628677
202.98958895654843
205.45287901551433
209.00291457640284
213.13254786562075
219.3197528367094
224.85491045208556
224.14490333990796
219.46465225515206
212.1037620383252
201.1348764223061
188.80393631111758
0.0
235.5774671167669
226.4198241221631
220.40649850230866
217.00136219618605
216.2623752603347
219.88486055772387
226.65166317530364
231.5202834549319
240.14179860675387
249.82107949138356
257.23992946467575
263.9342824003136
270.41128620828755
276.7144107195861
282.2350783549269
285.94450336885234
286.9298194197182
287.0167590544161
290.36393546767613
288.7410620411334
283.5246831135956
275.52623549381235
263.68795336713754
249.4153611415677
0.0
473.69067397444167
472.19820998630604
470.4449271213562
469.7783897856083
471.51718272508157
473.85006329108137
476.22641368807007
480.05175824220555
480.15318780238016
479.81991913450616
479.09542209685185
478.6607238688034
478.8635830437113
479.5591002031329
480.52992632852227
480.9356445964997
482.022390262099
483.036686163918
487.48509814097434
488.1081656184541
486.16651350407295
483.0221961838824
479.3852209064577
475.6757959470911
0.0
1247.2072150644076
1210.3592941220047
1191.4644105681443
1188.3635631335014
1203.780860781136
1241.2373592209826
1301.6604148020015
1364.0396127775111
1407.2920873549156
1427.476575803842
1428.157602792272
1418.4203628331634
1406.7269798794164
1398.6271022629871
1395.3668655935428
1400.0616067401725
1413.6676617118328
1459.4703665012107
1487.262073900066
1488.6241284225152
1466.7298271851425
1420.5358939714254
1350.62192667337
1272.637062182707
0.0
70.66744415392766
69.71110801948569
69.40681925166794
69.46477902177294
70.24723585408374
71.8411294051218
74.62319814919827
77.47771660249607
78.46303261789862
77.72404560839269
76.34750117410677
74.99993663442119
74.56523838727712
74.55074844543284
74.82605733229003
75.24626563213397
75.86933310961375
77.10097813091288
78.82528115582139
78.78181132756066
77.97037461428927
76.49240059527737
73.92768096795308
71.34847140151244
0.0
1266.7976158322483
1222.7916638479269
1198.3471327804932
1189.8415371416017
1200.7089931428873
1236.8324170476355
1300.095501131924
1368.7778229913047
1412.0737683271993
1427.6794351969857
1425.6508434479063
1415.9425821940138
1414.4501189969828
1422.622445313293
1439.8944557952439
1464.7012354360636
1493.666628544408
1537.0060426746716
1575.8390857806796
1570.869036104554
1538.1072784839832
1486.4506376914649
1409.6539478809864
1323.148997907794
0.0
228.18759702170743
225.08674950522618
224.11592346167532
224.28980273107112
226.8255424719789
231.98396161577196
240.9387453809089
250.1978179356873
253.3566252086338
250.98027481164522
246.51737285455326
242.1993702613451
240.76486616607207
240.75037618603653
241.60528266209798
242.99631703550017
244.96694910995242
248.9516830352866
254.54480035256915
254.39990101596496
251.77722158580033
246.99554094086992
238.73627433515455
230.4045579929384
0.0
39.93427846793652
38.38385473697535
37.36955884061222
36.78996118593728
36.65955171206685
37.26812925588621
38.427324559780196
39.253251220351736
40.70224535840306
42.35409867954613
43.600233634505706
44.744939010195154
45.84617455216798
46.90394027679185
47.84578646393365
48.46885394686934
48.64273324354461
48.657223182660914
49.22233089821955
48.94702201136237
48.063135580685824
46.7010810937001
44.70146918193442
42.281648975780705
0.0
318.2860525231743
305.926132588312
297.7972754210038
293.1894740727487
292.1896681236857
297.07277838334954
306.21593134335893
312.80885466426344
324.4442776160303
337.54318462314137
347.5412442501684
356.59745757547984
365.36387206390606
373.854977722762
381.33178753435783
386.33081730695216
387.6638919238891
387.7798114368196
392.30067315037684
390.1126920028195
383.056090575634
372.26108417445187
356.27867886036194
336.99256688216235
0.0
323.40100189053766
312.15680736310986
305.926132588312
303.75264128439295
306.5202201330003
315.75031278226646
331.8921075493935
349.42493660808435
360.48076188608076
364.46549572957645
363.9438578668302
361.4660779096671
361.0893393835249
363.1758909163488
367.5808331715343
373.91293756106563
381.30280765612525
392.3731228868775
402.2842427973684
401.02361786237316
392.6629216964835
379.462585074639
359.8576943813215
337.7750236762818
0.0
275.5552153993245
271.80232058168974
270.64312526142805
270.8459844908949
273.90336206726965
280.1340368420675
290.95802306692326
302.1297678578502
305.9406224865092
303.0571241249713
297.6813558807938
292.4649770350944
290.74067399381823
290.7116941155856
291.7404799428812
293.43580302408634
295.8121534483544
300.6228140260764
307.3751266636206
307.20124736694527
304.04244017583716
298.2609535818438
288.2773839348523
278.2213646059189
0.0
108.26884205313631
106.37065973973637
105.82004196602205
105.82004196602205
106.87780768518999
109.45701725163063
113.12297242638364
117.04974653796573
119.90426499399148
120.1650839390044
118.65813003084807
116.93382700593955
115.32544351305722
114.44155709056452
113.74603990386343
113.97787896791576
115.54279263799323
119.42609692949844
121.75897749004245
122.3095952583009
120.83162123928902
117.96261284414693
113.34032154313583
108.8484397159951
0.0
24.719840011577787
23.864933461861828
23.386765405552627
23.212886103421454
23.430235228357475
24.125752415058578
25.371887370018147
26.704961981499192
27.545378583915003
27.849667351732762
27.820687470772178
27.632318226796738
27.60333834583616
27.762727700667174
28.095996357629357
28.57416441393855
29.139272134953064
29.99417867102929
30.7476556278354
30.646226043109387
30.00866861832945
29.008862655626746
27.501908755654256
25.8210755590065
0.0
309.5920876894105
300.4344447493656
295.7541936646097
294.98622685052567
298.8115713228228
308.09962375583376
323.1112030809317
338.58646043047247
349.3235069933509
354.3370267459807
354.4964160626205
352.0910858419582
349.1786075749083
347.1789957040618
346.36755894987124
347.52675427013287
350.90291056162545
362.2775145820193
369.17472669256506
369.50799530588006
364.0742673052373
352.61272370470454
335.25377386085063
315.8952122007091
0.0
56.55424123954173
54.351770150140204
52.917265953933146
52.091339293361614
51.91745999668633
52.786856480062724
54.409729920245205
55.58341517143934
57.64098684512619
59.97386740839816
61.75613019522782
63.36451369356605
64.91493742452722
66.42189132449971
67.75496593052486
68.63885236120139
68.885181367098
68.89967130075841
69.71110801948569
69.31987960060235
68.05925470652647
66.14658243764252
63.306553931644885
59.87243781548831
0.0
198.3383177500251
192.5713210815084
188.78944633108208
186.8767740949335
187.1955527827719
190.00660140780897
195.28094009181206
199.74384204890399
206.1918659513658
212.4080508279665
217.50851021529425
221.50773398426668
224.69552108088686
227.12983126162024
229.20189286896752
230.6653769243116
231.30293438182684
234.8529700245537
236.85258197723863
236.1570647632581
232.80988834999803
227.26024075458628
218.14606761825058
208.22045772772435
0.0
114.38359732045951
111.00744097440796
109.26864801583902
108.99333912898186
110.39886344422833
113.83297954674518
119.3826271012377
125.0916640078333
129.06190795040405
130.916620449183
130.97458021110415
130.09069378861145
129.01843812214332
128.26496117079313
127.97516235027551
128.39537064466356
129.65599554692326
133.84358861443008
136.39381829172626
136.52422775741286
134.5101259283544
130.27906302440306
123.87450892837842
116.71647788918739
0.0
54.656058917957964
53.917071908452016
53.685232844399685
53.72870266720452
54.32279026917962
55.56892522413919
57.71343654889161
59.93039758559331
60.68387453694353
60.1187668213849
59.04651115491677
58.01772532489322
57.66996672608678
57.66996672608678
57.87282590372263
58.20609456068481
58.66977268333358
59.62610881777556
60.97367336291703
60.930203534656286
60.3071360571765
59.16243068694294
57.17730872247742
55.192186752556005
0.0
318.2570726995006
308.85310067172065
304.0279501958016
303.2454934016821
307.18675746874817
316.7356288331323
332.1529264807667
348.0773720929502
359.11870739091114
364.26263658194813
364.43651585134387
361.94424591414526
358.9738079724684
356.9017463651212
356.06132973269797
357.26399491122777
360.7415808174539
372.42047362748895
379.52054483110425
379.86830342445484
374.27518610717226
362.4948637369627
344.65774588863053
324.7485664056716
0.0
54.09095120512729
52.20725882538778
51.16398303988023
50.8017345101413
51.26541263279007
52.815836361023294
55.510965462218024
58.452423566581416
60.29264612351609
60.95918342380071
60.87224377819102
60.46652541200752
60.39407570824208
60.741834298864696
61.48082130837064
62.538587032994506
63.784721996137925
65.6249445530726
67.29128780787609
67.07393869112391
65.68290431499375
63.4659432864759
60.19121652515034
56.496281469436724
0.0
11.374603990386344
11.157254869542248
10.910925866100802
10.88194598268507
10.997865514438441
11.244194517879885
11.751342466879834
12.27298035663287
12.533799301372987
12.591759066840481
12.446859653035352
12.27298035663287
12.157060824879496
12.229510532464047
12.142570884126412
12.244000473762727
12.40338982832094
12.80910818768458
13.04094725037294
13.069927132424702
12.954007601489712
12.635228891009302
12.08461111865892
11.389093931685016
0.0
188.32576822480095
181.7763146803263
178.13933940290153
176.87871452246537
178.48709805081097
183.86286629498852
193.26683824093
203.48224694106213
209.91578089076793
212.23417153129122
211.92988274164986
210.49537850997956
210.26353945683897
211.48069461540427
214.04541415270631
217.74034926843478
222.04386182704854
228.49188575678986
234.25888242530655
233.51989540761681
228.65127512798853
220.9716062233232
209.55353239922024
196.70095434344688
0.0
92.56174559316823
88.96824012218063
86.60637968613193
85.25881513280662
84.96901629864928
86.40352050304018
89.05517977324621
90.96785203394631
94.35849832184216
98.16935290958193
101.08183113298473
103.70451052223018
106.25474020771023
108.73252017578508
110.90601138968195
112.35500552773328
112.74623394661661
112.77521382757719
114.09379849994194
113.45624107516198
111.3986693932913
108.25435211947591
103.6175708711646
98.00996355475093
0.0
871.4250751254613
841.1555876057661
824.332765604694
818.4788293014794
825.955639031237
850.8058885303248
894.3336724283297
941.5708814220984
971.3622008554773
982.0847575201584
980.7082131267917
974.0283500893509
972.9850742820199
978.6071715593735
990.4889235443163
1007.5580744967261
1027.481743877882
1057.3020432713317
1084.007005250103
1080.6018689985394
1058.0555201872187
1022.526183963556
969.6958576525049
910.1856683040126
0.0
29.443560902770827
29.037842544771163
28.921923018200893
28.936412951861314
29.269681608823497
29.936218914564023
31.08092427661374
32.2835894169523
32.689307769496075
32.38501900167832
31.805421347003378
31.254803573289017
31.066434337497427
31.066434337497427
31.167863927679324
31.356233163470925
31.602562169367523
32.1242000621213
32.834207190666675
32.819717243366505
32.48644859458817
31.863381117108382
30.805615397940407
29.733359731472273
0.0
172.95194043543478
166.24309757432033
161.8236654209376
159.31690558554192
158.76628776272452
161.4324369965984
166.40248689096006
169.9815024119196
176.29911690325372
183.41367808690455
188.84740608754734
193.7739862054793
198.52668694489753
203.14897827318813
207.2061618804642
209.93027087080338
210.65476796301664
210.71272766492294
213.17601772388895
211.98784249811516
208.1480080457825
202.2795817625323
193.60010690880398
183.10938929726322
0.0
1065.633759613548
1062.2720931656936
1058.3308290986274
1056.8383651650506
1060.7506492993252
1066.0104980032927
1071.3572864237965
1079.9353316627914
1080.1816606959676
1079.4281837800806
1077.8053103535378
1076.8199943026718
1077.2981623889884
1078.8485860790306
1081.036567226588
1081.949433595512
1084.3837436944068
1086.6731544566974
1096.6712140291654
1098.0622484025678
1093.7007760056506
1086.6296845984293
1078.4573577092503
1070.1111514688369
0.0
221.39181447133612
212.78478927227022
207.1337121439635
203.93143506730772
203.2359179078861
206.6265641794142
212.98764844717812
217.58095989723606
225.66634720627619
234.78052028805297
241.735692155064
248.03881666636264
254.12459210455626
260.0364881915156
265.2383771390179
268.71596304524394
269.64331931236507
269.73025894706296
272.8745761854151
271.3531323736057
266.4410422357093
258.9207626476837
247.80697761322207
234.38929191827265
0.0
300.5938341478438
290.16107629276826
284.3506097659833
282.33650796966026
284.91571748699783
293.49376286239004
308.5053421056497
324.7920362639398
335.06540466597824
338.77482967990375
338.29666162086664
335.99276093309936
335.6305123869928
337.57216450137395
341.6728179669182
347.55573409380656
354.4239663261197
364.71182476275254
373.92742745926273
372.75374224080394
364.9726436941257
352.714153319438
334.50029694496374
313.9680499845251
0.0
631.645525064814
629.6604030103264
627.3130325461292
626.4291461372761
628.7475367232407
631.8628741379191
635.0361712545036
640.1221407436344
640.267040162077
639.817851953993
638.8615158086393
638.2819181621483
638.557227073557
639.4845832861191
640.7741880447879
641.3248058676053
642.7593100174372
644.1068746144097
650.0477506341607
650.8736772865484
648.2799777346163
644.0923846343742
639.2382543347815
634.2971843186524
0.0
108.94986930072113
106.86331774334573
104.51594723550157
104.37104782797071
105.3418738960731
107.71822427942197
112.65929429555102
117.57138443071949
120.17957388084866
120.7012117654186
119.31017739747227
117.6003643062242
116.58606841531696
117.23811578194118
116.33973941760419
117.4119950704326
118.8899690894445
122.8312331510547
125.0626841268727
125.29452318546916
124.17879770438
121.03448042238078
115.76014175474545
109.16721841747326
0.0
415.73090839782986
403.4434380630711
397.1403135517725
396.11152772447684
401.25545691551383
413.731296499704
433.8868049340005
454.66538084577684
469.08287262618654
475.82069536553377
476.03804443863874
472.7922975855532
468.8945032949169
466.1993742646488
465.1126285990495
466.67754226912695
471.21289393544015
486.48529219191136
495.7443647466897
496.1935529274942
488.9051123926092
473.50230464317195
450.2024789705234
424.20752413120925
0.0
137.5964834484325
132.81480276803882
130.16314349783278
129.23578724707934
130.40947250372938
134.33624660985558
141.20447883671284
148.66679865736137
153.37602962034987
155.05686280335792
154.83951367569392
153.7962378683628
153.62235857168753
154.520734960576
156.38993742029484
159.08506653240136
162.22938377075346
166.93861473374196
171.15518771221676
170.61905986943486
167.05453424667252
161.4469269766339
153.10072070894117
143.71123866119677
0.0
537.7072349746171
522.0436083756451
511.8137097500364
506.6118208025342
507.49570715682825
515.0884364813545
529.3900086124364
541.5180895487172
558.9784689527455
575.8302708320504
589.6536748768157
600.5211309326601
609.1426460299231
615.750059330863
621.3576666281812
625.3424005535154
627.0667035947915
636.6880246411175
642.0927728180866
640.2090803783324
631.152866998462
616.1123078769697
591.4069577963244
564.4701567098538
0.0
598.5070290817781
588.0597813285054
584.9444439138272
585.0024036702924
590.8128701970772
605.1289322809151
625.3424005535154
647.0193528541803
662.8133889733978
664.2623831032652
655.9451567410846
646.4397551531302
637.4994613134697
632.6743108921096
628.8199864597415
630.0951012383747
638.7600862484649
660.2196894214657
673.1157372536688
676.1151551554166
667.9283382043636
652.119812186949
626.5595555756835
601.7382859548281
0.0
2035.8947251507439
2029.4901705064024
2021.940911585733
2019.0863925022798
2026.5632028867442
2036.6047322083625
2046.8346308885302
2063.2227538977286
2063.686432549599
2062.251928126973
2059.1365911487655
2057.2673881434575
2058.180255139809
2061.150693136045
2065.3093057851856
2067.0770788211275
2071.7283501913275
2076.089822779201
2095.187565071498
2097.853714523608
2089.5075077921642
2076.002883117224
2060.382725940048
2044.443790456947
0.0
344.7591755033639
334.5727466814645
329.34187785572965
328.4869712432709
332.76150406004933
343.1073221985885
359.81422460489165
377.0572548539767
389.0114564390231
394.5900839126675
394.7784531075399
392.0833240772718
388.8520671223834
386.6061262183609
385.70774982947233
387.01184456817674
390.7792293385674
403.42894816487393
411.10861706953926
411.48535559568137
405.44305001575594
392.67741167651894
373.34782984005113
351.78679705231684
0.0
617.749671283548
596.2900680559882
584.3793361928126
580.220723025362
585.5240415330386
603.1438103082658
633.992895529011
667.479150078118
688.5909946577684
696.1982139077713
695.2128979387439
690.4891769957198
689.7501899780301
693.7349238488054
702.1680697511961
714.2526809110469
728.3803737454534
749.5211982033366
768.4595516154651
766.0397314147672
750.0573260461184
724.8593179809593
687.4173094393095
645.2226000764032
0.0
446.91326225916964
433.9012949140361
425.3956992751445
421.07769673649534
421.8021937741496
428.11980826548375
440.00156025042673
450.0865594575928
464.5909907363031
478.6027641123381
490.09328759110343
499.1205210927412
506.2930421146957
511.78472987180385
516.4504909765243
519.7541976679133
521.1887017631864
529.1871494375287
533.6790313274121
532.1141176027757
524.593838069309
512.0890186614452
491.55677170100654
469.16981220632556
0.0
582.8578923810031
565.6293520301153
556.8049777033854
555.355983573518
562.5719744537406
580.0758236341987
608.3022294793383
637.4559915097606
657.6694597823607
667.102411551976
667.4211903216528
662.871348729863
657.4086408509876
653.6267661551202
652.0908323087164
654.2933034363092
660.6543877040731
682.0560310933292
695.0390185875098
695.676576045025
685.4466773648574
663.8566646988904
631.1963368021711
594.7396442841078
0.0
571.9614564196465
552.0812568421998
541.0544114424359
537.2145769901034
542.1121771479643
558.4278511299282
586.9875256429417
617.9960002348856
637.5429311717379
644.5850426734469
643.6721763863612
639.2962140912467
638.6151867754633
642.3101218911917
650.1057103360671
661.3064350052266
674.3763621886638
693.9522730037488
711.4851020624398
709.239161158417
694.4449309882625
671.1306153355782
636.456185587977
597.3913036197845
0.0
81.17265165820967
78.02833437621044
75.95627276067934
74.7825875040293
74.52176856447228
75.76790351943185
78.1007840881597
79.78161729026336
82.75205527013142
86.08474179337817
88.6349714734023
90.9533621002859
93.184813070648
95.35830427636101
97.25648660340066
98.5316014475047
98.87936003812729
98.90833991908788
100.05304528932143
99.50242752106296
97.70567478693314
94.93809597651709
90.86642244922032
85.95433231405183
0.0
15.707096459968096
15.48974734321592
15.417297639450492
15.431787581294756
15.605666875242086
15.967915413164851
16.57649294880037
17.214050368124422
17.431399493060436
17.272010138229422
16.96772136222782
16.663432594410065
16.562003009684055
16.562003009684055
16.61996277160522
16.72139236451507
16.851801830201655
17.127110717058834
17.51833913594218
17.503849202281756
17.329969900150587
16.996701251372244
16.431593535813622
15.851995881138683
0.0
960.8714833257746
932.8914064319728
914.605100457395
905.3025580443486
906.8819616944617
920.4590367606098
946.0192934537139
967.6962456998197
998.8930894866361
1028.9886977914941
1053.6940478721397
1073.125059268782
1088.5133770381838
1100.3516591648586
1110.364208635524
1117.4932597992104
1120.5651273556205
1137.7646877464372
1147.42947870559
1144.0533223595387
1127.882547714179
1100.9892164859764
1056.8383651650506
1008.7172698169879
0.0
1350.766826419166
1311.426635375888
1285.7359692443767
1272.6515521627425
1274.8685131885322
1293.9662559718595
1329.8723306671056
1360.3591675599798
1404.2057303913384
1446.5308490835343
1481.2487480074171
1508.5622878109862
1530.2102606426101
1546.8447126031465
1560.9144458993237
1570.9269956973424
1575.2449984542277
1599.4432004612058
1613.0202755819125
1608.282064549735
1585.5328567271831
1547.7430898376983
1485.6826704954683
1418.0146443196713
0.0
907.2587001387653
880.8435370514383
863.5860168223177
854.790622455659
856.2830863892356
869.106684484938
893.2324368645334
913.7067241230656
943.1502849903732
971.5795500104206
994.9083556158607
1013.2381315305449
1027.7860326675236
1038.9577774584504
1048.40521926266
1055.1430420020072
1058.0410302890218
1074.2842545890437
1083.4129176235763
1080.2251305542354
1064.9527322977644
1039.5663550377333
997.8787936393759
952.438337423384
0.0
364.6973347827171
359.7417748683909
358.1913511783489
358.45217010972215
362.50935363515975
370.7541303426781
385.07019237195703
399.8644225421115
404.92141215300956
401.11055749707117
393.96701643518776
387.084294222839
384.7948834605483
384.76590363687467
386.1279581320442
388.3594090833107
391.5037263762217
397.87930062402114
406.80510451092556
406.573265457785
402.3856723575429
394.7494732293073
381.5346467092657
368.23288052724683
0.0
168.89475682815868
162.33081338548686
158.02730082687313
155.57850066610428
155.0423729051608
157.650562300731
162.49020270212662
165.99676854114426
172.16948355947682
179.1101655282908
184.42797401600302
189.22414461368945
193.8754158202127
198.38178755373437
202.3520314990331
205.00369075287145
205.71369794688752
205.77165764879388
208.17698792401512
207.01779260375346
203.26489786795707
197.54137092131117
189.05026526245527
178.82036671868494
0.0
241.9240614317748
232.5345794385893
226.3473743856623
222.84080860120358
222.08733168531668
225.81124662471882
232.75192851169436
237.7654482643242
246.60431251653065
256.55890220345117
264.1661214534542
271.04884358396436
277.6997267431725
284.1622405711109
289.84229760492974
293.63866219899427
294.6674480808488
294.75438774282617
298.188503845343
296.52216056053214
291.16088224183125
282.94508549438393
270.8025146326267
256.13869390087933
0.0
327.182876586405
314.4751979490743
306.11450178318444
301.37629094196325
300.3475051146677
305.37551476549464
314.7794867387156
321.5462894108543
333.5149809759362
346.97613652915385
357.24950493119235
366.56653724243597
375.56479086584113
384.30222547603466
391.9818944625383
397.1258236535753
398.50236804694197
398.61828764171105
403.26955876639585
401.02361786237316
393.7641572602799
382.6503721712592
366.23326857456203
346.39653882810387
0.0
50.743774745492196
50.048257558791086
49.83090843385507
49.87437825665991
50.439485977674444
51.58419134790799
53.56931331237351
55.626884994244186
56.33689211460573
55.800764288191516
54.81544827278898
53.85911214653085
53.54033343141294
53.525843489568665
53.71421272536027
54.032991435022275
54.46768967671048
55.35157610738701
56.59771106780248
56.568731186841894
55.989133523983114
54.916877865698815
53.07665530876416
51.23643275728539
0.0
19.981629170356634
19.633870579734026
19.53244099500802
19.53244099500802
19.72081023079961
20.198978295292648
20.880005542877438
21.60450261053912
22.1261405032929
22.169610326097747
21.894301439240568
21.575522729578545
21.2857239008771
21.126334540590193
20.995925074903603
21.039394903164343
21.329193723681946
22.039200852227317
22.473899093915506
22.575328678641515
22.300019791784337
21.77838191267029
20.923475362954335
20.08305876326648
0.0
485.07976783847363
470.7492158291591
463.4028155378088
462.20015041383795
468.1844962372981
482.76137725250925
506.26406215462475
530.5202240544655
547.3430460555376
555.1965942568783
555.4574131882514
551.675538492384
547.1256969005942
543.966889709486
542.7062648290499
544.5319974305005
549.8208260127008
567.6289639828002
578.4384602276205
578.9745880704023
570.4545025333138
552.5014651447717
525.3038451269279
494.9619078707318
0.0
63.234104222423575
62.36470773904718
62.10388879130632
62.14735861411117
62.85736574265655
64.27737999974727
66.76964991512232
69.33436954244661
70.20376603127889
69.53722872553837
68.30558370423923
67.11740851392875
66.71169015320115
66.71169015320115
66.94352921725348
67.33475763068093
67.88537540439529
68.986610951824
70.53703468005723
70.49356485998034
69.7690677895907
68.43599317810965
66.14658243764252
63.842681758059086
0.0
157.7664818954999
153.10072070894117
150.709880386476
150.31865196213676
152.27479405655345
157.01300484321567
164.64920402601018
172.54622208561898
178.00892996449437
180.55915960359937
180.64609932013562
179.4144543179321
177.9364802279936
176.92218438073348
176.50197607816165
177.0960636774088
178.82036671868494
184.61634326543438
188.12290904989305
188.29678834656832
185.52920949796103
179.68976314750245
170.85089892257542
160.9832488703528
0.0
141.39284804795292
136.49524788463611
133.75664899609984
132.81480276803882
134.01746793292892
138.0601615710813
145.1167630146345
152.7819420211027
157.62158242249836
159.36037536197165
159.12853630883112
158.04179072507023
157.88240135387156
158.79526764095715
160.72242985714124
163.49000870574852
166.72126557879852
171.5609060620326
175.8933985534379
175.34278081245893
171.67682557496312
165.90982890644636
157.34627351108966
147.695972586531
0.0
75.13034610010779
72.20337794304457
70.29070568234448
69.20396006857618
68.97212100997974
70.1168263802133
72.27582764680999
73.84074131688749
76.5793402381591
79.66569775823719
82.02755819974179
84.17206952722218
86.24413114820918
88.24374305997486
90.0115159076882
91.18520115888235
91.50397987400025
91.53295975496083
92.60521541597308
92.0835775286752
90.41723426023196
87.86700458839165
84.09961982345673
79.53528828436676
0.0
623.8064667071117
611.8812450002978
598.3911094870091
597.5506929364244
603.1293204100687
616.749865279926
645.0342308815309
673.1447171319014
688.069356795022
691.0542847167343
683.0848169206248
673.3041065031001
667.479150078118
671.2175549157173
666.0591358264832
672.2463407975719
680.7374464018689
703.2403254367597
716.0059638305557
717.396998203958
710.9924440779259
692.995936912954
662.7988989933622
625.0670916421067
0.0
668.8846744315558
649.1203943670396
638.9774353215699
637.3255820167944
645.5993386025452
665.6823973003411
698.0819062656873
731.5391809365618
754.7375771308743
765.5615633284506
765.9238118199983
760.7074329742989
754.4332883412329
750.086305924351
748.333023059401
750.8542728202733
758.1572033351939
782.7176539428376
797.6278036259228
798.3523007454154
786.6154481516355
761.837648416328
724.35217001641
682.5197091996102
0.0
1118.7683746324024
1079.9063517845589
1058.316339118592
1050.8105495651607
1060.4028907059746
1092.3097416322482
1148.182955621477
1208.8233604119982
1247.0768056260004
1260.8422499688593
1259.0599871711179
1250.496431775761
1249.163357158824
1256.3793480390466
1271.6372563154823
1293.5460476692876
1319.120794260589
1357.4032195983384
1391.7009104106057
1387.3104587901632
1358.388535567366
1312.7597099109864
1244.9322943367113
1168.5413232852404
0.0
1240.208573393687
1204.0996394689744
1180.5100148503225
1168.4978535088107
1170.5264452851695
1188.0592743438604
1221.0383809284178
1249.01845782222
1289.286004887104
1328.1335377821913
1360.025898892106
1385.0934971915042
1404.9736967143924
1420.2460951890992
1433.1566325375866
1442.3577461270045
1446.3279899631852
1468.541070052073
1481.0024196016684
1476.6554367755948
1455.7754311399672
1421.072021977884
1364.083082663059
1301.964703591643
0.0
95.44524392742662
91.73581893259669
89.30150877914282
87.92496434485692
87.62067558249507
89.08415965420681
91.82275858366228
93.8078805535837
97.29995642620551
101.22673054597148
104.2261484068001
106.93576744711116
109.55844683635664
112.10867652183667
114.35461743949894
115.847081405811
116.25279976653863
116.2817796474992
117.64383413448495
116.99178677604455
114.87625533225273
111.63050846552747
106.83433786238515
101.05285124384028
0.0
1392.8166361999529
1352.244800018074
1325.7571873852025
1312.2670519264727
1314.5564626342045
1334.2338034459356
1371.2700933376955
1402.6987760139755
1447.9218836751718
1491.5510965877618
1527.355741559157
1555.509697640516
1577.83869746057
1594.9947882113545
1609.4992200902127
1619.8305473757734
1624.2789601712143
1649.2306390668
1663.2279224627996
1658.3448116302668
1634.885596750096
1595.9076552077063
1531.9200732673792
1462.15100571512
0.0
2.18798114973963
2.1300213842721365
2.101041501401992
2.086551560103317
2.1155314429734617
2.18798114973963
2.2894107393759433
2.405330270583726
2.4777799773498947
2.506759860220039
2.506759860220039
2.492269919466953
2.4777799773498947
2.46329003605122
2.4488000952981346
2.46329003605122
2.492269919466953
2.564719625687533
2.622679391155027
2.622679391155027
2.579209566986208
2.492269919466953
2.376350387713581
2.231450973908449
0.0
114.03583872983691
110.08008472911042
107.87761363970887
107.10964674924234
108.08047281734471
111.34070963137013
117.0352565988494
123.22246156993803
127.12025580874338
128.5112901766897
128.3374108827424
127.468014399366
127.3231149781954
128.0621019958852
129.61252572411843
131.84397669448052
134.45216618280094
138.3644503552667
141.85652618151346
141.40733800070896
138.46587994817656
133.81460874165333
126.88841674469106
119.10731821438053
0.0
1862.8848242768572
1808.6344839324067
1773.1920876435163
1755.152110511158
1758.209488169371
1784.5377118947952
1834.0788207306678
1876.0996515334443
1936.5806666526928
1994.9461506336793
2042.8354069831603
2080.4947643796795
2110.3585333586025
2133.2961108124982
2152.6981421945106
2166.5215465393503
2172.4769122936214
2205.8327572406447
2224.568251668821
2218.033287531513
2186.66256504817
2134.5277558419807
2048.9356717194028
1955.634939932385
0.0
377.5499128384904
366.5520473442388
359.36503634224874
355.71357113934744
356.32214866407116
361.66893708457496
371.7104664334729
380.2160620723643
392.47455244705213
404.31283457372695
414.02109530930977
421.6428044575097
427.6996000174709
432.3508711421556
436.2776452564657
439.07420398330567
440.2913590600325
447.04367169757677
450.84003637347973
449.52145173657823
443.16036738697596
432.5972001753317
415.2527403115133
396.3433667776174
0.0
433.5970061243947
418.541957022867
410.1667708769416
407.25429263717115
410.97820763113214
423.3381276205534
445.00059002302106
468.5032749251366
483.3264849735238
488.6587833594331
487.977756180047
484.64506961042514
484.1379217277144
486.934480318157
492.8463764596753
501.3374821185312
511.24860202902187
526.0863020028856
539.3735782594281
537.6782550963845
526.4630404471894
508.78531197005594
482.48606842293896
452.88311810259427
0.0
117.62934419536863
114.20971802651222
111.96377710884992
110.83356168591651
111.0219309217081
112.68827418469546
115.81810152485043
118.46976079505647
122.28061538279624
125.97555043850984
129.00394818848287
131.38029857183176
133.26399091883593
134.71298511417413
135.9301401690775
136.81402656701866
137.1762750913017
139.29180660056426
140.46549180265535
140.05977342556008
138.0746514692784
134.78543483976313
129.3806866600661
123.48328051495098
0.0
88.57701170875318
85.95433231405183
84.60676777436625
84.38941864943024
85.49065419140304
88.1423134616091
92.44582606114207
96.86525818451733
99.93712576275115
101.3716299535023
101.41509978176308
100.73407253417828
99.89365593449043
99.3285482189318
99.09670915487943
99.42997781184164
100.40080388539992
103.64655075212518
105.6171827829303
105.7186123676563
104.16818864487897
100.87897194989296
95.92341199191965
90.37376444561095
0.0
132.49602406110475
130.69927132424698
130.13416361687217
130.2355932015982
131.69907728149383
134.69849513959448
139.90038408709674
145.27615233127426
147.10188498728388
145.72534059391717
143.13164104198512
140.6248811411187
139.7989544941869
139.7844645959898
140.27712259141526
141.08855926922334
142.23326465309665
144.55165529361997
147.7974021467055
147.7104625120076
146.18901870019826
143.42143985159095
138.6107793120603
133.78562886887656
0.0
129.9892641957016
126.20738949710629
123.72960952084756
122.4834745604321
122.68633374352385
124.5265562950026
127.98965228393592
130.916620449183
135.13319338946653
139.20486690039564
142.5520433409351
145.1747227710998
147.26127430392364
148.86965783226927
150.21722234740335
151.1880484727926
151.59376682260842
153.92664736132886
155.23074210003318
154.7815539737876
152.59357282623034
148.95659746696717
142.97225172534536
136.46626801185937
0.0
742.5805162890814
720.961523744882
706.8338308559164
699.6468199357648
700.8639750124918
711.3546926240325
731.1044827085134
747.8548549185255
771.9661173999237
795.2369632488985
814.3202161340287
829.3317953772885
841.228037287708
850.3711903022763
858.1088190452454
863.6149967823889
865.9913471248186
879.2931133068374
886.7554331383977
884.1617335864659
871.6424241985665
850.8638482867899
816.7545263147623
779.5588467244501
0.0
408.7322667271097
396.64765556725865
390.460450650729
389.44615466707165
394.5031442779696
406.77612463269287
426.5838744736389
447.0146918193442
461.20034441021596
467.807757711156
468.0251068660994
464.8373197694792
461.0119752153436
458.3458259814698
457.2880602759415
458.8239940677864
463.2868959975989
478.29847532269673
487.398158478997
487.847346687081
480.67482566512643
465.53283698345984
442.62423962603253
417.06398298748735
0.0
495.599465328247
486.10855366576925
475.4004870356824
474.73394969993444
479.1678718333526
489.97736807817296
512.46575705119
534.7947567894056
546.647528841557
549.0093893403484
542.6917748490143
534.9106763296156
530.2883850013249
533.2588229430019
529.158169559296
534.0847496772279
540.8225723892956
558.6886701431398
568.8316291067711
569.9473545687646
564.8468952359958
550.5598130303905
526.5644700619229
496.5992712773101
0.0
306.7375692606642
297.6813558807938
293.030084756109
292.2621178056276
296.0584824542511
305.2740851507612
320.14076505741656
335.47112307035303
346.10674001849804
351.07678991285974
351.23617922949944
348.8453389070343
345.976330525532
343.97671862740594
343.179771798692
344.33896711895363
347.6861435867727
358.94482809423585
365.78408044831633
366.1173491161903
360.72709083741836
349.3669768516191
332.18190635899936
312.99722399553315
0.0
821.9998850386942
798.0625018539713
782.4133651531963
774.4583873371224
775.8059518522563
787.4268849058263
809.2777165031665
827.8248414909557
854.5153135442504
880.2639393503881
901.4047638355507
918.0247266617148
931.1960834053267
941.3100624907252
949.8736177496846
955.9738830860754
958.59656251624
973.3183429498938
981.5920995356448
978.7086011741068
964.8562172511089
941.8606802317042
904.099893002216
862.91947948657
0.0
611.7653254055288
593.6818785240206
584.4228060510807
582.901362157433
590.4651115491677
608.8383572402819
638.470287438859
669.0730436264283
690.286317820812
700.1829477785468
700.5162164464206
695.7490257815258
690.0110089912416
686.0262750659074
684.4323815175974
686.7362821780852
693.416145160967
715.8755543375896
729.5105891056442
730.177126441392
719.4400798785136
696.7778116088214
662.4946102037209
624.2266750096835
0.0
429.0181846543723
416.33948589527415
409.83350220906766
408.7757365035394
414.07905506577504
426.9606129452221
447.7391889115574
469.1987920845583
484.0799618894107
491.0206438036657
491.2524829113651
487.90530644354624
483.87710279634115
481.09503396769827
479.96481860750777
481.5876920340504
486.26794303696795
502.0185093797557
511.581870642337
512.045548803177
504.52526921515135
488.6298034812005
464.5765008381061
437.7556192645657
0.0
145.39207192604317
139.74099474863343
136.03156976198736
133.93052823276028
133.46685011011152
135.69830110502514
139.8858941888996
142.8853120088091
148.20312055108025
154.18746629270203
158.7517978645274
162.8959211065014
166.89514487547382
170.77844918607462
174.18358541035883
176.47299611809058
177.08157369737327
177.13953345383854
179.19710510842975
178.19729915936676
174.9805321845139
170.03946216838483
162.73653178986163
153.92664736132886
0.0
1394.1642007969253
1352.9692972194052
1331.8429627415578
1328.3798667335288
1345.622896818937
1387.4843376776462
1455.036444013159
1524.762042552814
1573.1149767357817
1595.6613254379845
1596.4292926339813
1585.547346488983
1572.477419032751
1563.4212057892782
1559.7697402590231
1565.029590081449
1580.2440281995423
1631.4369903401903
1662.5034256433808
1664.0248689096006
1639.5513584276853
1587.9236971587663
1509.7649527712802
1422.5789754823043
0.0
455.02762947372184
441.76933301357377
433.1188380380781
428.7138958647309
429.4528828824207
435.8864168866854
447.9855179447334
458.2588863467719
473.02413663869373
487.28223896606636
498.9756216197397
508.1767344726117
515.4651749529378
521.0727823048147
525.810993091477
529.1871494375287
530.6361436492344
538.7939806402163
543.3728020284005
541.7789085619288
534.1137295554605
521.3770710944561
500.4680856078753
477.675407845217
0.0
1065.343960722104
1034.3209962319627
1014.0495682028973
1003.7472199226261
1005.4860128075405
1020.5410619090684
1048.8688973689411
1072.9077101138387
1107.495200226742
1140.880025242954
1168.2660144556703
1189.7980672833335
1206.8817082157786
1219.9951052029253
1231.0944002573515
1238.99141831696
1242.3965545412443
1261.4798073718155
1272.1878740564614
1268.449469218862
1250.5109217557967
1220.705112260544
1171.7580902600935
1118.3916361880986
0.0
88.73640106358421
86.11372167433875
84.78064706285768
84.54880800426125
85.65004354623407
88.31619276374028
92.61970535508938
97.05362742030893
100.12549499854275
101.57448913659407
101.61795895939893
100.9224417781537
100.09651511758217
99.51691745472338
99.28507839067106
99.61834704763324
100.58917312119152
103.84940993521693
105.82004196602205
105.92147155074802
104.35655788067056
101.06734118568455
96.0972912940508
90.54764373955828
0.0
692.9234871764531
668.8556945533232
655.4814786348035
650.8302074282801
656.7710833934724
676.5353634579885
711.1373434963685
748.6952715509486
772.386325784334
780.9209012196196
779.8196656558232
774.5018571953905
773.6904204411996
778.1533224528507
787.6007642025015
801.1778392686496
817.0153452461352
840.7208893231586
861.9631433957751
859.2535243309126
841.3294669024414
813.0740811790693
771.0677410655942
723.7435924371274
0.0
832.3022334008036
807.6983129348916
795.0920639122945
793.0200022231089
803.3223506397771
828.3174994754694
868.6285163986214
910.2581180405132
939.1220813431681
952.5832368963858
953.0469150026667
946.5554212146574
938.745342817026
933.3405946946159
931.1526135470585
934.2969307854106
943.3821240435134
973.941410509212
992.4885354151629
993.4014017295281
978.7810509106075
947.9609455135362
901.3033342753762
849.2554648402828
0.0
132.35112464539003
129.82987484905445
126.96086645391237
126.78698715178122
127.97516235027551
130.85866067907799
136.85749641437505
142.82735225234381
145.98615952529036
146.62371692824672
144.9283938197621
142.85633213057645
141.62468712837293
142.421633902528
141.32039832781982
142.6389830574714
144.43573578068947
149.20292650014326
151.91254551044688
152.2168343000882
150.85477980491862
147.0439252308186
140.6248811411187
132.62643353224723
0.0
90.25784491358478
87.62067558249507
85.91086249124699
85.04146601605444
85.1863654235853
86.46148026496134
88.85232059561035
90.89540233018089
93.82237049542796
96.64790906776516
98.96629968100905
100.79203229882738
102.2410264368787
103.35675193160758
104.2985981187494
104.9651354244899
105.2549342450075
106.86331774334573
107.77618404952698
107.45740533986496
105.93596149804819
103.41471169352874
99.27058845701063
94.7497267407255
0.0
792.1361158688147
761.3594803300114
741.131522159214
729.6554885786455
727.1777086214826
739.3492593614726
762.0984673477011
778.5010809643628
807.4664738817511
840.0398620619343
864.9480713174873
887.479930176052
909.2872919696828
930.4281164548453
949.0187112736232
961.4655709250219
964.7982574128051
965.0880563042494
976.3322507498387
970.898522749196
953.3367138122727
926.4433825840702
886.6684934218616
838.6633176685674
0.0
235.4760375020335
226.3328844874652
220.31955878577236
216.91442261604706
216.17543554379836
219.78343094299046
226.55023356057023
231.43334387479297
240.04036907385884
249.71964993120903
257.1240099244657
263.83285278558014
270.30985664811305
276.5984911793761
282.11915889655523
285.8140938758863
286.81389982494926
286.90083945964716
290.2480160093045
288.62514250092335
283.40876365522405
275.4103159808818
263.5865237524041
249.3139315268343
0.0
1630.784943420949
1582.5769090383371
1557.8715585485
1553.8288642665518
1573.9988636629446
1622.9748652415537
1701.9740259068303
1783.5234157474606
1840.0921466233167
1866.4783304871185
1867.362216595897
1854.6400480603695
1839.353159496509
1828.7465223720376
1824.4864797535308
1830.630215684735
1848.4238630473715
1908.3107908401673
1944.6515638180208
1946.4338263429677
1917.8017026663215
1857.4076269362558
1765.9905870979617
1664.0103791478011
0.0
212.11825201836064
205.85859728349183
202.6418303086389
202.10570246585704
204.72838184146278
211.1039560892622
221.3773244913006
231.98396161577196
239.34485191443719
242.77896796239517
242.89488747532567
241.2430341705503
239.25791219790088
237.86687782449872
237.31626008351972
238.11320685767478
240.43159749819813
248.22718594307344
252.95090680425903
253.18274585739965
249.4588309998359
241.60528266209798
229.70904083351675
216.450744455207
0.0
1064.2282352601103
1033.2342506482019
1012.9773125173334
1002.6894542170978
1004.4282471020123
1019.4688063053428
1047.7676618051448
1071.7774946718096
1106.3215150082833
1139.6773600644242
1167.0343693989078
1188.5374424028973
1205.6065933825867
1218.7055003896974
1229.790305518647
1237.687323578256
1241.077969904343
1260.1467327548785
1270.8403095413273
1267.1163946019253
1249.1923370370569
1219.4155075018753
1170.5119553596926
1117.2034609077657
0.0
1019.5412560418437
989.402177878717
973.9559003528501
971.4346505919777
984.0408996145751
1014.6581457821798
1064.054355908876
1115.0299697402443
1150.399916647267
1166.889469980465
1167.4545777014798
1159.4995998854056
1149.936238540986
1143.314335341849
1140.6481861898133
1144.488020642146
1155.616295574805
1193.0438142182572
1215.764042244415
1216.879767788247
1198.98469015617
1161.223902872123
1104.0755740224222
1040.31983195362
0.0
454.69436080584796
437.03112222691163
425.42467915337727
418.8317558324728
417.41174158083794
424.39589332608165
437.45133055676285
446.8697924827399
463.48975517250676
482.1962695314947
496.4833517371
509.4228693730123
521.9276888354352
534.0702596971923
544.7493465036056
551.8928876473274
553.8055598834761
553.9649492546746
560.427463082613
557.2976357697376
547.2271264607687
531.7808489894607
508.95919126673135
481.39932275733963
0.0
39.441620456143326
38.905492629729125
38.731613327597955
38.76059321674238
39.209781397546884
40.09366782822343
41.64409155100076
43.237985102038834
43.78860287575319
43.382884517753524
42.600427685442725
41.86144067593678
41.615111670040186
41.615111670040186
41.760011083026924
41.99185014162336
42.33960873224597
43.02063598528666
43.99146205338904
43.96248217242846
43.51329398889601
42.68736733650831
41.267353079417575
39.81835894136625
0.0
132.2352051133639
129.91681449193618
129.23578724707934
129.25027718619566
130.52539203029966
133.69868916870797
138.16159116399112
142.94327184711275
146.43534765153592
146.7541264212128
144.91390383972663
142.82735225234381
140.8422303124298
139.76997462141014
138.92955807082535
139.20486690039564
141.11753921838263
145.87023993052142
148.71026851562954
149.37680579681853
147.56556309356495
144.07348720730337
138.4224101008202
132.94521224190925
0.0
10.67908680341244
10.49071756543849
10.447247741269672
10.447247741269672
10.548677330905987
10.79500633434743
11.157254869542248
11.548483286788823
11.838282114399089
11.852772056516148
11.707872642711019
11.533993345490147
11.374603990386344
11.287664342048704
11.22970457658121
11.244194517879885
11.403583872983692
11.780322348931595
12.012161411074365
12.07012117654186
11.925221762736724
11.635422935126464
11.18623475241239
10.737046568879936
0.0
15.35933786934549
15.084028982488311
15.011579278722882
15.011579278722882
15.156478694437578
15.53321717147666
16.04036511693028
16.6054728324889
17.011191190488564
17.040171071449144
16.837311896541234
16.590982890644636
16.3591438265923
16.228734352721876
16.141794701656288
16.17077459080071
16.388123707552882
16.93874148126724
17.272010138229422
17.344459841994855
17.141600664358993
16.73588230363138
16.08383494519102
15.446277520411076
0.0
4.289022650596033
4.202083003076779
4.115143354739141
4.100653412622082
4.144123236790901
4.231062885674128
4.433922064401165
4.622291302920706
4.723720893375402
4.752700775427162
4.69474100995967
4.622291302920706
4.593311420323356
4.60780136162203
4.578821478751887
4.622291302920706
4.680251068660994
4.825150483011716
4.92658007210244
4.92658007210244
4.883110247933621
4.767190716725838
4.549841596154537
4.289022650596033
