0.0
131.63540654850942
125.09932529738619
119.79431183415846
115.85997165995343
112.43328830322962
111.4052832808791
111.41797469126729
113.38514477344121
121.93916176143404
133.03146268788
144.4791234009105
155.3429787541781
165.2930519352083
173.65669757461575
178.8474882841115
182.6422228213794
184.406330217961
183.36563378850795
179.0124767889204
171.05495650098328
166.6637252538025
158.97272486330394
147.94388100522752
136.9150371909608
0.0
131.40696097533097
125.6196735121127
121.5076535125204
118.14442719130888
116.2534056777025
116.0249600979526
116.31686281616754
117.6621533008425
125.30238804978828
135.20169551259886
145.3040656511446
154.93685332604082
163.7066244702524
171.5499218949334
177.235677965522
181.29693232356155
183.94943907160402
183.88598200323443
180.05317321837336
173.41556060747772
166.79063946720856
159.65806150617246
149.65722268358945
139.92290364892085
0.0
207.55547996130989
204.1034137838097
201.53974692491315
199.53450260500324
198.27805210585544
197.21197282276887
196.55201900067678
195.82860803354816
198.65879468035914
204.38262499854093
209.89070124702798
214.44692092235073
219.2823518890716
223.76242310206524
227.16372363801267
229.32126499210506
230.29850427652156
229.47356202628748
227.0241180306471
223.72434885447205
220.34843117215823
217.56901021070973
213.1397046721261
210.6902606764857
0.0
330.7130180071557
315.0137316871673
303.2868598032153
294.7074600174461
289.6689662654659
288.4505899810542
288.9328639481874
291.3696165498683
311.63781404866313
341.6784048297198
371.4270928597043
397.57141771086344
417.1796613875662
430.65794924128306
438.95813781232096
444.55505394995396
445.91303591839824
441.7248673469527
430.74678920709584
416.57047320702685
405.7066178537593
391.56837617795037
370.8052132852054
348.7729084336386
0.0
46.17138535543494
43.72194133131827
41.86899403135261
40.42217217485759
39.444932842250445
39.08957309290415
39.140338767314155
38.97535031069588
41.70400557802006
46.23484245556652
50.77837075445357
54.81424226104998
58.19015993898283
60.76651816336266
62.44178558098849
63.330184974068565
63.48248200934623
62.63215688466893
60.81728384215363
58.5582111140507
57.16215493196569
55.3345904790622
52.301341136801724
49.001571980341055
0.0
880.9368335094188
827.7344015581964
787.7437376727763
758.9215232527984
742.2069233241333
739.4275023955421
743.4887567535818
755.1394801423472
809.6110540633439
887.1302463679172
970.1575149976443
1052.2963841225765
1125.83047076144
1188.1580335120295
1238.707958408542
1273.406300312313
1292.5195787593518
1290.692014349163
1258.7857849212764
1205.6721927715805
1157.9651459815532
1105.4226677319464
1031.012873091772
950.7396426465267
0.0
61.90874595258806
58.16477709958735
55.3599733184577
53.32934614381887
52.16173551519798
51.958672801129346
52.25057545801077
53.062826329618666
56.89563511776548
62.340254227787504
68.17830734789192
73.95290337553143
79.11831124563167
83.49685108790048
87.0504486405065
89.48720125094925
90.83249175424329
90.70557755069444
88.4591962439321
84.72791880898627
81.37738397373461
77.68418080719157
72.45531583257878
66.80763400520239
0.0
257.9657995571242
241.03544549304996
228.16634577606283
218.97775785356401
213.4696816379342
212.01016835352715
213.33007599771136
216.2237197457491
229.80353895923835
250.93475298871778
274.3250396992047
297.2330525520826
318.41503219025753
336.89373947169446
352.3138145769516
363.7614752899821
371.26210443156236
373.36888011124466
367.315072860112
355.20745832498943
342.5541127215067
327.3497917954684
304.429087548631
279.8458073416513
0.0
280.6961324455191
266.76095352211223
255.42751559567097
247.0511784527798
239.75361209645894
237.55799641810646
237.58337931554976
241.78423923714527
260.0345009892134
283.6532333057361
308.0715250845737
331.2460576486991
352.46611161113407
370.2975564644385
381.37716599692493
389.47429189222754
393.2309521380927
390.9972622450043
381.7325257506522
364.7514060012155
355.3851381799482
338.98782375741723
315.4833142274838
291.94073048281433
0.0
1563.7606034287433
1469.311056950572
1398.340637597749
1347.1688329076894
1317.4962933509867
1312.559330301634
1319.780748316102
1340.4677629655664
1437.1509993149216
1574.7640642031852
1722.1368313740388
1867.9485539992838
1998.4798075647343
2109.136296964613
2198.839251850446
2260.4560950388186
2294.380260333909
2291.1185656462803
2234.4894506011924
2140.2048925949716
2055.5150480708166
1962.2711862092876
1830.1788884268017
1687.679627116455
0.0
65.919234619789
61.934128791983554
58.93895371045917
56.78141233555722
55.537653193130836
55.3218990577216
55.626493135943605
56.50220110001641
60.57614687063463
66.37612573766964
72.59492145418253
78.73756864922323
84.24564485937682
88.90339594047215
92.68543905420894
95.28718011798426
96.7086191350838
96.56901352114673
94.18302658949494
90.21061218303012
86.64432321236922
82.70998305568807
77.15114117112446
71.13540816868021
0.0
503.13864790340006
494.800385084769
488.5815893726371
483.72077555228265
480.67483480291963
478.08578512324675
476.48666623147403
474.70986748474263
481.6013084457835
495.4730303336779
508.8117125471719
519.8532478320652
531.5928111866436
542.4439751130944
550.68070664862
555.9222629668112
558.2828670733056
556.2903141802125
550.3507296828119
542.342443753322
534.1564779688734
527.4173340420149
516.7057757229297
510.74080840475267
0.0
1157.546328666598
1087.6419886735287
1035.0995102705879
997.2156220648502
975.2594657084697
971.6043368552345
976.9474245660554
992.2659683115403
1063.8328848014198
1165.6942205429782
1274.7896654958206
1382.7174994991365
1479.3372790977423
1561.2477020361612
1627.6619023489013
1673.2621740725813
1698.3784938225322
1695.9671238225799
1654.0473639043403
1584.2572466211932
1521.5616319891053
1452.5330000959184
1354.7583017412724
1249.2799111750235
0.0
107.12827482685901
105.35147604069884
104.0188769587454
102.99087195939495
102.34360954111958
101.78518707003795
101.45521015242046
101.0744675592977
102.53398084151429
105.49108166230258
108.33395970088262
110.6818723871317
113.18208209770604
115.49192046955223
117.2433364458884
118.36018137052778
118.86783819129472
118.43632990952383
117.17987933370915
115.4665376454901
113.72781313978037
112.29368268929257
110.00922714150849
108.74008512901987
0.0
65.95730888052509
61.629534717047264
58.342456981927185
55.99454431101148
54.58579670758586
54.2050541111774
54.547722446849775
55.28382480027123
58.76127382811933
64.167818680691
70.14547742239915
75.99622197151085
81.4154582344707
86.13666641241187
90.08369797948123
93.01541596854072
94.93182036097129
95.46485999265741
93.91650677529475
90.83249175424329
87.58348827657359
83.69991380963582
77.84916926380983
71.55422502582476
0.0
12.082231683679465
11.561883466981532
11.181140870901636
10.863855375281883
10.698866921292193
10.673484081239565
10.698866921292193
10.825781114874369
11.523809206574018
12.437591440692453
13.364065086841936
14.252464472255333
15.064715343863247
15.775434857889218
16.30847448628963
16.67652566464322
16.917662636162213
16.917662636162213
16.562302882434953
15.953114732562364
15.343926579404052
14.683972750740498
13.770190522645892
12.869099708225201
0.0
271.1268019156594
253.32073991598858
239.8043777380117
230.14620724233913
224.35891981197813
222.8232580652419
224.20662277779567
227.25256352715869
241.51771941637358
263.72770416670886
288.3109843736885
312.38660783656815
334.6600495786061
354.07792200639045
370.28486507047893
382.31633111041515
390.19770278268925
392.41870128181813
386.0476085355038
373.3308058198419
360.0175064709339
344.0390088266901
319.96338544047745
294.11096323086633
0.0
159.87381568539135
151.40863865335422
144.97408879486062
139.97366936714053
136.5850602580099
135.34130111996447
135.51898097492327
134.9732499394204
144.42835775935777
160.10226118190292
175.8523132529682
189.80018357033464
201.4889812833604
210.41104946175446
216.2237197457491
219.29504331588842
219.82808295743175
216.9090563886176
210.60142071067287
202.77081471280866
197.96076653400698
191.60236521450938
181.13194389541954
169.70966600316544
0.0
107.44556029246912
101.75980423064246
97.43203006716466
94.08149522862729
91.80973107918375
90.97209737584704
91.08632014710288
90.71826897203503
97.07667031015166
107.61054880713519
118.19519294238577
127.57415219046987
135.41744961515084
141.4204912247308
145.32944850477824
147.38545854290786
147.75350972345194
145.78633965113517
141.54740543813682
136.28046618964504
133.05684550865638
128.77983704806488
121.73609908569884
114.05779001906441
0.0
708.7269577923934
665.9187986979316
633.7460494164161
610.5588253488071
597.1186117426835
594.8722304227783
598.1466167781768
607.5255760262611
651.349048696542
713.7146857932966
780.4969369580083
846.5811600201774
905.7485593333865
955.892359108429
996.5556682427583
1024.4767918406487
1039.8587926983128
1038.373896593129
1012.7118456652937
969.9798350660185
931.6009814663305
889.3385534402291
829.4731260573348
764.8864905709755
0.0
184.29210743137173
176.04268450188658
169.95080300316073
165.1280634303994
161.89175139926084
160.47031236244698
160.9652777563971
162.1201969724393
169.9381115763439
181.7792063235521
194.10257492836948
206.97167467821382
219.72655156480207
231.66917767178268
240.5531715259167
246.21354477572888
249.8052165934519
250.60477602290965
246.49275602331733
238.3702473510479
229.57509338605988
220.20882556479262
207.44125717472068
194.47062614177077
0.0
122.43412715538415
116.95143376053073
112.90287086983192
109.70463301290538
107.54709166867019
106.6079266088468
106.93790348813084
107.69938869628116
112.89017945944373
120.75885969175818
128.95751690302367
137.49884247405686
145.97671090005352
153.90884829054738
159.81035854035488
163.5670188628868
165.9656971841172
166.4860453988437
163.75739011180514
158.36353668276462
152.52548357799358
146.29399643904486
137.81612793638124
129.18596247620212
0.0
218.6477808877559
204.29378503272804
193.39185546472459
185.59932368159636
180.92888114301746
179.6851220378293
180.81465835642825
183.26410239587833
194.77522017727838
212.68281360243608
232.50681134883357
251.92468369995115
269.8830427338043
285.5315634450972
298.6037258706768
308.31266205171175
314.67106337120924
316.46055354475754
311.3205285096719
301.0658613369436
290.32892008755806
277.44712902042096
258.0292566693035
237.1772538874125
0.0
228.94052238474418
213.91388128080743
202.49160349807747
194.3310205015479
189.44482389327425
188.1502990370092
189.31790967986825
191.89426785605747
203.93842535566768
222.69634385183585
243.459506667914
263.77846980826166
282.58715405550674
298.9844684451804
312.66581905129937
322.83164633488155
329.49464172274384
331.36028043528825
325.97911847687413
315.24217726034584
303.9975792997173
290.5066000191838
270.17494545201924
248.3457033090449
0.0
292.90527837327136
277.40905469616087
265.60603430607
256.4555206311644
250.24941631299205
247.96496070168402
248.29493766749212
247.29231545277509
264.62879498879624
293.336786622185
322.1970753335658
347.757594901629
369.1553287518799
385.5018775000009
396.1626701008664
401.7849691030854
402.76220838750197
397.40642928272143
385.8445457831017
371.5032414315576
362.70808743371225
351.04467265098714
331.85524582923836
310.92709447549413
0.0
420.5048133845176
413.5372238844808
408.3337417810254
404.2724873901287
401.72151203471583
399.5639706368138
398.2313715329555
396.74647546062926
402.50838007021395
414.09564631394323
425.23871299146606
434.4780666321846
444.2758427023655
453.35020791494196
460.2416488759828
464.62018869634676
466.58735876866353
464.92478280852123
459.96243762839435
453.27405934308865
446.420692629641
440.79839370408894
431.8382512781016
426.8505232771983
0.0
1510.037823142318
1418.8372804616265
1350.3036133271503
1300.8832246397124
1272.2386898994548
1267.4667157601502
1274.446996457003
1294.4232912485356
1387.781375721416
1520.6732334262178
1662.9694323894016
1803.7680443243962
1929.8192253954207
2036.6682894883595
2123.2999214721503
2182.797297072118
2215.566543611167
2212.406379878071
2157.719051525951
2066.683497317211
1984.8999875517188
1894.854363627068
1767.3055947611858
1629.7052207630704
0.0
74.6382400468762
71.30039662967945
68.8382611798412
66.88378252667457
65.57656628411661
64.9927609736395
65.19582368770814
65.66540622364367
68.82556975850058
73.62292646119967
78.62334587468163
83.82682800551798
89.0049273013398
93.82766683248194
97.43203006716466
99.72917705600366
101.17599892016536
101.50597583449714
99.84339983492619
96.54363067846553
92.99003312914525
89.19529859406784
84.0171993059127
78.76295148861871
0.0
1604.4746779636719
1499.135894089078
1419.1418745299914
1361.9543364421056
1327.7128861885021
1318.587755356278
1326.8244865303736
1344.808228768338
1429.2823189599399
1560.70197141685
1706.1837166600953
1848.6575954234756
1980.4326078093516
2095.3534146044344
2191.2751655638294
2262.4613400158737
2309.1530729781766
2322.2506187940576
2284.557101629142
2209.271599458611
2130.5340303767675
2035.9575696304275
1893.47099921023
1740.5013160879348
0.0
241.02275409909038
230.2477386349688
222.2775269968818
215.96989131893704
211.7436485327555
209.87800982021116
210.5252722483437
212.03555117430352
222.2521440994385
237.74836777654897
253.86647095149146
270.6952936667458
287.38451073082473
302.99495708500024
314.60760625903
322.019395478607
326.72791218811216
327.75591722360565
322.38744661534145
311.7647282292119
300.26630187462865
288.00639030532363
271.3044817706182
254.3360535246652
0.0
49.64883439423545
47.02171048777895
45.02915757387621
43.46811293079197
42.42741651010091
42.03398249235183
42.08474817442853
41.9197597134293
44.864169112876986
49.724982912421915
54.611179546981354
58.95164513179978
62.581391202592236
65.3481207306525
67.15030234087477
68.10215882641974
68.27983870875958
67.3660564839507
65.41157782311738
62.9748252203413
61.48992909544351
59.51006760288139
56.26106412521169
52.70746657589141
0.0
395.7565446727291
374.8030105748754
358.86258725489165
346.50114429295695
338.1121158327732
335.0281007591501
335.47230043488054
334.11431854310314
357.5299881838907
396.32765860567525
435.31570030923547
469.8490536972453
498.7727994769958
520.8558699701154
535.2606315433628
542.8501005412317
544.1700082182731
536.9358988974647
521.3127611164723
501.93296301294794
490.05379405100365
474.30374205660536
448.3751713079982
420.09868795638033
0.0
409.60288370699004
382.7097651445928
362.2892706116155
347.6814463626328
338.93705811586443
336.6145282569632
338.7213039366456
343.31559793622847
364.8783202146215
398.421742891398
435.5695287031904
471.93044655615125
505.5754005488906
534.9052717567782
559.3997120746119
577.5738252110172
589.4910684972214
592.841603282092
583.208815640053
563.9940059646707
543.8907970035419
519.7517164722927
483.3781071925149
444.3266083439182
0.0
291.0523310546866
278.04362569747656
268.4108380554377
260.7959862039352
255.68134398962584
253.4476540965374
254.221830738076
256.0367036995434
268.3854552346613
287.09260808927667
306.54855465513015
326.88020922229464
347.0341839345003
365.88094239648126
379.904961285701
388.85241228487143
394.5381683883173
395.7819275701724
389.2966119606019
376.4655865350176
362.5811732531635
347.7829777224053
327.61631161624007
307.13236001489315
0.0
118.13173579734934
112.92825369389402
109.23505052296998
106.20180117304282
104.50115091602154
104.2980882019529
104.56460801615307
105.7702928978434
112.64904246930564
121.54572772725633
130.63278436664962
139.27564129745525
147.16970436368896
154.22613382953867
159.32808464988847
162.98321350312386
165.35650900357786
165.30574336202508
161.8536771845249
155.9014012931646
149.93643389832067
143.52726693727038
134.54174169050674
125.78466194025468
0.0
31.309732733307023
29.253722715987006
27.69267808056945
26.57583313073952
25.903187880735363
25.725508006062213
25.890496459394758
26.233164795067136
27.883049373297474
30.44671618728911
33.28959422586913
36.06901517198428
38.64537339636411
40.87906328507154
42.75739342443269
44.14075818079614
45.0545404132717
45.308368809417026
44.572266455995575
43.100061752438386
41.56439995641631
39.724144085457944
36.94472313605707
33.9622394758733
0.0
374.82839339565174
352.18690039640285
335.18039779333253
322.9077948300679
315.8005996898083
314.6202976529897
316.3463308348352
321.30867593829527
344.48320857908743
377.46820871687737
412.7884300637186
447.74060030668244
479.0249501929274
505.5500176514473
527.0492828286135
541.8220955385955
549.9572956814914
549.1704276459933
535.6032998264636
512.9998811186176
492.70630079904623
470.3440190911954
438.6916179915493
404.5263158169408
0.0
70.323157304739
66.59187986979316
63.761693244887034
61.56607761691569
60.0811814920179
59.522759020936284
59.611598963749046
59.37046198894433
63.52055627008232
70.42468865793995
77.34151247151918
83.48415966984561
88.62418470493134
92.54583343260519
95.10950023564442
96.45479073893847
96.68323629240257
95.40140289252585
92.62198195407738
89.18260717601297
87.07583147990198
84.27102770205803
79.66404230303941
74.6382400468762
0.0
238.53523581204712
227.21448927956544
218.74931228038554
212.56859081584685
208.92615327990413
208.05044535526002
208.39311363836086
210.15722106779958
224.77773671074186
246.44199034890738
267.90318123467074
286.7626311234686
300.9008727992775
310.62250043998654
316.6128506227496
320.64872211620315
321.62596147728664
318.60540354870005
310.68595758502295
300.4693645503639
292.6260671256828
282.43485702132426
267.45898159179757
251.5693239900335
0.0
138.48877326195705
130.1251275458827
123.84287476538121
119.31203783416792
116.67222251622798
116.2407142640286
116.87528526534433
118.71554115711227
127.26955812210502
139.46601254637358
152.51279215117677
165.41996614861432
176.98184957156718
186.779625718415
194.72445453572558
200.18176503313578
203.18963153490552
202.8977289262147
197.88461807167778
189.53366378242023
182.03303471750692
173.7836117880218
162.08212268103648
149.4668514018138
0.0
57.73326882876888
55.144219178667484
53.24050620429182
51.73022724766524
50.714913661988696
50.27071396544865
50.42301099744059
50.79106217250846
53.227814782951214
56.946400796556446
60.80459242409875
64.84046393069515
68.8382611798412
72.56953861150132
75.34895955761647
77.12575833172896
78.2552946996138
78.50912309247339
77.21459827125602
74.67631430761229
71.92227620089263
68.97786680144496
64.9800695522989
60.918815206307
0.0
385.3368889623348
362.06082503843703
344.57204846823345
331.95677718901084
324.6465193292062
323.4281430447944
325.21763326215245
330.30689257901844
354.1286876479432
388.0401614285969
424.3503135633383
460.2797230907188
492.4524724050914
519.7136422246996
541.8220955385955
557.0010336438575
565.3646793599316
564.5651199304741
550.6045580767667
527.3792597944217
506.5018741917544
483.53040430336426
450.97691241448797
415.8724451373416
0.0
68.50828426550943
64.01552164541333
60.601529710030114
58.15208567824675
56.69257240369685
56.29913838594777
56.65449814296076
57.42867474616589
61.03303798522955
66.64264555186985
72.84874984704214
78.94063137095854
84.56293035565372
89.47450982960865
93.56114701828176
96.60708778188283
98.59964069578554
99.15806316358142
97.54625284608719
94.33532363243928
90.97209737584704
86.93622586596491
80.84434434204849
74.3209545505993
0.0
12.539122793893423
11.91724322268023
11.409586433018161
11.028843836938261
10.711558341647082
10.610026981217517
10.610026981217517
10.800398282488429
11.612649147415365
12.666036994156567
13.757499101305287
14.798195529663039
15.737360597153128
16.536920043039466
17.031885418370482
17.399936593438344
17.564925050056615
17.463393696855643
17.044576839711084
16.295783068234744
15.876966211090188
15.140863865335417
14.087476018922791
13.034088172510158
0.0
238.52254438523036
222.8613322799779
210.96947192407416
202.46622056777693
197.37696128376808
196.01897935913345
197.23735564354527
199.9152452123641
212.46705942321717
232.0118459548835
253.63802537831305
274.82000509315486
294.40286587241445
311.4855170144807
325.75067290369566
336.33531700937476
343.26483229467567
345.219310896366
339.6097033647734
328.4285624725146
316.71438193871245
302.66498022871633
281.48300048101726
258.73997616580556
0.0
115.09848645180313
109.00660494650582
104.36154529441777
100.76987348107568
98.33312087829961
97.43203006716466
97.5589442674278
97.16551024967872
103.98080270567601
115.26347496646918
126.59691279652922
136.64851737018913
145.05023725718976
151.47209572172378
155.66026429316938
157.8685712888145
158.26200529013497
156.1552296104526
151.61170132908936
145.97671090005352
142.52464472255338
137.9430421497873
130.4043387606139
122.18029876142931
0.0
1103.7093259002509
1031.25401005891
976.2240136755937
936.8806121416392
913.325336970153
907.0557755069442
912.7161487567565
925.0902831126507
983.1916030989636
1073.5925865801978
1173.6771232793096
1271.680267623326
1362.322388027889
1441.3772420682456
1507.3599332777837
1556.336123067112
1588.4454148421619
1597.469014719853
1571.5404437193401
1519.7467595643059
1465.57977928453
1400.5235616083316
1302.5077259360698
1197.2831643442541
0.0
31.09397859789778
29.710613833867658
28.682608826850508
27.85766653390199
27.32462690550158
27.08348993069686
27.15963844121662
27.362701162951943
28.669917405509906
30.675161740753225
32.756554594183
34.926787382758874
37.08432875766082
39.08957309290415
40.58716062819013
41.55170853507571
42.148205266893406
42.28781088849716
41.5897827958118
40.219109453122265
38.73421333589116
37.16047727146631
35.00293590423105
32.82001168993361
0.0
215.04341767607323
203.65921410807925
195.00366575045683
188.28990464437481
183.73368489238516
182.05841753828332
182.2868631114618
181.5507607175164
194.28025478332827
215.36070313839767
236.5426828860968
255.3132928090817
271.02527055588695
283.0313537312372
290.84926830228454
294.9739798053605
295.69739072867947
291.7630505511887
283.2724906983751
272.75130366106566
266.2913709489385
257.72466255712897
243.63718652287278
228.28056856265206
0.0
946.0057430395782
930.3064567195897
918.6303504333807
909.4798367584752
903.7433149368096
898.8825012259792
895.8873261181692
892.5494827272582
905.4947309394316
931.5755986455542
956.6538442464843
977.417007139229
999.4746948115722
1019.8951893116923
1035.3787214853191
1045.227263306577
1049.656568801351
1045.937982803079
1034.7568419108202
1019.7048179861068
1004.3101257782931
991.6440887808508
971.4901140686452
960.2835903556099
0.0
275.2642047688853
260.6944548441628
249.60215391771675
241.01006267227356
235.18470091765244
233.02715956356008
233.3444450258845
232.39258856224436
248.68837166881258
275.67033019702257
302.77920301530554
326.80406075996547
346.919961147911
362.2765791847987
372.30280086101527
377.58243150346664
378.49621375237086
373.4577200003906
362.6065560739399
349.11557679340626
340.85346246996164
329.90076715088117
311.86625962184155
292.1945588767693
0.0
380.72990356879245
355.7278065397158
336.7541338643288
323.17431465083956
315.05180597857014
312.8942645806681
314.8487432261681
319.11306033660964
339.15281218555924
370.3356307886986
404.8562926732247
438.66623517077284
469.9378936630582
497.21175483281627
519.9674706186544
536.8597504351354
547.9393599347646
551.0487577524971
542.1013068299936
524.2444790792458
505.5500176514473
483.11158737174327
449.301644950862
413.0041842429374
0.0
560.7323111456129
551.429500359858
544.4999851840812
539.080748901407
535.6921397922765
532.798496077096
531.0216973303644
529.0418358312309
536.7201447949126
552.1782941477629
567.0399468235577
579.363315428375
592.4354778539547
604.5304009951177
613.7062974907998
619.5443505955708
622.1714745228368
619.9631675271917
613.3382463102556
604.4161782085284
595.2910473543991
587.7904182128191
575.8477921058384
569.1974881447927
0.0
120.14967158788573
114.18470421932757
109.33658189917101
105.75760147650277
102.63551220238196
101.69634712722518
101.69634712722518
103.49852874839986
111.30375198134496
121.41881354670753
131.8765434718378
141.80123383209164
150.87559896800124
158.51583371694701
163.24973332389553
166.7144909720222
168.32630129061164
167.3744448269715
163.4020303252207
156.1425381836358
152.13204954381587
145.11369440222626
135.04939847841644
124.97241108398015
0.0
503.3417106558023
472.9330686942015
450.0885129863601
433.6150500248331
424.07110234860704
422.48467485079397
424.8072047425524
431.4702000975576
462.58956155566045
506.8826167991153
554.310452681079
601.2433232457596
643.2646142718659
678.8767383369219
707.7497184751195
727.5864076483338
738.5010287198211
737.4603322903681
719.2227620089265
688.8775771923622
661.616407372754
631.6011994891405
589.0849430690841
543.2308431485926
0.0
174.2658857551551
162.8309164689414
154.13729386372583
147.9311895784107
144.19991215332206
143.2099813654218
144.11107218750922
146.06555086586638
155.2414474382153
169.5066033274303
185.3201124668651
200.7909532136751
215.09418335048323
227.58254049296673
238.00219617050382
245.73127080859558
250.8078387753117
252.22927781212562
248.12994920649285
239.95667484886098
231.40265785101104
221.1352992076564
205.65176703402958
189.038698465137
0.0
646.6659148078132
615.9780616314814
593.0319746405345
576.2666089607924
566.4053757893848
564.0447717157476
564.9585539317944
569.7305277863362
609.3785233119885
668.114414376284
726.2791913981092
777.4129219610521
815.741009809663
842.1010888400411
858.320723374756
869.2734186938362
871.9259254418787
863.7526510513898
842.2787687716667
814.5607077728444
793.3152709567756
765.6606671796569
725.0735065405142
681.9861362313212
0.0
653.0496989480871
624.290941629336
603.8577557462087
587.11777296391
577.7261223218665
576.5838944997838
578.0560991781504
584.7190946426797
622.7172055583397
671.8964574429255
722.1290971509237
769.9630584610246
813.5327028140177
852.5461273383544
880.7845364752362
900.9765854350352
914.1375878264276
913.8583765788392
894.7704811168629
861.8108638765161
828.8893208070959
793.4168023494054
743.7425851475365
695.3375099044893
0.0
1807.33433308039
1777.3571994553222
1755.0329921812556
1737.5569063588193
1726.6169031017955
1717.3140924693746
1711.5902619211918
1705.2064777042513
1729.9547458684194
1779.781260016851
1827.678678691037
1867.3647484095202
1909.5129539885575
1948.5009958344992
1978.0846953268176
1996.9187622524576
2005.38393985402
1998.2513615753642
1976.9043932571415
1948.145635905533
1918.7396162134116
1894.5370786685548
1856.044001909896
1834.6081942939577
0.0
417.4081068840778
392.2029471025993
373.2546573246555
359.59868957217014
351.67924357563595
350.3593359314517
352.28843175617527
357.80919939862184
383.6108558900133
420.3525163503352
459.6832264136631
498.60781104885365
533.4457584723713
562.9913838594778
586.9274016383248
603.3754817790755
612.4371555648352
611.5614475635242
596.4459664937746
571.2788810365561
548.6754622520432
523.7875880095559
488.53082373108435
450.49463841449733
0.0
782.4260327827318
731.0511653293178
692.0377407283142
664.1546913780169
647.4527828433114
643.010785877911
647.0212745943977
655.7910456619426
696.9873944378148
761.0663732129311
832.0241015222716
901.4969336497618
965.7535922469798
1021.7989022718299
1068.5667843317015
1103.2905093519641
1126.046224863992
1132.44270073775
1114.0655244327513
1077.3492467932058
1038.9450104822656
992.8370822444863
923.3515586135125
848.7513928777535
0.0
537.4816299329674
511.97187611598133
492.9093635514483
478.9741845513746
470.77552734010914
468.80835726779225
469.5698424496569
473.529565447924
506.48918276493754
555.3003834689792
603.6546929938067
646.1455665930868
678.0137218390946
699.9191124772553
713.3974003309722
722.4971483314678
724.705455327113
717.9155457587018
700.058718084621
677.0237910511943
659.3700260528487
636.3858647376418
602.6520708119468
566.8368840711556
0.0
705.6937084369899
663.0632292303441
631.042777026821
607.9443929250247
594.5549449604538
592.3339464941823
595.5829499959473
604.9238349964382
648.556936341134
710.6560536171169
777.1590935670973
842.9641054145352
901.864984830306
951.8057219296132
992.2913511323163
1020.0855605934679
1035.4041043389527
1033.9318996277289
1008.3713800596659
965.829740818833
927.6031842533278
885.5184360821847
825.9195285967289
761.6121042484341
0.0
724.4135526855648
676.8588026230524
640.7390217372293
614.9119823483946
599.4538330284014
595.341812995952
599.0603989942239
607.1829077431602
645.307932916036
704.653012007537
770.3311096744261
834.6639168434973
894.1612930129902
946.0438172871712
989.346941742726
1021.494308203465
1042.5747565913916
1048.4889581584916
1031.4697641614619
997.482141885622
961.9207834621185
919.2268471871034
854.8940400180321
785.8273333186793
0.0
100.93486194536064
95.59177419292057
91.53051984364295
88.37035630111933
86.23819777327954
85.45132974106711
85.56555252327539
85.2101927662624
91.18785150797056
101.08715897735257
111.02454067680394
119.83238604889442
127.20610097706856
132.8410914061044
136.5216031896403
138.45069893769696
138.7933673303219
136.94042001173716
132.9553142255509
128.01835186620033
124.98510251079695
120.97461387097707
114.36238414766753
107.14096624053293
0.0
16.587685721830436
15.8388919503541
15.293160900613087
14.86165262212792
14.569749968532232
14.442835775935777
14.480910025719451
14.595132807927715
15.293160900613087
16.35924016836632
17.463393696855643
18.631004317809847
19.77323210374953
20.852002785176687
21.651562238729717
22.15921902773464
22.489195942066416
22.552653042197992
22.184601867130127
21.448499524661084
20.661631489162932
19.823997778159537
18.669078578545935
17.50146794663932
0.0
1155.579158594281
1100.7522253467014
1059.7462475897466
1029.7818053805433
1012.1534232029741
1007.9398718107522
1009.577064950118
1018.0930077003749
1088.9492048470863
1193.907246607178
1297.8626668316026
1389.228197655673
1457.723790586366
1504.8216493382354
1533.8088523506417
1553.3790216811794
1558.1129216167003
1543.5050971158123
1505.1389350634179
1455.604324093202
1417.6569783919506
1368.236589704513
1295.7051250394138
1218.7062810700436
0.0
1624.489046958988
1547.4013632538056
1489.769625939238
1447.6468036738358
1422.8604605392156
1416.9208763156253
1419.2434062511934
1431.211415091331
1530.8136778561666
1678.3641248272165
1824.4931324109755
1952.9303013730826
2049.232794808409
2115.4439320073175
2156.1833898558816
2183.698388387064
2190.3613833587347
2169.8266662910737
2115.8754400152784
2046.2503116421794
1992.8955821748682
1923.4227502883314
1821.4598833841444
1713.2147632175493
0.0
1091.106745741177
1039.3384444835863
1000.6169226007978
972.327747745696
955.6892963560271
951.6914991430241
953.2525437872034
961.2989039642865
1028.1826864121037
1127.2899835858457
1225.4454252159503
1311.709005613958
1376.3844808142246
1420.8679072189784
1448.2306084969305
1466.7093154936047
1471.1766955645446
1457.3938139710351
1421.1598103971946
1374.3919282606562
1338.5513588195652
1291.8976989658047
1223.4021060351117
1150.7056537633014
0.0
385.20997478178595
367.9877181090209
355.24553253972533
345.15585382799634
338.3913270803616
335.4342261872873
336.4622312227808
338.873600970828
355.1947668981726
379.9557270367779
405.71930928057617
432.61242791964025
459.2897923794854
484.2411237670091
502.8086710142589
514.6370742579834
522.16308622034
523.8256622242918
515.2335710117059
498.2524512622693
479.8879667674215
460.29241451753546
433.6023586308736
406.4807944624407
0.0
210.0049240336172
198.8872402097279
190.4347546045076
183.87329060927487
179.41860221705764
177.78140900102485
178.02254600102015
177.29913511055847
189.7240351080055
210.3095180691248
230.99653242287374
249.3229426701283
264.66686923638946
276.3937411641512
284.0339759130969
288.05715597973364
288.7678755200454
284.92237526455784
276.63487816414647
266.354828093975
260.04719241603027
251.68354669995583
237.9260476315078
222.92478942501432
0.0
300.799341516172
284.8843010169647
272.76399505502525
263.3723443801244
257.00125166666726
254.65333898698964
254.9833158432736
253.95531091730433
271.7613729498323
301.24354119190247
330.8780065119646
357.1238627557534
379.1054018562433
395.89615028009473
406.8361541723583
412.6107502087597
413.6133724234768
408.11798760180653
396.2388186398623
381.51677160429057
372.480480715974
360.5124717882171
340.80269682840884
319.30343161838533
0.0
406.8107713515818
385.2734319268224
368.88880893110826
356.18469760940593
347.5672235760436
344.39436861327465
344.8385682890051
343.4425121496345
367.5181355358472
407.40726813816167
447.47408048591086
482.97198176437763
512.7079784770694
535.4002371507285
550.2111240754463
558.016347252534
559.3743291771686
551.937157180625
535.8825110411948
515.9569819021676
503.7478360839395
487.55358433714366
460.90160269807484
431.8255598841421
0.0
53.5958659613048
51.19718761159813
49.42038883748562
48.0243326554006
47.08516758791051
46.66635073076595
46.805956344703006
47.14862468037539
49.42038883748562
52.85976360788334
56.45143542122544
60.18271285288555
63.901298866490784
67.3660564839507
69.95510612638539
71.60499070461573
72.64568713297349
72.87413268643762
71.68113922608791
69.32053513711733
66.7695597444663
64.04090448809454
60.3223184744893
56.5529667820931
0.0
21.803859270721656
20.83931136383608
20.153974692491317
19.595552224695425
19.290958146473404
19.25288388902304
19.303649567814006
19.519403703223247
20.7885456927118
22.425738849601533
24.11369768856796
25.70012516666673
27.15963844121662
28.46685468377458
29.406019758931357
30.078665008935513
30.52286469780887
30.510173279753992
29.8756022872002
28.77144876637756
27.667295241173964
26.48699319121246
24.82441719164152
23.21260687414727
0.0
587.3081442456858
551.8356257879954
525.1709527221096
505.95614315625147
494.81307647872865
492.960129193001
495.67609308608
503.44324201557464
539.7533941503159
591.4328556720948
646.7801375944025
701.5436141898044
750.5705689635408
792.1222774931404
825.8179972040994
848.9671469474481
861.7093325167436
860.4782647288481
839.2074450920031
803.7983837793494
771.9936856783778
736.965366896418
687.3672981897354
633.8475808090457
0.0
66.78225116580691
63.79976750562313
61.591460456311175
59.84004451721317
58.672433896258966
58.15208567824675
58.32976556058657
58.74858241006445
61.57876903497057
65.8811603590529
70.34854014413447
75.00629122194407
79.62596804230331
83.95374220578115
87.17736284076963
89.23337285480393
90.527897679307
90.81980033290269
89.33490421567159
86.39049480855721
83.2049484343048
79.80364791697647
75.18397109661723
70.47545433673095
0.0
191.00586853745375
179.4693678586104
170.8011281070284
164.55694957412013
160.92720354166116
160.33070675508137
161.20641475639238
163.7320072910288
175.5477191079365
192.35115903527156
210.347592316718
228.16634577606283
244.10676909604652
257.6231311644993
268.5758264835797
276.10183852260315
280.25193276978865
279.85849876846817
272.941674986651
261.41786573462446
251.07435859608339
239.69015502808935
223.5466689557036
206.14673235131283
0.0
179.08862525124954
167.33637050271142
158.40161097416745
152.01782675722666
148.19770939918237
147.18239579050578
148.09617800655272
150.10142240312956
159.53114732562364
174.20242861011866
190.44744599846717
206.3497951037149
221.05915063580306
233.87748474409472
244.58904306317982
252.53387188049047
257.75004537790534
259.2095587389793
254.99600734675738
246.59428738308978
237.81182481206133
227.25256352715869
211.35021453143509
194.28025478332827
0.0
93.40884997862312
88.471887661987
84.70253596959077
81.78350940953858
79.80364791697647
79.0802369848956
79.18176834576326
78.86448284948636
84.39794189465448
93.54845560022687
102.74973497692352
110.8976264765408
117.72561036921206
122.94178394329384
126.34308447924128
128.13257465278957
128.44986019178089
126.73651851341896
123.05600672988307
118.47440415711702
115.66960039789217
111.95101432295344
105.83374999797496
99.15806316358142
0.0
687.9384121226816
653.7858013420324
626.0296662051412
605.4822574587579
587.6000468872338
582.2315763556364
582.2696505703725
592.5750834613201
637.299646986546
695.2105956910833
755.0379487497177
811.8320525624725
863.8414910172024
907.5380495069347
934.6976879667706
954.5343771399848
963.73565653311
958.2656546088832
935.5607044645977
893.9582302605883
870.999451799015
830.8184166318194
773.1993705688301
715.5041760106546
0.0
809.8394996365223
760.9267675727083
724.1724157184268
697.6727311573502
682.3034216936456
679.7524463382327
683.4837237633216
694.2079734763662
744.2756247890798
815.5379471339279
891.851454580906
967.3654026422361
1034.9725960571818
1092.2743569207043
1138.7376449888782
1170.6438745810508
1188.2087993726307
1186.5208401207583
1157.1909688362036
1108.3670766615355
1064.5055300503288
1016.2146775610136
947.8079246070861
874.0200097276016
0.0
1416.9970243946202
1323.9562259754944
1253.3157829094303
1202.8039322167012
1172.5602787270523
1164.5139184733023
1171.7861016802744
1187.6630679866503
1262.2632336128854
1378.3262686024332
1506.8142026584726
1632.6369388353683
1749.0172584548568
1850.5105431473
1935.2257706565174
1998.0990643221332
2039.3207960392588
2050.8953707466467
2017.6057769019214
1951.1154281816148
1881.579138777659
1798.056904994935
1672.2214771612219
1537.1213128988713
0.0
1491.5337335986778
1420.7663765930176
1367.8431559003361
1329.1597081227594
1306.403991745491
1300.9593730472798
1303.0915315258335
1314.0823014101272
1405.523980641765
1540.992196489899
1675.1785785471548
1793.0945601652852
1881.5156820269094
1942.3075830745727
1979.709197061271
2004.9778140644532
2011.0950784168126
1992.2356281775378
1942.7137080974705
1878.7743349735294
1829.7854542940524
1765.9983787519143
1672.3864660712702
1572.9999573104146
0.0
118.6774668328522
112.3952140654936
107.61054880713519
103.90465418420382
101.39175305228886
100.4652794061394
100.60488502774317
100.18606817059857
107.21711479267185
118.8551467644779
130.54394440083678
140.90014301000429
149.56838279444347
156.19330390185542
160.5083866100402
162.78015082738864
163.18627625552594
161.01604339794986
156.33290954207828
150.52023925808362
146.95395029399418
142.2327420810053
134.45290172469387
125.97503329869718
0.0
1675.0516642789867
1595.5653014640002
1536.1440739430273
1492.701344011536
1467.1535154869553
1461.0235602444473
1463.4222385875826
1475.7582979182623
1578.457267994016
1730.6020089756014
1881.2872363661115
2013.7222024207456
2113.007179460399
2181.287018387112
2223.2956183697356
2251.6736324787425
2258.5396905642456
2237.357711156071
2181.7439092706104
2109.9485474485055
2054.9312424810532
1983.2881774740822
1878.152455946651
1766.5441093712254
0.0
2.652506745194855
2.500209707398136
2.373295509215949
2.2844555699079403
2.233689891007448
2.233689891007448
2.2463813110337623
2.2717641506482944
2.436752608471329
2.6778895852474838
2.919026561585543
3.1728549587165853
3.3886090957686843
3.578980392877678
3.7312774314410664
3.8455002092683666
3.8962658892641
3.8962658892641
3.794734530367874
3.6297460725448394
3.4901404543363386
3.3378434165396196
3.1093978597897785
2.8682608826850506
0.0
144.42835775935777
134.94786711864398
127.7518320454287
122.59911558352613
119.51510058657
118.70284973029547
119.43895204757398
121.06345383678993
128.66561426147564
140.49401758186704
153.59156282822292
166.40989685984766
178.276374394975
188.61988161018292
197.26273849717887
203.65921410807925
207.8727654236343
209.05306749331018
205.65176703402958
198.87454878291115
191.79273657295195
183.2767938226951
170.44576839711084
156.67557782517906
0.0
2240.3782692927534
2134.074936585795
2054.588574208905
1996.4872539159246
1962.3092604130711
1954.123294332907
1957.3215322697863
1973.8330692598581
2111.179615378782
2314.673840850623
2516.2135879726798
2693.3477344360485
2826.150751309797
2917.465517368508
2973.650432420245
3011.610469449742
3020.786366142567
2992.4591167989192
2918.0747051766652
2822.0387311678232
2748.4665707961294
2652.646350791268
2512.0254194231393
2362.748938996434
0.0
454.04823598462724
432.498205133051
416.39279335206805
404.6151557827535
397.69833192426944
396.03575596412725
396.6830183155928
400.0335531771303
427.86583688587496
469.1129513032999
509.95394036925455
545.8452756490419
572.7637771417395
591.2678672110956
602.6647622825733
610.3557626730719
612.2087099916567
606.4721881699911
591.3947814245017
571.9388348586482
557.0264165413007
537.6085441463736
509.10361518871997
478.8472703379685
0.0
549.1704276459933
513.1267953320234
485.73871129900937
466.1685419137094
454.4416699859477
451.3195806975886
454.1497673443996
460.305105988162
489.21616037395285
534.1945522602763
583.9956836755512
632.7561187051829
677.8614247282453
717.1921347915732
750.0248379280379
774.3923640324656
790.3708616000423
794.8509327801788
781.956450209558
756.1801765718003
729.2362922583262
696.8604802244087
648.0873538446272
595.7352470301297
0.0
141.47125686628354
134.75749576020152
129.74438493852182
126.0765646584696
123.90633183375078
123.3986750458411
123.60173779824318
124.64243422769617
133.31067390261123
146.16708225849604
158.88388489749113
170.07771718370952
178.4540542499338
184.2286502863352
187.76955642964833
190.16823478373595
190.75204014349893
188.96254989328372
184.2667246105953
178.20022593264585
173.55516621484335
167.5013589308534
158.63005650353628
149.2003315810422
0.0
107.24249761673396
100.75718206302079
95.89636826785686
92.38084497160598
90.35021780463384
90.00754946896147
90.50251483662579
91.92395386139201
98.54887501370887
107.99129133454348
118.09366154975612
128.09450040519636
137.0546427983264
144.6314204350929
150.78675907885528
155.01300186503684
157.33553164727118
157.1197775775764
153.23620304163845
146.76357893555172
140.96360007837387
134.5671245112831
125.50545072552346
115.73305745969029
0.0
139.94828654636416
133.69141650997213
129.05904829565333
125.40391936575105
122.94178394329384
121.86301326624765
122.24375579694164
123.11946379825262
129.0463568688365
138.0445735095597
147.3981499368674
157.17054321912917
166.8667880062046
175.92846171529735
182.68029714563949
186.96999700019057
189.71134371404594
190.3078403911016
187.18575114655224
181.0177211088303
174.3420342503415
167.22214771612215
157.5259030057137
147.6773611844559
0.0
156.33290954207828
148.92112036631093
143.37496990308793
139.3137155450484
136.92772861777757
136.35661465197418
136.5850602580099
137.7399794740521
147.32200147453824
161.52370021871678
175.58579343219654
187.94723628460716
197.21197282276887
203.5830655690832
207.50471431975714
210.15722106779958
210.79179206911533
208.82462196394135
203.63383121063598
196.93276160803762
191.79273657295195
185.10435828764625
175.29389079064853
164.87423511311147
0.0
893.0571394385009
850.6804886258101
819.0027047382448
795.840863568079
782.2229700303296
778.9485837844551
780.2304171372366
786.8045726030958
841.5553577716809
922.6789133646034
1003.0156009548853
1073.6179690943065
1126.5665730020514
1162.9655649492722
1185.365921364717
1200.4940939379505
1204.1492224297565
1192.8538584770981
1163.2067022997446
1124.9293794793516
1095.5995089614653
1057.398334910069
1001.3530249180761
941.8429573217662
0.0
494.86384222980547
464.97554848293123
442.5117353824508
426.3174836685123
416.93852438757096
415.3647883494318
417.6619353108898
424.19801652915595
454.79702977253226
498.341291228082
544.9822590745476
591.12826160373
632.4388331661913
667.4544605541919
695.845166692399
715.3391875058456
726.0761287223739
725.048123719738
707.1278389006206
677.290310871966
650.4860321987147
620.9784810592015
579.1729441027899
534.080329473687
0.0
546.5433037187272
519.4090481563347
497.3513604401818
481.03019458950416
466.82849576865885
462.5641787348841
462.58956155566045
470.77552734010914
506.3115028333118
552.3178997551287
599.8599584565388
644.9779559502279
686.2885275126891
721.0122521824748
742.5876659314943
758.3377179258925
765.6606671796569
761.3075101800694
743.2730025743627
710.2118539413864
691.9742835832778
660.0553626957172
614.2774114237459
568.4360029629283
0.0
371.38901864496836
348.9505883652643
332.0963827963765
319.9380026197011
312.8942645806681
311.72665401447597
313.4399956928379
318.3515751547452
341.3103536163184
373.99075964193395
408.99369560311754
443.6285803070902
474.62102751892974
500.90495801031165
522.2138519385596
536.8470590083186
544.9061106122185
544.1192425767204
530.6790289377394
508.2786729384859
488.17546394449977
466.02893630634384
434.6557464542861
400.8077298186689
0.0
988.5600737072277
941.6525860399905
906.5861930432947
880.9495249800452
865.872118157889
862.2550635522466
863.6638111622436
870.9486861246052
931.5629072515947
1021.3547025960994
1110.2834817056348
1188.4372442667593
1247.0335304136913
1287.3287882689046
1312.1278222936735
1328.867804944543
1332.916368335767
1320.4280106566155
1287.595308133486
1245.2186568936509
1212.7540051896358
1170.4788853424302
1108.4305340803826
1042.562065087908
0.0
740.6839529713567
695.9466980083616
662.3271269130656
638.0865150220441
624.0371132025239
621.7018920263299
625.1285753830538
634.9136600592751
680.7169942286898
745.9001265016288
815.7029355949271
884.7569508674629
946.5895483226742
998.9924208115816
1041.4959858376785
1070.6735601647176
1086.7408973914396
1085.192544601221
1058.375574227343
1013.7144678471536
973.6095811751443
929.4307487182788
866.874740372606
799.3817696347252
0.0
519.4217395831514
488.0485497310938
464.46789166216433
447.47408048591086
437.61284734736034
435.9756541313275
438.37433245255795
445.25308209630606
477.3623742327851
523.0768684363869
572.0276747477941
620.4581328444748
663.8120230182493
700.5663748287209
730.3658286097823
750.8370887843125
762.1070696423841
761.0156075385211
742.2069233241333
710.8844991902953
682.7603128728599
651.7805570221227
607.9063186336218
560.5800141114305
0.0
180.77658410883507
171.20725361183258
163.92237853994718
158.27469679361863
154.45457940271714
153.04583179272007
153.23620304163845
152.61432354380645
163.31319043607473
181.0431039296067
198.84916596213472
214.6246008539764
227.8363688869216
237.9260476315078
244.50020309736695
247.96496070168402
248.57414888222334
245.26168831208875
238.12911038390988
229.28319074451184
223.8512630678781
216.65522799466274
204.81413328031184
191.89426785605747
0.0
1687.9715295280027
1586.021354280633
1509.403252458622
1454.1701930490938
1422.1370493530387
1416.8066529376058
1424.6118765418378
1446.936083815904
1551.2976290632266
1699.838006646938
1858.912263231444
2016.2985605640774
2157.198703453605
2276.650347070378
2373.4858799062945
2439.9889202834197
2476.6163579900094
2473.088142999702
2411.966265336708
2310.193769122867
2218.777472438195
2118.121821871852
1975.5337204971204
1821.7264032487258
0.0
547.2286403944529
521.2619954749194
501.84412304713504
487.6551157297734
479.3041614843255
477.3116085145654
478.08578512324675
482.1216566605099
515.6777706874364
565.3773707867487
614.607388312887
657.8724385208485
690.3117076559927
712.6105322954741
726.3426485431457
735.6073850046405
737.8537663245457
730.9369425427285
712.7628293296565
689.3090854412758
671.3380349806057
647.9350568433018
613.5793832773937
577.116934141327
0.0
1281.2369064635109
1220.4323137590302
1174.9843396171534
1141.7582022274626
1122.2134163091316
1117.530282267069
1119.3578465786863
1128.800262971807
1207.3474603666357
1323.7277803146967
1438.9785637251105
1540.281476631967
1616.2269335664985
1668.4521260580657
1700.5741094899322
1722.2891286272693
1727.5306849783178
1711.3364329467595
1668.794794330214
1613.8790203172953
1571.7942722556766
1517.0054129490225
1436.5798853819756
1351.2173955322444
0.0
107.44556029246912
100.94755336341551
96.07404814253
92.55852485066009
90.527897679307
90.18522934363462
90.68019471896562
92.10163373606517
98.7392463097226
108.19435408694555
118.3221071229346
128.3483287991512
137.30847122513845
144.91063164982418
151.07866172040332
155.30490450658488
157.64012579230294
157.41168021912446
153.52810575985333
147.04279018314014
141.23011989914548
134.82095290523796
125.74658772551872
115.9615030361545
0.0
877.6243729392842
820.0053269201047
776.2580027450098
744.973652858765
726.2411171833733
721.2533891496128
725.7588431833827
735.5946936106808
781.8041532082328
853.6883551604369
933.2635575031397
1011.1888753125171
1083.2761395571222
1146.1367422011608
1198.603072010343
1237.5403479956838
1263.0754848634467
1270.2461373458866
1249.6225794471718
1208.4516132620754
1165.3769348506528
1113.646707917322
1035.7086983744603
952.0341674261248
0.0
1007.6860434167974
946.8306853226695
901.0908082216245
868.118499477794
848.9925297682246
845.819674838313
850.4647345561153
863.8034167696094
926.1055967541847
1014.7805471302403
1109.7504419107574
1203.7050227649784
1287.8237530276147
1359.1241500910096
1416.933567205774
1456.6450202378924
1478.499645300215
1476.392869368627
1439.905037587023
1379.151210743143
1324.5781050023727
1264.484232155824
1179.3628796237085
1087.5404570837554
0.0
145.96401950609396
138.71721875846862
132.82840001214484
128.46255158574044
124.66781704847256
123.5382806532067
123.5382806532067
125.73389629870192
135.21438693941568
147.49968132949707
160.2037925416753
172.2479499646187
183.28948524951193
192.5542217110068
198.3161263205914
202.5296777128134
204.4841563911706
203.31654574831154
198.50649760236703
189.67326946645272
184.79976425213866
176.28382150188187
164.04929275335323
151.8147640814915
0.0
108.5497138669586
103.3969973875322
99.53880575998991
96.72131055313866
95.07142597490835
94.67799196811166
94.83028900010363
95.62984845365663
102.28015244536898
112.1413856616816
121.91377894065765
130.49317872642678
136.92772861777757
141.34434268573474
144.07299797277327
145.913253831684
146.35745350741442
144.9867801888202
141.38241697713755
136.7246658653755
133.15837690128606
128.5133172272932
121.71071618825555
114.47660693425676
0.0
984.9176362808092
932.7812835360065
893.1079051895779
862.3439035180596
841.4792092326849
833.8009002361458
834.8923624166758
831.5037533075451
889.8081360134029
986.3644581383995
1083.3776711797525
1169.3239665863896
1241.297008208691
1296.2635473155422
1332.1041170852056
1350.988949871447
1354.3014100911041
1336.2669027592083
1297.4057751814346
1249.165688563673
1219.6073716183205
1180.4035757683987
1115.8803978870774
1045.4937831273487
0.0
292.79105558668215
277.29483198623853
265.5045029134404
256.3539892385347
250.14788495321963
247.86342938572125
248.19340627486247
247.19078409300263
264.514572202207
293.2225638355958
322.0574697262002
347.6179892942633
369.0030317176975
385.3495804658185
395.99768163986715
401.6199806749434
402.5972199593599
397.2414408545794
385.6922487489193
371.35094432070827
362.55579043238714
350.9050669669545
331.72833161583236
310.8001803716122
0.0
1974.4422581632568
1855.1809855654024
1765.5668704153811
1700.9548519658642
1663.489780461747
1657.258293498037
1666.3834243302613
1692.5023660211193
1814.581133641824
1988.3266711493961
2174.3955777546435
2358.497313258047
2523.308091280884
2663.0279328674046
2776.298854614399
2854.0972581775127
2896.930799972274
2892.806088173483
2821.3026290914977
2702.2698025925374
2595.331898763787
2477.593596945853
2310.8156489164135
2130.9020819625507
0.0
256.8235717350416
241.31465674063844
229.65124184838902
221.2495219942456
216.37601674707426
215.56376589079977
216.7567593544352
220.14536841975612
236.0350260981871
258.6257533792163
282.82829105550195
306.77700022830857
328.21280829329567
346.3869215063678
361.1216599687564
371.236721610786
376.82094632160215
376.27521525324204
366.9724045003444
351.48887232671757
337.57907614742015
322.2732238287522
300.5708959429936
277.1806091996493
0.0
1279.8789245936384
1219.1504810633942
1173.740580796728
1140.552517643678
1121.0204226154956
1116.3499802302506
1118.1775445418677
1127.6072692781709
1206.0656269043302
1322.3190322556507
1437.4555933832864
1538.6442840073646
1614.5135914390876
1666.6880183986261
1698.7846192835268
1720.4615645456524
1725.7031208967012
1709.5215601933878
1667.0306866707742
1612.1656785184568
1570.1316959888666
1515.393602871386
1435.0696059302995
1349.783265254805
0.0
1234.3928759194055
1159.830784464097
1103.8108574900236
1063.414067869799
1039.9983983056784
1036.102132375781
1041.800579949853
1058.1344372273477
1134.4479449809933
1243.0738067582793
1359.4033616124086
1474.5018477695917
1577.5434857889215
1664.8858365354029
1735.7039594016642
1784.337480152175
1811.1163758403638
1808.5400173684595
1763.8408369597255
1689.4183514622596
1622.5726428129867
1548.9624082375099
1444.689702287903
1332.2056484778357
0.0
565.3519879659723
535.4256199715047
512.6572127588498
494.9907563336874
483.02274748259737
478.60613333797323
479.24070433928904
477.286225693789
510.7534997987123
566.1769302162063
621.8668804544718
671.1984293732401
712.5216923296612
744.059870609861
764.6453535709801
775.4838261034713
777.3748477134591
767.0313404982511
744.719824431953
717.0398377573907
700.058718084621
677.5568306927377
640.5232675908676
600.1264782773105
0.0
41.65323989594337
39.80029259597771
38.41692784289999
37.325465732465545
36.58936338232982
36.27207788605291
36.38630066826118
36.64012906112079
38.41692784289999
41.094817428147465
43.874238366595925
46.78057350530754
49.67421723363094
52.364798240219024
54.37004257217664
55.6518759753391
56.464126839280325
56.641806721620156
55.71533307547067
53.887768614900494
51.89521570099778
49.77574858683192
46.894796287515796
43.96307830612299
0.0
144.27606064850843
137.9303507229705
133.4122052952409
129.70631069092863
127.63760925883945
127.38378083202737
127.71375779783548
129.18596247620212
137.57499101305288
148.43884636632043
159.54383871958322
170.10310003734315
179.73588767938207
188.35336178941125
194.5975403223196
199.0522287145368
201.95856385653414
201.89510671149768
197.68155531927565
190.3966803569144
183.1244967885127
175.29389079064853
164.3158125741249
153.61694564899935
0.0
11.65072340782288
11.14306661816081
10.775015442107225
10.483112783035327
10.318124325212297
10.292741485926335
10.318124325212297
10.432347104134838
11.11768377777961
11.993391744152408
12.894482550906408
13.744807683250409
14.51898428645554
15.217012379140908
15.724669175812522
16.08002893282551
16.321165907630228
16.30847448628963
15.965806150617244
15.38200084014014
14.798195529663039
14.163624532728276
13.275225147314877
12.412208601296966
0.0
16.752674182829672
16.016571832693938
15.496223614681718
15.064715343863247
14.823578361391833
14.798195529663039
14.836269782732439
15.001258243731671
15.978497571957849
17.23494813243911
18.529472956942186
19.760540685694654
20.87738562457217
21.88000779219383
22.603418724274682
23.123766942286903
23.45374385661868
23.45374385661868
22.95877848128767
22.108453353324638
21.270819642321246
20.35703741422664
19.08789543240477
17.844136285597422
0.0
4.72120817837927
4.492762621300856
4.30239132386329
4.162785705654788
4.035871507472602
3.9977972478317545
3.9977972478317545
4.0739457671134485
4.378539842378315
4.77197385804643
5.190790712233838
5.5842247268067124
5.939584482833981
6.231487138839202
6.421858435948197
6.5614640544852705
6.624921153412077
6.58684689377123
6.434549856303083
6.1426471995311935
5.990350161734473
5.711138924988901
5.317704910416025
4.911579475488263
