0.0
159.77922676321108
157.03155099774773
157.37030553843758
157.70906007912748
161.90585244546418
173.7058024725324
192.58195842280873
199.22531141053824
197.2868826391729
194.7838630196107
190.45533265390537
186.65375388130647
181.87355092369395
178.3730873182724
176.3593796612416
174.49622971777487
177.03688879461149
181.34659935947104
188.94975693355224
190.6247099372479
190.36123419846152
185.4304736139352
175.26783730658863
166.065005527827
0.0
171.57917670362906
170.01714186957287
170.01714186957287
171.8614720988441
176.19000237789913
186.05152363360202
201.3519371794416
207.09194472340587
204.98413869758147
202.0670856834357
198.90537664469906
194.50156747997855
189.66490535089613
186.44673722733984
183.0215523631666
180.78200848239075
181.70417364035148
184.7906038511895
191.50923572458444
194.08753417204525
194.53920690836958
190.1918569151191
182.0429281203862
175.0231812819978
0.0
266.86330212984325
266.20461273955226
266.1669732822778
266.69392484650075
268.51943541934327
272.0010793683362
277.8351853966277
280.7898778391645
278.43741570209903
276.76246269840345
274.63583698726694
272.84796578504853
270.2320278225465
269.44160057730403
268.3688778790798
268.0489430265903
268.1054021114099
268.1995005957372
271.5305869755832
274.6734763578911
275.97203536651074
274.95577175310615
271.7940627143695
268.50061570514777
0.0
347.1669487760569
339.4320533759077
335.8563110292377
336.9478533838907
346.0754064214039
368.9036987134262
400.12557591142235
411.9443455082689
412.96060920832394
415.53890765578467
417.4208773134469
416.2728758739742
413.2805440319299
413.3746425162571
411.34211520279763
410.3070319329644
410.36349096001726
413.90159399382986
419.98035610447914
419.3969455420867
415.0872348905769
402.36511979219813
382.5856183403898
362.56146086399065
0.0
48.27252256098818
46.55993014334329
45.67540438489014
45.487207419123926
46.29645438722691
49.30760589147664
55.44282708694556
57.343616473245014
56.25207404927184
56.270893743248955
56.21443465554093
56.10151646857152
55.819221021366346
55.9885982960438
56.1203361683253
56.21443465554093
56.55318919623081
56.797845258370096
58.529257369992095
59.43260282819904
59.507881606995845
58.05876494835567
55.009974059040054
51.22721497175322
0.0
1016.8846828339302
996.634688989369
991.9297647730048
1002.148860165171
1038.9225479673603
1123.7241021759717
1248.2728563146209
1297.9944958144185
1276.5024016705727
1256.9487365869263
1239.7098942119546
1213.362318513665
1185.3209701552514
1160.8741838577032
1137.5001203450292
1122.1997067991897
1131.1767021231387
1164.1676308669248
1214.8678942629017
1228.0416820976047
1227.0442381406287
1192.3595367944854
1125.2484976394032
1056.7259812194122
0.0
71.45838914833254
70.0280921836695
69.70815733695673
70.4233058178441
73.00160429418834
78.96744821497978
87.71860727185882
91.2190708974988
89.69467544562012
88.32083757444178
87.11637696927586
85.27204667646113
83.29597849692314
81.58338608505495
79.92725275222975
78.85453002801037
79.49439972432424
81.80922244455208
85.36614515790008
86.28831030719579
86.23185121371107
83.78529061831337
79.08036639617252
74.26252399283895
0.0
267.69136874570984
260.2387687985423
257.8486672908527
259.33542329701027
267.80428700199946
290.9336944323156
326.1265276862531
339.789627656788
334.59539124682516
328.94948215830476
322.8330807347983
315.81333375199273
309.6969322707193
305.98945201133114
303.42997322029896
303.8063671576081
308.47365200334804
318.50455045574324
333.1274549548631
336.49618064756635
333.4850290913264
320.9134716198615
300.41882166405907
279.71715514094024
0.0
340.7117927280986
334.85886698561154
335.55519583317687
336.28916399359974
345.2473397477705
370.390454806234
410.66460615607804
424.798198519366
420.6766848942776
415.35071071601345
406.1102395666276
398.03658951314316
387.7986744067814
380.3648941160426
376.0551835511831
372.10304720943725
377.5043001867165
386.70713196547814
402.92971072704523
406.48663350393684
405.90322285489424
395.4018319808627
373.721541128313
354.11141695984725
0.0
1805.072408573203
1769.1456078231608
1760.7896625188785
1778.9318502509655
1844.2173782844197
1994.7561345047968
2215.8311130980746
2304.095492379102
2265.947966509327
2231.225625445959
2200.6059783223664
2153.857852163522
2104.0797536077876
2060.7003518130086
2019.1841010014996
1992.0272781127046
2007.9675614501732
2066.5344577257665
2156.5302484021076
2179.9043123480324
2178.154080227604
2116.5760319914034
1997.4473506019954
1875.796829821063
0.0
76.0880345858999
74.56363913979791
74.22488459910804
74.97767246794963
77.74416791006009
84.08640577393734
93.40215573966844
97.12845572480553
95.50996178571124
94.04202542731728
92.76228604335458
90.78621786959329
88.69723150886259
86.87172091580163
85.12148910442582
83.97348759274463
84.63217698303559
87.11637696927586
90.89913605078603
91.89657998754356
91.82130120008173
89.2241830239837
84.19932394646507
79.06154669641873
0.0
646.9082613933963
645.34622655934
645.2521281038962
646.5318674560872
650.9544962194694
659.404540123613
673.5381324869008
680.6707976682292
675.0060688655133
670.9033749546204
665.784417430323
661.4182476939935
655.0948295587533
653.1940401580122
650.5781022821603
649.8064946933466
649.9194129496364
650.1452492600316
658.25653859749
665.8596961715713
669.0025855538792
666.5560250191368
658.8775886171569
650.8792174782212
0.0
1336.179660361615
1309.5874285809682
1303.3957484739801
1316.8330119319355
1365.1619937654857
1476.5934194430863
1640.230684005949
1705.5726716152415
1677.3243061696094
1651.6166002629493
1628.9765047373978
1594.3670822480365
1557.518115935666
1525.392893149488
1494.6603282028566
1474.5608920140928
1486.3608416945601
1529.7214235440765
1596.3431506499767
1613.638451965351
1612.3398926967807
1566.7585869406346
1478.588307010437
1388.5360571915094
0.0
137.7413616297811
137.40260708909122
137.38378742399755
137.64726318877896
138.5882479858383
140.39493892824729
143.40609042383198
144.93048586993396
143.70720558523266
142.84149950631493
141.7499570996718
140.82779196770613
139.4727737876166
139.07756013611194
138.51296920992988
138.34359194391743
138.38123133187167
138.41887071982586
140.15028287766137
141.7687767647655
142.44628584614526
141.91933436568425
140.28202070661774
138.5882479858383
0.0
68.44723763830613
66.54644825200667
65.92539825544661
66.30179219853241
68.46605733805993
74.39426186512047
83.39007698413879
86.89054060977874
85.55434213233131
84.10522547369116
82.54319062808158
80.75531941430982
79.19328457736528
78.2334800314503
77.59361033802477
77.68770882524039
78.87334972776415
81.45164820410841
85.17794818924551
86.04365425372153
85.27204667646113
82.05387850669135
76.82200276076436
71.51484823604058
0.0
15.78972570188986
15.639168129565716
15.639168129565716
15.80854540164366
16.203759035818248
17.107104485360168
18.518581750269412
19.04553326539054
18.857336299624315
18.59386053773124
18.292745390772275
17.897531756597687
17.44585903471507
17.144743879091077
16.843628732132114
16.63661206372375
16.711890851185576
16.994186307055767
17.615236300727496
17.85989236286677
17.897531756597687
17.502318128199782
16.749530244916492
16.090840848848824
0.0
281.3544687162448
273.5254748317682
271.0036354113602
272.5468505889878
281.44856717168864
305.78243529959764
342.74432004155807
357.12256842943685
351.66485633845446
345.7178321405235
339.30031546318935
331.9229942572702
325.48665801015767
321.59098075323146
318.899764049481
319.31379735741433
324.20691857131646
334.76476853016766
350.12164116082687
353.65974428128976
350.47921544170737
337.28660795057556
315.75687466717307
293.98248541694653
0.0
167.15654788247994
161.22834339874453
158.16073279234504
157.5208630902545
160.30617818301698
170.76992974419113
191.97972811733743
198.54780236381856
194.76504321876493
194.82150239023485
194.63330539269688
194.25691145538772
193.2782872126073
193.88051751807862
194.3698296250271
194.67094476332105
195.81894628944394
196.66583261950606
202.68813564533565
205.79338565701934
206.0380416816102
201.05082207003102
190.5117917676085
177.43210244611615
0.0
112.35359051784336
108.36381477658988
106.31246781825509
105.87961478168455
107.74276478291812
114.78133141926395
129.0278420012931
133.4504707300153
130.90981165317862
130.94745104113287
130.8157132121765
130.55223743873006
129.91236774530452
130.30758139680916
130.62751621463852
130.8533526001307
131.60614045741892
132.1895510486947
136.23578590653966
138.3059525559632
138.47532982197563
135.12542377703602
128.04921775851267
119.24159958793051
0.0
818.0922244455207
801.8131866569009
798.0304275984977
806.2358154202831
835.83919867052
904.0605999233338
1004.2566662776456
1044.26734185982
1026.9720404000284
1011.2199540889809
997.3498374644795
976.158858747762
953.6128618509547
933.9462785687857
915.1265817033293
902.8184999128837
910.0452634918889
936.5998558441452
977.3821390151331
987.9776284312587
987.1683814429373
959.2587709394751
905.2838802484721
850.1421682593835
0.0
226.2315764991187
223.95439318995184
223.89793407624876
225.6669855642716
230.61656589187686
242.54825374501314
262.79824758957454
271.5305869755832
266.9574005852871
261.98900063013656
256.4183703695148
250.67836273890023
244.2043870345132
240.25225069276732
237.1658203952791
235.0768339969999
236.73296737315027
240.28989006339145
248.7587536817304
253.1813824451127
254.55522033939778
250.0761324334289
240.15815215067323
230.31545069581608
0.0
150.29409945348237
148.78852373890592
148.75088435095174
149.91770552483825
153.211152525395
161.13424494330067
174.59032817321872
180.3867948308861
177.35682361821753
174.04455703921738
170.35589643625784
166.53549792057999
162.22578729795364
159.60984947986864
157.5585024782087
156.16584491882995
157.27620703966863
159.6286691362973
165.25575856838907
168.19163129673032
169.1137963680408
166.14028426907532
159.55339030839872
153.022955527857
0.0
226.89026591829312
220.56684769640285
218.53432046959358
219.79524010758905
226.9655446595415
246.59448854220287
276.4048884752898
287.9978217617412
283.59401259702065
278.8138096394082
273.61957328721206
267.6725490892812
262.4783127659685
259.354243097856
257.17115815748275
257.4910930677391
261.4620490659136
269.9685521415269
282.3519126732207
285.21250660254685
282.634208155086
272.0010793683362
254.6304990806462
237.07172193983521
0.0
237.57985370321242
230.95532037191154
228.82869468965848
230.14607341247358
237.655132531111
258.20624157173313
289.42811868307905
301.54800347598643
296.9559974581451
291.9311383892915
286.5110656689332
280.28174607578734
274.84285364123355
271.5682263462073
269.29104300815703
269.629797574842
273.77013085635906
282.6718475257102
295.63861870644655
298.63095046184065
295.95855355893605
284.7984732946135
266.61864610525237
248.23180220415776
0.0
306.2529276923506
295.3939626240889
289.78569290619265
288.6188717236411
293.71900959150986
312.89628073784695
351.740135166353
363.7847411313618
356.8590927484173
356.95319114609435
356.6144366660597
355.8992881620656
354.1302366740427
355.22177911534595
356.10630481603226
356.67089575087937
358.7598821491585
360.32191698321475
371.3690789912476
377.05262750815905
377.5043001867165
368.37674723585354
349.0677381767982
325.0726246155741
0.0
540.6522526426309
539.3536936340113
539.2784148061127
540.3323178767916
544.0397981361799
551.0971844896095
562.9159541442231
568.8817980852328
564.1392344115944
560.7140495763045
556.4231587256404
552.7909571497338
547.5026223420939
545.9217677938422
543.7198632836905
543.079993607595
543.1740920630389
543.36228900281
550.1373799610246
556.4984374668888
559.1331950858196
557.0818480581647
550.6643313808304
543.9833390224768
0.0
1743.0615073437564
1708.357986716669
1700.3031565506801
1717.8242947252352
1780.8702789356805
1926.2336176515544
2139.7242596558162
2224.9398466813427
2188.109699938751
2154.573000147614
2125.0072564413017
2079.8588041116527
2031.8121172400668
1989.900652863703
1949.8146977315444
1923.5988602636908
1938.9745518864602
1995.5465607680032
2082.4371022125124
2105.0207381622263
2103.326965328801
2043.8567233494923
1928.830736188695
1811.3581873378184
0.0
91.63310422565047
90.71093908213145
90.69211938237765
91.40726786615335
93.40215573966844
98.23881784275582
106.4442056905366
109.98230870990747
108.11915871733893
106.10545114984671
103.8659072228574
101.5322647999874
98.91632693857728
97.3166526992368
96.05573300058616
95.20884663875225
95.88635573457374
97.33547239321388
100.76065723139202
102.54852843072204
103.1131193395741
101.28760874651313
97.27901329972919
93.28923755847569
0.0
1664.9597650632772
1618.644491320009
1603.7016518239827
1612.92330340359
1665.5996350570904
1809.5514965080547
2028.3304734354906
2113.3390440381177
2081.100903226717
2045.9457097477714
2007.9487415915607
1964.305864086879
1926.158338505938
1903.1606691327574
1887.2015659366757
1889.5916674732491
1918.6116399011428
1981.0365745540562
2071.916891364335
2092.919673343465
2074.0999759003403
1995.998233619861
1868.5324267847836
1739.692781535519
0.0
295.88327473103743
292.90976263207193
292.83448389082355
295.1493065128478
301.6232823038851
317.24363067333064
343.7229442843385
355.12768057325184
349.14301691804644
342.6502214994639
335.3858185498345
327.85793980365185
319.3890761564295
314.2136595473124
310.1862443776678
307.4573883032932
309.62165344282073
314.2701185743652
325.33610044101073
331.1137472978323
332.93925795732514
327.0675125584094
314.08192163459404
301.22806871014734
0.0
51.92354376155179
50.07921346873704
49.119408917045384
48.93121195127917
49.79691800709018
53.03390587950207
59.620799793965254
61.67214675518837
60.48650584977628
60.50532554375338
60.448866464710385
60.33594827774094
60.034833122116964
60.22303009654821
60.373587671471874
60.467686150022466
60.82526039913117
61.08873615235921
62.95188614492776
63.911690682177706
63.98696947541622
62.44375432378375
59.16912706630596
55.10407253181397
0.0
413.78867588195726
399.10931229801764
391.52497438036505
389.94411988988026
396.8321289022005
422.7468515783612
475.2349862343234
491.4952043665147
482.1418149608392
482.292372587753
481.821880195
480.8432559522196
478.4531543578797
479.93991045068753
481.1443710616301
481.9159786504439
484.73893312249555
486.82791952077474
501.7519391293051
509.43037553128494
510.0514255509518
497.7057043898822
471.6216043726122
439.2140863645192
0.0
425.0428545439568
413.20526523291466
409.40368643143233
411.7561485684979
425.1934121708707
461.94828020109753
517.8051406075298
539.504251116508
531.2800435805267
522.3030481699273
512.5920846277885
501.4508240198945
491.72104073467693
485.8492952779943
481.78424073772555
482.38647104319693
489.80143161974013
505.7228952718968
528.9275815012281
534.2911951367666
529.4921723783084
509.5432937009243
477.0040377801131
444.1260272926169
0.0
357.2919457127793
353.69738365191387
353.62210482401525
356.40742001209304
364.2364139543364
383.07493053398855
415.04959551995273
428.84443340320604
421.5988501100051
413.7698561677618
404.9810576969334
395.89114403004436
385.67204863787794
379.4427289580819
374.56842745837525
371.27498059357066
373.87209869746005
379.4991881295518
392.87999256045464
399.8432804584405
402.04518496859214
394.95015930230517
379.27335167473933
363.7659214749333
0.0
154.24623581255833
152.85357825317953
152.85357825317953
154.49089192091105
158.38656921249736
167.25064642457406
181.00784479278607
186.18326148855346
184.2824720878123
181.64771446888156
178.8059402826344
174.85380399865534
170.50645391875454
167.60822064768772
164.54061006439497
162.5269024940144
163.33614945345238
166.12146455487985
172.16258729490488
174.47741000357937
174.89144336927953
170.9769463981578
163.65608421929156
157.3326661504834
0.0
32.48279685909832
31.57945140377972
31.297155956574557
31.466533222586982
32.501616553075436
35.30575138891682
39.577822591817174
41.233955915977354
40.612905922305636
39.91657713250706
39.18260895764259
38.31690289316656
37.5829347183021
37.131261996419475
36.83014684079549
36.8677862345264
37.43237714337844
38.65565744829814
40.42470895365106
40.838742281802766
40.46234834738198
38.937952895503315
36.4537529063747
33.950733217492285
0.0
432.6648318322336
424.0642303011764
422.05052278856266
426.3978727240464
442.05586055076634
478.13321959204046
531.12948609803
552.2828253863566
543.1364526924147
534.8181466143393
527.4784648656947
516.280745230748
504.3490573776117
493.9417649879074
483.9861453345276
477.4745301150993
481.29492863077706
495.334422596388
516.9206149068435
522.5100649105442
522.0960315159606
507.3413891907727
478.79190892456467
449.6213787542236
0.0
73.52855580930947
70.91261793345762
69.5764194560102
69.29412400880504
70.51740429928303
75.10941034889616
84.44398001438103
87.32339363768423
85.66726030485903
85.68608000461283
85.61080122581603
85.44142395113857
85.00857092323308
85.27204667646113
85.47906334486949
85.62962091112811
86.11893303251831
86.49532697560414
89.14890423652187
90.52274211636522
90.61684059491584
88.43375575563452
83.80411031806716
78.04528306568406
0.0
250.39606734368525
244.82543699641317
242.24713854895236
243.0375657941948
249.6056400984428
266.09169454102937
288.60005200944556
297.1253747414876
297.85934287302695
299.7224929031439
301.07751108323345
300.24944446736686
298.08517924118905
298.16045806908767
296.6925216904753
295.9397338447405
295.9961929295602
298.5368520063968
302.9218413702715
302.50780806233826
299.383738336459
290.2185459283214
275.953215710082
261.49968852318807
0.0
159.8545055044595
156.6739767341973
155.9400085333378
157.53968281311504
163.31732973925685
176.6604948573024
196.23297965514408
204.06197353962065
200.6744281327219
197.6068174916623
194.89678113148324
190.73762813577068
186.33381902881706
182.49460088559394
178.82475999682993
176.41583883271156
177.82731603985394
183.0215523631666
190.9822841603615
193.05245090221197
192.9018932752982
187.44418118431577
176.88633122546452
166.12146455487985
0.0
70.87497853972671
70.15983006461605
70.14101036486224
70.68678157396047
72.24881641957006
75.97511640470717
82.31735425991941
85.0650300109411
83.63473305205473
82.07269820644515
80.32246638640432
78.53459518707429
76.5020679198283
75.25996792093147
74.30016337790484
73.6414739905022
74.14960580586953
75.27878761490858
77.93236488449134
79.30620275566966
79.73905578357517
78.34639821264304
75.2223285300889
72.15471793235444
0.0
444.8035363393365
435.9394591272598
433.8881121862551
438.34838029137813
454.4392211691104
491.53284373713893
546.0158663359363
567.7526162733055
558.3615874970059
549.7986253943398
542.2519269050781
530.7342724465254
518.4638300267042
507.7742421551347
497.55514676296843
490.85533469041917
494.78865131796965
509.22335887731833
531.3929618368164
537.1517890372093
536.7189360150805
521.5502603819593
492.19153321408004
462.2117559398839
0.0
71.10081490788887
69.10592703437378
68.48487703203703
68.88009066621163
71.119634601866
77.27367548842366
86.60824516257358
90.24044666049502
88.86660878354002
87.36103303141515
85.74253909809754
83.879389105529
82.24207547245759
81.26345122967716
80.5859421482974
80.68004063551302
81.92214062574482
84.5945375893047
88.47139514936543
89.37474060468404
88.56549363658105
85.23440727695352
79.7766951773061
74.28134367815105
0.0
15.225134793904326
14.961659037210262
14.980478736097558
15.018118129828471
15.413331765736064
16.542513576508128
18.349204484256987
18.97025448659374
18.78205751216249
18.556221144000325
18.142187815848622
17.784613575404947
17.314121153768532
16.994186307055767
16.787169638647406
16.61779236396995
16.862448426109232
17.276481760037615
17.99163024381331
18.161007509825733
18.123368116094824
17.65287569445841
16.69307115143178
15.80854540164366
0.0
247.51665370016366
240.62864463007645
238.40792037684582
239.76293855693547
247.61075224225775
269.0087475551752
301.5291838195578
314.1572004624927
309.37699741822985
304.14512163764283
298.4992126357726
292.00641713053983
286.34168838559077
282.916503550301
280.5452217568068
280.9027960376873
285.21250660254685
294.4906171803237
308.0031595239448
311.12722919205726
308.3230944342011
296.71134134690396
277.7787263695749
258.6202748796665
0.0
120.333142006127
116.06107081189167
113.8591662699682
113.4074935480856
115.40238142160068
122.94907988197885
138.2118540571942
142.93559799641892
140.22556165356983
140.26320104152404
140.13146315480085
139.8491677249257
139.1528389120204
139.58569195147928
139.92444649216915
140.15028287766137
140.978349510858
141.58057982499435
145.92792977780812
148.1486540368154
148.3368510256884
144.74228888106103
137.1579510385053
127.72928287425144
0.0
1145.310294573077
1113.4485476989855
1103.1729931353493
1109.515231071435
1145.7619672516346
1244.7723927091993
1395.2735088079833
1453.7651269488802
1431.576704044119
1407.3933934853571
1381.2528346432184
1351.2354181716985
1324.9819410732696
1309.1733955041022
1298.2015120640172
1299.838825928156
1319.8065242619684
1362.7342529449388
1425.253285995529
1439.7068129224722
1426.7588615136985
1373.0286270205866
1285.3664788248825
1196.7257064441646
0.0
38.16634532690793
37.789951383822114
37.789951383822114
38.072246839692305
38.91913319574951
40.9328407690184
44.339205907442725
45.82596195981379
45.05435439121842
44.207468026496194
43.266483183223365
42.30667864019672
41.21513621622356
40.53762713484381
40.010675619722676
39.6719210790328
39.95421652623797
40.556446828820924
41.96792409950685
42.72071196834843
42.9465483365106
42.19376046766901
40.518807435090004
38.86267410804148
0.0
224.85773860483368
216.85936737924774
212.75667346835488
211.89096748186407
215.6360871118765
229.71322039034484
258.2438809423573
267.07031878380985
261.98900063013656
262.06427937138494
261.81962334679406
261.2926717825712
259.99411277395154
260.80335973338947
261.44322940948496
261.8572627174182
263.40047783727897
264.5484793634019
272.6597687875106
276.8189217832231
277.15767634990806
270.4578641907086
256.2678128003678
238.65257648808694
0.0
1216.2981912420064
1213.362318513665
1213.192941316973
1215.5830428246625
1223.9013488160874
1239.785172953203
1266.3585850196546
1279.7770290233655
1269.1250804646534
1261.4278244351285
1251.7733199778095
1243.5867518124523
1231.69270332994
1228.1169609255032
1223.2050200551723
1221.755903332989
1221.9629199869555
1222.3957730957345
1237.6397276145212
1251.9426972611518
1257.8520820306915
1253.2412562697714
1238.7877290539939
1223.7884306464482
0.0
287.80962476420314
277.5905293720369
272.3398339350211
271.2294717795224
276.0096748237852
294.03894444399936
330.54915642075196
341.85979425422147
335.3481791792103
335.46109737773304
335.14116246747676
334.4636533341069
332.78870038817814
333.8237836580114
334.6518503316449
335.1976215522964
337.15487003785734
338.6228064164697
348.99245943554973
354.3372533280094
354.7701063501382
346.1883245332765
328.0273170869943
305.4813201613037
0.0
395.0818971283732
384.09119414739314
380.5342713993852
382.7361759673036
395.23245469752015
429.39020462385764
481.29492863077706
501.46964373409014
493.8288467893847
485.47290134068515
476.45826650169465
466.1074331968101
457.05515904496224
451.597446896213
447.81468789557636
448.3792787726567
455.2672878427438
470.0783893394018
491.64576193566165
496.6329816050076
492.1727134132343
473.635312029643
443.39205907442727
412.8100516391769
0.0
720.9449490758399
719.2135369006745
719.1006187021517
720.5120960537112
725.4616762946662
734.8715247273944
750.6236110095582
758.5843428067532
752.2609247292801
747.6877382812169
741.9853701656438
737.1298883223659
730.0725020267031
727.9646960008786
725.0476429867329
724.1819368558248
724.3136747685431
724.5583308509009
733.5917853463202
742.0794687077379
745.5799323131595
742.8510762387848
734.2881141361187
725.3863974667676
0.0
145.85265100189966
143.34963132168227
143.6507464744179
143.95186162715356
147.79107977326498
158.5559464091896
175.7947887263945
181.83591146641953
180.06685997839665
177.78967666922975
173.83754024083365
170.3747160926865
166.00854635635707
162.8280176034249
160.98368731638686
159.28991456961236
161.58591762185816
165.53805396360403
172.48252214739435
174.00691758194293
173.7622614995853
169.2455342807591
159.98624341717775
151.59265858052402
0.0
581.0205025923359
569.4463889334297
566.7551723163295
572.5892783157377
593.6108797779963
642.0715993509641
713.228873303236
741.6277958847634
729.3573535515924
718.1784536308412
708.3169323751383
693.2799945680852
677.245612804056
663.2813977241104
649.9194129496364
641.1870735636276
646.306031087925
665.1633674106561
694.1268809847975
701.6547596732133
701.090168796133
681.2730279737004
642.937305337455
603.7735161431096
0.0
180.83846750944355
175.81360852724026
174.17629486528546
175.19255847869002
180.91374639510906
196.53409476455462
220.3033719576165
229.54384310700232
226.02455978738521
222.22298107255315
218.08264779103612
213.3400840596307
209.19975077811364
206.71555087274692
204.98413869758147
205.22879477993908
208.3905038186757
215.16559471912348
225.02711588817618
227.32311894042192
225.27177191276695
216.78408863799945
202.95161138412197
188.94975693355224
0.0
678.8452870953867
663.7142507462393
656.7321432207082
658.8587689029613
676.6998416700545
721.3401626695777
782.391259428206
805.520666916289
807.4779154018499
812.5404138990946
816.2102547878586
813.9707108204325
808.0989653637499
808.3059820177165
804.3162063631133
802.3213185069284
802.4154169046052
809.3410654319669
821.2351138278287
820.0871123017059
811.6370683975624
786.7762487920807
748.1017717335675
708.9379823948051
0.0
852.7016470504158
844.9479319071876
844.9479319071876
854.0566652305052
875.6240378845321
924.611708963956
1000.6432844159343
1029.2115843385711
1018.7101934934229
1004.1625677355514
988.4481208240119
966.6360921165107
942.5468800420762
926.5313179922424
909.5559514427073
898.471149919633
902.9878771962261
918.3071104562612
951.730892164409
964.547105804882
966.8242890562819
945.1439982903826
904.6816499430005
869.7522924278493
0.0
2323.743255513824
2318.153805741191
2317.7962310270586
2322.36941796614
2338.2720615863836
2368.628233000073
2419.3849552498023
2445.0362024471274
2424.673289884142
2409.937467677517
2391.512984376915
2375.87381617774
2353.158442373075
2346.3268917523724
2336.9358634670907
2334.188187216386
2334.5645809226276
2335.39264834723
2364.50671891285
2391.8329193738214
2403.143556485205
2394.3171193369544
2366.7274431660803
2338.027405735093
0.0
481.821880195
472.24265447892924
470.0031105115031
474.8397726405855
492.2668119553284
532.4468648208452
591.4654343526643
615.0276948051091
604.8462387835672
595.5681282635571
587.4003797546287
574.9229207386077
561.6362147053818
550.0621011331259
538.9772996967022
531.7317164035014
535.9849677968909
551.6241359671822
575.6380692426018
581.8673889223979
581.4157162438404
564.9673011141111
533.1808329812679
500.6980361452764
0.0
811.9193638794277
789.3169078689174
782.0336852050925
786.53159276749
812.2204789888382
882.4179484991754
989.1068102143029
1030.5666025186606
1014.852155607121
997.7074116875931
979.1700102173515
957.884933102957
939.2910725478957
928.0745331121033
920.3019983990966
921.449999838569
935.602411944936
966.0526814674682
1010.3730677589191
1020.6109828075139
1011.4269707429478
973.3547239321391
911.1932650180117
848.354297114932
0.0
564.2145132394929
551.6429556236109
545.8464890525938
547.6155405406167
562.4454617514701
599.5579039759272
650.2958068869453
669.5107174039066
671.1480309792113
675.344823489965
678.3936143301788
676.5304643867121
671.6561628292386
671.825540112581
668.5132735046976
666.857140128547
666.9324189564458
672.6912461568387
682.5715870689703
681.6117825403854
674.59203555758
653.928008318435
621.7839660491284
589.244710128317
0.0
814.5917607823322
798.3691820785322
794.6052426765574
802.7918108419145
832.2446365518877
900.1837423806032
999.9469556550192
1039.788253953851
1022.5682312930747
1006.8914238099262
993.0777662991277
971.9808860956207
949.5289876542574
929.937683199987
911.2120847322074
898.9604621132321
906.1495862349628
932.5724406745007
973.1853466487964
983.7431966076477
982.9527693624052
955.1560770285823
901.4070226479745
846.5099667412438
0.0
751.7151534508615
730.8064701871258
724.0690187439524
728.228171739665
752.0162686469223
817.0006820908677
915.7852711225036
954.1586331293731
939.6110073715017
923.7271831766195
906.5824392570917
886.8782166331819
869.639374315977
859.2697212968967
852.0617773743203
853.1533197289731
866.2518288224278
894.42491509356
935.451854375789
944.9558013506115
936.4492982749982
901.1811862798122
843.6305531843725
785.4588699826153
0.0
105.54086024099469
101.79574056188048
99.8573117818501
99.46209813901048
101.21232995327466
107.81804357037997
121.21766776169181
125.35800108364562
122.96789957595597
123.00553896968685
122.89262078849413
122.64796472635484
122.02691473268311
122.40330866710393
122.70442381406288
122.91144048824793
123.62658896335859
124.17236017245683
127.9739389826042
129.93118741039825
130.08174501131694
126.93885562323231
120.27668291841897
112.01483597715347
0.0
20.362912051749188
20.155895383340823
20.155895383340823
20.30645296404116
20.758125685923776
21.830848410143144
23.656359008980775
24.44678627732996
24.03275294340157
23.58108022151895
23.07294840037494
22.56481658500761
21.98140598217845
21.623831741734783
21.34153629452961
21.15333932009836
21.30389689502202
21.623831741734783
22.395439318995187
22.790652953169776
22.903571134362515
22.50835749729958
21.605012047757665
20.720486292192863
0.0
1213.0800231184503
1186.0361186592456
1173.577479299653
1177.3602383580567
1209.2596246027724
1289.0363195403459
1398.134102968377
1439.4621568978814
1442.9626205610698
1452.0148948284514
1458.5453297043084
1454.5555539052882
1444.0729831787037
1444.4493770582458
1437.3167118769175
1433.7221496427517
1433.910346871357
1446.2748875733216
1467.5223254903929
1465.4709785493878
1450.396401140643
1405.9630964484854
1336.8571697260527
1266.8667168696823
0.0
1705.3091959053384
1667.2934078905148
1649.7722705824629
1655.1170639261375
1699.9455818365489
1812.1109756168048
1965.4726855004978
2023.55027007351
2028.4810308602205
2041.2031461030163
2050.3871579653987
2044.7788883341527
2030.043065838694
2030.5700172584998
2020.520299120792
2015.495440196356
2015.7589159062588
2033.1294963672492
2063.015174203965
2060.135760964812
2038.9071427041692
1976.4633884814775
1879.297293484252
1780.9267376450155
0.0
1145.4043930285209
1119.8660643763199
1108.1037537198756
1111.6794962109627
1141.79101125346
1217.1262579445233
1320.1264593455255
1359.1396906241225
1362.4519576363741
1370.9960996782438
1377.1689602732201
1373.4050209001289
1363.5058603026853
1363.844614984904
1357.1071632817798
1353.7384380512112
1353.9078151034862
1365.576026842352
1385.6378238337925
1383.7182146610887
1369.4717045614127
1327.5037805514444
1262.2558910509952
1196.1799353101633
0.0
472.88252415502467
468.12114085384087
468.00822265531815
471.6968832582777
482.06653621959094
507.002634566321
549.3281330015867
567.5644192757675
558.0040132161254
547.6155405406167
536.0037875110864
523.9591815460776
510.44663914468964
502.18479223808424
495.72963619012586
491.3634664537964
494.8262906885939
502.278890693528
519.9694058337075
529.1910572688979
532.0892905399647
522.7170815645109
501.9777755841175
481.42666654349534
0.0
219.56940379719376
211.77804922557448
207.76945385677578
206.92256752671358
210.57358867239873
224.33078712726098
252.1839385459036
260.82217938981813
255.85377943466767
255.92905823368287
255.68440215132514
255.15745064486907
253.89653094910676
254.6869582521161
255.308008214016
255.72204152194936
257.2276173289527
258.3379793978012
266.26107182437187
270.3261263646406
270.6460611882466
264.1156263990399
250.26432943096694
233.06312642661936
0.0
314.5147746567228
303.35469439240035
297.59586713424056
296.39140658106487
301.6232823038851
321.3275049277948
361.22526239809656
373.58980321559477
366.47595783511235
366.5888760336351
366.23130181052153
365.4785138781364
363.6718230194893
364.80100474476654
365.70435024629853
366.28776083757435
368.43320632067315
370.0328805253535
381.381157787214
387.1964441013101
387.6857562082587
378.294727431959
358.4587669530977
333.84260337220695
0.0
425.34396974001766
410.25057284814466
402.4780379907209
400.84072441541645
407.9169304252747
434.5656212329748
488.5216922675492
505.2335830782981
495.616717991603
495.76727556075
495.277963424918
494.2805194679421
491.83395893319965
493.3583543966317
494.581634664003
495.3720619670122
498.2702952669626
500.43456040649
515.7726133807205
523.6580663500168
524.2979361127626
511.613460385008
484.7953922939655
451.4845287843404
0.0
65.79366038316509
65.13497098709742
65.1161512931203
65.62428310848763
67.07339976712778
70.53622399903684
76.42678913236645
78.96744821497978
77.63124973753237
76.18213307311552
74.56363913979791
72.8886861072189
71.02553612042705
69.85871490899206
68.97418915342725
68.3719588508443
68.84245128114573
69.87753460296916
72.34291489812067
73.6226542907484
74.03668762467677
72.71930884120648
69.83989520923825
66.97930127991216
0.0
28.47420141231435
28.210725659086304
28.210725659086304
28.51184081182195
29.226989295597647
30.864302920004032
33.40496200261736
34.36476654564398
34.00719230520031
33.51788018958678
32.99092867446565
32.275780193578306
31.466533222586982
30.939581707465855
30.37499079861382
29.998596864193026
30.14915444489336
30.657286260260687
31.76764837821097
32.20050140611647
32.275780193578306
31.560631709802607
30.205613532601387
29.038792321166394
0.0
677.9419415938545
664.4293992502334
661.3053295243541
668.1180598531929
692.6401248919896
749.1744943740248
832.2069970946133
865.3484834075462
851.026694104487
837.984644095852
826.4858092648446
808.9270320373835
790.2390730268781
773.9412155818296
758.3396867821623
748.1394111041917
754.1240746727467
776.1243003777856
809.9244759365924
818.7132744074207
818.0545850748966
794.9251775868138
750.1907579874296
704.4965339461107
0.0
81.99741941320664
81.16935275690325
81.15053305714946
81.79040274479829
83.57827395857002
87.90680424629006
95.24648603825987
98.40819511743327
96.75206179038473
94.9453708913009
92.93166331803202
90.84267696307799
88.50903454887302
87.0599178844562
85.94955576650591
85.19676788322262
85.79899818580557
87.07873758420999
90.1463481732794
91.74602241261991
92.25415422798726
90.63566028889295
87.04109819047906
83.4653557716006
0.0
220.49156895515446
216.08775984820082
215.07149623479623
217.29222048802683
225.27177191276695
243.65861581386162
270.6648808446753
281.44856717168864
276.78128241259896
272.5280308747923
268.80173090120854
263.08054307143976
257.0017809607906
251.7134460665004
246.63212799947735
243.31986133382694
245.25829010519226
252.42859457049443
263.41929755147453
266.26107182437187
266.05405517040526
258.52617633757234
243.97855066635108
229.129809799069
0.0
185.84450692186854
180.66909022610113
179.01295699436787
180.0292206077725
185.91978572088374
201.97298714134152
226.40095378246122
235.88608104308813
232.29151889557244
228.35820221025529
224.12377038664405
219.2494689735877
214.996217435781
212.43673870251573
210.6488675002973
210.91234323908373
214.1493311057189
221.11261891705445
231.27525528216782
233.60889770503783
231.50109159256314
222.78757200740029
208.5598811020182
194.1816326274891
0.0
97.67422693390375
94.21140270777141
92.42353150266469
92.04713755957889
93.6656314928965
99.7820329886116
112.18421325183091
116.00461172418362
113.80270718226019
113.84034657599109
113.72742839768672
113.5015920353012
112.93700112644918
113.29457536111617
113.55805112300926
113.74624809744051
114.42375717882027
114.91306930021048
118.43235261982753
120.23904352468807
120.3896010996117
117.4725480825776
111.3185071873549
103.67771024842614
0.0
835.0487713675108
820.6893426938275
822.4207547245759
824.1898062125987
846.1523925470136
907.7492604974101
1006.4773904442259
1041.124452477512
1031.0182751972184
1017.9574056188048
995.3173101799033
975.5189890716665
950.451152812218
932.2336861944658
921.6570165791861
911.9836923210212
925.1951195552317
947.7599361084676
987.5071360096222
996.2582950520599
994.8279981307217
969.0450133672792
915.9358286627672
867.8891424843828
0.0
934.8119846996935
916.1993044304368
911.870774151382
921.2806226418768
955.0807982006836
1033.031982854249
1147.5310187974244
1193.2440625818222
1173.483380844209
1155.4917505946191
1139.6455658281282
1115.4434355551705
1089.6604507917282
1067.1897326361693
1045.697638867808
1031.6205055893397
1039.8823524959453
1070.2197039066048
1116.8172734494556
1128.9183385281676
1128.014993084402
1096.134426496115
1034.4434600613913
971.4351148172021
0.0
1470.4017386717792
1429.5065374178023
1416.3139299844374
1424.4440388627909
1470.9663297799268
1598.0933821927367
1791.3152106382418
1866.3869810995009
1837.9127805276944
1806.8790994029664
1773.3235803308849
1734.7620213264775
1701.0747638217763
1680.787130404407
1666.6911781915956
1668.7989835819844
1694.412591350919
1749.55430310894
1829.801491074702
1848.3577113637527
1831.739919759417
1762.7657300543162
1650.20512299804
1536.4024157868967
0.0
1565.7423234716475
1530.8317855840412
1514.759764391621
1519.6528858943575
1560.8115627715872
1663.7929442273264
1804.6019167292347
1857.936937657492
1862.453665020735
1874.1406967048638
1882.5719211547625
1877.4153235088718
1863.8839615665886
1864.3732738468375
1855.1516225560645
1850.5407967662609
1850.785452617551
1866.7257359550197
1894.1648544123304
1891.5300961579646
1872.0517103065845
1814.689274295333
1725.502730318479
1635.1681853642872
0.0
124.07826169968293
119.67445262450106
117.4160889890929
116.92677686770267
118.9969435286796
126.76947834855488
142.52156467982056
147.39586617086215
144.57291160638357
144.62937071719833
144.4788131653814
144.19651767773948
143.48136919974044
143.93304190429302
144.27179645364794
144.51645255333565
145.36333890939284
145.98438888862287
150.46347672815983
152.7594797544106
152.94767675194853
149.25901616631907
141.43002221541062
131.70023895618792
0.0
1758.3995609823053
1719.1981316952504
1701.1312225311115
1706.626574166019
1752.8477497715605
1868.5136069261707
2026.6555201718447
2086.5397955746207
2091.621114074895
2104.738442882545
2114.204750891111
2108.4271036876885
2093.2207879040907
2093.7665597601776
2083.4157264841765
2078.221489987563
2078.503784689576
2096.4201370066535
2127.227980694532
2124.2544681623153
2102.385980774363
2037.9661581497307
1937.8077310505093
1836.3695645413306
0.0
3.0676105954237807
3.0111515045385766
2.99233180767312
3.029971201981702
3.1240696863089847
3.387545442425378
3.7639393811786803
3.9144969563911673
3.8580378655059633
3.782759077755303
3.745119683735555
3.651021199408272
3.575742412524114
3.5004636241957847
3.425184837311627
3.387545442425378
3.4063651398685026
3.5192833216389108
3.669840896851397
3.7074802902934763
3.7074802902934763
3.594562108523068
3.387545442425378
3.1805287771941892
0.0
149.88006613688407
145.70209345874778
144.3658949437519
145.19396164338042
149.93652524769882
162.90329643132353
182.5886993410378
190.24831599993874
187.3312629280261
184.16955388928955
180.76318876819522
176.82987214064488
173.38586756227613
171.31570096484273
169.88540395685456
170.09242061082122
172.70835851555648
178.3354478032311
186.50319631215953
188.40398571290066
186.71021296612616
179.67164632689202
168.21045095315898
156.59869795828885
0.0
2351.8598831045047
2299.4282073022946
2275.263716226661
2282.6222176895017
2344.444922354661
2499.1240107878684
2710.638584679024
2790.754034789835
2797.5291252570314
2815.0879022823087
2827.7535588157693
2819.9998432104067
2799.674570942314
2800.4085393626874
2786.5760614156084
2779.631593376235
2779.9891680903665
2803.9466418765987
2845.161778127482
2841.190821753823
2811.926193474639
2725.788440309116
2591.8110178502425
2456.1398234244466
0.0
476.64646349923265
466.013334799133
461.12021358523083
462.6069695913886
475.14088774999607
506.4945028029438
549.3469526580153
565.588351133778
566.9621889702962
570.5191116605375
573.0974101657652
571.5165556175134
567.395041992425
567.545599561572
564.7414647170657
563.3299874521564
563.405266280055
568.2607480366826
576.6166934853823
575.8074465259442
569.879241984442
552.4333829266203
525.276560355543
497.7809831311306
0.0
569.879241984442
554.0330572179508
548.9140996070031
552.07580873239
570.1050783526042
619.3750448850101
694.2586188108654
723.3538702399583
712.3067081741586
700.2809218366951
687.2765112853343
672.3336718759582
659.2728022975449
651.4061689557939
645.9484568070445
646.7577038531329
656.6945037634338
678.0548598501441
709.1638187918505
716.3529429713483
709.9166066375853
683.1926370886372
639.5685796447516
595.4552100650343
0.0
148.50622830036582
145.19396164338042
143.66956619727844
144.14005856692472
148.03573587295273
157.8031585201296
171.16514333792895
176.22764183517359
176.6604948573024
177.75203721195533
178.56128425804354
178.07197212221166
176.7922327700207
176.82987214064488
175.964166009737
175.53131304537501
175.55013270180365
177.05570850880702
179.65282661269654
179.4081705881057
177.56384035883445
172.12494792428072
163.65608421929156
155.09312217728055
0.0
123.77714654405895
121.33058594288455
120.74717534005539
121.98927533895223
126.4683632015959
136.8003767749549
151.9502327863076
158.01017524052813
155.3942373300162
153.00413586276332
150.91514949047922
147.69698133226282
144.29061617650845
141.31710406021296
138.47532982197563
136.61217983518375
137.70372224182688
141.7123177117176
147.88517826336897
149.48485254314625
149.3719343215167
145.13750253256566
136.96975404096733
128.63262834112342
0.0
171.8050130140244
170.07360089662575
170.03596152600159
171.37216004966243
175.13609939387038
184.2071932599137
199.5640659772232
206.20741902271953
202.72577507372668
198.94301601532322
194.72740384814077
190.36123419846152
185.44929332813075
182.43814177189086
180.1044994356711
178.52364480076912
179.76574486898616
182.47578122916525
188.9121175629281
192.2620235992027
193.3159265832315
189.90956151990403
182.38168268707116
174.9102630257082
0.0
164.10775704226614
160.45673580993076
158.76296306315623
159.28991456961236
163.59962519223868
174.40213117568075
189.15677358751893
194.7462235623362
195.21671604173946
196.43999630911077
197.32452209644734
196.77875087579568
195.36727361088649
195.42373269570612
194.44510845292575
193.97461597352248
193.99343562995114
195.66838872029697
198.54780236381856
198.2655068819533
196.2141599409486
190.21067662931458
180.8572872236391
171.3909797060911
0.0
937.5032013456772
916.5945180819413
906.9588331944008
909.894705922742
934.548508874257
996.2018360250069
1080.5140780400195
1112.4511037997763
1115.1611401599555
1122.1432476277198
1127.2057461249644
1124.1193157697091
1116.0080264900175
1116.3091415994281
1110.7761507094306
1108.0096552644318
1108.1602128913455
1117.720618893221
1134.1313945656755
1132.550540017424
1120.9011476461528
1086.5552007800443
1033.1449009661214
979.0759117619077
0.0
571.2342601645315
559.8671631595921
557.213585970883
562.9535935148473
583.6176207539922
631.2502735666764
701.2219067088513
729.1503368976258
717.0680914753424
706.0962082085579
696.4040642361975
681.6117825403854
665.8596961715713
652.121317459788
638.9851690534759
630.3845675224187
635.4282463054677
653.9656476890592
682.4586688704476
689.8548097327953
689.2902188557151
669.8118325133171
632.1159796398174
593.6108797779963
0.0
663.4131356368288
652.0083992612651
653.3822370977833
654.7937144493429
672.2395734782813
721.1896051004309
799.6112820889824
827.1444985973685
819.1084880589252
808.7388350398455
790.7283851338267
775.013938222287
755.1026989155272
740.6303519855542
732.2367671662305
724.5395111367055
735.0409020107369
752.9572534324284
784.536704911305
791.4811730084448
790.3519911965175
769.8761609837941
727.6824005190133
689.4972355096817
0.0
428.69387577629215
420.1497333878215
418.1736651880652
422.48337581069154
437.990806097148
473.74823014151553
526.2363648841279
547.2015072326834
538.1492329364185
529.9062057440085
522.6229830224166
511.5193618429139
499.7005922460673
489.4062179682355
479.54469685694977
473.0895408089914
476.8722998673948
490.7800558625206
512.1592316056596
517.711042152086
517.2970088441525
502.6741043450327
474.3880999042612
445.48104547270646
0.0
1037.7557267270415
1014.6074995825302
1003.9555510815846
1007.1925390059869
1034.4810994320155
1102.7401401132204
1196.0670171116408
1231.4104079347253
1234.4027396901192
1242.1564548333474
1247.7459048081646
1244.3207199728752
1235.3625442187042
1235.6824791289605
1229.5660775610368
1226.4984670066276
1226.6678442033196
1237.2445138763665
1255.4243411234945
1253.6741092919
1240.7637971959834
1202.7480094699943
1143.6353414827313
1083.769885678617
0.0
854.9788303884661
837.9658243816566
834.0136880976775
842.595469770122
873.5162317720572
944.8240634378933
1049.5368569532643
1091.3542235385025
1073.2684947468183
1056.8200796748558
1042.3289130306875
1020.1781297853851
996.6158693329403
976.064760292318
956.398177010149
943.5255042848564
951.0722027741181
978.8312557373168
1021.4578692242262
1032.5238509464546
1031.6957843305881
1002.525254160247
946.1038027323175
888.477890895629
0.0
599.5767236323559
587.6450358369864
584.8597206777921
590.8820237036217
612.5811342703668
662.585068876545
736.0195262535173
765.3217943943436
752.6561383230178
741.1196641213862
730.9570278140395
715.4307779000379
698.8882642859812
684.4723763830613
670.6963583006537
661.6629038052347
666.97005832707
686.4108052121934
716.3153036007242
724.0690187439524
723.4856081526766
703.0285975674983
663.4695946638815
623.0637054013192
0.0
189.006216018372
182.3064039458228
178.84357965325856
178.1284311492645
181.2713205315724
193.10890992926485
217.0852038340602
224.51898412479898
220.22809321636814
220.3033719576165
220.0963553036498
219.64468262509234
218.55314018378914
219.23064923050876
219.77642045116036
220.13399467427402
221.4137341131152
222.37353864170015
229.20508854031732
232.70555220350573
232.98784768537104
227.3419385968506
215.4290704579098
200.617968961252
0.0
1948.4408598950263
1909.6534648979407
1900.6388297412327
1920.2301344554544
1990.6910791269092
2153.180342452483
2391.8329193738214
2487.098224537055
2445.9207277145624
2408.4318919860475
2375.4033234672697
2324.9288962083874
2271.1986617152756
2224.3564365522016
2179.5655574925136
2150.244469637492
2167.4456728151395
2230.6798541675403
2327.808310314044
2353.0455235102336
2351.1447345427437
2284.673564370555
2156.0973954088618
2024.7923700550768
0.0
574.4524283458546
561.6550344484608
555.7456495922706
557.5523405375679
572.6457374294408
610.4356887872678
662.0957568273633
681.6682415674381
683.3243748569382
687.5964461089404
690.7016961206243
688.8009066621163
683.8513264211613
684.0207037045037
680.633158297605
678.9393855508303
679.0334840929245
684.8864097487613
694.9549476006641
693.9763233578838
686.8436581765553
665.8032370867516
633.0757842261692
599.9342979132363
0.0
1344.9872786044061
1314.9886818181983
1301.1750243940498
1305.3906366189995
1340.7340271821329
1429.2054225972258
1550.1596144150592
1595.9855768023474
1599.8624341717777
1609.8933324508723
1617.1389156285395
1612.7162864030224
1601.0857142947318
1601.4997474293646
1593.595474399272
1589.624518892115
1589.8315350261807
1603.53227454064
1627.0945347620177
1624.817352088286
1608.0866416211086
1558.8354948028982
1482.2016888432647
1404.6268979825913
0.0
124.02180260619821
121.55642231104672
120.97301170821756
122.23393139242644
126.71301926084685
137.06385253973633
152.25134793904323
158.31129032683194
155.69535249141688
153.3052509577321
151.19744492901938
147.97927676213797
144.57291160638357
141.58057982499435
138.73880559542206
136.8756556086302
137.9671980066083
141.99461314159268
148.16747375967591
149.76714798168638
149.6542298178237
145.41979796244078
137.2332298144138
128.8772843917093
0.0
910.7039529688302
885.3726408839452
877.204892375017
882.248571215833
911.0615271052937
989.8031390041012
1109.4775916141607
1155.981062643801
1138.3281870186627
1119.1132764439346
1098.3363310929174
1074.4541356435657
1053.5830918371043
1041.0115343078726
1032.2791949218638
1033.5777540749007
1049.4615782120159
1083.6005083952743
1133.3033278920423
1144.8021627230496
1134.5077885029848
1091.7870765606315
1022.0789192438932
951.5991543383409
0.0
1163.1890066241444
1140.0407794218659
1134.6583460721317
1146.3453779006775
1188.4074004527397
1285.4229382851865
1427.8880437299933
1484.7611676054137
1460.1826435684472
1437.8060240127493
1418.0829817035278
1387.9526464847
1355.8650634735134
1327.9178136283103
1301.1562047953882
1283.6538865660964
1293.9294410430825
1331.6817529147515
1389.6652394078046
1404.7209965535687
1403.5918150015923
1363.9198939572195
1287.1543502292848
1208.7703124958236
0.0
177.18744642152532
174.1386554368944
174.49622971777487
174.872623655084
179.539908500824
192.6007780792374
213.54710077136417
220.90560226308776
218.76015683775577
215.993661392757
211.1758189201032
206.97902655376643
201.67187203193106
197.7950144892003
195.55547052177417
193.50412358076946
196.3082583963925
201.08846144065524
209.5196856306031
211.3828356318367
211.08172052242617
205.60518871724827
194.3321901966361
184.15073417509402
0.0
113.95326475718385
111.41260567457051
110.22696477782343
110.58453901249041
113.57687082276304
121.08592988941031
131.3238450275438
135.20070255294448
135.53945709363435
136.38634345835658
137.00739348668841
136.63099950027745
135.63355559240335
135.67119498035757
135.01250561317335
134.67375107248347
134.6925707375771
135.840572255035
137.8354601285501
137.64726318877896
136.23578590653966
132.0578131619715
125.56501775205399
118.9969435286796
0.0
1029.7949949298468
993.2659632966654
974.4086269161678
970.4564905744218
987.6012344939497
1052.115155458492
1182.7426717077906
1223.2050200551723
1199.906235283747
1200.2826292210564
1199.1158080385046
1196.7068867877363
1190.7410428756095
1194.4673428491933
1197.4220352917303
1199.3416443489
1206.3613913317054
1211.6120866820709
1248.7433487073738
1267.8077017418384
1269.3697365758946
1238.6559912279258
1173.7092172123714
1093.0668159417057
0.0
306.1400095804781
295.2622247113706
289.6727747943201
288.4871338109228
293.5872717654418
312.7645429117789
351.60839725363473
363.6341836488651
356.7085351215036
356.82145332002636
356.4638790969127
355.7487305929186
353.97967904712885
355.0900412026277
355.95574724688527
356.5391578381611
358.6281442364402
360.1713593563009
371.21852142210065
376.8832502248166
377.35374264645293
368.2261896667066
348.9171806076512
324.94088678950607
0.0
2279.121754603981
2233.7474648374837
2223.208434997195
2246.1120059438163
2328.542277867915
2518.6212173643635
2797.7549621162116
2909.2052064682043
2861.026782319335
2817.176888680588
2778.540051108232
2719.5026615445
2656.663694334622
2601.860736565618
2549.466700480634
2515.177212988179
2535.295468255703
2609.256877456849
2722.8713873527367
2752.380672349714
2750.1787679550957
2672.4157805301356
2522.027582023323
2368.4212159995054
0.0
296.4478656081177
290.5573004950064
289.1834626584882
292.15697475745367
302.88420199964736
327.61328369241073
363.9164790440801
378.4076456882485
372.14068658006136
366.43831846448813
361.41345933786766
353.7350230225381
345.5672745713766
338.43460947669854
331.62187914785966
327.16161101385325
329.7775488319382
339.3944140052834
354.1678760446669
358.0070942167734
357.7247987349082
347.61862154126464
328.04613680118985
308.05961860876454
0.0
1343.5569815675344
1313.6148441549806
1299.801186153164
1303.9979787794514
1339.322549743923
1427.6998465013883
1548.52230046427
1594.291803968923
1598.168661338353
1608.1995596174472
1615.4263238030046
1611.0036945774877
1599.3919414613072
1599.8059754624428
1591.9017024323498
1587.930746058691
1588.1377630592583
1601.8385017072153
1625.3631230778701
1623.1047593962485
1606.3928687876837
1557.1793613400978
1480.6396539514415
1403.1401420630839
0.0
1424.8768921159872
1396.5156087028997
1389.9287150310574
1404.2316845043872
1455.7788341148926
1574.6064005970738
1749.1214501156944
1818.7919685239435
1788.6804529615442
1761.2601543628466
1737.0956635760472
1700.1902385543412
1660.913530988173
1626.6428619101598
1593.8777699677873
1572.4421353997798
1585.0325129609244
1631.2725081362446
1702.2980439447306
1720.760166673724
1719.3675092674273
1670.7562321253124
1576.7330265970445
1480.6961128340772
0.0
591.1078600717838
570.1427177232283
559.3213920255907
557.063028401736
566.8869101423977
603.9240737122567
678.9017461802063
702.1440718668119
688.7632672914921
688.9702839454586
688.3115946129346
686.9189370622207
683.4937521402807
685.6391976233797
687.3329703701542
688.4245128114572
692.4707476086471
695.4630793640413
716.7857959934772
727.7388596038329
728.6233853911696
711.0081490788888
673.7263294844389
627.4298751376488
0.0
51.13311648453759
50.62498466917027
50.60616497519315
51.020198312009875
52.13056042129514
54.821777084608804
59.413783134221916
61.3710316082294
60.33594827774094
59.22558615979068
57.964666469805074
56.66610737742354
55.198171019029594
54.313645269241476
53.617316479442884
53.14682405780648
53.50439830691517
54.313645269241476
56.23325434951804
57.23069828627559
57.55063313298835
56.534369496477005
54.27600587551056
52.05528164249833
0.0
188.38516605647203
186.672573595502
186.672573595502
188.68628110811568
193.44766449594977
204.26899019358734
221.07497954643028
227.37957796747477
225.06475525880037
221.846587135244
218.3837628426798
213.56592051444306
208.23994624952874
204.70184321571617
200.9567235279369
198.49134319234864
199.50760689240354
202.87633264287356
210.2724735629882
213.09542803503984
213.6035598850673
208.80453712660898
199.86518117328396
192.14910540067993
0.0
15.225134793904326
15.07457722244668
15.07457722244668
15.243954493658123
15.62034842981192
16.504874191442237
17.85989236286677
18.368024178234105
18.179827209579535
17.916351456351485
17.65287569445841
17.257662060283817
16.824809032378315
16.542513576508128
16.24139842954916
16.034381769805826
16.109660548602626
16.391956004472817
16.994186307055767
17.220022666552907
17.257662060283817
16.862448426109232
16.147299942333536
15.5262499443293
0.0
21.887307503627856
21.68029083521949
21.68029083521949
21.906127203381654
22.470718097791984
23.73163779644261
25.670066576472976
26.40403475133744
26.140558998109395
25.764165063688605
25.368951429514013
24.80436052066198
24.183310524101906
23.769277190173515
23.33642416226802
23.054128706397826
23.167046887590566
23.562260521765154
24.427966586241183
24.747901432953945
24.80436052066198
24.258589311563732
23.20468628132148
22.32016053153336
0.0
5.740007556095304
5.6459090717680205
5.6459090717680205
5.664728768344642
5.815286343557129
6.229319675752513
6.9068287640642865
7.151484823604059
7.076206036719899
7.000927248391569
6.83154997660246
6.699812097966597
6.530434826177486
6.398696947541623
6.342237856656419
6.266959069194591
6.361057553521875
6.5116151293120295
6.793910582293879
6.850369673179083
6.83154997660246
6.662172704524517
6.2857787666377165
5.965843918769616
