0.0
87.17702405700001
82.762865432
79.173100495
77.858244734
76.355552436
78.23391781
79.277454128
82.888089791
88.324914011
94.97224036
99.219433196
103.99882954
108.26689308
111.59577390999999
112.70192239000001
115.12292667999999
116.06210933
116.61518364
114.64290001
110.89660463
109.31042941
104.34319652
99.469881895
92.217304482
0.0
87.07267043099999
83.441164042
81.07233659799999
79.621821117
78.99569932
79.663562569
80.571439167
82.68981789
87.761404402
92.436447109
96.21404856999999
99.501187991
101.96393372
104.65625739000001
106.71202397
108.23558697
109.50870132
109.98872799
108.69474298
105.93980709
104.05100631
101.650872808
96.08882423899999
89.744123405
0.0
154.78774216
152.42935008999999
150.66577368999998
149.36135326000002
148.66218395
148.32825234999999
148.32825234999999
148.32825234999999
150.44663108
153.45201569
156.03998575
159.04537029
161.56029288
164.05434467
166.15185264000002
167.6441096
168.92765926
169.06331902
167.94673512
165.87009788
163.68910696
162.52034629
159.86976400999998
156.45740023
0.0
233.78344145
223.45243195
215.78244001
210.20995604
207.48632626
207.7054689
208.69682839
213.66406124
228.67011349
245.32495318
260.77972602
274.37700423
284.74975529
292.26321678
296.8234705
299.55753566
301.14371087999996
300.18365747
294.38159551
285.66806724
281.07650741
273.74044714
260.69624314
245.18929339
0.0
31.963517441
30.116458161
28.770296306
27.831113617
27.267604008
27.184121101
27.246733279
27.486746635
29.500771729
32.026129622
34.634970415
37.035103953
39.111741221
40.854446878000005
42.190173361999996
43.056308508
43.473723036
43.254580409
42.085819729
40.363984808
39.581332565
38.663020605999996
36.617689424999995
34.102766893
0.0
559.58591553
525.73359739
501.51311937
485.74528559
479.03534706
481.75897691
491.59952439
510.8632048
549.6410144
592.7494997699999
630.90118753
664.24217292
691.38455253
710.47083186
724.44378316
737.16449087
747.11982738
750.1356472699999
738.17672109
715.5006768999999
699.78501996
678.53862051
635.4510059
584.56817498
0.0
39.320448490000004
36.941185678
35.240221483
34.134072984
33.664481643
33.852318176
34.541052147
35.897649359999996
38.621279154
41.65796984
44.339858179
46.677379536000004
48.587051
49.922777484
50.914136989
51.801142861
52.50031219
52.709019459000004
51.8741904
50.277579834
49.171431335
47.679174402
44.652919074
41.084024863
0.0
165.58834305
154.99644942
147.23253918
142.04616371999998
139.48949973999999
139.57298262
142.51575504
147.34732821
157.77225604
169.36594451
179.92653202999998
189.54793694
198.32407736
206.47409604
214.24844156
221.30274714
227.75180157
231.68593348
230.71544472
224.43335609
218.82956601
211.03434976
196.40397054
179.4986822
0.0
185.88512444
176.48286221
168.82330565
166.0266283
162.81253643
166.81971591
169.05288364
176.74374630999998
188.32699943
202.51909337
211.56655324
221.76190305
230.86153976
237.96802211000002
240.31597883
245.47104825000002
247.49550872
248.66426939000002
244.458818
236.47576518999998
233.08427214
222.49237854
212.09875675
196.64398391
0.0
993.33178646
933.24496516
890.2408334700001
862.25318941
850.34643997
855.16757782
872.6468111300001
906.84349632
975.68558731
1052.1976697999999
1119.9127422
1179.1125574
1227.2926289000002
1261.1658176
1285.9811115
1308.5632375
1326.2198721
1331.5836487
1310.3476848
1270.0984887
1242.1943279000002
1204.4913608
1128.000148
1037.6716446
0.0
41.866677108999994
39.341319216
37.52556602
36.346369982
35.845472547
36.043744448
36.784655232000006
38.224735352
41.125766318000004
44.350293547
47.209583061000004
49.703634857
51.728095315000004
53.157740074
54.211711753
55.161329803
55.902240594
56.131818581999994
55.234377349
53.53341315
52.36465247
50.768041904
47.543514682
43.745042476
0.0
375.23478947
369.52664581
365.25858223
362.09666717
360.38526764
359.5713093
359.58174468
359.5713093
364.70550799
371.98939149
378.27148012
385.56579899999997
391.64961579
397.70212642999996
402.78414828
406.40521932
409.52539289000003
409.84888914
407.12525936000003
402.1058497
396.81512052
393.97670175
387.53808263
379.27327499
0.0
735.29656089
690.82104294
658.9931852699999
638.2685539800001
629.4611073799999
633.03000161
645.969852
671.27560767
722.2314861599999
778.87463755
829.00612225
872.82421228
908.48184828
933.55802603
951.9242652500001
968.64171703
981.7172270499999
985.68266525
969.9670083
940.1636109799999
919.51202716
891.60786605
834.98558539
768.1157780799999
0.0
79.89314055700001
78.672203067
77.764326469
77.09646322399999
76.73122550900001
76.553824337
76.553824337
76.553824337
77.649537475
79.204406589
80.54013307299999
82.09500218699999
83.38898722900001
84.67253690000001
85.757814666
86.530031541
87.187459425
87.260506964
86.676126629
85.611719585
84.48470036
83.879449296
82.512416718
80.74884034200001
0.0
42.336268450000006
39.633509384999996
37.650790375
36.325499256
35.668071372
35.688942098
36.44028825
37.682096469
40.343114082
43.306757229000006
46.009516287
48.461826638
50.715865088
52.792502359
54.785656726999996
56.590974562
58.239761944
59.24155681
58.991108093
57.384062166
55.954417407
53.961263036000005
50.225403021000005
45.894727292999995
0.0
8.0143589271
7.680427305799999
7.4612846786
7.3256249573
7.2630127776
7.3256249573
7.4091078625
7.6073797635
8.0769711061
8.5048209969
8.8491879825
9.1518135146
9.3813915048
9.631840221500001
9.819676758
9.9553364817
10.0701254741
10.1223022922
9.997077933
9.7466292169
9.5692280425
9.3500854156
8.8387526192
8.2543722802
0.0
174.03055184000002
162.90645473
154.73556532
149.28830576
146.60641737
146.68990032
149.77876778
154.87122508
165.81792104
178.00642524
189.09921631
199.21108327
208.44637967
217.00337745000002
225.17426686
232.59381005
239.36636077
243.50919997
242.48653437
235.88094949
229.99540461
221.80364454
206.4219192
188.66093103
0.0
110.67746199
104.28058433
99.636847709
96.370579034
94.419166112
94.147846672
94.356553931
95.170512261
102.17264098
110.90703991
119.92319377
128.22974287
135.45101415
141.48265406000002
146.08464924
149.0795985
150.56142004
149.76833243
145.74028229
139.78168988
137.0580601
133.89614507
126.81053345000001
118.09700518
0.0
74.383268791
70.08389916
66.963725571
64.77229930200001
63.467878902
63.28004236899999
63.415702089
63.968776336999994
68.675125131
74.53979924
80.602745254
86.185664562
91.03810844399999
95.08702935400001
98.18633223
100.200357306
101.191716826
100.659513295
97.95675422400001
93.949574771
92.112950849
89.994572126
85.23604650899999
79.371372396
0.0
450.19200327000004
422.96614071
403.47288227999996
390.78348061
385.38839782
387.57982409
395.50026478
410.99677908
442.19851501
476.87522687
507.56563005000004
534.3949488200001
556.22572859
571.5865832
582.82546934
593.06256061
601.06648415
603.4979237900001
593.87651895
575.62506879
562.98784396
545.89471899
511.22844251000004
470.29051274999995
0.0
129.50285712000002
124.36865843
120.73715211
118.00308695
116.8969384
116.88650305
117.87786254
120.35104367
126.14267018000001
131.70471877
136.64064558
141.2008993
146.19943819999997
151.25015403999998
155.79997238
159.75497504999998
163.18820949000002
164.94135051
163.27169243999998
158.93058133
155.14254449
151.94932335000001
143.93496443
134.81445699
0.0
86.03956947399999
82.616770351
80.21663682
78.390448259
77.659972833
77.649537475
78.30696534900001
79.955752738
83.80640175
87.490084959
90.777224362
93.803479683
97.121925168
100.48211213799999
103.50836745000001
106.138079
108.41298814999999
109.58174882
108.47560034
105.58500469
103.07008216999999
100.95170347
95.629668244
89.556286869
0.0
140.34519946999998
131.37078717
124.78607298
120.39278506000001
118.22222952
118.29527709
120.78932885
124.89042666
133.71874389
143.54885599
152.49196228000002
160.65241624
168.09283019
175.0010406
181.59619017
187.57565331
193.03334822
196.37266446
195.54827074
190.22623552
185.46770989
178.86212504
166.46491358
152.13715987999998
0.0
146.95078442
137.5589575
130.66118244
126.05918732999999
123.79471346
123.86776103
126.47660185
130.76553611999998
140.02170325
150.31097136
159.67149210000002
168.21805457
176.01327085
183.24497758
190.14275264
196.40397054
202.12254958
205.61839621
204.75226113
199.17977716000001
194.20210889
187.29389848
174.31230667
159.30625442000002
0.0
202.77997747
191.05062920999998
182.55624358
176.56634509
172.99745092999999
172.50698884
172.8826619
174.37491889
187.18954487
203.19739195
219.72700730000003
234.94176677000002
248.16337192
259.21442153
267.65663035
273.14563144
275.84839049
274.40831033999996
267.02007323
256.10468331
251.10614434000001
245.31451779999998
232.34336137
216.36682033
0.0
313.60353446
308.83457355
305.26567932
302.62553242
301.19588762
300.51758907
300.51758907
300.51758907
304.79608796
310.89034003
316.13932778
322.23357988
327.32603708
332.38718819999997
336.6239457
339.65020097
342.25904178999997
342.53036127
340.25545205000003
336.06043611
331.63584208
329.26701463
323.89280257
316.98459213
0.0
959.20814875
901.18752943
859.66521932
832.6271932899999
821.1378583999999
825.7920304500001
842.67644806
875.6835018500001
942.1672006499999
1016.0495721699999
1081.4479934
1138.6129126
1185.1337622
1217.8381904
1241.808219
1263.6076931
1280.6590767
1285.8350162
1265.3399631
1226.4682355
1199.5241276000002
1163.1151457
1089.2536448
1002.02444382
0.0
52.458570738
50.371498102000004
48.900111895
47.793963396
47.345242781
47.345242781
47.741786583
48.743581446
51.091538164
53.345576607
55.349166343
57.196225626
59.210250723
61.255581903999996
63.102641194
64.709687121
66.09759042799999
66.807195125
66.128896515
64.3757555
62.841757112
61.547772073
58.302374125
54.597820194
0.0
1029.8659932
964.01885107
915.71355501
883.48915348
867.5752246300001
868.0865574100001
886.3901844100001
916.4753365400001
981.29981259
1053.4081721
1119.0570418
1178.8934143000001
1233.5121052
1284.1966642
1332.5645728
1376.4557105000001
1416.5379404
1441.0193023
1434.9876623999999
1395.9176625999999
1361.0426788999998
1312.5704172
1221.5949209999999
1116.4377657
0.0
169.37637989
162.65600598
157.91835111
154.33902153
152.88850607
152.87807072
154.16162035
157.40701833
164.98309196999998
172.24610474
178.70559459
184.67462228
191.20715966
197.81274458000001
203.77133692
208.94727707
213.42404794
215.73026317
213.53883689999998
207.8724347
202.90520181
198.73105653
188.25395186
176.31589641
0.0
34.374086340000005
32.39136733
30.940851851999998
29.928621618
29.323370557
29.23988765
29.302499831
29.56338391
31.733939446
34.447133879
37.243811212
39.831781286
42.06494901
43.943314377
45.372959139
46.301706463
46.760862436
46.52084909
45.268605503
43.411110855
42.565846438
41.584922301
39.383060670999996
36.680301603
0.0
273.98046044
258.12914381
246.65024427
238.56283781000002
233.74169999
233.06340140999998
233.57473419
235.58875928
252.91146217
274.53353475
296.86521192
317.43331279
335.28821916
350.23165929000004
361.62707588
369.03618372
372.69899622
370.74758332
360.77137608
346.01577255
339.26409253
331.44800555
313.9165954
292.33626428
0.0
262.90854017000004
246.09717003
233.7730061
225.53950454
221.48014829
221.60537263
226.28041531
233.96084263
250.51132864
268.91930932
285.67850259
300.95587432
314.89751954
327.83736985999997
340.18240455
351.38998461
361.6166405
367.86742304999996
366.33342467
356.3572175
347.45585266999996
335.07951197
311.85039344
285.01063932
0.0
204.53311849
196.41440592
190.68539153
186.36515118
184.62244554
184.60157478
186.16687927
190.06970507
199.22151862
207.99765904
215.80331067
223.00371128999998
230.89284587
238.87589868
246.05542857
252.30621109
257.72216464
260.50840661
257.86825971
251.01222611
245.02232759
239.98204722999998
227.32395166999999
212.91271509
0.0
78.275659265
75.019825949
72.8805765
71.5761561
71.01264648399999
71.617897552
72.431855875
74.331091978
78.891345694
83.096797053
86.49872545400001
89.451933236
91.664230234
94.08523449100001
95.93229377099999
97.299326355
98.447216309
98.875066195
97.716740868
95.23312444199999
93.542595608
91.372040065
86.383936463
80.675792796
0.0
20.098509499
18.80452446
17.865341775
17.239219988
16.926159093
16.936594451
17.291396801
17.886212504
19.148891449
20.557665475
21.830779788
22.999540461000002
24.063947512
25.05530701
26.00492506
26.860624845
27.643277081
28.112868425
27.998079431
27.236297921000002
26.557999311
25.608381258
23.834369517
21.778602967999998
0.0
238.1036818
223.69244525
213.39274183
206.6828033
203.82351376
204.98183905
209.16641970999999
217.3686152
233.86692440000002
252.21229286
268.43928265
282.63137659
294.17288822
302.30203617
308.2501932
313.6557113
317.89246877
319.17601843
314.08356119999996
304.4412856
297.75221783
288.71519331
270.38026019999995
248.72688151
0.0
48.680969265
45.863421206
43.828525383
42.388445263
41.532745485
41.407521126
41.501439394
41.856241741
44.934673882
48.774887533
52.750760911
56.403138022
59.575488431
62.226070683
64.250531138
65.575822264
66.22281478000001
65.878447801
64.104436057
61.485159898999996
60.285093128
58.88675446
55.777016232
51.947237942
0.0
168.62503374
161.16374909
155.64344196
151.61539175
149.65354347
149.81007388999998
150.530114
154.10944351
164.93091513000002
176.9524536
188.09742144
197.90666281
205.37838284
210.80477174
214.09191114
216.06419477
217.21208471
216.5129154
212.32833474
206.04624611
202.72780063
197.43707152000002
188.03480925
176.84809991999998
0.0
87.970111661
82.648076438
78.83916887400001
76.365987801
75.312016118
75.729430646
77.28429976000001
80.310555088
86.404807189
93.187793261
99.17769172
104.42667937
108.69474298
111.68969221
113.89155379
115.88470818
117.45001264
117.93003938
116.0412386
112.48277982
110.00959872
106.67028250999999
99.897731781
91.893808219
0.0
40.572692067
38.955210775
37.82819155
36.962056404
36.617689424999995
36.617689424999995
36.930750317000005
37.702967195
39.518720390999995
41.261426037999996
42.805859791
44.235504546
45.800809025
47.376548868
48.806193627
50.048001846
51.122844251
51.675918499
51.143714976999995
49.787117764
48.597486358000005
47.595691495
45.091204331
42.231914816999996
0.0
244.77187894
229.96409857
219.37220487
212.47442981
209.53165742
210.72128882
215.03109379
223.45243195
240.42033247999998
259.27703375
275.96317945
290.55181718
302.41682513
310.76511572
316.88023855
322.44228713999996
326.7938336
328.11912469
322.8910077
312.96697737
306.09007300999997
296.80259977
277.95633381
255.69770414
0.0
43.974620471
41.16750777
39.101305863
37.723837921
37.045539311
37.06641004
37.849062276
39.132611947
41.897983196
44.976415337000006
47.783528028
50.340192015
52.667278004
54.837833547
56.904035457
58.771965466
60.483365029
61.526901347
61.27645263
59.606794525
58.114537589
56.048335675000004
52.155945208
47.668739034
0.0
8.3065490966
7.8786992058
7.544767583800001
7.4195432258
7.2734481412
7.4508493153
7.5552029471
7.8891345694
8.4109027284
9.0474598828
9.4440036838
9.9031596629
10.310138828
10.623199723
10.727553356
10.967566712
11.051049619
11.103226432
10.915389892
10.560587542
10.414492461
9.9344657527
9.475309773300001
8.7865758035
0.0
153.09721336
143.30884262
136.1293128
131.33948109
128.97065364
129.04370121
131.76733099
136.24410176
145.87594198
156.59305999
166.35012455
175.25148934999999
183.37020192
190.90453414
198.09449934
204.61660134000002
210.57519374999998
214.21713552
213.31969426
207.50719699
202.33125684
195.12042084
181.59619017
165.96401611
0.0
79.684433298
75.072002762
71.732686546
69.384729828
67.975955795
67.777683894
67.934214343
68.518594685
73.558875103
79.84096374399999
86.342195008
92.321658115
97.508033615
101.85958004
105.16759021
107.3277104
108.39211739
107.81817242
104.91714149
100.628207222
98.666358942
96.391449757
91.298992516
85.016903882
0.0
708.43593604
663.14645982
629.92026339
607.74511667
596.79842064
597.15322297
609.73827096
630.43159624
675.03233843
724.63161969
769.78543622
810.95294397
848.53068679
883.3847998699999
916.66317307
946.85267878
974.4333437
991.26558432
987.1227453299999
960.24124964
936.25034973
902.90936441
840.32849134
767.99055374
0.0
21.851650514
20.985515371
20.369828942
19.910672959
19.722836426
19.722836426
19.889802233
20.307216761000003
21.288140898
22.22732359
23.062152639
23.823934156
24.669198576
25.524898350999997
26.286679868
26.954543113
27.538923448
27.831113617
27.549358816
26.81888339
26.182326235
25.639687352
24.2935255
22.749091747
0.0
148.88132659000001
140.26171662000002
134.02136937999998
129.62808153
127.00880536
126.64356765
126.92532240999999
128.02103561
137.43373316
149.18395207999998
161.32027951
172.49655346
182.19100587
190.30971844
196.50832415
200.53637436
202.51909337
201.46512166
196.03873285999998
188.02437387
184.35112606
180.10393328
170.57644667
158.85753376
0.0
705.50359897
694.77604558
686.74081596
680.80309431
677.5785670600001
676.05500403
676.07587476
676.06543941
685.69727963
699.39891152
711.21174263
724.92380983
736.38183861
747.7563844700001
757.29430646
764.10859864
769.9732727500001
770.58895918
765.46519587
756.0316275600001
746.07629102
740.74382045
728.64923448
713.1005433400001
0.0
190.56016719
179.54042359
171.55737081
165.93271
162.58295841
162.11336712000002
162.46816945
163.86650814
175.91935262
190.95671091
206.48453139
220.79141429
233.20949647999998
243.60311819999998
251.53399424
256.68906366
259.23529226
257.87869506
250.92874315999998
240.67078116
235.97486772
230.53804354000002
218.34953934
203.33305171
0.0
244.37533515
228.75359644
217.29556763
209.64644644999998
205.86884496
205.98363392
210.33518038
217.47296881
232.85469415
249.9582544
265.53825162
279.74078094
292.70150199
304.72304039
316.2019399
326.61643235
336.13348358
341.93554557
340.50590077
331.23929826
322.96405527
311.45384965
289.8735186
264.92256519
0.0
418.17630897000004
411.82117277
407.06264717
403.5354944
401.62582296
400.72838177
400.73881712
400.72838177
406.44696078
414.56567328
421.55736666999996
429.68651459
436.479936
443.22118064
448.87714746
452.91563305
456.39060895
456.75584666
453.71915601
448.13623669000003
442.22982112
439.06790606
431.89881155
422.68438585
0.0
79.569644297
75.552029471
72.264890068
71.075258665
69.687355365
71.409190286
72.369243704
75.656383104
80.613180615
86.69699735500001
90.568517093
94.930498908
98.822889376
101.85958004
102.87181029
105.08410729
105.93980709
106.44070449
104.64582200999999
101.23345827200001
99.77250742
95.243559803
90.787659723
84.171639465
0.0
319.72909264000003
300.39236466
286.54463777
277.53891928999997
273.70914103
275.25357478999996
280.88867088
291.88754372
314.05225509
338.67971221
360.46875059
379.52372374000004
395.03067339
405.93562796000003
413.92911619
421.19212896
426.87940189
428.60123680000004
421.76607393
408.81578823
399.83094048
387.69461315
363.07759138
334.00466953
0.0
111.85665800999999
104.70843423000001
99.459446522
95.9531645
94.231329579
94.283506392
96.276660769
99.542929437
106.58679956
114.41332199
121.54067507
128.04190634
133.97962792
139.47906439
144.73848742
149.49701302
153.85899486
156.50957707
155.86258453
151.61539175
147.82735488
142.5574965
132.67520756
121.25892024
0.0
457.13151972000003
436.92865663
421.93303973
411.03852054
405.71648532
406.13389984
408.08531277
417.80063591
447.13444182
479.70321033
509.92402215
536.5237629
556.77880283
571.48222959
580.41490043
585.74737103
588.84667387
586.96830854
575.62506879
558.5841206599999
549.59927298
535.26108393
509.74662097000004
479.43189085
0.0
432.70233451
414.69089769
402.87806658
395.68810131
392.56792771
395.88637322
400.42575618
410.92373158
436.12513366999997
459.38555821
478.1587766
494.47968459000003
506.74123636
520.09850123
530.31472177
537.86992472
544.22506092
546.6147591
540.17613998
526.4640727799999
517.10355197
505.14462579
477.53265479000004
445.99698723
0.0
1347.8628155
1327.3781975
1312.0277779
1300.6636674000001
1294.5172389
1291.6057726
1291.6370786
1291.6266435
1310.034624
1336.2065148
1358.7677699
1384.9709667
1406.8539234
1428.5907848
1446.8213647
1459.8342623
1471.0314068999999
1472.2106032
1462.4222327
1444.4107952
1425.3766928
1415.1813432000001
1392.0878842000002
1362.3888407
0.0
265.15214320999996
249.11299002
237.63409051
230.16237048
226.97958469
228.2735697
232.93817707
242.05868447
260.43535904
280.85736484
298.94184923
314.74098908999997
327.59735649
336.64481643
343.26083666
349.29247657
354.00926078
355.43890548
349.77250328
339.02407923
331.57322985999997
321.51353977
301.09153404
276.98584505
0.0
502.21228871999995
470.10267622
446.55006147
430.83440453
423.07049429
423.32094304
432.24317857
446.91529918
478.52401428
513.69118826
545.70688246
574.88415795
601.5256401600001
626.2365801999999
649.82050099
671.22343093
690.7688661699999
702.70692162
699.76414923
680.70917605
663.70996941
640.07387181
595.70270754
544.4337682099999
0.0
379.94113826
363.15063888
350.69081523
341.63291998
337.2187614
337.56312838
339.18060968
347.25758079
371.63458916
398.7039213
423.82184044
445.93437504
462.77705126
474.99686154
482.41640472999995
486.85143414
489.42896885
487.86366436
478.44053135999997
464.26930815
456.8080235
444.89083877999997
423.68618074999995
398.48477865999996
0.0
448.27189638
421.15038749999997
401.75104730000004
389.11382247
383.73961048
385.9206014
393.80973595
409.23320271
440.29927895000003
474.82989574
505.39507451000003
532.1096042500001
553.84646576
569.1342728000001
580.33141755
590.5267673899999
598.48894951
600.90995373
591.33029035
573.16232304
560.57727505
543.55719765
509.03701624
468.27648763
0.0
464.97891291
435.24856311
413.4386541
398.89175782999996
391.70179256
391.94180593
400.20661357
413.78302105
443.05421484
475.61254797
505.24897937
532.26613467
556.9248979
579.8096493500001
601.65086457
621.4676192200001
639.56253896
650.6135886
647.8899588200001
630.25419499
614.50723194
592.61383998
551.54025053
504.06978334999997
0.0
69.875191898
65.836706346
62.904369293
60.848602744000004
59.617229883
59.439828708
59.575488431
60.086821227
64.500979859
70.02128698599999
75.718995285
80.957547604
85.51780131699999
89.326708874
92.22773984300001
94.126975943
95.055723267
94.554825832
92.008597213
88.25186646899999
86.530031541
84.53687717300001
80.060106364
74.560669966
0.0
11.656300680000001
11.197144699999999
10.863213076000001
10.623199723
10.51884609
10.51884609
10.612764362
10.831906989
11.353675146
11.854572581000001
12.292857838
12.710272359
13.158992980999999
13.607713596
14.025128124
14.379930474
14.682556001
14.849521815
14.692991369
14.306882925
13.962515946
13.680761138000001
12.950285712
12.136327382000001
0.0
816.88023027
780.78430899
753.9967317100001
734.51390866
725.01772813
725.7690742799999
729.24405018
746.59805918
799.0253237999999
857.22334433
911.22634879
958.7594281199999
994.97013846
1021.2359474
1037.191618
1046.7191043
1052.2707176
1048.9105307
1028.6450551
998.19466549
982.1346418100001
956.5053897
910.9237233
856.75375301
0.0
1148.3491065
1097.6019354999999
1059.9511453
1032.5583168
1019.2114872
1020.2550233
1025.1492087
1049.5470876999998
1123.2416231
1205.0653051000002
1280.9721375000001
1347.7897679999999
1398.6934691
1435.6242197000001
1458.049815
1471.4592566000001
1479.2544729
1474.527254
1446.0387120999999
1403.2224172
1380.6507266
1344.6382884
1280.5442871
1204.3974421
0.0
771.30899922
737.21666768
711.93178267
693.53423734
684.5702604200001
685.2694297300001
688.5565691700001
704.94008938
754.43501696
809.39807486
860.38525936
905.2573211
939.45400622
964.2588643700001
979.31709349
988.32281211
993.5613644499999
990.38901395
971.25055782
942.50113232
927.33854962
903.1389423300001
860.09306922
808.94935423
0.0
270.70375642
259.95533237
252.37925866
246.66067965
244.34402904
244.32315831
246.38936017
251.55486497
263.67032166999996
275.28488087
285.6158904
295.14337701
305.58917554
316.14976313
325.65637894
333.93162196000003
341.09028112
344.77396431
341.27811765
332.20978705
324.28934635999997
317.61071394
300.8723914
281.78611214
0.0
145.38547993
136.97457718
130.88032507999998
126.59139081
124.03472683
123.6799245
123.95124391
125.01565097
134.20920591
145.67767007
157.53224267000002
168.44763259
177.92294236
185.84338295
191.89589366
195.83002557
197.77100312000002
196.73790214
191.43673765
183.61021529
180.03088571
175.87761116000001
166.57970254
155.13210911
0.0
208.24810776
196.20569866
187.47129963
181.32487072
177.66205826
177.15072548
177.53683392
179.07083229999998
192.24026064
208.66552231
225.64385822
241.27603221
254.84200434
266.20611489
274.86746635
280.50256244
283.28880441
281.79654752
274.22047381
263.0024584
257.86825971
251.93053803
238.60457927
222.20018833
0.0
281.62958172
265.33997974000005
253.53758398
245.23103488
240.27423734
239.57506806
240.10727154
242.1734735
259.98663841
282.20352669
305.16132564000003
326.30337148
344.64873997
360.00959458
371.72850746
379.34632256000003
383.11348867
381.10989893
370.85193692999997
355.67891885
348.73940233
340.70417268
322.68230044
300.50715369
0.0
37.661225743
36.168968807
35.114997124000006
34.311474159
33.998413264
33.987977899
34.280168065000005
35.000208130000004
36.680301603
38.297782898
39.737863018
41.063154137
42.513669625
43.985055832
45.310346958
46.458236909
47.460031775000004
47.971364571
47.480902500999996
46.218223556
45.112075057
44.183327733
41.856241741
39.205659496
0.0
14.442542648
13.847726952
13.45118315
13.211169794
13.106816161000001
13.221605155
13.367700243
13.72250259
14.557331649
15.339983885
15.966105675
16.508744562
16.915723725
17.36444434
17.708811329000003
17.959260043
18.167967312000002
18.251450211999998
18.032307585
17.573151609
17.260090714
16.863546912
15.945234946
14.89126327
0.0
373.06423393
350.50297869999997
334.34903648
323.8406258
319.36385496
321.17960817
327.74345163
340.57894834
366.43777828000003
395.17676853
420.60774861
442.84550755
460.92999194000004
473.66113507
482.97991435
491.45342925
498.09032028
500.1043454
492.1317279
477.01088666
466.53378199
452.37299416
423.64443926
389.71907355
0.0
46.938263610999996
45.070333602000005
43.755477844
42.764118339
42.367574537
42.357139176000004
42.722376884
43.619818124
45.717326118
47.731351215
49.515798324
51.175021064
52.980338899
54.816962821000004
56.465750203
57.895394962
59.137203181000004
59.773760331999995
59.168509268
57.603204789
56.22573684699999
55.067411535
52.166380569
48.85837044
0.0
121.33196781000001
113.99590747
108.73648444
105.32412066
103.86316977999999
104.45798547999999
106.58679956
110.77138022
119.17184762
128.52193301
136.797176
144.02888273000002
149.91442757
154.04683139
157.08352204
159.8384579
161.99857809
162.64557063
160.05760054
155.14254449
151.73018070999998
147.12818557
137.77810014
126.74792126000001
0.0
114.95596087999999
107.59902981
102.21438244000001
98.614182116
96.840170366
96.892347192
98.93767836399999
102.29786532
109.52957198
117.57523705
124.91129732
131.58992981
137.68418191
143.34014873
148.73523152
153.63985222
158.11662299
160.85068815
160.17238957
155.81040776
151.91801724
146.51249914
136.34845536999998
124.61910718
0.0
64.667945666
60.932085651
58.218891217999996
56.309219754
55.171765171000004
55.015234721999995
55.130023716
55.610050425
59.70071279
64.803605389
70.073463799
74.925907681
79.14179440800001
82.668947164
85.361270871
87.103976518
87.970111661
87.510955688
85.152563602
81.677587659
80.080977093
78.23391781
74.09107862500001
68.998621387
0.0
455.56621526
432.54580409
413.75171501
406.9165521
399.01698214
408.84709427
414.32565997999995
433.17192587
461.57698448
496.34761463999996
518.51232601
543.51545619
565.8053919700001
583.22201313
588.97189828
601.61955846
606.576356
609.44608082
599.13594198
579.58007136
571.2526516
545.28946794
519.81674644
481.94681344
0.0
514.42166365
483.30341064000004
461.03434562
446.53962612000004
440.37232645
442.87681366000004
451.92427353
469.63308486
505.29072086
544.91379485
579.97661515
610.63571225
635.5866655899999
653.12851109
665.98487856
677.67248536
686.82429888
689.60010543
678.6012326599999
657.75137703
643.30883437
623.78426983
584.17163119
537.38989801
0.0
909.5253846400001
851.37954095
808.71977621
780.25210548
766.19567126
766.6548272699999
782.81920484
809.37720413
866.6360419499999
930.31262812
988.29150604
1041.1361852999999
1089.3788695
1134.1361421
1176.8480832
1215.6154573
1251.0122094
1272.6342819
1267.3018113
1232.8025011
1202.0077442
1159.1914486
1078.8495875
985.9852908299999
0.0
1054.3682253
1007.77432897
973.20197078
948.0527455299999
935.79119379
936.76168255
941.2488887
963.6536134400001
1031.306073
1106.4302527999998
1176.1280433000002
1237.4879789
1284.2175351
1318.1324656000002
1338.7214374
1351.0247301999998
1358.1833895
1353.8422784999998
1327.6912586
1288.3812452000002
1267.6566139000001
1234.586948
1175.7419347
1105.8250017999999
0.0
82.157614368
77.409524119
73.96585427
71.534414645
70.094334525
69.89606262400001
70.04215771199999
70.647408776
75.84421964
82.324580182
89.024083347
95.19138299
100.544724307
105.0214951
108.44429423
110.66702661000001
111.76273971
111.17835939
108.18341013
103.75881617
101.7343557
99.396834353
94.137411304
87.667486134
0.0
1184.1006605
1131.7673144
1092.9373279000001
1064.6992351000001
1050.9349916
1052.0202692
1057.0501141
1082.2202101999999
1158.2000894
1242.5700007
1320.8456601
1389.7399281
1442.2298046
1480.3084448
1503.4332098
1517.2600659999998
1525.2952956
1520.4219807
1491.0464333999998
1446.9048476
1423.6235519000002
1386.4840943
1320.4073746
1241.8812668
0.0
1.6905288364
1.5861752046000002
1.5131276623
1.4609508462
1.44008012
1.4505154826
1.4818215721
1.5444337518
1.6592227465
1.7844471049
1.8992361003
2.0035897321
2.087072637
2.1392494533999997
2.1809909062
2.222732359
2.2540384485
2.2644738111000002
2.222732359
2.1601201793
2.1079433639
2.0453311848999998
1.9201068261999998
1.7635763789999999
0.0
92.70776655200001
86.780480262
82.428933811
79.527902842
78.09825809
78.139999542
79.788786924
82.501981357
88.335349376
94.826145282
100.732560837
106.12764362
111.04269967
115.60295339
119.95449985
123.90950251999999
127.52013814
129.72199976000002
129.1793609
125.66264351
122.52159921
118.15961736999999
109.96785723
100.50298286099999
0.0
1583.7228943
1513.7433486999998
1461.8065456
1424.0305314
1405.6225502
1407.0730658
1413.8038754
1447.4683568
1549.098359
1661.935941
1766.6235047999999
1858.7781966
1928.9873204
1979.9118927
2010.8423091
2029.3233374
2040.0821968999999
2033.5600946000002
1994.2709524
1935.2276676000001
1904.0989794
1854.4266505
1766.0391244
1661.0176289
0.0
320.97090088
306.77880697
296.25996084
288.60040428
284.87497963000004
285.16716984
286.53420239
293.34849453
313.94790148
336.82221761
358.03731092
376.71661101
390.94001106
401.26058528000004
407.53223853000003
411.27853390999996
413.45952482999996
412.13423371
404.17205159
392.20269003
385.89973067
375.82960517000004
357.91208661
336.63438108
0.0
352.49613306000003
329.96618393999995
313.42613328
302.3959544
296.94869484
297.12609602
303.38731392
313.68701738
335.87259948
360.55223344
383.03000575
403.50418832
422.20435921
439.5479328
456.10885419
471.12534182
484.8478444
493.227441
491.16123911
477.79353889000004
465.85548337
449.2632559
418.12413213
382.13256453
0.0
100.002085426
95.587926792
92.31122275
89.921524577
88.763199265
88.846682172
89.274532061
91.403346152
97.821094513
104.94844760000001
111.55403245
117.37696514
121.81199448
125.02608635
126.97749925
128.14625992
128.82455857
128.40714402
125.93396292
122.19810289
120.23625461
117.09521031
111.52272634
104.88583537999999
0.0
68.122050883
64.000082424
61.046874645
59.126767816
58.312809482999995
58.646741114
59.846807878
62.184329227999996
66.911548751
72.160536435
76.804273058
80.863629336
84.161204097
86.488290089
88.189254291
89.73368804399999
90.944190169
91.319863245
89.85891239600001
87.103976518
85.183869696
82.59589962499999
77.35734730600001
71.158741572
0.0
98.353298044
94.440036838
91.695536318
89.60846368200001
88.773634633
88.763199265
89.514545417
91.392910791
95.796634051
100.012520769
103.76925155
107.2337921
111.02182894
114.86204258000001
118.31614782
121.32153242999999
123.9199378
125.26609972
123.99298537
120.69541062
117.81525035
115.39424613
109.31042941
102.37091289
0.0
110.51049619
105.62674615
102.00567518
99.37596363
98.081978585
98.18633223
98.655923562
101.003880289
108.09992727999999
115.9681911
123.27294533
129.71156441
134.60574973
138.16420857999998
140.32432874
141.60787847
142.35922459
141.91050396
139.16600345
135.04403498
132.87347944
129.40893889
123.24163925
115.90557891
0.0
631.3081667
603.40400556
582.71068038
567.65245126
560.3059555699999
560.89033592
563.57222428
576.99210134
617.5021812
662.47859655
704.20961389
740.95252771
768.92973642
789.23695316
801.56111712
808.9284835
813.21741774
810.61901237
794.9555322
771.42378818
759.01614137
739.20982207
703.98003597
662.11335884
0.0
314.3444453
295.33121354
281.72349995
272.86387661
269.09671047
270.63070884999996
276.16145136
286.97248767
308.76152598
332.9820039
354.40580457000004
373.13728143
388.38334708
399.11090047
406.95829356
414.10651737
419.68943662
421.39040087
414.67002696
401.92844848
393.10013122
381.17251115
356.96246855
328.38000872
0.0
361.92970137000003
343.6469451
328.71394039
323.27711614
317.00546285999997
324.81111459
329.17309633
344.13740719
366.69866238000003
394.33150411
411.94639718
431.80489331999996
449.51370462
463.34056085
467.91124995
477.97094007
481.90507198
484.17998113
475.99865641
460.44996527
453.84438035
433.21366736
412.97949809
382.88391068
0.0
235.91225553
221.63667873999998
211.43089355
204.78356714
201.95558377999998
203.09303834
207.24631289
215.36502546000003
231.71723959
249.88520690000001
265.9765369
280.03297115
291.4701292
299.51579419999996
305.41177439
310.77555107
314.97056711
316.24368136
311.20340097
301.6341729
295.00771728999996
286.05417565
267.89664372
246.44153701000002
0.0
698.81453117
667.93629146
645.0202339699999
628.35495893
620.22581098
620.8728035199999
623.8468820200001
638.69640388
683.53715944
733.32427723
779.52163002
820.18824037
851.16039831
873.63817062
887.27719032
895.43764428
900.18573456
897.30557433
879.97243609
853.9153342
840.18239627
818.26813358
779.2607459899999
732.91729806
0.0
470.49922001
442.03154921000004
421.67215563
408.40880906
402.77371289999996
405.05905747
413.33430049
429.5299841
462.14049407
498.38251042
530.45038153
558.49020236
581.31234169
597.35149488
609.11214922
619.80839646
628.1671223999999
630.713351
620.65366088
601.58825235
588.3666472
570.5117407600001
534.28015979
491.49517071
0.0
329.94531328
309.98246346
295.7068866
286.40897801
282.45397534
284.05058591
289.86308325000005
301.21675838
324.0806391
349.50118383
371.98939149
391.64961579
407.65746287
418.90678439000004
427.15072133999996
434.65374741
440.51842159
442.29243331
435.24856311
421.87042754
412.60382503
400.08138923
374.68171523
344.66961069999996
0.0
125.15131069
117.90916865
112.66018100000001
108.97649774
106.77463609
106.46157522
106.70158859
107.61990053999999
115.52990585
125.40175941
135.60754459999998
144.99937152
153.15982548
159.98455304
165.19179923000002
168.57285693
170.24251507
169.35550916
164.79525544
158.0540108
154.97557869
151.39624910999999
143.39232557000003
133.54134270999998
0.0
1072.2335672000002
1007.36734989
960.9508543
930.74047795
917.88411058
923.09135677
941.95849346
978.8683728899999
1053.1785939000001
1135.7744941
1208.8637775
1272.7699417000001
1324.7693565
1361.3348690999999
1388.1224462999999
1412.4890196000001
1431.5544280000001
1437.3460546000001
1414.4299969
1370.9771447
1340.8502511
1300.1627699
1217.5981763999998
1120.0901428
0.0
386.83891332
369.74578845
357.05638677999997
347.83152576
343.33388422999997
343.68868656
345.33747389999996
353.55010477
378.3758338
405.93562796000003
431.51270311
454.02178150000003
471.16708321
483.60603616
491.16123911
495.67975137
498.30946292
496.71285235
487.11231817000004
472.69064631
465.09370187
452.95737451
431.36660804
405.71648532
0.0
905.70604166
865.6759885
835.9769448799999
814.37574313
803.84646165
804.6812907200001
808.5319396799999
827.7851848099999
885.89972239
950.4320083599999
1010.29968702
1062.9982711
1103.1535488
1132.278647
1149.9665876
1160.5376107
1166.6840399
1162.958615
1140.4912782
1106.722443
1088.9197128
1060.5146545
1009.9657553
949.91024016
0.0
68.247275245
64.125306786
61.161663639
59.24155681
58.427598484
58.761530105
59.961596872
62.30955359
67.03677311300001
72.296196155
76.950368139
81.009724417
84.328169911
86.655255903
88.356220105
89.911089219
91.121591344
91.486829059
90.036313571
87.260506964
85.350835503
82.762865432
77.503442387
71.29440129199999
0.0
563.32177556
527.30933723
500.88699763
483.26166918
474.54814091
474.82989574
484.8478444
501.2939768
536.76377627
576.19901376
612.1070984099999
644.84283272
674.71927756
702.43560217
728.89968323
752.90101854
774.82571661
788.22472294
784.91671281
763.54508898
744.47968045
717.96342265
668.19717556
610.67745371
0.0
640.10517785
601.37954509
573.67365579
555.63091289
547.96092095
551.07065917
562.34085142
584.36990307
628.73063199
678.03772304
721.6784119199999
759.81966433
790.86486984
812.69564961
828.6826260299999
843.23995765
854.61450358
858.0686087500001
844.3878475900001
818.44553473
800.46540395
776.17187843
726.88565811
668.6772023
0.0
96.662769209
91.779019225
87.792710489
86.342195008
84.66210153200001
86.749174171
87.907499483
91.904243587
97.93588350099999
105.31368528
110.02003407
115.32119856
120.04841807999999
123.74253665
124.96347416
127.64536252
128.69933416
129.30458524
127.12359432000001
122.97031976999999
121.2067434
115.69687164999999
110.29135355000001
102.25612383
0.0
76.73122550900001
73.33973247300001
70.824809948
68.988186026
68.101180157
68.174227696
68.497723959
70.125640612
75.051132043
80.519262347
85.590848859
90.057184297
93.459112701
95.92185841300001
97.424550723
98.321991941
98.84376009900001
98.52026385100001
96.62102774
93.761738235
92.24861056900001
89.848477038
85.559542772
80.477520895
0.0
681.8466306400001
642.4113931500001
613.82893339
593.71998853
581.71932086
580.0392273699999
581.31234169
586.33175135
629.44023672
683.2449693
738.82371363
790.00917004
834.43251115
871.6241455300001
899.997898
918.43718479
927.54725688
922.6843776000001
897.85864857
861.13660551
844.33567082
824.87371843
781.243465
727.543086
0.0
202.69649455
190.97758163999998
182.47276073
176.49329759
172.93483874
172.43394127
172.8096144
174.30187132
187.1164973
203.11390907
219.633089
234.84784854
248.05901831
259.11006795
267.55227673999997
273.03084241
275.73360153
274.29352138
266.9052842
256.00032973
251.00179072999998
245.21016415
232.24944307
216.28333741
0.0
1254.2054305
1178.3299048000001
1124.0451456
1088.7005704
1073.6632119
1079.7574645
1101.8282576000001
1144.9993547
1231.915495
1328.5260871
1414.0334529
1488.7715241
1549.5992565000001
1592.37381
1623.7007704
1652.2101825
1674.5105540999998
1681.2831045
1654.4746564
1603.6440020999999
1568.4142165
1520.8185244
1424.2392380000001
1310.1807185999999
0.0
163.13603272
153.27461451
146.20987358000002
141.60787847
139.65646554
140.44955314999999
143.319278
148.93350343
160.23500172
172.8096144
183.92327616
193.64903468
201.55903996
207.12108855
211.20131555999998
214.90586948
217.80690041000003
218.69390632
215.20849497
208.59247474
204.01135029
197.82317996
185.25900263
170.41991622
0.0
904.74598828
864.76811193
835.10037435
813.5200433
803.0011972
803.82559089
807.67623995
826.90861428
884.96053971
949.4302134899999
1009.23527981
1061.8816875
1101.9847876
1131.0785805
1148.7456502
1159.3062382
1165.4526667
1161.7272421
1139.2807759
1105.5536818
1087.7718232
1059.3876351
1008.90134839
948.89800991
0.0
784.11318985
736.67402882
702.7382277300001
680.6361285099999
671.24430166
675.04277381
688.84875931
715.8346085
770.1819800100001
830.58186209
884.03179234
930.7613486800001
968.78781228
995.52321279
1015.12082483
1032.944425
1046.8756349999999
1051.1123922
1034.3531988
1002.57751815
980.5484664100001
950.79724604
890.40779927
819.10296265
0.0
391.38873169
368.75442896000004
352.35003799000003
340.79809098
333.91075123
332.95069782
333.68117328
336.56133351
361.30357965999997
392.19225465
424.09315989000004
453.46870726000003
478.97273494
500.32348797000003
516.60265457
527.19454817
532.42266519
529.62598784
515.37128168
494.30228344
484.66000784
473.48373389
448.43886225
417.62323473
0.0
29.271193736999997
28.112868425
27.288474733999998
26.672788304999997
26.422339588
26.422339588
26.641482218
27.204991827
28.509412227000002
29.772091172
30.888675029
31.921775989
33.048795213999995
34.1862498
35.219350757
36.116791987
36.889008865
37.285552667
36.909879591
35.928955454000004
35.073255669
34.342780246
32.537462418
30.471260508
0.0
95.59836215
91.62248877900001
89.013647979
87.417037413
86.728303442
87.458778865
88.471009099
90.787659723
96.349708311
101.49434234399999
105.63718153
109.24781722
111.95057624
114.90378403999999
117.15782250000001
118.83791595
120.23625461
120.76845812
119.33881342000001
116.31255808
114.24635619
111.60620929
105.50152181
98.530699201
0.0
7.7221687579000005
7.3986724989
7.1899652353
7.0647408776
7.0021286986
7.0647408776
7.1482237832
7.3360603202000005
7.7847809376
8.202195464799999
8.5361270871
8.8283172556
9.0474598828
9.2874732366
9.4648744107
9.6005341317
9.7153231271
9.7570645807
9.642275586
9.402262231
9.2352964202
9.016153793299999
8.5256917235
7.9621821117
0.0
11.103226432
10.644070449
10.341444915
10.153608382
10.0701254741
10.153608382
10.278832741
10.539716816
11.186709339
11.7919604
12.271987109000001
12.689401633
13.002462535
13.346829514
13.607713596
13.805985497
13.962515946
14.025128124
13.858162309999999
13.513795331
13.263346607
12.960721079999999
12.251116383
11.447593414
0.0
3.130608956
2.9740785085
2.8384187865
2.7966773344
2.744500518
2.807112697
2.8488541498
2.9740785085
3.1723504088
3.4123637619
3.5584588464999998
3.7358600205999997
3.8923904688
4.0071794639
4.048920916
4.1324038219
4.1637099114
4.184580638
4.1219684586
3.9863087373
3.9236965583
3.7462953842
3.5688942098
3.3080101301
