0.0
115.26018726283213
113.04956458918772
110.55911625750542
110.40521214981248
111.44056707660931
113.94500668568443
119.17774642924009
124.36851231499362
127.12479502988334
127.68444634852148
126.21536163805727
124.39649490565229
123.3191661261781
124.01873026230456
123.06732303317531
124.20061695553144
125.7676406154325
129.9370428594691
132.28757835572657
132.553412738934
131.36415369931944
128.03422842170943
122.46569787723398
115.48404778567514
0.0
116.28155090454908
114.25281490619506
113.65118975025374
113.66518103533363
114.79847493462857
117.5687489166617
121.50029936814951
125.71167549304941
128.7897576904684
129.06958334594393
127.44659451241264
125.59974519703607
123.86482614948687
122.92741021056223
122.17188094180328
122.42372402968134
124.10267795484744
128.2860714942134
130.79051112891207
131.36415369931944
129.783138736402
126.70505653898297
121.73815117094772
116.91115862808786
0.0
225.74934713593578
225.03579171729177
224.21030600775916
223.88850655597815
224.71399218864008
225.8332947900433
226.9665886842135
228.7854554627409
228.82742934104184
228.67352517185233
228.32374316016097
228.12786516391765
228.22580413641572
228.54760363944388
229.00931601889454
229.20519393826714
229.7228714375386
230.2125663000289
232.32525002167412
232.6190669135448
231.69564230838478
230.1985750585091
228.4636559340892
226.70075437787682
0.0
265.5265639533942
257.78938458795164
252.7385315376229
250.16413551339775
250.59786525606728
254.36152037115423
261.41312687786314
267.41538711888575
276.03401731368155
284.3448392469692
291.17258519752437
296.54523785337557
300.7985877797056
304.0725479041843
306.8288306575094
308.8016014514849
309.6550697209278
314.4121058537624
317.0704496345894
316.14702490131157
311.66981441882785
304.24044331489364
292.04004473411084
278.748326111835
0.0
35.85965767667404
34.460529404421116
33.551096027969194
33.0194272769285
32.90749702447525
33.46714832517688
34.48851196689384
35.23004995826
36.5452305277206
38.01431521768593
39.14760912466794
40.168972766384904
41.14836255286219
42.11376106707134
42.95323802581084
43.51288933932425
43.666793447017206
43.6807847320971
44.184470912977986
43.9466191101798
43.1491159938682
41.93187439178095
40.12699891114521
37.95835008505342
0.0
702.5582718305188
681.7952081747608
671.1618332820649
669.4129229673724
678.101509574756
699.2003640006856
733.241154883458
768.3732658589705
792.7460803581315
804.107001987862
804.4847665850874
799.0141751104795
792.4242809063504
787.8491314513687
786.0162733800743
788.6606258425107
796.3278487441186
822.1277741574382
837.7840195405525
838.5535401046407
826.2132287243062
800.2034341500939
760.8179731713807
716.8853453232197
0.0
49.37523680898099
47.90615211901565
47.16461414046128
47.03869259011635
47.65430903113756
49.13738500618281
51.52989434999289
53.99236011920246
55.71328788935882
56.51079101335749
56.53877357583022
56.14701766021437
55.68530533201081
55.36350582129558
55.23758428376243
55.41947095392811
55.96513098236162
57.77000646299736
58.87531779981958
58.93128292732739
58.06382339842807
56.230965355319604
53.460691373286494
50.38260916561807
0.0
196.67546154689015
189.83372427794438
186.04208665419432
184.7269061334185
186.405860061147
192.0163643865537
201.8382448881076
212.49960234071378
219.22940939564168
221.64990125067737
221.32810179889637
219.81704323063013
219.59318267447645
220.85239817792583
223.53872446741607
227.38632723661047
231.8915202277574
238.62132720581454
244.6515700836183
243.88204951952997
238.78922261652394
230.77221757510696
218.85164474716925
205.42001327409454
0.0
245.7708727362687
241.06980169763133
235.7531143153423
235.41732346830005
237.62794616244332
242.9866074230332
254.13765981500052
265.20476450161317
271.08110321022735
272.2563710083221
269.12232360652456
265.26072957018675
262.9801505147029
264.44923517904465
262.42049918837773
264.85498241305106
268.1988990013646
277.0553809425868
282.0922427001485
282.63790270808323
280.1194718293023
273.0258915724104
261.13330117626515
246.26056759875902
0.0
1247.1409699010208
1210.2739401341946
1191.3857083767848
1188.293634930159
1203.7120285155997
1241.1666924248968
1301.5810514681991
1363.954189858969
1407.2012450021375
1427.376674720413
1428.0622468360627
1418.338305793855
1406.6415935476946
1398.5406408777935
1395.2666803689613
1399.9677516125876
1413.5812695841494
1459.3747381147625
1487.1614260248023
1488.5325710248092
1466.636213731117
1420.45098915677
1350.5365495249193
1272.5491396037132
0.0
52.56524927678976
51.01221689684388
50.214713772845215
50.088792230187345
50.73239123368129
52.313406188911664
54.85981964553941
57.49018080495948
59.32303884294323
60.162515806807455
60.19049837696724
59.7847511762715
59.295056272783434
58.94527420472021
58.81935266718705
59.015230622432625
59.588873221025935
61.51967023150776
62.68094670096248
62.750903118674906
61.82747845201836
59.86869887137674
56.930529491446066
53.642578051139246
0.0
547.2690246418513
545.548096835822
543.5193608195315
542.7498402554431
544.7645850045903
547.464902561224
550.2071939961585
554.6144480148074
554.7403696240865
554.3486137084707
553.5231279989379
553.0194418180571
553.2572936157306
554.0547967653529
555.1740993411324
555.649802962103
556.8950271471618
558.0702948683859
563.2050956496928
563.9186511452075
561.6800458399067
558.0563036268661
553.844927450719
549.5635950157257
0.0
923.1728181339005
895.8898167890954
881.8985340665664
879.6179549342119
891.020850390996
918.7515728481083
963.4817037690209
1009.6389455528451
1041.664991763341
1056.5936904606679
1057.0973765903016
1049.891865991274
1041.2452532109442
1035.2429929699217
1032.8225010636388
1036.3063304258803
1046.380053992251
1080.2809321010955
1100.84811776061
1101.8554901479954
1085.6535846800757
1051.4728809465043
999.7191260787932
941.9910934274754
0.0
116.51940271247199
116.15562935932886
115.7218995961604
115.55400419826283
115.9877339614313
116.56137656002463
117.14901043088604
118.08642637749776
118.11440893997047
118.03046124486525
117.84857457469955
117.73664430943454
117.79260944206705
117.96050483227752
118.19835664276279
118.31028690034077
118.57612127329875
118.81397307609694
119.91928442060622
120.05919724834398
119.58349362993583
118.81397307609694
117.91853098472491
117.00909760314826
0.0
50.28467019055763
48.535759850241476
47.57036133603232
47.23457055304899
47.66830031621747
49.09541115863018
51.6138420527852
54.3421421872657
56.04907868515393
56.67868640356798
56.594738708462735
56.20298279284689
56.14701766021437
56.4688171581178
57.15439001685143
58.14777109353332
59.295056272783434
61.015984055751574
62.55502515830461
62.359147203059045
61.05795789817948
59.00123933735273
55.96513098236162
52.52327542923713
0.0
10.703331300671332
10.507453342607171
10.451488211255828
10.451488211255828
10.563418473446038
10.815261562861542
11.179034914467254
11.570790831108049
11.850616486327342
11.878599051362423
11.724694941875823
11.556799548334274
11.388904155305193
11.304956458918772
11.235000045306126
11.262982610853678
11.41688672110898
11.794651355488472
12.03250316136149
12.08846829220036
11.934564182713762
11.654738527494471
11.193026197241032
10.759296432022671
0.0
206.69321996781656
199.51569192869925
195.52817638557661
194.14303934971872
195.91993230119243
201.8102623794443
212.13582901063188
223.34284647117278
230.40844429627222
232.94086641657293
232.6190669135448
231.03805195831438
230.78620889349753
232.12937202543085
234.9416199242003
238.98510061276718
243.71415416006778
250.79374322668707
257.11780299636143
256.32029992360987
250.96163858614926
242.53888643884378
230.0026970622658
215.8994840744716
0.0
124.15864306954343
119.33165054205773
116.15562935932886
114.3647451714601
113.97298924815718
115.87580370385334
119.44358080219804
122.0179768289856
126.55115241591591
131.65797064243722
135.56153855707592
139.10133311600913
142.51520609128676
145.83114004281916
148.74132688846305
150.70010644091872
151.21778394019017
151.2597577672439
153.02265945157419
152.16919118213121
149.4268997471967
145.201532380777
138.97541153235358
131.44810140467413
0.0
83.44401030291097
80.1980327024697
78.07135772393052
76.86810740692317
76.60227303396518
77.88947104864013
80.28198039245022
82.00290817541836
85.06699910056923
88.49486337117621
91.11123324551639
93.48975131193365
95.78432168068329
98.00893563940762
99.96771522004923
101.2828957971969
101.63267787038484
101.66066043541996
102.8499194673474
102.27627687387879
100.4294275533775
97.58919715363197
93.40580361426603
88.34095926348326
0.0
565.21984039884
548.5142487500394
539.951583751935
538.5524554745574
545.548096835822
562.5195227909592
589.9004631595094
618.1628543061657
637.7646414309723
646.9149403153124
647.2227485255735
642.8154944813011
637.5127983661554
633.8470821979431
632.364006266458
634.4906812296231
640.6608369582257
661.409909295593
674.0160550591353
674.6316714540341
664.7118519287351
643.7808930416328
612.090637550061
576.7486573880326
0.0
168.4690355456782
166.17446514618024
165.46090972753623
165.58683125994463
167.46166315829282
171.26729210043342
177.88516881322556
184.712914815028
187.0494590159561
185.28655740849658
181.99860596562738
178.8085935465034
177.7592472808171
177.73126472090678
178.37486375258663
179.39622738149183
180.85132080431376
183.80348147701142
187.9169185525425
187.81897952879726
185.88818261312267
182.34838805418946
176.24818871255087
170.1060156207293
0.0
111.91627068733042
110.40521214981248
109.92950853909137
110.0134562341966
111.25868039363186
113.7771112877869
118.1843653576829
122.71754096511206
124.2705733655568
123.09530560333509
120.91266549216338
118.79998179870412
118.08642637749776
118.08642637749776
118.4921735781935
119.17774642924009
120.15713622340441
122.10192452409088
124.8442159282771
124.77425951056466
123.48706151895095
121.15051730008629
117.09304530594059
113.00759074675979
0.0
166.6921425942045
160.89975159094502
157.6817565350399
156.56245395926027
157.9895647453011
162.74660092938277
171.0714141810609
180.10978280013583
185.80423490776803
187.86095340709818
187.5951191007615
186.30792103740174
186.11204304115847
187.1893718667551
189.46995094786251
192.7299198051977
196.5355486960912
202.24399212211392
207.35081031788698
206.69321996781656
202.3839048960422
195.5841415310209
185.48243532786915
174.10752250786607
0.0
174.54125222491209
168.4690355456782
165.11112763897412
163.93585996899728
165.432927218873
170.41382383099045
179.1303929982844
188.58850009288557
194.54878658372513
196.7034441068006
196.42361848207338
195.0804553245164
194.88457735389673
196.00388000654715
198.382398034529
201.8102623794443
205.79777787131982
211.77205560367923
217.1167256227493
216.43115276401568
211.91196845447826
204.80439687919574
194.21299581355368
182.30641422713572
0.0
227.47027494196516
218.62778419101556
212.8214018693655
209.53345042649633
208.81989500785238
212.31771568848458
218.85164474716925
223.55271570893584
231.87752890936682
241.22370578995012
248.38724263879476
254.85121518239734
261.1053186163548
267.19152661397925
272.5222053146587
276.1039737006458
277.0553809425868
277.13932864794145
280.37131489411917
278.80429125727943
273.7674294997176
266.04424140141845
254.61336343597105
240.831949951205
0.0
457.38902424762904
455.94792214319773
454.25497689707873
453.61137786539877
455.29033184437446
457.54292833994793
459.83749879069296
463.5311973906979
463.629136363196
463.30733683454423
462.6077727342908
462.18803418189384
462.3839122293843
463.0554937697273
463.9929096932779
464.38466560889367
465.4340117977093
466.4134016764314
470.7087254298152
471.3103505831941
469.4355187360932
466.3994103580409
462.88759835901794
459.3058299730311
0.0
1204.2856710834446
1168.7058391237426
1150.4612063467657
1147.4670718470143
1162.3537966660404
1198.5212625888485
1256.8649115581943
1317.0973838980203
1358.8613628278445
1378.3512199179986
1379.0088098068445
1369.6066683445356
1358.3157026149213
1350.494575544124
1347.3465372339133
1351.8797122981227
1365.01752754554
1409.2439721574538
1436.0792523130806
1437.3944326032438
1416.2536044015078
1371.6493949873802
1304.141456174034
1228.8403723117056
0.0
68.23548595010861
67.31206129626385
67.01824435314606
67.07420948577858
67.82973874941287
69.36877985709062
72.05510614145612
74.8113888460964
75.76279607010096
75.0492406488946
73.72006878666703
72.41887949459924
71.99914101651068
71.98514973143078
72.25098410438876
72.65673130508452
73.25835646102583
74.44761549295328
76.11257813816418
76.07060429061157
75.28709245681752
73.85998162209185
71.38352457036474
68.89307623868244
0.0
1223.2018853495179
1180.7103596570353
1157.1070656707152
1148.894182709926
1159.3876447518228
1194.2679126625185
1255.353853297411
1321.6725334554963
1363.4784866223517
1378.5470975555115
1376.5883183617862
1367.2141591262812
1365.773056637496
1373.6641399158923
1390.3417495172541
1414.2948252077824
1442.2633997700505
1484.111325636523
1521.6079643721932
1516.8089541816923
1485.174663323094
1435.295740225613
1361.141941857705
1277.6139841005502
0.0
220.3347207299016
217.34058617890298
216.40317025535253
216.57106561481467
219.01954015787857
224.000436769996
232.64704947345516
241.58747919690276
244.63757876522774
242.3430084426005
238.0336933708261
233.8642910986036
232.47915406274578
232.46516287247312
233.29064850513504
234.6338116626919
236.53662606970326
240.3842288388977
245.7848640546592
245.64495120386027
243.11252900668882
238.49540567340614
230.52037451029014
222.47538696021
0.0
38.55997525380653
37.062907993681385
36.08351820720412
35.52386689369071
35.397945348470486
35.985579227018974
37.10488184123401
37.902384965232685
39.3015132374856
40.89651946498409
42.09976978199144
43.20508111881365
44.26841860808323
45.289782249800204
46.199215626252126
46.800840787318165
46.96873618009101
46.98272746517091
47.528387488479694
47.26255311552172
46.40908487170231
45.09390428942993
43.16310727126102
40.82656305495875
0.0
307.3325167871431
295.3979525639441
287.54884298448366
283.099615138781
282.13421657844947
286.8492788842302
295.6777782655421
302.0438119647645
313.2788120108393
325.9269315245644
335.58091666665604
344.32546834261325
352.7901944450904
360.9890861131128
368.20858803053113
373.03558060157684
374.3227786136895
374.43470882770737
378.7999890961732
376.68730537452797
369.87355069111607
359.4500450361833
344.01766020922275
325.39526283502033
0.0
312.27143957220676
301.41420425147516
295.3979525639441
293.29926023756013
295.97159520865983
304.8840422953263
320.4703312914765
337.39978344518346
348.0751322161803
351.9227349085039
351.419048727623
349.0265393812506
348.6627660511686
350.67751080031576
354.93086072664585
361.0450513098043
368.18060552186785
378.8699454831373
388.43998286862706
387.22274132034937
379.1497711847352
366.403712519147
347.47350701155415
326.1507920807181
0.0
266.0722239613288
262.4484817482881
261.3291791725084
261.52505709188097
264.4772177645786
270.4934693239918
280.9449575388349
291.73223652384956
295.4119438823347
292.62767862034633
287.43691271921864
282.4000509616569
280.7350883010718
280.70710579240864
281.7004867845327
283.3374668852074
285.63203725908176
290.27714310102766
296.7970809181925
296.6291855074831
293.5790858622874
287.99656404554383
278.3565702730899
268.6466199855541
0.0
104.542864675031
102.71000663960962
102.17833789369364
102.17833789369364
103.19970153541061
105.69014986709291
109.22994439527783
113.02158202415264
115.77786472879292
116.02970781667102
114.57461441178556
112.90965176657464
111.35661937381701
110.50315112999762
109.83156955890622
110.05543008174924
111.56648861926722
115.31615239546464
117.5687489166617
118.10041766257766
116.67330682016494
113.90303283813182
109.43981364072802
105.10251598854443
0.0
23.869128366964944
23.04364268049354
22.58193035228999
22.4140349620795
22.623904194717895
23.295485773496345
24.498736085378983
25.785934105178647
26.59742850144543
26.891245436876144
26.86326287184106
26.681376196550676
26.65339363407795
26.807297746895618
27.12909724479905
27.590809573002606
28.136469601436115
28.961955287907514
29.689501986506695
29.591563006321554
28.975946572987418
28.01054805877825
26.555454653892816
24.93246585623453
0.0
298.93774719974806
290.09525650004565
285.57607219050817
284.8345341350831
288.5282327863351
297.4966450184459
311.9916139987267
326.93430396319695
337.3018444726855
342.1428282340039
342.2967324031934
339.9741794437851
337.1619316218865
335.231134578094
334.44762277248583
335.5669254251363
338.82689423122434
349.8100512124823
356.46990180357534
356.7917013066035
351.5449702600315
340.47786557341885
323.71630890729193
305.02395514612533
0.0
54.60797655766132
52.48130158680923
51.09616458682443
50.29866147563754
50.13076607773998
50.97024304160419
52.53726670662995
53.67056061361196
55.65732276953809
57.9099192856104
59.630847063453835
61.183879448524415
62.68094670096248
64.13604010584791
65.42323812052288
66.276706369467
66.51455817226518
66.52854945734508
67.31206129626385
66.93429665804082
65.71705505595358
63.87020574057699
61.1279143158919
57.811980310549984
0.0
191.51267825692003
185.94414768169625
182.29242290874515
180.4455735703074
180.75338178056856
183.46769062996913
188.5605175842224
192.8698326559967
199.09595345317302
205.0982138223135
210.02314528898668
213.8847393765716
216.9628215816777
219.3133570497492
221.3141104805058
222.72723007627403
223.34284647117278
226.77071076484094
228.70150780863338
228.0299262170432
224.7979398427476
219.4392786334048
210.63876176075618
201.05473305687588
0.0
110.4471859973651
107.18721711953097
105.50826318924017
105.24242881884456
106.59958324866955
109.91551725401145
115.27417854791203
120.78674394694316
124.62035543874474
126.41123958817812
126.46720476180839
125.6137364923654
124.57838156044383
123.85083487209405
123.5710092140562
123.97675641475195
125.19399800146503
129.23747871309322
131.699944469491
131.8258660531466
129.881077737086
125.79562314715692
119.61147620009562
112.69978252112448
0.0
52.77511852223994
52.061563101033585
51.83770257050349
51.87967641805611
52.45331901664943
53.65656932853205
55.72727917443871
57.86794543805779
58.59549213665697
58.04983211334819
57.01447719423838
56.02109611499414
55.68530533201081
55.68530533201081
55.88118328725638
56.20298279284689
56.65070384109526
57.57412850262708
58.87531779981958
58.833343952266944
58.231718791200926
57.12640745181635
55.20960171360265
53.292795975388934
0.0
307.30453427847993
298.22419170423336
293.56509454389686
292.80956529819906
296.61519424033975
305.83544953726744
320.72217435629335
336.0985941146803
346.7599515672866
351.72685693788424
351.89475234859356
349.4882516838306
346.62003879335833
344.619285285731
343.8077908945889
344.9690673742931
348.32697528099715
359.6039491285022
366.4596777158385
366.79546848601
361.3948333471193
350.0199204502454
332.7966513534206
313.57262895395706
0.0
52.229458493806426
50.41059173577784
49.403219379140786
49.05343730339048
49.50115835932593
50.998225611763985
53.600604195899535
56.44083459564507
58.21772750612103
58.86132651473968
58.77737881963443
58.385622896331505
58.31566648630616
58.65145726928949
59.365012690495846
60.386376332212805
61.589626649220165
63.366519559696115
64.97551707227449
64.76564783194904
63.42248469232864
61.28181842870956
58.119788531060586
54.55201142502881
0.0
10.983156955890623
10.77328771428398
10.53543590764225
10.507453342607171
10.619383604797381
10.857235411439108
11.346930306727627
11.850616486327342
12.102459575742843
12.158424706581712
12.018511878587713
11.850616486327342
11.73868622413713
11.808642637749776
11.724694941875823
11.822633920523554
11.976538031291325
12.368293947932122
12.592154473849961
12.620137039397509
12.508206775669883
12.20039855439057
11.668729810524486
10.9971482386644
0.0
181.844701847685
175.52064210363426
172.00883010461138
170.79158847946292
172.3446208747829
177.53538672466348
186.61572929891005
196.47958362751763
202.69171315755054
204.9303184116042
204.63650139161567
203.2513644838757
203.02750392772208
204.2027717258168
206.67922877754393
210.2470058451403
214.40241682459583
220.62853762177218
226.1970681201252
225.4835127014812
220.78244171409102
213.36706187730016
202.34193106898846
189.93166330168964
0.0
89.37631418259306
85.90647606443348
83.62589697307665
82.32470768100886
82.04488202297098
83.43001901783107
85.99042375441401
87.83727308260238
91.11123324551639
94.79094060912614
97.60318843871185
100.1356106179468
102.5980763794693
104.99058573096646
107.08927813934582
108.48840641159876
108.86617104982179
108.8941536122945
110.16736034701427
109.55174390086835
107.56498175006693
104.52887339763821
100.05166291515447
94.63703649630848
0.0
841.4357443903743
812.2079546833863
795.9640754140365
790.3115971847053
797.5310991021233
821.5261490040591
863.555962393962
909.1675440929807
937.933621420518
948.2871706884866
946.9579988493201
940.5080174959902
939.5006451342285
944.9292628586533
956.4021147024017
972.8838457950485
992.1218595129025
1020.9159194772207
1046.70185357215
1043.4139021292808
1021.6434661630084
987.3368408201577
936.3246239566245
878.862425688514
0.0
28.43028653686682
28.038530621250967
27.92660036111065
27.94059164619055
28.262391151781053
28.905990155274992
30.011301492097203
31.17257795642721
31.56433387204307
31.27051693661236
30.71086562822366
30.179196884870052
29.9973102070173
29.9973102070173
30.095249182077726
30.277135865055183
30.514987667853376
31.018673848734267
31.70424669978083
31.690255422388006
31.3684559167975
30.766830760856184
29.745467114014502
28.710112194904713
0.0
166.99995085571285
160.52198694247255
156.25464574899908
153.83415384271626
153.30248507630142
155.87688110052662
160.6758910347913
164.13173788836988
170.2319371531377
177.10165698199387
182.34838805418946
187.10542416140044
191.69456493477273
196.1577840988659
200.07534325502448
202.70570442469392
203.40526852494742
203.46123367039166
205.83975174962077
204.6924665883071
200.98477666991172
195.31830714781347
186.9375287506911
176.8078400388761
0.0
1028.960906976054
1025.7149294114854
1021.9093004693449
1020.4681983649136
1024.2458447471438
1029.3246803830066
1034.4874637242237
1042.770303097601
1043.0081548952744
1042.28060815824
1040.7135845214
1039.7621772794591
1040.2238895820387
1041.7209568319147
1043.8336406048072
1044.7150913829132
1047.0656268509847
1049.2762495195045
1058.9302346615962
1060.2733978191532
1056.062021643006
1049.2342756924509
1041.3431922346895
1033.2842133662186
0.0
213.77280903443585
205.4619871011483
200.00538686806027
196.91331334456365
196.2417318042206
199.51569192869925
205.65786509739155
210.09310175282155
217.90023750522818
226.70075437787682
233.41657003754347
239.50277806079148
245.3791167694056
251.08756011855766
256.1104306858467
259.46833851568005
260.3637806121768
260.4477283175315
263.4838366955838
262.0147519543714
257.27170716555094
250.0102314210789
239.27891750463783
226.32298972940436
0.0
290.2491605411173
280.1754369747466
274.5649325724691
272.62014428715685
275.11059265727454
283.39343203065164
297.8884009340618
313.61460278101083
323.534422178192
327.11619056417896
326.65447826159897
324.4298642746887
324.0800822629974
325.9549141613456
329.9144471445578
335.59490798504663
342.22677601622934
352.160586731801
361.05904250007694
359.92574865715386
352.41242979661786
340.57580459716405
322.98876217025736
303.1631145661677
0.0
609.9079974414516
607.9911917160498
605.7246039020857
604.8711356838899
607.1097409379436
610.1178666792148
613.1819576940483
618.0928979192015
618.2328106931299
617.799080899213
616.8756562940531
616.3160049677278
616.5818393509353
617.477281447432
618.7225056324909
619.2541743220349
620.6393113578928
621.9405006115252
627.6769265462111
628.4744296702098
625.9699900585723
621.9265093700054
617.2394295728878
612.4684021985335
0.0
105.20045496360484
103.18571025033071
100.91912244917849
100.77920962144073
101.71662556036537
104.0111959368021
108.78222334702947
113.52526819990882
116.04369909406384
116.5473852749447
115.2042221301996
113.55325077006859
112.57386097590425
113.20346870200538
112.33600916798136
113.37136409221586
114.79847493462857
118.60410384345853
120.75876138447045
120.98262190218873
119.90529313552632
116.86918478053524
111.77635785959266
105.41032420905502
0.0
401.42389328064166
389.55928552127745
383.47307749802945
382.4796964546582
387.4466017996323
399.49309623684917
418.954970562104
439.01846998949065
452.93979632505585
459.44574282383013
459.65561206159316
456.52156471104274
452.757909647203
450.1555310630675
449.106184874252
450.61724344251815
454.99651490125655
469.74332694635433
478.6837565929312
479.117486386848
472.07987114728246
457.2071375697764
434.7091549177164
409.60879368152075
0.0
132.86122094919517
128.24409765947254
125.68369290239073
124.788250805894
125.92154473849956
129.71318231868958
136.34505036268408
143.55056096171177
148.09772785678317
149.72071669031448
149.5108474525514
148.50347501391886
148.33557965445664
149.20303919104305
151.00791470242706
153.6102932865626
156.64640166461493
161.1935685340628
165.26503180816366
164.74735436013938
161.3054988249514
155.89087234204646
147.83189347357575
138.7655422177197
0.0
519.2025114145675
504.0779347722445
494.2000892021173
489.1772186348281
490.030686904271
497.362119112578
511.1715151060072
522.8822188242997
539.7417145141719
556.0135763690556
569.361260059905
579.8547221018019
588.17953535348
594.5595603198459
599.9741867258799
603.8217894950744
605.4867521556595
614.7769638395513
619.995712326213
618.1768456245562
609.4322938204812
594.9093424084078
571.0542052804003
545.0444107061884
0.0
577.9099338677368
567.8222189829755
564.8140932417043
564.8700583102778
570.4805627125554
584.3039500243752
603.8217894950744
624.7527484334238
640.0032466594025
641.4023748855329
633.3713786538434
624.1930971839694
615.5604757220301
610.9013785616936
607.1796973249077
608.4109301915759
616.7777172703078
637.4988070477649
649.9510486933647
652.8472441693709
644.942169521337
629.6776799769677
604.9970572162983
581.0299898998967
0.0
1965.8311909662366
1959.6470440217377
1952.3575854098722
1949.601303143395
1956.8208047789537
1966.5167638505936
1976.394609830698
1992.2187498558144
1992.6664716343348
1991.281334367865
1988.2732084728518
1986.4683329358445
1987.3497839701863
1990.2179966812937
1994.2334947843265
1995.9404313744596
2000.4316329703452
2004.643009479599
2023.0835198684658
2025.6579157389492
2017.5989375623153
2004.5590615180085
1989.4764593433285
1974.0860480615625
0.0
332.8945903771658
323.05871863409214
318.0078655581399
317.1823798486073
321.3098082425289
331.29958410354493
347.4315331845004
364.08115963660947
375.6239678673219
381.0106117646929
381.1924984425456
378.59011985841
375.4700637750031
373.3014149847843
372.4339554481979
373.6931708235294
377.33090435496064
389.5452942028869
396.96067403967777
397.3244474466304
391.49008256506994
379.163762375008
360.49939122499893
339.6803625006673
0.0
596.4903573636383
575.7692675861812
564.2684331056519
560.2529349769951
565.3737444399117
582.3871442989733
612.1745852554156
644.5084397274201
664.8937386578349
672.2391621076616
671.2877548657204
666.7265966778822
666.0130413104853
669.8606440284325
678.0035706022579
689.6723004422496
703.3138010762166
723.7270825921654
742.0136891961963
739.6771449183975
724.2447600914368
699.9139193680824
663.7604447636647
623.0178293858746
0.0
431.53313376573584
418.96896182924746
410.75607884283437
406.58667662185894
407.2862407989832
413.3864400637511
424.8592918562522
434.59722470369843
448.60249869337105
462.13206911332026
473.2271563085961
481.9437254758901
488.8694103733198
494.17210656533615
498.6772996846008
501.8673121037249
503.25244913958267
510.9756371866347
515.3129348183195
513.8018762500532
506.54040058245187
494.46592350845395
474.6402759043643
453.02374403041046
0.0
562.7993484925571
546.1637132307208
537.6430221109173
536.2438938335397
543.2115526348939
560.113022203067
587.3680409623379
615.5185018437293
635.0363413144285
644.1446663204674
644.4524745819758
640.0592118048468
634.7844982496115
631.1327733997897
629.6496974683046
631.7763724314696
637.9185455232912
658.5836701553039
671.1198594550111
671.7354759267806
661.8576302797826
641.0106190467877
609.4742676987821
574.2722003363054
0.0
552.2779038138791
533.0818639230788
522.4344977119924
518.726807793597
523.4558613408976
539.210045747757
566.7868640356799
596.7282091100647
615.6024495490839
622.402212990976
621.520762135999
617.2953947695794
616.6378044963797
620.205581563976
627.7328916916555
638.5481532365806
651.1682903185131
670.0705132661956
686.9999653942792
684.8313165528132
670.5462168871662
648.0342429679628
614.5531033346448
576.8326050421401
0.0
78.37916594444113
75.34305758432531
73.34230415613106
72.20901024914906
71.95716716127099
73.16041748084069
75.41301400203771
77.03600280482073
79.90421576703899
83.12221079732048
85.58467655884297
87.82328179752247
89.97793933853437
92.07663175460083
93.90948979002222
95.14072267718934
95.47651346017268
95.50449603033249
96.6098073671547
96.07813861611402
94.34321956087776
91.67088455390508
87.73933410754195
82.99628925466261
0.0
15.16655049243796
14.95668125211249
14.88672484208715
14.900716127167048
15.068611517377537
15.41839358544076
16.006027463989255
16.621643897323402
16.831513142773577
16.677609029955917
16.38379209452521
16.0899751590945
15.992036178909357
15.992036178909357
16.048001311541878
16.145940291727022
16.271861829260168
16.537696207342872
16.915460840441177
16.901469560485996
16.73357416258844
16.41177466468501
15.866114628564418
15.306463327862797
0.0
927.8039327855737
900.7867658239762
883.1297669332347
874.147363459604
875.6724132693901
888.7822452138132
913.4628679744824
934.393826912832
964.5170587163167
993.5769529357244
1017.4320899868612
1036.1944002118626
1051.0531424709782
1062.4840204876725
1072.151996820037
1079.0357079160367
1082.0018599071248
1098.60951253218
1107.941698094373
1104.681729211414
1089.0674576553536
1063.0996368825715
1020.4681983649136
974.003148319581
0.0
1304.281369127327
1266.2950362978738
1241.4884917998072
1228.8543636300963
1230.9950299116517
1249.4355403005186
1284.1059392553104
1313.5435977900845
1355.8812194158716
1396.7497563260702
1430.2728701707956
1456.6464380750895
1477.5494138898098
1493.6114068144138
1507.196942559172
1516.8649186353005
1521.034321163759
1544.3997631730404
1557.509595681182
1552.9344453549986
1530.9681318537068
1494.4788668634715
1434.5542023751766
1369.2149117883303
0.0
876.036186548225
850.5300781548935
833.866460384394
825.3737517732537
826.8148538776851
839.1971390850736
862.4926249380029
882.2623073966483
910.6925939796376
938.143490658281
960.6694559471221
978.3684285880469
992.4156764560204
1003.2029555179057
1012.3252718423353
1018.8312182642387
1021.6294748446177
1037.3137027876423
1046.1282109274343
1043.050128722328
1028.3033167541012
1003.7905893528941
963.5376689144653
919.6610061348777
0.0
352.1465954134104
347.36157672066554
345.86450947078987
346.1163525356068
350.03391176863596
357.9949516133614
371.8183389764284
386.103438667699
390.98639630731833
387.3066890257041
380.4089865600668
373.7631272873643
371.5525046188446
371.52452203331063
372.83970260533346
374.9943601540325
378.03046853208485
384.186632942297
392.805263137093
392.58140258093925
388.5379218923723
381.1645158057645
368.4044659499037
355.5604684399352
0.0
163.08239169955434
156.74434056024228
152.58892965765745
150.2244028199482
149.7067253719239
152.2251562507048
156.8982447294318
160.28413511917552
166.24442161001505
172.94624602816188
178.08104680946886
182.71216138427138
187.20336313389848
191.5546520839738
195.3882635347776
197.9486682918594
198.634241150593
198.69020629603736
201.01275917857492
199.89345660279525
196.2697143128838
190.74315769283172
182.54426597356206
172.66642032656395
0.0
233.5984567153962
224.53210545954013
218.55782772718075
215.1719373886842
214.44439065164966
218.04015035602717
224.741974774174
229.58295858673958
238.1176410249337
247.72965228872434
255.07507573855102
261.7209350112535
268.14293385592026
274.38304597148715
279.86762876448546
283.53334480457994
284.52672592482196
284.61067363017656
287.926607581709
286.3176101178154
281.1408354582075
273.2077781733924
261.4830832648272
247.32390513158867
0.0
315.9231644220286
303.6528094286581
295.57983929304396
291.00468978681505
290.011308794691
294.8662838744
303.9466263717759
310.48055543046047
322.03735492831635
335.0352566587214
344.9550761327733
353.9514709247945
362.64005745530727
371.07680099787405
378.4921808346649
383.45908625650964
384.7882581469231
384.900188360941
389.3913901105681
387.22274132034937
380.2131086406942
369.4817947755003
353.6296713961428
334.47560533239624
0.0
48.99747217844504
48.325890604791304
48.11602136446583
48.15799521201845
48.703655235327254
49.808966579836536
51.725772318050254
53.71253446116459
54.398107319898216
53.88042985906214
52.92902262993289
52.00559796840105
51.69778974789045
51.68379846281054
51.86568514066329
52.173493361173904
52.59323183926247
53.4467000882066
54.64995040777631
54.62196784274122
54.06231652922781
53.026961610118015
51.250068699642085
49.473175789166135
0.0
19.293978904296083
18.958188121312755
18.860249141127614
18.860249141127614
19.042135816417996
19.50384814462155
20.16143843319539
20.861002569321847
21.36468875020274
21.406662605442435
21.140828232484445
20.833020006849125
20.553194356498313
20.399290248805364
20.27336869846043
20.315342546013053
20.595168204050935
21.280741055097497
21.700479540873147
21.798418521058288
21.5325841481003
21.02889796721941
20.20341228074801
19.3919178921683
0.0
468.38617247040685
454.54879384019654
447.4552135320575
446.29393705235333
452.07233678846944
466.14756729322403
488.8414278646567
512.2628352499945
528.5067144680971
536.0899896643501
536.3418327804142
532.690108007463
528.2968452303339
525.2467455338912
524.0295039856134
525.7924056186965
530.8992238144695
548.0945102745133
558.5320072478365
559.049684747108
550.8228103910573
533.4876110802146
507.22597344118554
477.9282273472335
0.0
61.05795789817948
60.21848093943998
59.96663785156189
60.00861169398979
60.69418455784814
62.06533026762833
64.47183089651833
66.94828794312072
67.78776490698495
67.1441658983663
65.95490686387649
64.80762167950165
64.41586576388579
64.41586576388579
64.6397262816041
65.01749091982713
65.54915966318073
66.61249715245032
68.10956441257545
68.06759056502283
67.3680264212093
66.0808284090967
63.87020574057699
61.64559178185268
0.0
152.33708659284056
147.83189347357575
145.52333183255797
145.14556718408554
147.03439040082424
151.60953985580602
158.98294586554306
166.60819494009698
171.88290857220292
174.34537430553954
174.4293220108942
173.24006297127968
171.8129521083681
170.83356230651668
170.427815149381
171.001457717226
172.66642032656395
178.26293346169808
181.64882387706527
181.81671928777467
179.14438431667497
173.50589735448708
164.97121486504585
155.44315130660985
0.0
136.5269370405368
131.7978834932362
129.15353105129861
128.24409765947254
129.40537412380255
133.30894198463173
140.12269674491432
147.5240852633146
152.19717374204157
153.87612766977003
153.65226711361638
152.60292089917724
152.44901680685845
153.33046758496465
155.19130824179297
157.86364321289267
160.98369929629968
165.65678772377953
169.84018126314544
169.30851249673063
165.76871798904455
160.2001874138208
151.93133935883418
142.61314498691408
0.0
72.54480103981948
69.71856192515384
67.87171259696547
66.82236639277579
66.5985058750575
67.70381721187971
69.78851833517918
71.29957687269714
73.94392931207238
76.92407253955568
79.20465163091252
81.27536147681916
83.27611490501343
85.20691192830702
86.91384842107054
88.04714232036548
88.35495054087609
88.38293311103591
89.41828803014566
88.91460184926478
87.30560433668639
84.84313857516389
81.20540505910677
76.79815098921075
0.0
602.3387135635893
590.8238877646694
577.798003525601
576.986509134459
582.3731530318299
595.5249588033067
622.835942708022
649.9790312788986
664.390052476954
667.2722567626876
659.5770512242988
650.1329353712175
644.5084397274201
648.1181906220703
643.1372940099528
649.1115717423123
657.3104634103348
679.0389255495536
691.3652456114978
692.7084087690546
686.5242618501793
669.1470886610356
639.9892554178825
603.555955111867
0.0
645.8655941264968
626.7814844497144
616.987586508071
615.3925803113208
623.3816027928274
642.7735206030002
674.058028886189
706.3639007214123
728.7639444009742
739.2154326158173
739.5652146531323
734.5283528955706
728.4701274578566
724.2727426001
722.5797974308517
725.014280655525
732.0658871622339
755.7811113625717
770.1781413191075
770.8777054962317
759.5447664264116
735.6196729114399
699.4242244799684
659.0313912163641
0.0
1080.2669408339518
1042.7423204608199
1021.8953092278252
1014.647824724873
1023.9100539001016
1054.7188585623198
1108.6692448314075
1167.2227630641398
1204.1597495510364
1217.451468173312
1215.7305403672826
1207.461692312296
1206.1744942489363
1213.1421531015378
1227.874973828245
1249.0297934764894
1273.7244075555495
1310.6893763204969
1343.8067423674972
1339.5673836314397
1311.6407830499663
1267.5822341562448
1202.0890397333155
1128.3269971016584
0.0
1197.5278815454774
1162.6616049275485
1139.8837966507613
1128.2850232746046
1130.24380282706
1147.1732549038966
1179.0174144365396
1206.0345813981373
1244.9163560166046
1282.426985148217
1313.221798722657
1337.4267177854852
1356.6227580350153
1371.3695699007478
1383.835802224149
1392.7202669815172
1396.553878688557
1418.002515484908
1430.035018552487
1425.8376330285175
1405.6761950642335
1372.1670729734994
1317.1393578788156
1257.1587283988176
0.0
92.16057944970608
88.57881106628146
86.2282755623369
84.89910370779641
84.60528676724098
86.0184063245738
88.6627587613867
90.57956449960041
93.95146363757483
97.74310126132491
100.63929679370298
103.25566666804315
105.78808884727806
108.25055460880056
110.41920343489234
111.8603055546979
112.2520614780008
112.28004404047356
113.59522461762121
112.96561689152011
110.92288961064853
107.78884227547229
103.157727687858
97.57520587623914
0.0
1344.8840718080596
1305.7084798621208
1280.1324148255899
1267.1065308940042
1269.3171532550411
1288.3173151752217
1324.0790344277423
1354.426126454274
1398.092919611745
1440.2206718460277
1474.793131623333
1501.9781935856624
1523.538761339115
1540.104439983375
1554.1097132299637
1564.0854979007072
1568.3808218590793
1592.4738107335136
1605.989390270673
1601.2743280417626
1578.6224403749354
1540.9858905052454
1479.2003857700997
1411.8323590132213
0.0
2.112683694740455
2.056718563389114
2.0287359983540325
2.0147447155802567
2.042727281127809
2.112683694740455
2.2106226741568897
2.3225529363471
2.392509349959746
2.420491914994827
2.420491914994827
2.4065006322210514
2.392509349959746
2.3785180664172625
2.3645267841559576
2.3785180664172625
2.4065006322210514
2.4764570458336967
2.532422177185038
2.532422177185038
2.4904483286074734
2.4065006322210514
2.2945703705433123
2.1546575428055483
0.0
110.11139521438174
106.29177502303425
104.16510004449508
103.42356206081595
104.36097800486533
107.5090166251215
113.00759074675979
118.9818684739945
122.74552353527186
124.08868667489226
123.92079128211941
123.08131431825518
122.94140149564215
123.65495690916141
125.15202417441128
127.30668168467488
129.82511261470293
133.60275892774956
136.97465807597337
136.54092835892737
133.7006979002476
129.2094961736817
122.52166300986649
115.00834417495405
0.0
1798.7752749907029
1746.3919124865731
1712.1692347722064
1694.7500873204085
1697.7022485055772
1723.124409680402
1770.9606048538594
1811.5353249234345
1869.9349389613542
1926.2918255877212
1972.5330158968547
2008.896359457176
2037.7323932997951
2059.8805934533166
2078.6149206828063
2091.9626048092564
2097.7130217292265
2129.9209550275523
2148.011683609717
2141.701615235303
2111.4104876623796
2061.0698525698017
1978.423345232023
1888.333475881897
0.0
364.5568631807093
353.9374796064039
346.9978033905836
343.47200012441743
344.0596340362765
349.22241737749385
358.9183763466392
367.1312592561816
378.9678844556353
390.3987624723299
399.77292193844715
407.13233662979366
412.98069282974467
417.47189457937174
421.2635322031219
423.96384981100255
425.13911748097945
431.65905529814415
435.32477138948593
434.0515646445167
427.9093914758244
417.70974637704524
400.96218097806167
382.7035569339412
0.0
418.6751449373768
404.1382020787951
396.0512407016612
393.2389928797625
396.8347525072693
408.7693167304684
429.686284427298
452.38014499873054
466.69322730115863
471.8420193239854
471.1844290507857
467.96643399488073
467.4767391323904
470.1770566634004
475.88550008942303
484.0843917574456
493.65442911731185
507.98150268688323
520.8115089297083
519.1745289059044
508.34527601696516
491.2759110380828
465.88173291001664
437.2975422603321
0.0
113.58123333254134
110.27929060715459
108.1106417810628
107.01932172163343
107.20120840461088
108.81020591718925
111.83232299222519
114.39272773393283
118.07243509241786
121.64021219076257
124.5643902651145
126.8589606620501
128.67782739445505
130.07695568720683
131.25222340843084
132.10569162662668
132.45547371518876
134.49820102424627
135.63149494404004
135.2397390284242
133.32293330302227
130.14691210491927
124.92816363363178
119.2337115618726
0.0
85.52871142621045
82.99628925466261
81.69509995490776
81.48523071714465
82.54856819872715
85.10897294812189
89.26438391732802
93.53172515948626
96.49787710188967
97.88301408906267
97.92498794430237
97.26739765572853
96.45590325433702
95.91024323102823
95.68638270049817
96.00818220608866
96.94559815013801
100.07964548531429
101.98245993844809
102.08039891350852
100.58333166107045
97.4073104783416
92.62229178303433
87.26363048913376
0.0
127.93628942102544
126.20137039397511
125.65571037066631
125.75364932010314
127.16676885693711
130.06296439187753
135.0858349361054
140.27660078598598
142.03950247031625
140.71033057990272
138.20589101951242
135.78539903635885
134.9878959123602
134.97390464521678
135.44960826618728
136.23312009741903
137.33843143167886
139.57703666010894
142.7110840106593
142.62713630530467
141.1580516153393
138.48571659299245
133.84061075104657
129.18151359071013
0.0
125.51579754292857
121.86407272129264
119.47156336467076
118.26831305278814
118.46419100803371
120.24108391850967
123.58500049913607
126.41123958817812
130.4827028827779
134.41425331889158
137.6462396931872
140.1786618134879
142.19340651138788
143.74643895795506
145.04762821158747
145.98504413513794
146.37680005075381
148.62939659757444
149.88861204977667
149.45488230710703
147.34219861108542
143.83038666330972
138.0519868503229
131.7699008564551
0.0
717.0252581740185
696.1502643042427
682.5087636702755
675.5690873775845
676.7443551756793
686.8740438106236
705.9441622458861
722.1180851282718
745.3995795346927
767.8695796780894
786.2960990048017
800.7910679850823
812.2779111472212
821.106410528533
828.5777555107682
833.8944429443044
836.1890133438025
849.0330109050177
856.2385215040456
853.734081892408
841.6456136281374
821.5821141495036
788.6466345241203
752.7310117942468
0.0
394.66610371705053
382.9973738770589
377.02309614469954
376.04370634284817
380.92666405933824
392.77728050031186
411.903364004148
431.6310727126102
445.32853849202166
451.7085634583875
451.91843269615066
448.8403504910446
445.1466518910396
442.57225581556725
441.5508921866621
443.0339681693944
447.3432832411688
461.8382521702025
470.62477772446056
471.0585075183773
464.13282254407676
449.5119320313877
427.3917141046708
402.7110912927542
0.0
478.5438437421323
469.3795535906488
459.0399955898236
458.39639660939093
462.6777291212549
473.11522609457813
494.8296969154065
516.3902635926689
527.835132927754
530.1157119319907
524.0155126672229
516.502193857934
512.0389746938408
514.9071876611837
510.94765460110074
515.7046907339353
522.2106372070859
539.461888812574
549.2557867542174
550.333115579814
545.408183985023
531.6127791818664
508.4432149894633
479.50924230246386
0.0
296.1814644464229
287.43691271921864
282.94571096959146
282.2041730422843
285.8698890823788
294.7683449019019
309.1234009801366
323.926178145055
334.195779707669
338.99478964193366
339.1486938111232
336.84013211885826
334.06985817526055
332.1390611314681
331.3695405673797
332.4888432200301
335.72082951745506
346.5920561565772
353.1959416790967
353.5177411308777
348.31298396260655
337.34381829973927
320.7501569930744
302.22569864261726
0.0
793.7114789184631
770.5978797946336
755.487294419454
747.8060801994558
749.1072695299589
760.3282783088903
781.427132606702
799.3359745622603
825.1079173900463
849.9704268285684
870.3837083957643
886.4317096944944
899.1497856720543
908.9157010281639
917.1845491343978
923.0748791614022
925.6073013585737
939.8224446372566
947.8114670675162
945.0272018055277
931.651535554768
909.4473697945787
872.9860869798999
833.222861352714
0.0
590.7119575506514
573.2508367074003
564.3104069839527
562.8413223196109
570.1447719423838
587.8857184103622
616.4978916455807
646.0474808555967
666.5307187585096
676.086764876856
676.408564328637
671.8054323137449
666.2648843753021
662.4172816061078
660.8782404779312
663.1028544648414
669.5528358181714
691.2393240790893
704.4051211689566
705.0487202006365
694.6811796142774
672.7988134339868
639.6954383978941
602.7444607207249
0.0
414.2538995234667
402.01152711563003
395.72944117300955
394.7080775441043
399.8288870070207
412.26713741110063
432.3306368897344
453.0517266671915
467.420773986946
474.12259840509284
474.3464589612466
471.11447258695085
467.22489606757347
464.5385697012125
463.44724968534325
465.01427332218304
469.5334576317204
484.7419820306454
493.97622864596354
494.4239496814002
487.162473885681
471.8140367640752
448.5885074262277
422.6906430660334
0.0
140.388531051251
134.93193076691585
131.35016243217606
129.32142641844786
128.8737053958231
131.02836292914793
135.07184361771485
137.96803914496817
143.10283992627518
148.88123973926204
153.28849375791086
157.29000064504766
161.15159465576187
164.90125840121107
168.1892098953274
170.39983251259991
170.9874664757062
171.04343154427977
173.03019373351657
172.06479517318493
168.95873040816852
164.1877030338142
157.13609652710525
148.62939659757444
0.0
1346.1852606004675
1306.4080440392452
1286.0087538416867
1282.6648369971376
1299.314463602988
1339.7352790421492
1404.9626394406012
1472.288692216684
1518.9776027669232
1540.7480381182297
1541.4895767373735
1530.9821236076982
1518.3619863464005
1509.6174347729377
1506.0916316605128
1511.1704669376456
1525.8613135810633
1575.2925161812027
1605.2898256323242
1606.758910347913
1583.1276337248123
1533.2766936228425
1457.807714708535
1373.6221659350972
0.0
439.3682520780528
426.56622839513807
418.2134325835497
413.9600825803489
414.67363799899294
420.8857675546493
432.5684886361608
442.4883081614599
456.7454252671965
470.51284743357195
481.8038126250911
490.68827720309434
497.72589239141274
503.1405187974469
507.71566830367584
510.9756371866347
512.3747654640123
520.2518576033831
524.6731030172933
523.1340618891167
515.7326732938457
503.43433574056473
483.2449147295225
461.2366270168235
0.0
1028.6810813513266
998.7257449585513
979.1519404192785
969.2041383853165
970.883092364292
985.4200350947557
1012.7729928265247
1035.9845309740995
1069.3817228251921
1101.6176382734513
1128.0611627184508
1148.852208882872
1165.3479311657916
1178.0100421260254
1188.7273647240759
1196.3526137986296
1199.6405652414987
1218.0670845682107
1228.4066425177887
1224.7968916231387
1207.4756835794394
1178.6956149847588
1131.4330618666747
1079.90316750387
0.0
85.6826155339034
83.15019336235557
81.86299534768061
81.63913482227524
82.70247231154482
85.27686833320766
89.43227931522557
93.71361183477663
96.67976377205532
98.07889205199533
98.12086589954792
97.4492843258942
96.65178120958261
96.09212990119391
95.86826937578854
96.19006888137906
97.1274848203037
100.27552344055984
102.17833789369364
102.27627687387879
100.76521833636085
97.58919715363197
92.7901871681201
87.43152588190662
0.0
669.077132197201
645.8376116178337
632.9236575927832
628.4324557919089
634.168881777842
653.2529914033773
686.6641746241075
722.9295795194138
745.8053267686992
754.0461923150227
752.9828548590635
747.8480540777566
747.0645421952778
751.3738572670524
760.4961736683525
773.6060056127754
788.8984775889371
811.7882162078602
832.2994367475542
829.6830668450281
812.3758501197194
785.0928487749144
744.5321200749771
698.8365905937329
0.0
803.6592809524254
779.902082848163
767.7296668272904
765.728913396534
775.6767154304963
799.8116781832309
838.7354267824935
878.9323820754782
906.8030173833895
919.8009189856766
920.2486400979839
913.9805453456361
906.439243976437
901.2204954897752
899.1078118450005
902.1439202230531
910.9164544589204
940.4240697906356
958.332911746194
959.2143625243002
945.0971582693627
915.3376998215834
870.2857693720192
820.0290817541836
0.0
127.79637658560058
125.36189341986146
122.5916194275789
122.42372402968134
123.5710092140562
126.35527446579505
132.1476655817983
137.91207399952387
140.9621736447196
141.57779011648913
139.9408100158144
137.94005658505782
136.7507975966905
137.52031816077877
136.45698065357266
137.7301873985419
139.4651063948439
144.06823840973604
146.68460831226213
146.97842525537993
145.66324468335696
141.98353732487195
135.78539903635885
128.06221095343386
0.0
87.15170022386874
84.60528676724098
82.95431539942291
82.1148384355587
82.25475126329646
83.48598414533888
85.79454579916843
87.76731666488995
90.5935557846803
93.32185591916078
95.56046115527795
97.32336278836105
98.72249106061396
99.79981982727638
100.70925320372832
101.35285221490933
101.63267787038484
103.18571025033071
104.06716106943462
103.75935284892401
102.29026815895868
99.85578495478418
95.85427809839575
91.48899787605231
0.0
764.8754451783382
735.1579606088601
715.626129896641
704.5450339428849
702.1525245965124
713.9052020906115
735.8715160531276
751.7096481140945
779.6782222920094
811.1306259346607
835.1816409564169
856.9380856811697
877.9949661519277
898.4082476678764
916.3590635017358
928.3775753021714
931.5955704093237
931.8753959828041
942.7326314316533
937.4859004363287
920.5284657227112
894.5606448986821
856.1545737986911
809.8014540954941
0.0
227.3723359182199
218.54383653690806
212.7374541640108
209.44950272114167
208.73594727687407
212.21977671598657
218.75370577467118
223.46876800358123
231.77959001373947
241.12576684307558
248.275312296659
254.75327628677005
261.0073796438567
267.07959634871423
272.4102750493937
275.97805211699017
276.9434506773217
277.02739838267644
280.2593846801013
278.6923610432614
273.6554992344525
265.9323111874006
254.51542441222585
240.73401092745974
0.0
1574.6629080066891
1528.1139103841197
1504.2587731279943
1500.3552052133557
1519.8310710619896
1567.1216065349956
1643.4020802760458
1722.1450194429494
1776.7669875086158
1802.2451131370483
1803.0985811758792
1790.8142355047078
1776.0534318849834
1765.8118126004208
1761.6983758067488
1767.630679378948
1784.8119744437304
1842.637946554394
1877.7280830366396
1879.4490111245286
1851.8022363983946
1793.4865698095944
1705.2155677504668
1606.7449193626292
0.0
204.81838812071553
198.77415400139202
195.66808923637555
195.1504117883513
197.68283390865201
203.83899831886413
213.75881779291603
224.000436769996
231.10800834527853
234.42394242492884
234.53587269019388
232.94086641657293
231.024060691171
229.6808975592377
229.1492287928228
229.9187493569112
232.15735461096477
239.6846647386442
244.24582292648262
244.46968340576552
240.87392377825876
233.29064850513504
221.80380534299613
209.00178166008152
0.0
1027.603752576977
997.6763987697358
978.1165854719828
968.182774756411
969.8617287353868
984.3846801474598
1011.7096553705658
1034.8932108813594
1068.248428982269
1100.4563617937472
1126.8719036788361
1147.6349672577237
1164.1166982991233
1176.7648179409664
1187.4681492206262
1195.093398372051
1198.3673584965297
1216.779886632969
1227.1054532641565
1223.5096936110263
1206.2024768088468
1177.4503907997
1130.2298115086696
1078.7558823425563
0.0
984.454636611295
955.3527684367153
940.4380611090261
938.0035778843528
950.1759939052253
979.739574305514
1027.435857217515
1076.6571898880547
1110.8099110617156
1126.7319908280372
1127.277650835972
1119.5964366159737
1110.3621900006556
1103.96817379277
1101.3937777685449
1105.101467763811
1115.8467728705245
1151.9862561565517
1173.9245874822866
1175.0019163078832
1157.7226821424847
1121.261399276559
1066.079780140803
1004.5181360899286
0.0
439.0464526262718
421.99107888890916
410.78406147961545
404.4180277803931
403.04688206292576
409.7906803593735
422.39682612291557
431.4911599386821
447.53916123741215
465.6019072852893
479.39731201157525
491.8915275098522
503.9660045069796
515.6906994667919
526.0022748564596
532.8999772452262
534.7468265836638
534.9007306759827
541.1408427915496
538.1187257318878
528.394784202832
513.4800767982722
491.44380644879203
464.83238672120103
0.0
38.08427163539836
37.566594169437565
37.398698784351794
37.42668134682451
37.86041110999299
38.713879353812395
40.21094661393752
41.74998771392821
42.28165645984418
41.88990054422833
41.134371267782285
40.42081585426299
40.18296404377773
40.18296404377773
40.322876879202575
40.54673739692086
40.88252817990419
41.54011846847802
42.47753442021446
42.449551850054675
42.015822086886196
41.21831897057459
39.8471732607944
38.44804498854148
0.0
127.68444634852148
125.44584112521612
124.788250805894
124.80224210122333
126.03347497557868
129.09756588535544
133.40688100837696
138.0240042904125
141.39590343863637
141.70371170014468
139.92681869742387
137.91207399952387
135.99526827412197
134.959913403697
134.1484190125549
134.41425331889158
136.26110265732936
140.8502434307017
143.5925347887655
144.23613382044542
142.48722345450565
139.1153243062818
133.65872407319384
128.37001919956805
0.0
10.311575384030537
10.12968870822768
10.087714860162587
10.087714860162587
10.185653839579022
10.423505645452039
10.77328771428398
11.151052348663468
11.430878003882759
11.444869286656534
11.304956458918772
11.137061065889691
10.983156955890623
10.899209259247964
10.843244127896625
10.857235411439108
11.011139521438174
11.37491287253142
11.598773396143132
11.654738527494471
11.51482570026918
11.235000045306126
10.801270280600237
10.367540515381878
0.0
14.830759709454629
14.564925336496641
14.494968926471296
14.494968926471296
14.63488175420906
14.998655107352187
15.488349998028466
16.034010026461978
16.425765942077827
16.453748512237624
16.257870551867345
16.02001874138208
15.79615822366379
15.670236673318854
15.586288978213606
15.614271540686333
15.824140786136514
16.355809532052486
16.677609029955917
16.747565447668336
16.55168749242277
16.15993157680692
15.530323845581089
14.91470740455987
0.0
4.1414196930944875
4.057471996708065
3.9735242995529356
3.959533017291631
4.001506865869196
4.085454561743147
4.28133252031978
4.463219196122636
4.56115817553907
4.589140740574152
4.533175609735282
4.463219196122636
4.435236630575084
4.44922791334886
4.421245347545072
4.463219196122636
4.519184326961506
4.659097154186798
4.757036133603232
4.757036133603232
4.715062285538139
4.6031320233479285
4.39326278250999
4.1414196930944875
