0.0
104.37247784648045
99.08763727062977
94.78980002095548
93.21559219194438
91.41649752694872
93.66536585476115
94.91473715282073
99.23756183024092
105.7467862626767
113.70528140598687
118.79022257588694
124.51234312470642
129.6222716903191
133.6077660874494
134.93209966874664
137.83064104015745
138.95507525440172
139.6172420564908
137.25593026835634
132.77068733918892
130.8716429860906
124.92463562645555
119.0900716722283
110.40694119292971
0.0
104.2475407169033
99.89972861402529
97.0636557788019
95.32702968202696
94.5774068999879
95.3770045283664
96.463957556374
99.00018128381555
105.07212576387533
110.66930916252481
115.19203325733608
119.12755283787214
122.07606907392707
125.29944700832272
127.76070850286462
129.58479057043712
131.10902354166834
131.68373435923127
130.13451389847566
126.83617372431611
124.57481166547004
121.70125773782179
115.04210867942018
107.44593122126493
0.0
185.3192439555924
182.49566482394556
180.38422733615104
178.82251319927605
177.98543445101555
177.5856356482668
177.5856356482668
177.5856356482668
180.12185935969165
183.7200486988354
186.818489483061
190.4166788222047
193.42766364478513
196.41366104648395
198.9248973370272
200.71149828471775
202.24822500071113
202.41064320212033
201.07381592182273
198.58756712080387
195.97638105521037
194.57708523414917
191.40368214151678
187.31823796933625
0.0
279.8966508464279
267.5278750160023
258.3449960229714
251.6733533204836
248.41249426620607
248.67486224266543
249.8617649976733
255.80877235730833
273.7747314719787
293.7146973396779
312.217886220672
328.4971941627021
340.91594478912907
349.9114181369883
355.3711706635866
358.64452346262635
360.54356781572466
359.3941462263607
352.4476418026514
342.01539151384884
336.5181578216069
327.73507769996746
312.11793644562187
293.55227902386406
0.0
38.268242713286355
36.05685552366064
34.44516655646282
33.32073239026851
32.64607189146716
32.54612218963591
32.62108446829743
32.908439861062256
35.319726463502846
38.343204991947886
41.46663322451226
44.34018720478662
46.82643607216017
48.91288613220876
50.51208139125385
51.54905956605773
52.04880807521394
51.78644010561884
50.38714425481241
48.32568162479784
47.38865315640138
46.289206413376775
43.84043868418994
40.82945387076191
0.0
669.9628622798698
629.4332576015493
600.435349822346
581.5573495594848
573.5238922015798
576.7847512787382
588.5663225926005
611.6297166882879
658.056353930242
709.667882023335
755.3448965473168
795.2623092881923
827.7584566772509
850.6094576611229
867.3385392705459
882.5683752838577
894.487377492652
898.0980605079151
883.780265413985
856.6314273062836
837.8158955841859
812.3786960242448
760.7921553749147
699.8728110928589
0.0
47.07631033360256
44.22774378336219
42.19126857194114
40.86693500437243
40.30471792013123
40.5296047561158
41.35418980995211
42.978372492166926
46.239231564749254
49.87490203063921
53.085786250017826
55.88437794705448
58.17072741991792
59.76992267209873
60.956825401937564
62.01879099991117
62.8558697619002
63.10574402334258
62.1062469913016
60.19470891632197
58.87037534188899
57.08377439191032
53.46059764103736
49.18774781682087
0.0
198.25023679017585
185.56911818728955
176.2737957888508
170.0644204527564
167.0034607655318
167.10341042617736
170.62663752555713
176.41122661514018
188.89244585097356
202.77296090786803
215.4165983908724
226.9358017282753
237.44301425684168
247.20060406743565
256.5084202106366
264.95417018469544
272.67528474725884
277.38541455588467
276.2234992217584
268.702284026248
261.9931602038783
252.66035663979568
235.14417114675643
214.90435618271584
0.0
222.5505084597535
211.29367309880996
202.12328785054117
198.77497276597558
194.9269091951347
199.72449496540565
202.39814952600085
211.6060159399135
225.4740372978077
242.46548690657102
253.2975359981223
265.503893512734
276.3984111679298
284.90662972851413
287.71771518404154
293.88960935449205
296.31338961474734
297.7126854815704
292.67771915572166
283.12002878082353
279.05957209816745
266.37845342663826
253.93471537932976
235.43152649833556
0.0
1189.2640405744532
1117.3252413955083
1065.8386503610618
1032.3305122775716
1018.0751857930481
1023.8472811378689
1044.7742503248803
1085.7161475735927
1168.1371717686989
1259.7410748653122
1340.8127783099299
1411.6896116094654
1469.3730844869344
1509.927676609018
1539.6377258261446
1566.6741205742003
1587.8134830331933
1594.235251549746
1568.8105453684716
1520.6222951717314
1487.214106840411
1442.0743218539435
1350.495405674831
1242.3498269114186
0.0
50.124776285217315
47.101297756772276
44.92739171219755
43.51560214637413
42.91590392394621
43.153284470371595
44.040338085564336
45.764470474186574
49.23772267002457
53.09827996503482
56.52155730766911
59.507554702503626
61.93133500852075
63.64297368212597
64.90483868833824
66.04176656497339
66.92882018016611
67.20368186935441
66.1292225563638
64.09274734494277
62.69345149871252
60.781913423732895
56.921356121858366
52.37364461302976
0.0
449.24892963245105
442.4148686599114
437.3049401171795
433.51934508710235
431.47037616295233
430.4958665197597
430.5083602645219
430.4958665197597
436.6427733150905
445.3633848959663
452.8846001372386
461.6177054628766
468.9015401028092
476.14789362285984
482.2323318087843
486.56765016690014
490.3032703323332
490.69057545896266
487.429716404685
481.42024043564356
475.0859279493792
471.68763811457416
463.9790172281301
454.083996522604
0.0
880.3320007145359
827.0837961990422
788.977971712334
764.1654578346
753.6207641403897
757.8936139577419
773.3858179475127
803.6830718871314
864.6898720850704
932.5057458804293
992.5255428276992
1044.9866434595763
1087.6776605360976
1117.700052594328
1139.6889872946533
1159.7039156309258
1175.3585378678679
1180.1061489794229
1161.2906169369924
1125.6085729622296
1100.8835150919026
1067.4753267377007
999.6844403632235
919.6247278418473
0.0
95.6518662129785
94.19010180539183
93.10314877738423
92.30355115358192
91.86627119434166
91.65387807795028
91.65387807795028
91.65387807795028
92.96571793736628
94.82728116600647
96.42647641818729
98.28803964682746
99.83726004580457
101.37398673662894
102.67333288102795
103.59786764127166
104.38497155463317
104.47242754831169
103.77277962405253
102.49842090282326
101.14909990522055
100.42446455321549
98.78778816284795
96.67635067962968
0.0
50.6869933740347
47.451121717757815
45.07731626036822
43.490614716340126
42.70351080755483
42.728498230724526
43.62804556093427
45.114797398554934
48.30069420162812
51.848908673839546
55.08478032325217
58.020802860306766
60.71944485551218
63.20569372975002
65.5919929021566
67.75340523857861
69.72741188177896
70.92680831977052
70.62695921198869
68.70292742199206
66.99128874838684
64.60498958055643
60.13224034810126
54.947349478658026
0.0
9.59517153276246
9.19537271857321
8.933004747376442
8.770586479154959
8.695624200951054
8.770586479154959
8.870536182816677
9.107916728098017
9.670133810279937
10.18237604040219
10.594668567549153
10.956986241950023
11.231847928163791
11.53169703869132
11.756583870099712
11.919002137863572
12.05643297788153
12.118901546102242
11.968976986491102
11.669127878022854
11.45673475957218
11.194366789290646
10.58217485459144
9.882526930103468
0.0
208.35765056175535
195.03935260054246
185.25677534618598
178.73505721474987
175.5241730251165
175.624122685762
179.32226173131318
185.41919361623795
198.5250985113975
213.11775516638252
226.39857207635623
238.50497986167957
249.56191578692727
259.8067604534389
269.5893376849145
278.47236758160415
286.58078722503507
291.540791265358
290.3164073904681
282.40788713697117
275.3614330526163
265.5538683773782
247.13813552667202
225.8738361234374
0.0
132.50831936272957
124.84967334092975
119.2899711079241
115.37943894826967
113.0431146244906
112.71827807294622
112.96815233896479
113.94266194097179
122.32594330562426
132.78318108395112
143.57774903273946
153.52274453426696
162.16839387537885
169.3897599745479
174.89948734290937
178.48518298305268
180.25929018598103
179.30976798655095
174.48719484116023
167.3532847265173
164.0924256493588
160.30683064216245
151.8235995482216
141.39134925941914
0.0
89.05518578915232
83.90777605789579
80.17215589246267
77.5484761736307
75.98676205963662
75.76187522822823
75.9242934914159
76.58646028206452
82.22112481432455
89.242591482374
96.50143868998451
103.18557511206542
108.9951516271063
113.84271225286909
117.5533449562349
119.96463158613261
121.15153429537861
120.51435498281393
117.27848334941795
112.4808975379613
110.28200406335257
107.74578033591102
102.0486472354303
95.02718056738088
0.0
538.9912696331336
506.3951725834297
483.05691681228257
467.8645619188529
461.4053123281804
464.02899202413147
473.51172018214663
492.06488385914224
529.4210855134731
570.9376936255106
607.6817033423968
639.803039349588
665.9398867628574
684.3306321698011
697.7863609801843
710.042693405202
719.6253712696247
722.5364063171547
711.0172029797519
689.1656991285969
674.0358127759308
653.5711109324319
612.0669965651568
563.0541607471333
0.0
155.04697750549815
148.90007075592922
144.55225865305118
141.27890585401138
139.954572318476
139.9420785737138
141.12898128295978
144.089991240896
151.0240019198431
157.6831509462114
163.59267718596445
169.05242968968176
175.03691816919874
181.08387525812213
186.53113408572
191.2662513152274
195.37668286252767
197.47562665132182
195.47663252317324
190.2792479959153
185.74403020210372
181.92095405214448
172.32578251160248
161.4062773668823
0.0
103.01066313386075
98.91272529242511
96.03917131901503
93.85277155255903
92.97821165238328
92.96571793736628
93.75282185301587
95.72682849621621
100.33700856182506
104.74728922605952
108.68280880430748
112.30598556433281
116.27898626475083
120.30196180235593
123.92513856238126
127.07355427989387
129.79718363649047
131.19647950331355
129.87214592201627
126.41138747780477
123.40040265522437
120.86417887515665
114.49238531019597
107.22104438985652
0.0
168.02794520472585
157.2833521205817
149.3998192422045
144.1399661055402
141.54127383047077
141.62872981499692
144.6147271938148
149.52475639237446
160.09443750746632
171.8635151452092
182.57062710947133
192.34071055042284
201.2487279366369
209.5195658958816
217.41559247325915
224.57448996302182
231.1087018163392
235.10668998111257
234.1196867075624
227.74789310141603
222.05075997347816
214.1422397199812
199.29970871889432
182.14584086296
0.0
175.93646552686562
164.6921239106843
156.43377962755903
150.92405225919757
148.2129165329585
148.30037251748465
151.42380074547282
156.55871677772902
167.64064012385833
179.95944108963968
191.16630158593904
201.39865250768847
210.73145602600925
219.38959911188334
227.6479433263658
235.14417114675643
241.9907257954155
246.1761196282416
245.13914144428531
238.4674987417976
232.50799770604317
224.23715974679845
208.69498082374056
190.7290216633083
0.0
242.7778296790318
228.73489637496624
218.56501406262316
211.39362287386018
207.12077301074612
206.53356849418276
206.9833421158139
208.76994306350446
224.11222259662847
243.27757821106894
263.06761950771653
281.28345296848875
297.11298724312576
310.3438292426935
320.451243014273
327.0229359874723
330.2588076895111
328.53467528258403
319.68912655153827
306.6207028220226
300.6362143425056
293.70220366355846
278.1725184395009
259.0446439907043
0.0
375.4610610565756
369.75143429828006
365.478584435166
362.31767508729587
360.60603635648835
359.7939450519904
359.7939450519904
359.7939450519904
364.91636733948434
372.2126957241792
378.49703330003746
385.79336168473236
391.8902935696572
397.9497443347
403.0221918261925
406.645368540456
409.7687967684442
410.09363328566707
407.3700039290706
402.347531347984
397.05019697703307
394.2141241692668
387.77986202235695
379.5090240631122
0.0
1148.4095991729814
1078.9445552104596
1029.2320714247032
996.8608612315768
983.1052832790903
988.6774792568581
1008.8923067313742
1048.409920783906
1128.0073657100795
1216.4628533408707
1294.7609524498423
1363.201511813004
1418.898483780825
1458.0537802877752
1486.7518389935178
1512.8512055157148
1533.2659322428794
1539.4628141316632
1514.925161929389
1468.3860808701704
1436.1273141739755
1392.5367493736924
1304.1062498730919
1199.6713029847556
0.0
62.80589491556077
60.307152326305946
58.54553880407317
57.22120523650447
56.68397558229725
56.68397558229725
57.15873666828375
58.35813310627531
61.169218522905155
63.86786051353437
66.26665340095795
68.47804059058367
70.8893271815838
73.3380949176349
75.54948210726064
77.47351389725726
79.13517771765879
79.98475019466483
79.17265885584551
77.0737150876442
75.23713928446183
73.68791887862045
69.8023741535762
65.36710606617203
0.0
1233.004529488169
1154.169200750159
1096.3358036219715
1057.7552180927507
1038.702305815075
1039.31449775252
1061.2284702817242
1097.2478446557577
1174.8587892214262
1261.1903458713505
1339.788293435998
1411.4272437245297
1476.8193367333722
1537.5013010318733
1595.4096605371103
1647.9582169704663
1695.9465683492956
1725.256818786555
1718.0354531678852
1671.2589920335884
1629.5050033430923
1571.4717063902333
1462.5515169617054
1336.652372035271
0.0
202.78545458398747
194.73950350420114
189.0673577971449
184.7820143036733
183.04538815198407
183.03289447586465
184.56962112321523
188.45516585969995
197.5256014473232
206.22122565307924
213.9548339604048
221.1012377740481
228.92230206589977
236.8308223193968
243.9647324340397
250.16161409401465
255.52141689132455
258.28252748220774
255.6588477176139
248.8747616097184
242.9277542500834
237.93026911275942
225.38658133616246
211.09377373175695
0.0
41.154290401713446
38.78048494432385
37.0438588475489
35.83196868767605
35.10733334711146
35.00738364070403
35.082345917077454
35.39468873987628
37.99338102409807
41.24174638852768
44.590061459364726
47.6885022641832
50.36215683621888
52.611025159455146
54.322663833060375
55.4346042842377
55.98432765346191
55.696972253832804
54.19772670805942
51.973845803416694
50.961855058646805
49.787446039248785
47.15127260997599
43.91540096056338
0.0
328.0224330515466
309.04448312803976
295.3013989203155
285.6187713952474
279.84667598178373
279.03458460864306
279.64677654608795
282.05806317598564
302.79762667206336
328.68459985363563
355.4211455053498
380.04625376079315
401.4229965694355
419.313993444342
432.95712801430165
441.82766416622906
446.21295743475076
443.876633090379
431.93264350646473
414.2665334423738
406.18310117406264
396.82531016621755
375.8358724384426
349.99887412151446
0.0
314.7666036310973
294.6392321182264
279.8841571474276
270.0266176304262
265.1665632965107
265.3164878218004
270.9136712204499
280.1090439582431
299.92407263001047
321.96298228650386
342.0278852586111
360.3186810049092
377.0102814486883
392.502485507102
407.2825478987826
420.70079558928376
432.9446342695393
440.42836834516777
438.591792532833
426.6478029489188
415.9906658493008
401.17312226909553
373.36211731354325
341.22828763023267
0.0
244.87677346782593
235.15666482287583
228.29761642945456
223.12521927731638
221.03876923328446
221.01378174376003
222.88783872173863
227.56048741048244
238.51747360644183
249.02468620365093
258.369983443853
266.9906453640832
276.4358923335736
285.9935827771145
294.5892572535822
302.07299128344874
308.5572283407648
311.8930496348063
308.7321402869362
300.5237709370978
293.352379702573
287.3179163126499
272.1630425848642
254.9092249538796
0.0
93.71534070796488
89.81730227476791
87.25609112873283
85.69437700329827
85.01971650907312
85.74435185650198
86.71886146994943
88.9927172209316
94.45246977498694
99.48743608481902
103.56038650308496
107.09610726027938
109.74477440228108
112.6433157874204
114.85470298162234
116.49137941088743
117.86568779733847
118.37793007413782
116.99112788343415
114.01762423336186
111.99364273695781
109.39495044129556
103.422955663067
96.58889468823922
0.0
24.06289110942363
22.51367070358225
21.38923654196412
20.63961376678934
20.26480237576981
20.27729609078681
20.70208232814577
21.41422397199812
22.925963232788494
24.612614483224025
26.136847459031397
27.536143305261625
28.81050201962662
29.997404754041646
31.134332630676777
32.158817090463664
33.09584555886012
33.65806264310133
33.52063180308337
32.60859075328044
31.79649941446113
30.659571537826007
28.53564033501452
26.07437889081068
0.0
285.0690479985661
267.81523048198613
255.48393577144256
247.45047836777562
244.02720104344607
245.41400311974508
250.42398202471216
260.24404037606973
279.99660055283533
301.96054787804104
321.38827146894084
338.379721123466
352.1977675709542
361.9303699606665
369.0517863305472
375.52352959733906
380.59597708883166
382.13270380482504
376.0357718741384
364.4915811616158
356.48311113306863
345.66355569475587
323.71210206855056
297.78764772133434
0.0
58.283170834478064
54.9098683404713
52.47359431943719
50.749461930814945
49.72497747560425
49.57505291599311
49.687496337417535
50.11228257020032
53.79792789387017
58.3956142513263
63.1557188765463
67.52851840717021
71.32660713395977
74.50001022201594
76.92379052803305
78.51049207206115
79.28510227726994
78.87280974806369
76.74887854982839
73.61295660224701
72.17617961783007
70.50202208241156
66.77889562513117
62.19370297811585
0.0
201.88590729496343
192.9529025336296
186.34372839478644
181.52115518075286
179.17233716026158
179.35974285119514
180.22180902033728
184.50715258245165
197.4631329065596
211.85589024025347
225.19917564522893
236.94326572480455
245.88876423090053
252.38549491857415
256.321014519703
258.6823262849565
260.05663468513615
259.2195559368757
254.20957710055134
246.6883618592791
242.7153611382682
236.3810486977657
225.12421329106036
211.73095309008352
0.0
105.3220000298939
98.95020643061183
94.39000120676623
91.42899124196572
90.16712623575343
90.66687475635011
92.5284379849903
96.15161473357519
103.44794308623672
111.56885649731075
118.74024771124277
125.0245852871011
130.13451389847566
133.72020949285718
136.35638293357042
138.74268207394368
140.61673905192228
141.19144982372336
138.93008783352008
134.6697316922873
131.70872173435106
127.71073359245854
119.60231394902767
110.01963608689319
0.0
48.575555886240224
46.63903038122659
45.2897093813358
44.25273121339619
43.84043868418994
43.84043868418994
44.21525006834519
45.139784828588944
47.31369088002795
49.40014093778843
51.24921045141163
52.960849120440685
54.83490606867405
56.721456720483964
58.433095389513014
59.919847231709866
61.20669965651568
61.86886644030002
61.23168708654967
59.60750440433487
58.183221128070635
56.98382469007907
53.98533358022757
50.56205623759328
0.0
293.0525306062316
275.3239519327343
262.6428332612052
254.3844890467227
250.86126194734294
252.28554525792853
257.44544873394733
267.5278750160023
287.8426522655687
310.41879152821934
330.39623851580046
347.8624492128384
362.06780078695584
372.06277115312764
379.38408691294217
386.0432359164295
391.2531142570924
392.83981576908724
386.5804655683487
374.6989445938408
366.46558775447807
355.34618321982396
332.7825376561738
306.1334479661048
0.0
52.64850629764186
49.287697523228296
46.81394236400746
45.16477225175864
44.35268090836315
44.37766833839715
45.314696806793606
46.851423502194166
50.16225742340402
53.847902740209605
57.208711521487466
60.26967118811922
63.05576917471505
65.65446145893684
68.12821662273387
70.36459124239359
72.41356015739117
73.66293145545073
73.36308234080464
71.36408827901076
69.57748732216781
67.10373216294697
62.44357724413441
57.071280676893316
0.0
9.944995494663232
9.43275326454098
9.032954451038158
8.883029895774392
8.708117914595196
8.920511033732298
9.045448163538254
9.445246977498693
10.069932623782758
10.832049112830497
11.306810202706746
11.856533576507143
12.343788377510633
12.718599768530167
12.843536898107311
13.130892290872133
13.230841992703374
13.293310560924088
13.068423729515699
12.643637485292453
12.46872550708778
11.894014714693855
11.34429134157989
10.519706289345246
0.0
183.29526245232404
171.57615967922538
162.98048524851956
157.24587095493789
154.40979812429066
154.49725410881683
157.75811323173724
163.11791602904708
174.64961311121218
187.48065628515013
199.16227789260495
209.81941499222296
219.53952368293488
228.55998436015207
237.16815265002472
244.9767231971143
252.1106333117572
256.4709390907546
255.39647974115454
248.4374816870877
242.24060002711266
233.60744443076302
217.41559247325915
198.70001052621166
0.0
95.40199195840039
89.87977083612434
85.88178270109613
83.07069729590677
81.38404604547124
81.14666549904585
81.33407119226753
82.03371912110286
88.06818246755215
95.58939765162206
103.3729808098633
110.53187831793069
116.74125362427986
121.95113192375709
125.91163894576762
128.4978375218367
129.7721962613707
129.0850420384
125.61178984942626
120.47687386293195
118.12805577379785
115.40442635084655
109.30749444990512
101.7862792658352
0.0
848.1731835874626
793.9504694974194
754.1704874684282
727.6213475076476
714.5154426582499
714.9402288361185
730.0076466480211
754.7826794058731
808.1808085152993
867.5634260813615
921.623721969996
970.9114194634786
1015.9012797644899
1057.6302809425806
1097.4727314665734
1133.6170431738244
1166.6379264471586
1186.790284694483
1181.8302813177074
1149.646476540943
1120.923430780414
1081.0060178336098
1006.0812213444896
919.4748033165574
0.0
26.161834882201116
25.124856707397228
24.387727647239444
23.838004278015237
23.613117446606857
23.613117446606857
23.813016847981242
24.31276536857792
25.48717438339977
26.611608545017894
27.611105581635066
28.523146626861802
29.535137371631688
30.559621838282855
31.47166287664532
32.27126050731191
32.97090842928298
33.32073239026851
32.98340214429997
32.10884223725995
31.34672574706817
30.69705267143653
29.085363708814914
27.236294190615535
0.0
178.24780242747497
167.9279955440803
160.45675521321405
155.19690207654978
152.06098010379938
151.62370018116863
151.96103044315382
153.272870233927
164.54219933963267
178.6101201332227
193.1403081788013
206.5210747494206
218.12773411711152
227.8478427620616
235.2691082282836
240.09168144231714
242.46548690657102
241.20362191179925
234.70689115548288
225.11171966070276
220.71393264741872
215.62899152556858
204.2222316393353
190.1917920113892
0.0
844.6624503014879
831.8189134285496
822.1987544442452
815.0898317504839
811.2292745035236
809.4051923215465
809.4301798110706
809.4176860663086
820.9493831484737
837.3536281720309
851.4965112053849
867.9132500423469
881.6313468291896
895.2494939553866
906.6687475635011
914.8271421173382
921.8486087808113
922.5857377997834
916.4513247492148
905.1570082912704
893.2380061282377
886.8537188459719
872.3735055963947
853.757873264231
0.0
228.14769185840288
214.95433097871722
205.3966406038191
198.66252936056782
194.65204751967497
194.08983044687423
194.5146166247428
196.18877423566835
210.6190126206014
228.62245296955848
247.21309781219784
264.34197824725055
279.209496669219
291.65323467076576
301.1484565049003
307.32035072111273
310.3688166635751
308.7446339859365
300.4238211620476
288.14250136191004
282.5203305881408
276.011106155705
261.4184493863154
243.43999648112091
0.0
292.57776944931425
273.87468124702895
260.15658446018637
250.99869284227515
246.4759687245829
246.61339961951515
251.82327789153524
260.3689775262397
278.7847104227077
299.2619058965642
317.9150192799671
334.9189625648499
350.4361540441453
364.8289113778391
378.5719955855633
391.04072107663444
402.4349872638673
409.38149168757667
407.66985302541195
396.5754359345204
386.66792159863667
372.88735615662586
347.05035783969765
317.17789026099507
0.0
500.66055840425264
493.05188717845425
487.35475411915917
483.1318790978084
480.8455296180806
479.7710703828852
479.7835640590046
479.7710703828852
486.6176250315444
496.33773367649434
504.7085213421465
514.4411237318589
522.5745308648142
530.6454693883632
537.4170617972582
542.2521286874112
546.4125350993555
546.8498150906291
543.2141445858416
536.5300082072345
529.4585666791171
525.6729716490397
517.0897909173343
506.0578423672064
0.0
95.26456111380625
90.45448163538254
86.51896206171077
85.09467878773462
83.4330149719093
85.49447760192389
86.64389918671174
90.57941876495968
96.51393240500154
103.79776704264607
108.43293454972935
113.6553065619355
118.31546146473144
121.95113192375709
123.1630220996466
125.8116892393602
126.83617372431611
127.4358719169988
125.2869532635605
121.20150920578463
119.45238930933324
114.03011795066696
108.69530251932449
100.77428852106532
0.0
382.79487053827137
359.6440205267007
343.0648634425674
332.28278912413657
327.69759653432357
329.5466660227778
336.29327101079133
349.46164446959534
375.9982907542565
405.4834532063297
431.57032586935986
454.38384561894526
472.94950304070306
486.0054330940994
495.57561721375976
504.2712414195158
511.0803149482929
513.1417775714432
504.95839564248644
489.45369790795326
478.6966110332851
464.1664229190636
434.69375409734795
399.88626985344206
0.0
133.92010892855293
125.3619155490863
119.07757792746608
114.87969042309679
112.81822780681077
112.88069632926961
115.26699554286188
119.17752770251631
127.61078386317018
136.98106861577756
145.51427455148163
153.29785772345144
160.40678034856987
166.99096702076957
173.28779834139013
178.984931469328
184.20730348611036
187.3807065787427
186.6060963712458
181.52115518075286
176.98593738694126
170.67661239020129
158.84506621169484
145.17694428949645
0.0
547.2995887580222
523.1117605167333
505.15829503242037
492.1148587237863
485.74306511764
486.2428136496771
488.57913792540626
500.2107846682169
535.3306117532263
574.3234898299582
610.5052824740436
642.3517567600131
666.6020535649466
684.205695088274
694.9003133077739
701.2846006586825
704.995233380353
702.7463650205071
689.1656991285969
668.7634658945043
658.0063790655979
640.8400174649014
610.2928893622283
573.9986533127352
0.0
518.0518067471219
496.48765824754594
482.34477521419205
473.73660699296215
470.00098682752906
473.97398754854
479.40875267713744
491.977427874616
522.1497446183027
549.998230739499
572.4744203415039
592.0145873378117
606.6947000230847
622.6866526135356
634.9179975490289
643.9634456928895
651.572116918688
654.4331771702168
646.7245562837728
630.3078175154534
619.1009570191541
604.7831619252241
571.7247975091269
533.9687970520471
0.0
1613.725443727171
1589.2002849722066
1570.822033401549
1557.2163798370666
1549.8575830946559
1546.37183716092
1546.4093184180877
1546.3968242843496
1568.435734169652
1599.7699663161077
1626.7813732543057
1658.1530871155478
1684.3524028178908
1710.3768072833711
1732.203323072978
1747.7829831845615
1761.1887372447047
1762.600526993576
1750.8814244721675
1729.317275423449
1706.528743140507
1694.3223856487757
1666.6737991692046
1631.116692367492
0.0
317.45275186781197
298.24991513348954
284.5068309257653
275.5613324196693
271.7507499687104
273.29997042946604
278.88466008335325
289.80416522807343
311.8055937189229
336.25578984514743
357.9073943750114
376.82287575775473
392.2151300868801
403.0471792013123
410.96819319957143
418.1895592987405
423.8367175620342
425.5483562241989
418.76427011630346
405.8957457538408
396.97523469150724
384.93129544694744
360.48109927496114
331.6206223906903
0.0
601.2724286163684
562.8292739363178
534.6309637854933
515.8154321778002
506.52010973359967
506.819958829941
517.5020834190835
535.068243776767
572.9117002641348
615.0155128469736
653.3462241216163
688.2786454699302
720.1750945976632
749.7602068247866
777.9959980268503
803.6206032777253
827.021327589636
841.3141351940415
837.7909081633045
814.9773882993143
794.6251299756277
766.3268702328004
713.203602798834
651.8219911503851
0.0
454.88359415098245
434.7812100818741
419.86371684102323
409.0191740504717
403.7343334242831
404.14662592603213
406.0831515134172
415.7532852937231
444.93859864945495
477.3472900082253
507.4196570683856
533.8938347665212
554.058687445036
568.6888253114267
577.5718552081163
582.8816832094248
585.9676302717692
584.0935733395524
572.8117505577274
555.8452883927265
546.9122836313927
532.6444635165116
507.2572387525717
477.08492207752784
0.0
536.6924264544054
504.22126655487165
480.9954541891323
465.86556783646625
459.43130568955627
462.04249170938783
471.4877386788783
489.95344637134764
527.1472298242695
568.488925875731
605.0830110215654
637.0669161338244
663.0913202560909
681.3946096327463
694.8003636471284
707.0067212075018
716.5394241615185
719.4379655786911
707.9687370372894
686.2171828467799
671.1497650348776
650.7725192903094
609.4433168692058
560.6428741629975
0.0
556.6948608857492
521.1002726895844
494.98841265143454
477.5721768648027
468.9640086435727
469.25136404091376
479.146384700678
495.4007052675883
530.4455699984292
569.4259543532797
604.9080990753941
637.2543218247581
666.7769655111179
694.1756779649212
720.325019122953
744.0505800207294
765.7146782953555
778.9455202262805
775.6846611720028
754.5702862940581
735.7172734520782
709.5054637532829
660.3302096652076
603.4963095095707
0.0
83.65790180331769
78.82283489485998
75.31210156083526
72.85084011663142
71.3765819825873
71.1641888661959
71.32660713395977
71.93879907140469
77.22363963581488
83.83281378152236
90.65438104133311
96.92622493420778
102.38597748826311
106.9461827121087
110.41943490108243
112.69329067723362
113.80523108722527
113.20553288081398
110.15706692691113
105.65933027586243
103.59786764127166
101.21156847344128
95.85176562121717
89.26757890554371
0.0
13.955477344708441
13.405753975484235
13.005955161294985
12.718599768530167
12.593662632088739
12.593662632088739
12.706106053513167
12.968474023108268
13.593159668705908
14.192857891133826
14.71759383490022
15.217342350920715
15.75457200512792
16.291801663911315
16.791550179931807
17.216336424155056
17.578654100157586
17.778553501531977
17.591147808310307
17.128880432764625
16.716587903558374
16.379257650725556
15.504697750549818
14.530188137102364
0.0
978.0078484124779
934.792095360157
902.7207342862528
879.3949721912252
868.0256934935168
868.9252407825406
873.0856471944852
893.8626918104449
956.6311055351925
1026.3085426324108
1090.9635070798995
1147.8723694753003
1191.2255529878157
1222.672228905774
1241.7751157506416
1253.1818754538276
1259.828531055767
1255.8055552184214
1231.5427648060115
1195.0861108067993
1175.8582865143098
1145.1737275167045
1090.6011893741518
1025.7463254909674
0.0
1374.858145725006
1314.1012205138352
1269.0239034503459
1236.2279075369695
1220.2484484167096
1221.4978199184095
1227.3573709503044
1256.5676722074177
1344.7982728901075
1442.761475870986
1533.640743441699
1613.6379875367163
1674.5823192625348
1718.7975690128349
1745.6465583902898
1761.7009800248845
1771.0337833143963
1765.3741313292212
1731.2662948471198
1680.0045911726313
1652.980689414267
1609.8648865946157
1533.1285018055657
1441.961878082441
0.0
923.4478040375683
882.6308438932638
852.3585774431697
830.3321615772004
819.6000621234137
820.4371408716742
824.3726604728031
843.9877897546367
903.2454702391715
969.0498562760242
1030.0941375938453
1083.8171032204943
1124.7590006522544
1154.4565559644525
1172.4849843520765
1183.2670579611981
1189.538901906699
1185.7408131547404
1162.827343904676
1128.4071646958757
1110.2537999360336
1081.2808795548315
1029.7443136328598
968.5126265783432
0.0
324.0994071951799
311.23088290136
302.16044731373677
295.313892596435
292.54028832943226
292.5153009085506
294.98905607921193
301.1734439944247
315.6786446648836
329.58414714265973
341.95292297308526
353.35968290508043
365.86588956179537
378.50952704479977
389.89129948727043
399.79881382315403
408.369500947383
412.77978159102463
408.5943878039604
397.7373512000038
388.25462311063154
380.2586468268465
360.2187312985018
337.36773031462957
0.0
174.06240859464887
163.99247594295136
156.69614762689935
151.56123157176222
148.50027195318043
148.07548570666907
148.40032222389206
149.67468096342606
160.68164202402963
174.4122325556344
188.6050903849897
201.67351418314826
213.01780550573696
222.5005335951093
229.74688711515995
234.45701692378574
236.7808475233954
235.54396990374335
229.1971637871214
219.82687903451404
215.54153554104238
210.56903775595723
199.43713954518375
185.73153645734152
0.0
249.3245352999923
234.90679059117863
224.4495528128518
217.09075593315524
212.70546266463336
212.09327072718847
212.5555381393436
214.3921139516784
230.15917961690906
249.8242838320295
270.15155471195334
288.86713670476274
305.1089635269108
318.71461690834565
329.08439861062266
335.8310035986361
339.16682500708237
337.38022405939176
328.30978847176857
314.87904703650514
308.7321402869362
301.62321766181765
285.6687461912488
266.0286294656528
0.0
337.180324623696
317.6776387930322
303.54724939003574
293.60225393427015
287.66774031939735
286.83066152537504
287.4678408837015
289.941596008601
311.268364021242
337.86747884666664
365.353647284996
390.6659096947673
412.6298570657348
431.02060247267843
445.05104210062456
454.17145255289194
458.68168292582186
456.28289004068654
444.001570240549
425.8357115757781
417.52739249665143
407.9072335809897
386.3305913366514
359.7814513072281
0.0
45.089809975385215
43.30320902998274
42.04134402377046
41.079328125340005
40.70451673432048
40.69202302616777
41.041846987153285
41.903913179176314
43.91540096056338
45.85192646557699
47.576058849623045
49.162760386786864
50.899386490426096
52.661000012658846
54.24770155668695
55.62200997745938
56.821406415450944
57.43359835289586
56.84639384548493
55.33465457783027
54.01032101026156
52.89838056366043
50.11228257020032
46.93887948900842
0.0
17.291298700528483
16.579157063540414
16.104395966113454
15.817040573348633
15.692103448347675
15.829534288365632
16.00444627114649
16.429232503929274
17.428729540546442
18.365758008942898
19.115380790981963
19.765053859749315
20.25230866075281
20.789538319536202
21.201830844166267
21.501679958812364
21.751554217966657
21.851503919797896
21.589135950202795
21.03941258097859
20.664601189959054
20.189840099396374
19.090393360947967
17.828528354735692
0.0
446.6502373116198
419.6388299844459
400.2985623551913
387.71739341295046
382.3575906156407
384.5314966441988
392.3900421016943
407.757309009938
438.7167296143602
473.1244150555172
503.57159345178286
530.195695766732
551.847300250834
567.0896300546697
578.246515640563
588.3914105777864
596.337412019808
598.748698581063
589.203501950927
571.1001118955625
558.5564241189657
541.602455698727
507.20726395657044
466.59020317931896
0.0
56.19672076985329
53.96034615705785
52.386138328046755
51.19923559820791
50.72447450764524
50.71198079262824
51.149260745004206
52.22372006485909
54.73495636226662
57.14624295326675
59.282667871095235
61.26916822473638
63.43058056115839
65.62947404034331
67.60348067896747
69.31511935257271
70.80187119019337
71.56398768038515
70.83935232838009
68.96529539158716
67.31612527933838
65.92932314812514
62.456070952287135
58.49556395086946
0.0
145.2644002511417
136.4813200837404
130.18448876311984
126.0990446367012
124.34992480889261
125.06206645274496
127.61078386317018
132.62076276813733
142.6782016750726
153.8725684952525
163.780082876898
172.43822591701024
179.48468000136512
184.43219034268776
188.0678608017134
191.36620097587297
193.952399551942
194.7270098052008
191.62856895233236
185.74403020210372
181.6585860756851
176.14885863868082
164.9544918871437
151.7486372626958
0.0
137.6307417188663
128.8226740619406
122.3759182160303
118.06558723303426
115.94165604166324
116.00412460301968
118.45289235966362
122.47586787667589
131.13401096254995
140.76666357721206
149.5497438132561
157.5457200512792
164.84204843597408
171.61364084486922
178.07289043554172
183.9449355554128
189.30473835272264
192.57809115176246
191.76599984726457
186.54362783048222
181.88347288650058
175.4117296197087
163.24285317921706
149.19991985227057
0.0
77.42353904405357
72.95078981617458
69.70242445174496
67.4160749857458
66.0542602731261
65.8668545867687
66.00428542678667
66.57899622375676
71.47653168899473
77.58595731181742
83.89528234287879
89.70485885791966
94.75231888276878
98.97519386064583
102.19857179504145
104.28502185509001
105.3220000298939
104.77227665609351
101.94869753588715
97.78829112623079
95.87675304438689
93.66536585476115
88.70536182816677
82.6084299134968
0.0
545.4255317800435
517.8644010561884
495.36322410194447
487.17984210434497
477.72210139009246
489.49117902783524
496.05037825627244
518.6140238885655
552.62191043545
594.2509619071334
620.7876081917943
650.7225443799034
677.4091152356161
698.2611221371017
705.1451579056428
720.2875380030708
726.2220516865864
729.6578226870355
717.3140343461343
693.9008162894613
683.9308333670522
652.8464755895792
622.3493223286695
577.0096381353156
0.0
615.8900727608778
578.6338207671923
551.972237401004
534.6184701551357
527.2346857401529
530.2331768866139
541.0652260010461
562.2670567948744
604.9580739400383
652.3967019221863
694.375577400617
731.0821059976212
760.9545735763238
781.9565050717416
797.3487594008673
811.3417179089314
822.2987041048907
825.6220317685745
812.4536583097707
787.491219860985
770.1999211787611
746.8241842877321
699.3980499817035
643.3887348753266
0.0
1088.927031831869
1019.3120633440573
968.2377649028834
934.1549160018307
917.3258846631193
917.8756080598005
937.2283693651746
969.0248687864998
1037.5778716694738
1113.814507995129
1183.229576704031
1246.4977390523395
1304.2561744441437
1357.8417087411228
1408.9784756544173
1455.3926192660142
1497.771293364146
1523.658266934694
1517.2739796753096
1475.969764697968
1439.1008180139595
1387.8391131954243
1291.650018172545
1180.4684665021232
0.0
1262.3397670488578
1206.5553388905819
1165.1636680660004
1135.0538198401962
1120.3737071549233
1121.5356225348114
1126.9079189853596
1153.7319208961712
1234.7286618264536
1324.670901171308
1408.1164094852752
1481.5794419786657
1537.5262888417308
1578.1308552106732
1602.7809507268312
1617.5110383453916
1626.0817257899532
1620.8843409652432
1589.5750961710262
1542.5112800283641
1517.698766265035
1478.1061894922395
1407.6541427824288
1323.9462654394795
0.0
98.3630019232009
92.67836253316098
88.55543726855562
85.64440216153501
83.92026977291279
83.6828892264874
83.85780120469207
84.58243655669715
90.80430559636808
98.56290133143959
106.58386503610618
113.96764938931054
120.37692408788172
125.73672699959624
129.8346648021343
132.49582561796734
133.80766552314518
133.10801755541223
129.52232196103074
124.22498765872261
121.80120739846737
119.00261568770215
112.70578435564111
104.95968235389137
0.0
1417.6616064128634
1355.0056360248802
1308.5165303565673
1274.7085432453785
1258.2293361651048
1259.5286819136634
1265.550651650348
1295.6854869995814
1386.6522107607498
1487.6638805535656
1581.379220382903
1663.86271403401
1726.7060897925933
1772.2956478057872
1799.9817162289548
1816.5358858235636
1826.1560448078685
1820.3214804417844
1785.1516789726304
1732.3032733971709
1704.429799603403
1659.9646749578585
1580.8544846130314
1486.8392951839726
0.0
2.023981495260009
1.8990443654540539
1.8115883754364794
1.7491198108767156
1.7241323847324772
1.736626097232573
1.774107236334526
1.8490695138520046
1.9865003566156745
2.1364249118794403
2.2738557534990638
2.39879288307621
2.4987425862803083
2.5612111508400726
2.61118600289974
2.6611608545017895
2.6986419936037422
2.711135706561457
2.6611608545017895
2.58619857744193
2.5237300128821656
2.4487677346782593
2.2988431801009215
2.111437485735202
0.0
110.99414568661209
103.8977167490535
98.68783846101674
95.21458626060253
93.50294759157349
93.55292244477718
95.52692908340134
98.77529444783096
105.75927997769368
113.53036942549407
120.60181089869728
127.06106053513165
132.9455993540031
138.40535185772038
143.61523019838327
148.3503473592479
152.6731720412443
155.30934548195754
154.65967242463066
150.44929110228017
146.6886835617273
141.46631154494497
131.65874686970685
120.32694929188035
0.0
1896.1083435576654
1812.3255041579994
1750.1442950642192
1704.9170541161066
1682.878144688423
1684.6147707028263
1692.6732153672083
1732.977933738094
1854.6542040092725
1989.7487213302857
2115.085649916109
2225.4176284070804
2309.4753291389916
2370.4446479882395
2407.4760133770374
2429.602379452795
2442.483397285448
2434.674826829883
2387.63599781065
2316.946569652905
2279.6778241890293
2220.207750592678
2114.386001994138
1988.6492750860655
0.0
384.28162238962057
367.2901728037383
354.69651018537803
345.5261248684665
341.06586936018067
341.41569332116615
343.05236969780515
351.2107642516421
375.8733536040865
403.2595723817703
428.6592907074249
451.0230369040222
468.0519676097866
480.4082496954499
487.91697119195993
492.4022141211273
495.01340014095905
493.4266985603214
483.8939956063049
469.5637068362555
462.01750426562535
449.9610712991843
428.5093661821352
403.03468545655
0.0
422.02512912481916
395.05120296328914
375.2486679218793
362.04281341183605
355.52109523463815
355.73348830069153
363.22971612108216
375.56101076298296
402.12264442276387
431.6702755300053
458.58173319653355
483.0943979779264
505.4831315496433
526.2476824208409
546.0752048831323
564.0536578112077
580.4828903242893
590.5153417417002
588.0415866168008
572.0371403502304
557.7443327458249
537.8793291636515
500.59808979484626
457.5072739155764
0.0
119.72725103055484
114.44241046614464
110.51938460291368
107.65832434452061
106.27152221330736
106.37147190827432
106.88371414388799
109.43243157948226
117.11606503360414
125.64927096930825
133.5577912228052
140.52928309027706
145.8391110687046
149.6871746395455
152.0234989839174
153.42279480497862
154.23488613235745
153.73513764608217
150.77412768814594
146.30137843509792
143.95256041460664
140.19195280541095
133.52031010292322
125.57430868378243
0.0
81.55895802367591
76.62394142025124
73.08822065619252
70.78937747517637
69.8148678685932
70.21466668278245
71.65144367177558
74.45003536881224
80.10968732424196
86.3940249321336
91.9537271857321
96.81378151964763
100.76179480604831
103.54789278806797
105.584367999489
107.43343751311221
108.88270821254615
109.33248187993912
107.58336206585905
104.28502185509001
101.98617867407387
98.8877378692554
92.61589397638073
85.19462849414207
0.0
117.75324439193068
113.06810202706748
109.78225554733208
107.28351295807724
106.28401592146007
106.27152221330736
107.17106954351712
109.41993787132957
114.69228473216322
119.73974477531704
124.23748140348482
128.38539407066705
132.92061186447864
137.51829826769665
141.65371723587856
145.25190657502225
148.36284105824825
149.97453005976746
148.45029708853625
144.50228374264515
141.05401904319584
138.1554776260232
130.8716429860906
122.56332386120201
0.0
132.30841992703373
126.46136234244896
122.12604391569035
118.97762826682052
117.42840787470773
117.5533449562349
118.11556209767843
120.92664748456303
129.42237225462333
138.84263184899393
147.58823085075136
155.29685173719534
161.156403180947
165.416759253537
168.0029578296061
169.5396845455995
170.43923183462354
169.90200218270445
166.61615563890243
161.68113908810392
159.08244676727261
154.93453410009036
147.5507497308694
138.7676695634681
0.0
755.8321513345917
722.423962911747
697.6489301996567
679.6205024298181
670.8249285176547
671.5245764167447
674.735460675021
690.8023755052358
739.3029690922216
793.1508718690408
843.1132298407324
887.1035930776691
920.5992374850399
944.9120028764987
959.6670778472976
968.4876391345808
973.622555189718
970.5116206378492
951.7585575251578
923.5852348638577
908.7302101866514
885.0171430336372
842.8383681652726
792.713591877767
0.0
376.34811471524205
353.58456976165786
337.29276802910374
326.685605771249
322.17537542119993
324.0119511648919
330.6336190713782
343.57710565072387
369.66397826799204
398.6618859785523
424.31147860454695
446.7376933419077
464.99100792256195
477.83454479550016
487.22981696898916
495.7880102798131
502.472146727063
504.50862197509355
496.46267082666435
481.2078473238282
470.63816618585554
456.3578523262123
427.37243829177146
393.1521586101907
0.0
433.3194456514065
411.4304605659648
393.55195736717775
387.04273293474205
379.5340114839938
388.8793087470767
394.101680763859
412.01766512828993
439.0290724554638
472.1124242924426
493.2018117495058
516.9773475119265
538.1791783057547
554.7333479232445
560.2055942403667
572.2495334849266
576.9596632706714
579.6832926959108
569.8882217654349
551.2725894790331
543.3640691568932
518.6639986845669
494.438689323396
458.4068212503622
0.0
282.445368302615
265.35396898744426
253.13511775095122
245.1766225641673
241.79082635971977
243.15264112954176
248.1251388459841
257.8452474909342
277.42289572152845
299.174449912038
318.43975525576684
335.2687865715973
348.96189593755815
358.59454859798217
365.65349642709924
372.07526489788984
377.09773747897634
378.62197045020747
372.5875070602845
361.1307723322881
353.19726463502843
342.4776589260041
320.73859841161396
295.0515246199755
0.0
836.6539803187028
799.6850836765964
772.248890102911
752.2964306048543
742.5638281693801
743.3384384226389
746.8991465732578
764.6777000656374
818.3631845037617
877.9706889492824
933.2803560879263
981.9683554344884
1019.0496953675979
1045.961153034126
1062.2904358865621
1072.0605193275137
1077.745158710689
1074.29689401124
1053.5448367704
1022.3480355875193
1005.9063093983184
979.6695122099984
932.9680132925844
877.4834341620075
0.0
563.3040349788305
529.2211861235393
504.84595223707873
488.9664430520355
482.2198380640221
484.95596123402373
494.86347561566924
514.2537180409253
553.2965709823013
596.6872359807935
635.0804157962
668.6510224890966
695.9747726573739
715.1776093916963
729.2580239300487
742.064079683105
752.0715436796341
755.1200096220964
743.0760703775367
720.250056883189
704.4205225627901
683.0437797541477
639.6656084546557
588.4413854424305
0.0
395.02621554240756
371.12574269845965
354.0343433832889
342.9024451725154
338.16732794300805
340.0788660408686
347.0378640949354
360.6310238460127
388.00474887893427
418.43943353043767
445.3633848959663
468.9015401028092
488.0668957172497
501.5351183181569
511.40515153415873
520.3881310914938
527.4095977549671
529.5335289646429
521.1002726895844
505.08333279265645
493.9889157017649
478.99646017538834
448.58676289900467
412.6548444408546
0.0
149.83709916483522
141.16646244860362
134.88212482698341
130.471844114699
127.83567074262852
127.46085933788045
127.74821475810239
128.84766148282222
138.31789589607513
150.1369483298194
162.35579956631244
173.6001411824937
183.37022473784984
191.5411129678062
197.77547574766317
201.8234387541998
203.82243276794375
202.76046716310586
197.30071463650762
189.22977606719687
185.5441307664079
181.2587872042935
171.67610945427558
159.88204439565112
0.0
1283.7290037166672
1206.0680843778782
1150.496049308537
1114.326750363452
1098.9344958283982
1105.168858654017
1127.7574916843107
1171.9477544484673
1260.9154838526767
1359.8032218409135
1447.3091867917744
1523.8206856394838
1586.0768565611709
1629.8548267320546
1661.926188057649
1691.099007599976
1713.9250211400854
1720.8590317503897
1693.4228382224667
1641.3990180166004
1605.329668663518
1556.6166815528602
1457.7664252794102
1341.0251712615784
0.0
463.1419384341078
442.6772366592516
427.4848816971793
416.44043951669374
411.0556491840976
411.48043547637076
413.45444206923315
423.28699416535284
453.00953728740853
486.0054330940994
516.627523505179
543.5764622915893
564.1036326072091
578.9961384729401
588.0415866168008
593.4513642787548
596.5997799962673
594.6882418984068
583.1940259818856
565.9277147205435
556.8322917120386
542.3021035520553
516.4526114903649
485.74306511764
0.0
1084.3543328724136
1036.4284500801098
1000.8713430724695
975.0093572660169
962.4032009486565
963.4026980127306
968.0128780463061
991.0637783972315
1060.641265765161
1137.902386301201
1209.5788181214718
1272.6720680888716
1320.7478749717272
1355.617828442825
1376.794671701367
1389.4508029062526
1396.809600106282
1392.349344003092
1365.450380378778
1325.0207252466982
1303.7064504067962
1269.6985642488876
1209.1790186551762
1137.2777006876365
0.0
81.70888258328706
76.77386596842192
73.22565150078668
70.92680831977052
69.95229871318735
70.3520975273766
71.78887451179354
74.59995992384718
80.25961188385311
86.55644319989749
92.12863917080108
96.98869350242849
100.9616942074227
103.74779220088281
105.7842674008634
107.64583062950362
109.09510133351372
109.5323812813135
107.79575518911474
104.47242754831169
102.18607808002444
99.08763727062977
92.79080595458541
85.35704675732973
0.0
674.4356115329176
631.3198082098853
599.6857271043737
578.5838459025482
568.1515956137457
568.488925875731
580.4828903242893
600.1729818916485
642.6391121115922
689.8528533515675
732.8437195244301
772.0364969910958
807.8059970647894
840.9892986768184
872.6733546927361
901.4088944268368
927.6581852455142
943.7001127006092
939.7396057243607
914.1524816391296
891.3264680303772
859.579943473696
799.9974265176998
731.1320808622653
0.0
766.3643513526824
720.0001826514917
686.8293747842249
665.2277451647669
656.0448661030932
659.7679925924069
673.2612025684339
699.6354305372812
752.7462042264854
811.7789978315622
864.0277053516241
909.692226085082
946.8610220942412
972.9978695075107
992.1382377468315
1009.5669672782255
1023.1851144044226
1027.3205333268427
1010.941275724167
979.8819053218137
958.3552379421197
929.2698742470334
870.2620680628382
800.5721373352627
0.0
115.72926290239093
109.88220524229905
105.10960690206204
103.3729808098633
101.36149302847622
103.86023561086678
105.2470377466562
110.03212980191017
117.25349585989355
126.08655089193898
131.72121547911325
138.0680215957352
143.72767360379106
148.15044799219493
149.6122123540197
152.8230966122959
154.08496160706773
154.80959694992038
152.19841093008878
147.2259132136464
145.11447568009007
138.51779526312814
132.04605199633625
122.4258930120317
0.0
91.86627119434166
87.80581449795704
84.79482967308851
82.59593619847979
81.53397060508237
81.62142659189662
82.00873169106886
83.9577509110995
89.85478341295462
96.40148899501757
102.47343347965354
107.82074261228445
111.89369304885513
114.84220925745295
116.64130393617718
117.71576327204872
118.34044890849398
117.95314382762648
115.67928805833958
112.2560107202815
110.44442233111641
107.57086835770633
102.43595234146683
96.35151414181384
0.0
816.3392030691363
769.125461874923
734.9051821475803
710.8297972888183
696.4620274446488
694.4505396861427
695.9747726573739
701.9842485577727
753.5957766508653
818.013360611419
884.5548756672439
945.8365376092854
999.0222735153725
1043.5498664499905
1077.5202718998737
1099.596662676249
1110.5036738931597
1104.681603866742
1074.9590607446864
1030.993684951512
1010.8788071147607
987.5780325321382
935.3418187568385
871.0491719464546
0.0
242.67788001838625
228.6474403904401
218.46506433333482
211.30616684357216
207.0458107252203
206.4461124638948
206.89588619993054
208.68248714762115
224.02476656634045
243.17762855042338
262.95517610230877
281.171009563081
296.98805009295586
310.2188920925235
320.326305864103
326.88550516118295
330.1213768403407
328.39724443341373
319.55169565660606
306.4957656718526
300.51127719233557
293.57726651338857
278.06007503409313
258.94469421565407
0.0
1501.5943703835808
1410.7525829259885
1345.7602882393955
1303.4440825218605
1285.4406426076412
1292.7369714270735
1319.1611737571845
1370.8476640213987
1474.9077990244873
1590.5745939215287
1692.9480773858822
1782.4280488838438
1855.2539022934789
1906.4656317211081
1943.971757946491
1978.1045815520217
2004.8036456719972
2012.912065269666
1980.8157168206421
1919.9588412852786
1877.780066691485
1820.7962419647965
1705.166928324923
1568.6106465505611
0.0
195.3142142531213
183.50765556413924
175.04941191396097
169.5396845455995
167.20336020122758
168.15288235489584
171.58865342398758
178.31027103688135
191.84096213279034
206.89588619993054
220.201690485024
231.8458309039541
241.316065317207
247.97521427493254
252.8602560754915
257.2955241628956
260.76877632898845
261.83074195670724
257.65784180000065
249.7368278475033
244.25208785426162
236.84331606415898
221.80088574178103
204.03482594840173
0.0
1083.2049112830493
1035.3414971001519
999.8218711437511
973.9848728268229
961.3912102542245
962.3782135277748
966.9883936071121
990.0143065371557
1059.5168315509168
1136.7029901904068
1208.3044588099144
1271.335241083145
1319.3485795854037
1354.1810511129058
1375.3329072480185
1387.9765447767843
1395.3353415191953
1390.8750861024332
1364.0011093727396
1323.6214291739468
1302.3321426015207
1268.349243109423
1207.9046600300467
1136.06581058039
0.0
938.7775898259302
881.981170835937
841.3516163139233
814.8899323834308
803.6455907214878
808.1933021914186
824.7224844337887
857.0312260632707
922.0984830125085
994.412093481797
1058.4048911500774
1114.3517376928098
1159.8788275999782
1191.8877203390473
1215.3509129629124
1236.6901742398159
1253.3692812820468
1258.4417286591345
1238.3768257785512
1200.3334703359872
1173.9592417951162
1138.3396666128076
1066.0385496823528
980.6690092740729
0.0
468.58919726170575
441.4903339500056
421.8502171786478
408.0196769863975
399.7738264480344
398.62440481290844
399.4989647268128
402.94722954066674
432.5698228876722
469.55121320589797
507.7444936084895
542.9142954895002
573.4489299160539
599.0110666261651
618.5012587120666
631.1823773835958
637.4417275156916
634.0934124768879
617.0270006054797
591.8021942259963
580.2580035134738
566.8772369428546
536.8923258901013
499.99839160216357
0.0
35.04486477889074
33.65806264310133
32.671059321501154
31.933930259055277
31.634081146697266
31.634081146697266
31.896449120868564
32.571109619669905
34.132823733664004
35.644563001318666
36.981390283904375
38.21826786008264
39.567588864549634
40.92940356572886
42.16628114877142
43.24074046176203
44.165275215141484
44.64003631256844
44.19026264517548
43.01585363035364
41.99136917056674
41.116809263526726
38.95539692252853
36.48164176330769
0.0
114.45490419031402
109.69479955594167
106.57137132108917
104.65983323924527
103.83524818769703
104.70980809244901
105.92169824545753
108.69530251932449
115.35445150679521
121.51385197824541
126.47385601856838
130.79668070056476
134.03255233396075
137.5682731094599
140.26691504517487
142.27840291808567
143.95256041460664
144.58973977293314
142.8781011107684
139.25492435074307
136.78116918008175
133.62025983221162
126.31143777139734
117.96563745798403
0.0
9.24534757017526
8.858042469172535
8.608168210933481
8.458243655669714
8.383281378152235
8.458243655669714
8.55819335933143
8.783080192112674
9.320309848379168
9.820058365543705
10.219857179504144
10.569681141404915
10.832049112830497
11.119404510171503
11.331797628622176
11.49421589913175
11.631646739149708
11.681621590980567
11.544190751649039
11.256835354765647
11.056935945611741
10.794567973728542
10.20736346654643
9.532702968202695
0.0
13.293310560924088
12.743587191699884
12.381269515697346
12.15638268428896
12.05643297788153
12.15638268428896
12.306307239323917
12.618650062122736
13.393260267331515
14.117895619336581
14.692606411730505
15.192354927751
15.567166311906247
15.979458841112496
16.291801663911315
16.529182210336703
16.716587903558374
16.791550179931807
16.591650778557415
16.179358249351168
15.879509134705067
15.517191458702532
14.667618981696506
13.705603090130335
0.0
3.748113879992486
3.5607081856267673
3.3982899180917143
3.3483150664896653
3.285846501243473
3.3608087789897607
3.4107836310494286
3.5607081856267673
3.7980887320521544
4.085444128935544
4.260356110114739
4.472749229938269
4.660154923617561
4.79758576638123
4.847560618440897
4.947510321644995
4.984991460060522
5.0099788862047605
4.935016608458472
4.772598340236992
4.697636062719512
4.485242942895984
4.272849823072454
3.9605069998160163
