147.03199999999998
139.766
133.10399999999998
129.758
130.59
135.556
146.442
150.922
158.468
167.016
177.382
185.962
193.414
199.06199999999998
200.988
202.678
204.02
201.344
199.71599999999998
195.308
192.206
185.72
173.03
159.384
135.762
128.902
123.674
120.628
119.566
123.682
133.256
137.26
141.82399999999998
149.698
159.41
167.73600000000002
175.216
182.07
187.324
191.48600000000002
194.094
192.62
188.452
182.55200000000002
179.728
174.028
161.042
146.728
311.07
309.146
308.046
307.538
307.75399999999996
308.524
311.612
313.39799999999997
313.408
315.276
317.656
319.544
320.274
321.714
322.932
323.998
324.824
324.26
323.632
323.048
322.49199999999996
321.304
318.802
314.638
328.832
319.598
313.418
308.776
309.954
320.938
331.376
333.962
342.1
357.90999999999997
371.772
384.206
395.058
405.062
412.536
417.216
419.43
415.58000000000004
404.43
394.63
390.498
380.714
364.98
347.982
58.336
56.948
56.126
55.6
55.482
56.25
57.578
57.766000000000005
59.196
61.36
64.006
65.95400000000001
67.718
69.504
70.944
71.416
71.75399999999999
70.666
69.3
68.27
68.026
66.422
63.727999999999994
60.896
760.964
710.438
677.822
660.782
664.292
697.998
769.61
814.77
852.358
903.596
963.302
1019.574
1075.368
1127.06
1161.232
1183.412
1186.3539999999998
1170.328
1132.09
1082.648
1054.8860000000002
1011.68
929.14
836.24
53.474
49.922000000000004
47.63
46.436
46.68
49.054
54.083999999999996
57.254
59.894000000000005
63.495999999999995
67.694
71.652
75.572
79.198
81.6
83.158
83.37
82.238
79.55799999999999
76.084
74.126
71.09
65.29
58.762
231.10799999999998
218.868
211.274
206.56
206.556
214.95
230.094
235.76
241.138
253.94400000000002
269.436
283.764
295.83
307.584
316.114
322.498
325.94
324.25399999999996
317.544
308.534
303.578
294.20799999999997
274.50399999999996
251.194
313.53
298.034
283.828
276.692
278.474
289.058
312.26800000000003
321.818
337.914
356.132
378.248
396.534
412.42
424.464
428.586
432.182
435.04200000000003
429.34000000000003
425.876
416.458
409.848
396.022
368.962
339.856
1350.802
1261.112
1203.216
1172.976
1179.1979999999999
1239.03
1366.142
1446.316
1513.04
1603.9979999999998
1709.97
1809.87
1908.9099999999999
2000.674
2061.32
2100.698
2105.92
2077.474
2009.592
1921.834
1872.54
1795.8480000000002
1649.326
1484.422
56.936
53.160000000000004
50.718
49.443999999999996
49.702
52.224000000000004
57.582
60.962
63.78
67.61
72.07600000000001
76.294
80.464
84.33
86.89200000000001
88.55
88.77
87.566
84.70400000000001
81.01
78.92999999999999
75.702
69.518
62.572
754.092
749.4300000000001
746.762
745.538
746.054
747.916
755.412
759.732
759.752
764.3
770.054
774.64
776.398
779.89
782.84
785.434
787.438
786.068
784.544
783.1320000000001
781.7760000000001
778.908
772.848
762.7420000000001
999.9119999999999
933.518
890.66
868.272
872.878
917.168
1011.266
1070.614
1120.0059999999999
1187.336
1265.78
1339.73
1413.038
1480.964
1525.8600000000001
1555.004
1558.8700000000001
1537.8220000000001
1487.568
1422.61
1386.1200000000001
1329.3500000000001
1220.89
1098.82
160.554
159.558
158.994
158.73399999999998
158.84
159.236
160.832
161.756
161.762
162.726
163.95399999999998
164.93
165.306
166.04600000000002
166.678
167.22400000000002
167.656
167.364
167.04
166.73999999999998
166.452
165.838
164.546
162.39600000000002
59.092000000000006
55.966
54.024
52.816
52.814
54.964
58.836
60.288
61.660000000000004
64.932
68.896
72.56
75.642
78.646
80.834
82.464
83.34400000000001
82.908
81.19200000000001
78.89
77.62400000000001
75.22999999999999
70.192
64.232
12.486
11.856
11.376000000000001
11.097999999999999
11.002
11.378
12.256
12.626
13.05
13.768
14.666
15.432
16.12
16.75
17.232
17.616
17.857999999999997
17.724
17.334
16.79
16.534000000000002
16.012
14.812000000000001
13.494
242.892
230.034
222.046
217.096
217.086
225.912
241.82999999999998
247.786
253.43800000000002
266.896
283.176
298.24
310.922
323.26399999999995
332.24
338.944
342.56
340.79
333.74
324.276
319.058
309.21799999999996
288.50199999999995
264.006
202.012
197.204
194.37
192.54
192.112
194.776
199.392
200.048
205.004
212.48399999999998
221.658
228.394
234.514
240.694
245.666
247.316
248.494
244.702
239.972
236.42
235.578
230.016
220.67600000000002
210.888
135.77800000000002
132.546
130.638
129.40800000000002
129.12
130.91
134.014
134.452
137.784
142.814
148.974
153.506
157.618
161.77
165.112
166.222
167.01
164.464
161.286
158.902
158.336
154.592
148.316
141.74
612.206
571.556
545.3199999999999
531.6080000000001
534.432
561.552
619.164
655.4939999999999
685.736
726.9559999999999
774.994
820.264
865.156
906.736
934.222
952.068
954.438
941.548
910.784
871.0060000000001
848.668
813.908
747.506
672.768
184.788
179.388
175.716
172.99200000000002
172.306
176.1
183.608
185.928
190.012
195.90200000000002
203.676
211.008
217.782
224.59799999999998
230.61599999999999
235.72
238.232
236.176
232.564
227.774
223.348
218.848
207.886
195.088
122.76
119.174
116.73400000000001
114.932
114.47
116.99
121.978
123.524
126.23
130.148
135.314
140.184
144.686
149.212
153.204
156.604
158.268
156.90400000000002
154.50799999999998
151.32600000000002
148.38
145.394
138.10999999999999
129.606
195.876
185.5
179.066
175.072
175.064
182.184
195.018
199.822
204.38400000000001
215.23999999999998
228.364
240.508
250.74
260.69399999999996
267.928
273.332
276.248
274.824
269.13800000000003
261.508
257.298
249.364
232.656
212.902
205.096
194.24
187.498
183.32
183.31199999999998
190.762
204.2
209.232
214.00400000000002
225.372
239.114
251.82999999999998
262.54200000000003
272.97200000000004
280.544
286.20599999999996
289.264
287.762
281.81399999999996
273.81399999999996
269.414
261.104
243.614
222.93200000000002
370.12
361.31199999999995
356.11
352.762
351.986
356.86400000000003
365.314
366.514
375.594
389.294
406.11
418.456
429.666
440.988
450.096
453.128
455.274
448.33799999999997
439.666
433.162
431.608
421.42
404.30600000000004
386.372
630.24
626.344
624.108
623.0899999999999
623.518
625.0799999999999
631.338
634.952
634.968
638.77
643.5799999999999
647.408
648.8860000000001
651.802
654.2679999999999
656.434
658.106
656.958
655.69
654.514
653.374
650.9780000000001
645.91
637.466
1304.392
1217.788
1161.882
1132.676
1138.684
1196.46
1319.2140000000002
1396.63
1461.06
1548.894
1651.224
1747.694
1843.3319999999999
1931.942
1990.5079999999998
2028.526
2033.574
2006.104
1940.5500000000002
1855.808
1808.214
1734.154
1592.6660000000002
1433.426
74.848
72.66
71.17
70.068
69.792
71.32600000000001
74.372
75.306
76.962
79.346
82.496
85.468
88.214
90.97
93.408
95.476
96.492
95.654
94.194
92.25999999999999
90.462
88.64
84.2
79.016
1437.384
1361.284
1314.044
1284.732
1284.696
1336.926
1431.096
1466.358
1499.808
1579.4560000000001
1675.7759999999998
1764.9099999999999
1839.97
1913.042
1966.1200000000001
2005.812
2027.212
2016.734
1975.024
1918.992
1888.132
1829.888
1707.298
1562.346
241.676
234.612
229.81199999999998
226.26
225.352
230.316
240.142
243.172
248.51600000000002
256.218
266.384
275.97
284.84000000000003
293.748
301.618
308.298
311.57599999999996
308.89
304.17
297.904
292.12
286.23199999999997
271.894
255.154
62.739999999999995
61.248
60.364
59.802
59.668
60.49
61.928
62.128
63.67
65.99
68.842
70.938
72.832
74.756
76.29799999999999
76.808
77.178
76.0
74.532
73.426
73.162
71.436
68.534
65.496
500.074
488.168
481.138
476.62
475.562
482.156
493.576
495.196
507.466
525.976
548.6899999999999
565.3720000000001
580.522
595.8100000000001
608.118
612.2199999999999
615.124
605.7520000000001
594.034
585.244
583.15
569.38
546.26
522.024
366.94
347.518
335.452
327.974
327.962
341.294
365.336
374.34
382.88
403.212
427.798
450.554
469.714
488.368
501.922
512.05
517.518
514.838
504.196
489.88800000000003
482.008
467.144
435.85
398.848
291.838
283.31399999999996
277.508
273.218
272.132
278.122
289.98600000000005
293.644
300.094
309.396
321.668
333.252
343.954
354.71999999999997
364.218
372.288
376.24399999999997
373.002
367.298
359.732
352.748
345.64
328.318
308.108
122.048
115.88
111.172
108.44200000000001
107.486
111.184
119.794
123.396
127.49799999999999
134.568
143.30200000000002
150.79
157.51399999999998
163.678
168.4
172.14600000000002
174.484
173.15599999999998
169.40800000000002
164.108
161.572
156.444
144.77
131.906
28.041999999999998
26.558
25.636
25.07
25.068
26.084
27.926
28.612
29.264
30.82
32.7
34.438
35.9
37.324
38.364000000000004
39.134
39.556
39.346
38.532000000000004
37.44
36.838
35.706
33.312
30.482
323.78000000000003
302.286
288.406
281.154
282.652
296.988
327.462
346.67400000000004
362.668
384.474
409.874
433.818
457.55600000000004
479.554
494.092
503.53000000000003
504.78
497.962
481.694
460.658
448.842
430.456
395.336
355.808
88.85
86.74
85.486
84.682
84.5
85.672
87.696
87.988
90.166
93.456
97.492
100.458
103.14800000000001
105.866
108.05000000000001
108.776
109.294
107.628
105.548
103.988
103.616
101.17
97.06
92.75200000000001
237.18200000000002
230.518
226.066
222.714
223.568
231.482
239.018
240.882
246.748
258.158
268.152
277.12
284.94800000000004
292.158
297.55
300.924
302.524
299.746
291.704
284.636
281.656
274.604
263.25
250.994
119.63
111.68599999999999
106.56
103.876
104.434
109.726
120.99
128.086
133.998
142.052
151.438
160.282
169.058
177.18
182.548
186.042
186.5
183.984
177.972
170.198
165.82999999999998
159.042
146.066
131.462
57.888000000000005
56.193999999999996
55.048
54.192
53.978
55.168
57.519999999999996
58.242
59.522000000000006
61.370000000000005
63.802
66.104
68.222
70.36
72.246
73.83999999999999
74.628
73.988
72.852
71.354
69.966
68.55799999999999
65.12
61.117999999999995
332.84999999999997
310.75
296.486
289.036
290.566
305.314
336.634
356.39
372.83
395.242
421.358
445.978
470.376
492.988
507.936
517.634
518.928
511.914
495.19
473.56
461.414
442.522
406.414
365.776
61.374
58.128
56.108
54.858
54.858000000000004
57.083999999999996
61.104
62.61
64.038
67.446
71.558
75.36200000000001
78.568
81.682
83.95
85.65
86.56
86.112
84.328
81.93599999999999
80.62
78.138
72.89999999999999
66.708
14.004000000000001
13.314
12.678
12.358
12.438
12.908
13.948
14.374
15.094
15.904
16.895999999999997
17.709999999999997
18.418
18.956
19.138
19.3
19.433999999999997
19.177999999999997
19.018
18.599999999999998
18.3
17.686
16.482
15.174
213.676
202.362
195.342
190.98
190.978
198.744
212.74
217.988
222.958
234.79999999999998
249.114
262.368
273.524
284.382
292.27799999999996
298.17400000000004
301.36199999999997
299.798
293.6
285.26800000000003
280.68199999999996
272.024
253.80200000000002
232.25400000000002
145.43200000000002
141.972
139.924
138.61
138.30200000000002
140.22
143.548
144.018
147.58
152.97
159.574
164.422
168.828
173.28
176.854
178.05
178.89
176.164
172.76
170.208
169.592
165.59400000000002
158.868
151.816
988.768
936.4119999999999
903.92
883.7560000000001
883.7320000000001
919.664
984.442
1008.698
1031.704
1086.498
1152.7540000000001
1214.07
1265.7060000000001
1315.966
1352.4859999999999
1379.7820000000002
1394.508
1387.2939999999999
1358.602
1320.06
1298.8319999999999
1258.766
1174.44
1074.728
31.178
30.272
29.65
29.188000000000002
29.072000000000003
29.718
30.979999999999997
31.372
32.064
33.06
34.37
35.61
36.752
37.898
38.91
39.778
40.196
39.85
39.246
38.434
37.692
36.93
35.078
32.92
271.73199999999997
265.27
261.448
258.992
258.418
261.998
268.20799999999997
269.084
275.748
285.81399999999996
298.154
307.21999999999997
315.45
323.756
330.45000000000005
332.67
334.254
329.156
322.79600000000005
318.014
316.878
309.4
296.828
283.668
1417.828
1409.0520000000001
1404.0339999999999
1401.74
1402.708
1406.212
1420.31
1428.424
1428.464
1437.018
1447.838
1456.454
1459.77
1466.3380000000002
1471.876
1476.7540000000001
1480.518
1477.94
1475.088
1472.432
1469.8719999999998
1464.4779999999998
1453.084
1434.096
347.828
339.552
334.66
331.508
330.78000000000003
335.372
343.31
344.436
352.964
365.84999999999997
381.64000000000004
393.248
403.77799999999996
414.42
422.976
425.832
427.848
421.33
413.188
407.072
405.614
396.036
379.95
363.1
341.078
323.014
311.806
304.856
304.842
317.238
339.584
347.95599999999996
355.89
374.786
397.64799999999997
418.794
436.608
453.942
466.544
475.958
481.036
478.548
468.65
455.36
448.034
434.214
405.126
370.73
840.4
835.202
832.232
830.868
831.4459999999999
833.5179999999999
841.874
846.684
846.706
851.7760000000001
858.1940000000001
863.3
865.268
869.158
872.444
875.3280000000001
877.558
876.036
874.344
872.774
871.254
868.058
861.3
850.044
134.212
127.57600000000001
121.49600000000001
118.44200000000001
119.20400000000001
123.73400000000001
133.674
137.762
144.648
152.446
161.916
169.746
176.54
181.7
183.46200000000002
185.0
186.22799999999998
183.786
182.302
178.27
175.43800000000002
169.526
157.93800000000002
145.48
434.792
405.922
387.286
377.55
379.558
398.812
439.728
465.53000000000003
487.012
516.288
550.396
582.554
614.43
643.97
663.486
676.16
677.842
668.686
646.836
618.592
602.728
578.038
530.88
477.796
156.114
147.84799999999998
142.72
139.53799999999998
139.53
145.208
155.43599999999998
159.264
162.89999999999998
171.548
182.008
191.694
199.846
207.78199999999998
213.548
217.85999999999999
220.182
219.04399999999998
214.512
208.424
205.072
198.74800000000002
185.43599999999998
169.688
642.986
624.938
612.856
603.7660000000001
606.0840000000001
627.548
647.968
653.032
668.932
699.852
726.956
751.266
772.494
792.0440000000001
806.662
815.806
820.1320000000001
812.61
790.8059999999999
771.654
763.562
744.446
713.672
680.434
674.702
640.588
614.592
599.458
594.188
614.652
662.222
682.12
704.794
743.922
792.1959999999999
833.598
870.7660000000001
904.842
930.928
951.626
964.568
957.236
936.514
907.1940000000001
893.182
864.834
800.308
729.184
2708.7599999999998
2692.008
2682.4159999999997
2678.024
2679.8779999999997
2686.568
2713.504
2729.014
2729.092
2745.424
2766.1
2782.568
2788.896
2801.436
2812.024
2821.344
2828.532
2823.608
2818.16
2813.086
2808.1980000000003
2797.892
2776.13
2739.8399999999997
360.56600000000003
336.62399999999997
321.174
313.10200000000003
314.76
330.728
364.658
386.06
403.87600000000003
428.15
456.442
483.10200000000003
509.54200000000003
534.032
550.224
560.73
562.13
554.534
536.4119999999999
512.992
499.832
479.364
440.252
396.236
700.938
663.822
640.786
626.494
626.48
651.9440000000001
697.8720000000001
715.064
731.376
770.2180000000001
817.184
860.654
897.254
932.894
958.774
978.126
988.564
983.452
963.1139999999999
935.788
920.7379999999999
892.336
832.562
761.878
534.42
519.42
509.38
501.82800000000003
503.75
521.586
538.5640000000001
542.766
555.992
581.692
604.212
624.414
642.062
658.312
670.458
678.066
681.6600000000001
675.408
657.2860000000001
641.368
634.6460000000001
618.746
593.176
565.5500000000001
609.582
569.106
542.9820000000001
529.336
532.1460000000001
559.1419999999999
616.51
652.692
682.798
723.846
771.666
816.7479999999999
861.45
902.8580000000001
930.2239999999999
947.99
950.352
937.516
906.8820000000001
867.274
845.038
810.426
744.3
669.8860000000001
648.976
614.6160000000001
593.284
580.048
580.0319999999999
603.618
646.1339999999999
662.058
677.16
713.118
756.602
796.848
830.74
863.726
887.694
905.6120000000001
915.2819999999999
910.546
891.714
866.412
852.48
826.182
770.836
705.396
127.544
124.50399999999999
122.71
121.558
121.294
122.976
125.888
126.29599999999999
129.424
134.148
139.94
144.198
148.06199999999998
151.964
155.098
156.146
156.886
154.49
151.504
149.26399999999998
148.726
145.216
139.318
133.144
16.631999999999998
16.148
15.814
15.568
15.506
15.85
16.523999999999997
16.734
17.1
17.628
18.334
18.994
19.604
20.212
20.754
21.218
21.438
21.258
20.928
20.5
20.099999999999998
19.694
18.712
17.558
1149.016
1116.76
1095.172
1078.93
1083.058
1121.418
1157.912
1166.9540000000002
1195.38
1250.6280000000002
1299.064
1342.5
1380.4440000000002
1415.3799999999999
1441.496
1457.844
1465.578
1452.1299999999999
1413.1660000000002
1378.94
1364.484
1330.31
1275.326
1215.93
1615.25
1569.9099999999999
1539.5639999999999
1516.724
1522.54
1576.462
1627.762
1640.4740000000002
1680.43
1758.1019999999999
1826.182
1887.248
1940.5819999999999
1989.698
2026.416
2049.392
2060.27
2041.356
1986.588
1938.474
1918.16
1870.114
1792.82
1709.318
1084.9099999999999
1054.446
1034.07
1018.728
1022.628
1058.852
1093.308
1101.848
1128.684
1180.856
1226.584
1267.596
1303.42
1336.4060000000002
1361.068
1376.504
1383.8020000000001
1371.108
1334.3200000000002
1302.0040000000001
1288.352
1256.086
1204.172
1148.0839999999998
386.25
374.96
367.286
361.59999999999997
360.158
368.092
383.796
388.634
397.174
409.48400000000004
425.73
441.054
455.222
469.462
482.038
492.71999999999997
497.95399999999995
493.66200000000003
486.124
476.10999999999996
466.866
457.458
434.536
407.786
265.366
259.046
255.312
252.918
252.358
255.854
261.912
262.776
269.282
279.10999999999996
291.16400000000004
300.01599999999996
308.05
316.164
322.69800000000004
324.868
326.414
321.43600000000004
315.228
310.558
309.444
302.138
289.87399999999997
277.01000000000005
380.096
371.05
365.708
362.27
361.47200000000004
366.48
375.162
376.394
385.714
399.786
417.056
429.73400000000004
441.248
452.872
462.21999999999997
465.34
467.54600000000005
460.41999999999996
451.522
444.84000000000003
443.246
432.776
415.204
396.788
514.0459999999999
501.808
494.57599999999996
489.932
488.846
495.632
507.368
509.03000000000003
521.6419999999999
540.6700000000001
564.016
581.168
596.742
612.4599999999999
625.1099999999999
629.32
632.304
622.672
610.636
601.6
599.44
585.284
561.524
536.614
53.738
52.172
51.096000000000004
50.308
50.104
51.216
53.4
54.068
55.254
56.967999999999996
59.230000000000004
61.366
63.336
65.316
67.062
68.55199999999999
69.28
68.68199999999999
67.636
66.238
64.95
63.641999999999996
60.456
56.734
22.522000000000002
21.384
20.522000000000002
20.018
19.836000000000002
20.524
22.112000000000002
22.772000000000002
23.532
24.838
26.445999999999998
27.83
29.073999999999998
30.208000000000002
31.08
31.766
32.202
31.954
31.262
30.286
29.822
28.869999999999997
26.721999999999998
24.346
507.318
473.63800000000003
451.896
440.532
442.872
465.34000000000003
513.082
543.196
568.25
602.414
642.214
679.736
716.928
751.39
774.168
788.958
790.922
780.238
754.744
721.7860000000001
703.2679999999999
674.468
619.438
557.5039999999999
66.96600000000001
65.006
63.682
62.698
62.44
63.822
66.542
67.38
68.86200000000001
70.99799999999999
73.81200000000001
76.47
78.922
81.398
83.57600000000001
85.432
86.338
85.594
84.286
82.55
80.942
79.316
75.34
70.70400000000001
164.994
154.042
146.968
143.276
144.038
151.344
166.86800000000002
176.662
184.818
195.92
208.864
221.07
233.168
244.374
251.78199999999998
256.596
257.23
253.758
245.468
234.748
228.728
219.36
201.46200000000002
181.316
160.44400000000002
151.948
146.672
143.402
143.398
149.228
159.736
163.678
167.40800000000002
176.29399999999998
187.048
197.0
205.37800000000001
213.532
219.458
223.89
226.27200000000002
225.104
220.45
214.19199999999998
210.752
204.248
190.566
174.384
118.036
115.224
113.564
112.502
112.248
113.804
116.502
116.886
119.78399999999999
124.148
129.514
133.45
137.028
140.638
143.54
144.50400000000002
145.192
142.976
140.214
138.144
137.646
134.398
128.94
123.21600000000001
768.418
730.4499999999999
695.632
678.128
682.498
708.44
765.3240000000001
788.726
828.174
872.8280000000001
927.0219999999999
971.856
1010.784
1040.302
1050.402
1059.218
1066.2240000000002
1052.254
1043.748
1020.678
1004.47
970.5840000000001
904.276
832.942
699.5500000000001
653.1020000000001
623.118
607.46
610.68
641.662
707.4939999999999
749.02
783.572
830.674
885.5540000000001
937.292
988.586
1036.108
1067.51
1087.9019999999998
1090.606
1075.878
1040.722
995.278
969.748
930.03
854.152
768.746
1269.424
1202.21
1160.494
1134.606
1134.576
1180.704
1263.8719999999998
1295.0159999999998
1324.5539999999999
1394.894
1479.96
1558.6779999999999
1624.96
1689.498
1736.374
1771.424
1790.33
1781.0720000000001
1744.236
1694.752
1667.502
1616.058
1507.802
1379.784
1483.058
1441.418
1413.5600000000002
1392.588
1397.9260000000002
1447.44
1494.538
1506.216
1542.9
1614.2160000000001
1676.72
1732.79
1781.762
1826.8519999999999
1860.56
1881.666
1891.646
1874.29
1824.0020000000002
1779.818
1761.168
1717.06
1646.082
1569.42
149.95999999999998
146.388
144.284
142.928
142.612
144.58599999999998
148.00799999999998
148.498
152.178
157.726
164.538
169.542
174.084
178.67
182.362
183.588
184.458
181.652
178.136
175.5
174.874
170.744
163.808
156.542
1665.528
1618.7740000000001
1587.482
1563.938
1569.922
1625.528
1678.428
1691.542
1732.7420000000002
1812.822
1883.0220000000002
1945.99
2000.988
2051.636
2089.49
2113.188
2124.3940000000002
2104.902
2048.422
1998.812
1977.8600000000001
1928.328
1848.62
1762.528
2.292
2.14
2.048
1.99
2.002
2.106
2.318
2.456
2.572
2.722
2.9019999999999997
3.072
3.24
3.4
3.502
3.57
3.58
3.528
3.416
3.266
3.1839999999999997
3.054
2.802
2.5180000000000002
129.392
122.53999999999999
118.292
115.648
115.644
120.348
128.826
132.0
135.012
142.184
150.85
158.87800000000001
165.636
172.21
176.986
180.558
182.486
181.542
177.79
172.744
169.966
164.724
153.69400000000002
140.644
2227.6440000000002
2165.1079999999997
2123.254
2091.76
2099.77
2174.146
2244.888
2262.428
2317.536
2424.648
2518.544
2602.7580000000003
2676.318
2744.05
2794.686
2826.38
2841.3720000000003
2815.302
2739.7619999999997
2673.402
2645.382
2579.132
2472.5260000000003
2357.372
451.47
438.79400000000004
430.31399999999996
423.932
425.54999999999995
440.62600000000003
454.964
458.51800000000003
469.68600000000004
491.396
510.42
527.488
542.402
556.126
566.388
572.8100000000001
575.8520000000001
570.562
555.2560000000001
541.808
536.13
522.7
501.096
477.756
491.98
465.93600000000004
449.77
439.736
439.718
457.602
489.832
501.906
513.352
540.6120000000001
573.5780000000001
604.088
629.778
654.788
672.9599999999999
686.546
693.866
690.28
676.008
656.8240000000001
646.264
626.3280000000001
584.368
534.756
140.668
136.714
134.078
132.088
132.594
137.28799999999998
141.758
142.864
146.342
153.106
159.036
164.356
168.99599999999998
173.272
176.47
178.478
179.418
177.77
173.006
168.81
167.042
162.862
156.12800000000001
148.858
92.632
86.48
82.508
80.436
80.868
84.97
93.688
99.18
103.756
109.99600000000001
117.266
124.11
130.90200000000002
137.198
141.362
144.06
144.42000000000002
142.466
137.812
131.796
128.412
123.154
113.108
101.798
140.324
136.22400000000002
133.438
131.37199999999999
130.84799999999998
133.732
139.434
141.19400000000002
144.294
148.768
154.672
160.242
165.384
170.55800000000002
175.13
179.012
180.916
179.35399999999998
176.61599999999999
172.978
169.612
166.20000000000002
157.86599999999999
148.154
155.45000000000002
151.082
148.168
145.968
146.52800000000002
151.71599999999998
156.654
157.878
161.724
169.196
175.752
181.626
186.76000000000002
191.484
195.02
197.228
198.278
196.452
191.186
186.556
184.6
179.978
172.53799999999998
164.5
887.986
863.0559999999999
846.374
833.822
837.014
866.662
894.86
901.8480000000001
923.818
966.518
1003.94
1037.5140000000001
1066.836
1093.836
1114.022
1126.6580000000001
1132.6299999999999
1122.2379999999998
1092.13
1065.678
1054.508
1028.098
985.598
939.6980000000001
427.47
399.084
380.77000000000004
371.198
373.162
392.098
432.326
457.69800000000004
478.81399999999996
507.59400000000005
541.1320000000001
572.744
604.092
633.13
652.324
664.778
666.434
657.434
635.948
608.178
592.5840000000001
568.308
521.94
469.758
610.482
580.312
552.6560000000001
538.75
542.2180000000001
562.8340000000001
608.02
626.618
657.952
693.428
736.484
772.102
803.03
826.482
834.5120000000001
841.514
847.072
835.9739999999999
829.218
810.8919999999999
798.018
771.1
718.416
661.7460000000001
320.804
299.502
285.752
278.57
280.05400000000003
294.262
324.452
343.494
359.332
380.938
406.108
429.834
453.352
475.142
489.55
498.89799999999997
500.14
493.384
477.266
456.422
444.716
426.502
391.704
352.53999999999996
982.946
955.3480000000001
936.886
922.986
926.5219999999999
959.338
990.552
998.294
1022.6139999999999
1069.8719999999998
1111.308
1148.468
1180.924
1210.808
1233.156
1247.138
1253.75
1242.248
1208.922
1179.638
1167.2759999999998
1138.044
1091.002
1040.188
639.81
597.328
569.908
555.582
558.534
586.874
647.076
685.054
716.66
759.7420000000001
809.9359999999999
857.256
904.164
947.63
976.356
995.002
997.476
984.006
951.852
910.286
886.9359999999999
850.6139999999999
781.214
703.1
448.678
418.88599999999997
399.656
389.61199999999997
391.68399999999997
411.554
453.78
480.40999999999997
502.568
532.784
567.986
601.1619999999999
634.064
664.54
684.686
697.768
699.5020000000001
690.054
667.5020000000001
638.3580000000001
621.982
596.508
547.836
493.062
228.426
222.98999999999998
219.776
217.714
217.23
220.244
225.464
226.204
231.80599999999998
240.264
250.638
258.256
265.176
272.166
277.782
279.656
280.982
276.7
271.34999999999997
267.334
266.37600000000003
260.084
249.52599999999998
238.458
1458.084
1361.27
1298.78
1266.132
1272.85
1337.434
1474.646
1561.19
1633.212
1731.394
1845.782
1953.6200000000001
2060.522
2159.574
2225.038
2267.54
2273.1780000000003
2242.476
2169.2019999999998
2074.478
2021.268
1938.4840000000002
1780.328
1602.316
544.116
528.8480000000001
518.62
510.93
512.882
531.052
548.332
552.6179999999999
566.078
592.236
615.176
635.7420000000001
653.71
670.256
682.622
690.37
694.024
687.662
669.208
653.0
646.1579999999999
629.976
603.9340000000001
575.808
1273.95
1238.182
1214.252
1196.242
1200.822
1243.3500000000001
1283.8139999999999
1293.844
1325.36
1386.616
1440.306
1488.472
1530.54
1569.274
1598.2279999999998
1616.356
1624.9279999999999
1610.022
1566.82
1528.8700000000001
1512.844
1474.962
1413.99
1348.142
92.812
86.65
82.67
80.588
81.02
85.13199999999999
93.862
99.372
103.96000000000001
110.208
117.49
124.352
131.156
137.46200000000002
141.626
144.332
144.69400000000002
142.73999999999998
138.076
132.04
128.654
123.386
113.32
101.99199999999999
786.236
744.6080000000001
718.768
702.7320000000001
702.7099999999999
731.28
782.796
802.082
820.374
863.946
916.6279999999999
965.384
1006.438
1046.412
1075.444
1097.156
1108.864
1103.124
1080.316
1049.666
1032.788
1000.922
933.876
854.5840000000001
870.454
812.662
775.352
755.864
759.874
798.4259999999999
880.342
932.006
975.002
1033.612
1101.906
1166.2839999999999
1230.106
1289.228
1328.316
1353.684
1357.058
1338.724
1294.9779999999998
1238.4299999999998
1206.6680000000001
1157.248
1062.826
956.56
163.038
154.98
147.598
143.882
144.808
150.316
162.384
167.34599999999998
175.71800000000002
185.196
196.688
206.202
214.46
220.726
222.87199999999999
224.742
226.228
223.26399999999998
221.458
216.564
213.12800000000001
205.938
191.86399999999998
176.728
107.926
104.89999999999999
102.866
101.346
101.732
105.33200000000001
108.762
109.614
112.284
117.468
122.02199999999999
126.10199999999999
129.662
132.942
135.402
136.936
137.662
136.4
132.738
129.524
128.164
124.96000000000001
119.786
114.212
1244.548
1214.9180000000001
1197.418
1186.168
1183.542
1199.9660000000001
1228.376
1232.414
1262.938
1309.016
1365.5339999999999
1407.062
1444.75
1482.816
1513.446
1523.636
1530.8700000000001
1507.542
1478.39
1456.5159999999998
1451.296
1417.036
1359.49
1299.186
369.972
361.164
355.964
352.616
351.83799999999997
356.71799999999996
365.166
366.366
375.436
389.13800000000003
405.944
418.282
429.49
440.804
449.91
452.942
455.088
448.152
439.48999999999995
432.986
431.432
421.25199999999995
404.14
386.214
1705.546
1592.298
1519.204
1481.012
1488.874
1564.42
1724.922
1826.144
1910.394
2025.232
2159.046
2285.1780000000003
2410.23
2526.082
2602.66
2652.3740000000003
2658.97
2623.0600000000004
2537.3399999999997
2426.544
2364.3019999999997
2267.474
2082.474
1874.258
221.846
207.114
197.604
192.64000000000001
193.66
203.488
224.368
237.53199999999998
248.49599999999998
263.426
280.838
297.242
313.50800000000004
328.58
338.534
345.00399999999996
345.858
341.192
330.04
315.62600000000003
307.536
294.94
270.878
243.796
1272.6000000000001
1236.872
1212.972
1194.98
1199.55
1242.036
1282.458
1292.476
1323.956
1385.1499999999999
1438.79
1486.898
1528.916
1567.6180000000002
1596.544
1614.644
1623.214
1608.32
1565.166
1527.2559999999999
1511.25
1473.3999999999999
1412.4959999999999
1346.712
1066.28
995.484
949.7819999999999
925.912
930.8240000000001
978.052
1078.396
1141.6799999999998
1194.346
1266.148
1349.8000000000002
1428.662
1506.838
1579.272
1627.144
1658.23
1662.3519999999999
1639.902
1586.314
1517.038
1478.134
1417.588
1301.93
1171.756
714.3779999999999
697.37
687.3299999999999
680.8739999999999
679.3679999999999
688.788
705.1
707.418
724.9399999999999
751.39
783.834
807.664
829.302
851.148
868.73
874.58
878.732
865.338
848.6139999999999
836.052
833.0600000000001
813.384
780.356
745.7439999999999
41.768
40.547999999999995
39.718
39.105999999999995
38.946
39.81
41.502
42.03
42.954
44.278
46.038000000000004
47.694
49.228
50.77
52.126
53.284
53.852000000000004
53.39
52.565999999999995
51.486000000000004
50.486000000000004
49.474
46.99
44.1
149.064
141.526
135.78
132.436
131.278
135.79999999999998
146.304
150.70000000000002
155.71599999999998
164.358
175.018
184.168
192.38400000000001
199.912
205.67000000000002
210.242
213.104
211.486
206.906
200.432
197.334
191.072
176.814
161.102
12.044
11.434
10.974
10.698
10.604
10.968
11.824
12.176
12.58
13.276
14.144
14.882
15.54
16.15
16.62
16.984
17.218
17.084
16.714000000000002
16.19
15.942
15.44
14.282
13.014
17.31
16.438000000000002
15.77
15.382
15.248
15.772
16.992
17.5
18.086000000000002
19.088
20.326
21.39
22.346
23.218
23.89
24.416
24.75
24.562
24.032
23.278
22.922
22.19
20.536
18.714000000000002
5.278
5.022
4.778
4.6579999999999995
4.692
4.866
5.2620000000000005
5.422
5.692
6.002
6.372
6.680000000000001
6.95
7.148
7.216
7.282
7.33
7.2299999999999995
7.172000000000001
7.014
6.902
6.672000000000001
6.216
5.726
