163.80800000000002
163.108
170.67000000000002
170.14600000000002
190.666
222.334
224.878
238.64
223.264
225.988
216.528
178.358
159.73999999999998
144.182
147.72
152.022
156.076
171.06
210.562
222.352
208.098
201.12
173.524
162.456
148.53
146.512
146.802
148.182
152.148
159.334
180.25
181.364
178.494
177.178
175.008
171.448
168.136
156.462
154.38400000000001
152.158
154.606
169.114
181.552
184.53
187.312
180.17
173.516
165.67
337.38
335.81
335.626
335.858
336.728
338.16
340.34
342.584
342.232
344.578
346.93399999999997
346.334
345.046
342.092
342.122
342.772
343.782
346.536
351.06600000000003
353.414
353.68
350.916
347.386
344.592
349.98
342.608
336.108
342.782
365.178
392.992
395.926
405.118
413.844
423.06
415.852
405.3
397.296
399.27
385.814
393.808
401.19
417.998
457.132
432.426
424.676
410.854
396.032
378.44
70.434
68.75
68.526
67.798
73.458
77.72800000000001
79.232
81.042
80.39200000000001
77.66000000000001
76.08200000000001
75.584
68.208
65.294
63.312
61.71
61.61
65.258
75.662
75.474
75.33
73.816
73.16000000000001
66.036
851.84
839.98
839.872
849.848
866.744
931.992
1108.134
1173.602
1156.596
1131.312
1084.278
1033.782
984.8520000000001
937.3620000000001
917.66
917.8639999999999
935.2860000000001
1028.444
1120.834
1138.462
1143.772
1097.614
1000.706
968.34
59.858000000000004
59.025999999999996
59.024
59.72
60.912
65.49799999999999
77.87599999999999
82.468
81.274
79.502
76.196
72.648
69.21
65.866
64.488
64.504
65.726
72.272
78.76
80.004
80.37400000000001
77.136
70.322
68.05
256.848
253.112
249.212
250.152
250.06400000000002
266.182
318.58599999999996
343.144
333.968
310.49399999999997
279.456
257.922
257.58
251.57399999999998
244.514
237.346
238.882
255.9
269.866
273.676
275.98999999999995
263.224
259.48
249.486
349.298
347.798
363.93199999999996
362.808
406.568
474.096
479.524
508.874
476.08
481.882
461.714
380.328
340.618
307.446
314.986
324.16999999999996
332.81
364.758
448.988
474.134
443.726
428.86199999999997
370.01
346.40999999999997
1512.118
1491.058
1490.874
1508.586
1538.5720000000001
1654.394
1967.0720000000001
2083.2859999999996
2053.096
2008.2179999999998
1924.718
1835.0900000000001
1748.2259999999999
1663.926
1628.962
1629.3220000000001
1660.2440000000001
1825.602
1989.616
2020.904
2030.326
1948.3980000000001
1776.3680000000002
1718.9199999999998
63.736
62.85
62.843999999999994
63.592
64.852
69.74
82.914
87.816
86.544
84.646
81.13000000000001
77.352
73.692
70.136
68.66199999999999
68.684
69.984
76.95
83.868
85.184
85.584
82.132
74.88
72.452
817.88
814.058
813.624
814.184
816.308
819.772
825.0519999999999
830.49
829.646
835.316
841.04
839.582
836.462
829.2919999999999
829.3620000000001
830.9359999999999
833.3919999999999
840.076
851.0459999999999
856.746
857.394
850.696
842.126
835.36
1119.324
1103.734
1103.598
1116.702
1138.902
1224.634
1456.0900000000001
1542.118
1519.768
1486.546
1424.748
1358.398
1294.092
1231.694
1205.808
1206.078
1228.972
1351.376
1472.786
1495.944
1502.922
1442.272
1314.9260000000002
1272.4
174.138
173.326
173.232
173.346
173.804
174.536
175.664
176.82
176.64
177.848
179.066
178.76
178.09
176.566
176.57600000000002
176.916
177.436
178.864
181.2
182.41400000000002
182.548
181.124
179.296
177.86
65.676
64.718
63.724000000000004
63.96
63.938
68.058
81.464
87.744
85.394
79.392
71.46
65.94800000000001
65.862
64.328
62.518
60.692
61.077999999999996
65.434
69.006
69.974
70.572
67.304
66.348
63.794000000000004
13.66
13.478
13.501999999999999
13.63
13.994
14.655999999999999
16.582
16.683999999999997
16.418
16.3
16.096
15.772
15.469999999999999
14.393999999999998
14.204
14.0
14.222
15.554
16.7
16.976
17.233999999999998
16.573999999999998
15.966000000000001
15.238
269.948
266.01599999999996
261.92199999999997
262.914
262.81800000000004
279.758
334.82800000000003
360.646
351.00600000000003
326.33599999999996
293.712
271.07
270.72
264.406
256.988
249.45600000000002
251.06
268.952
283.63
287.628
290.064
276.65
272.712
262.214
243.90800000000002
238.068
237.298
234.79
254.386
269.156
274.37
280.65
278.378
268.93399999999997
263.462
261.728
236.212
226.11
219.24200000000002
213.688
213.354
225.978
262.014
261.372
260.856
255.618
253.34
228.658
163.934
160.01
159.494
157.804
170.976
180.9
184.41
188.62400000000002
187.10199999999998
180.754
177.08
175.912
158.756
151.97
147.356
143.61999999999998
143.398
151.882
176.102
175.67000000000002
175.322
171.806
170.274
153.686
685.316
675.774
675.688
683.718
697.3100000000001
749.8019999999999
891.508
944.18
930.494
910.16
872.316
831.698
792.324
754.118
738.2719999999999
738.44
752.4480000000001
827.4
901.732
915.912
920.184
883.05
805.082
779.048
236.09
235.726
234.06400000000002
234.334
234.38
243.628
255.62
268.878
265.91
260.088
260.022
254.536
248.188
236.602
240.56799999999998
238.4
238.154
253.406
267.856
265.322
268.28200000000004
260.132
251.71800000000002
242.978
156.844
156.608
155.5
155.68
155.712
161.85399999999998
169.82
178.624
176.65800000000002
172.784
172.744
169.102
164.882
157.18
159.824
158.386
158.216
168.35
177.944
176.268
178.232
172.818
167.226
161.418
217.694
214.522
211.21800000000002
212.016
211.95000000000002
225.6
270.02
290.84000000000003
283.06
263.164
236.856
218.6
218.312
213.228
207.244
201.166
202.466
216.89
228.724
231.954
233.922
223.1
219.926
211.454
227.946
224.63
221.16400000000002
222.002
221.928
236.23
282.736
304.532
296.386
275.556
248.00799999999998
228.9
228.592
223.268
217.004
210.636
212.00199999999998
227.108
239.498
242.882
244.938
233.60600000000002
230.276
221.416
446.87
436.17600000000004
434.774
430.168
466.082
493.13800000000003
502.69399999999996
514.188
510.03999999999996
492.726
482.70799999999997
479.528
432.774
414.27
401.69599999999997
391.508
390.9
414.026
480.05
478.874
477.928
468.33000000000004
464.15999999999997
418.94399999999996
683.544
680.362
679.9960000000001
680.462
682.234
685.13
689.544
694.092
693.3779999999999
698.124
702.9019999999999
701.6899999999999
699.08
693.08
693.146
694.458
696.51
702.096
711.2660000000001
716.032
716.576
710.974
703.8100000000001
698.158
1460.172
1439.834
1439.658
1456.756
1485.7179999999998
1597.56
1899.492
2011.7199999999998
1982.562
1939.228
1858.6019999999999
1772.05
1688.1680000000001
1606.758
1572.996
1573.348
1603.2079999999999
1762.884
1921.27
1951.476
1960.584
1881.4560000000001
1715.346
1659.866
95.62599999999999
95.474
94.8
94.914
94.934
98.674
103.532
108.908
107.7
105.344
105.316
103.098
100.522
95.83200000000001
97.434
96.562
96.456
102.638
108.49
107.464
108.666
105.36
101.954
98.412
1597.504
1574.248
1549.998
1555.854
1555.316
1655.528
1981.466
2134.244
2077.16
1931.172
1738.124
1604.164
1602.0559999999998
1564.716
1520.794
1476.222
1485.738
1591.618
1678.4679999999998
1702.146
1716.57
1637.152
1613.866
1551.718
308.774
308.306
306.122
306.486
306.542
318.64
334.322
351.65799999999996
347.78
340.16
340.084
332.906
324.608
309.442
314.632
311.804
311.476
331.428
350.326
347.01599999999996
350.886
340.22
329.216
317.792
75.75399999999999
73.94
73.70400000000001
72.922
79.012
83.596
85.21799999999999
87.16600000000001
86.46000000000001
83.528
81.824
81.28399999999999
73.36
70.226
68.096
66.366
66.262
70.184
81.378
81.174
81.02
79.39
78.682
71.02
603.7700000000001
589.3199999999999
587.42
581.202
629.72
666.276
679.194
694.722
689.112
665.72
652.182
647.888
584.72
559.7180000000001
542.722
528.97
528.1460000000001
559.39
648.5980000000001
647.006
645.726
632.758
627.122
566.028
407.81600000000003
401.878
395.694
397.186
397.04400000000004
422.632
505.838
544.84
530.264
493.0
443.718
409.518
408.982
399.44399999999996
388.23199999999997
376.858
379.282
406.314
428.488
434.532
438.214
417.938
411.998
396.13
372.87
372.298
369.65999999999997
370.092
370.15999999999997
384.77
403.712
424.65
419.964
410.762
410.66400000000004
402.0
391.98400000000004
373.672
379.94
376.514
376.122
400.214
423.03200000000004
419.034
423.706
410.832
397.542
383.746
133.522
131.71599999999998
131.97
133.212
136.772
143.236
162.042
163.04399999999998
160.46
159.284
157.326
154.126
151.14600000000002
140.656
138.786
136.788
138.992
152.03
163.21599999999998
165.886
168.39000000000001
161.966
155.98
148.93
31.166
30.714000000000002
30.240000000000002
30.352
30.344
32.3
38.66
41.644
40.528
37.675999999999995
33.910000000000004
31.298
31.256
30.53
29.67
28.804000000000002
28.986
31.056
32.751999999999995
33.214000000000006
33.496
31.945999999999998
31.49
30.276
362.452
357.398
357.36
361.604
368.792
396.548
471.502
499.36
492.12
481.36199999999997
461.346
439.862
419.044
398.83799999999997
390.45599999999996
390.54
397.956
437.58799999999997
476.906
484.406
486.666
467.022
425.786
412.01800000000003
107.28
104.712
104.374
103.264
111.888
118.38199999999999
120.676
123.434
122.44
118.286
115.878
115.12
103.896
99.448
96.428
93.984
93.84
99.394
115.24600000000001
114.956
114.732
112.43
111.426
100.576
252.43
247.11599999999999
242.426
247.244
263.394
283.45799999999997
285.568
292.19800000000004
298.5
305.146
299.946
292.33
286.562
287.98
278.28
284.04
289.368
301.492
329.71799999999996
311.90000000000003
306.31199999999995
296.34000000000003
285.65200000000004
272.954
133.918
132.048
132.034
133.602
136.256
146.516
174.206
184.5
181.824
177.846
170.454
162.51399999999998
154.828
147.356
144.26000000000002
144.298
147.03400000000002
161.67600000000002
176.204
178.97
179.804
172.554
157.316
152.22400000000002
73.958
73.846
73.32600000000001
73.412
73.426
76.318
80.078
84.232
83.302
81.474
81.454
79.734
77.748
74.11399999999999
75.36
74.68
74.60600000000001
79.378
83.91199999999999
83.118
84.042
81.492
78.854
76.11999999999999
372.606
367.412
367.36600000000004
371.734
379.122
407.664
484.70799999999997
513.346
505.906
494.848
474.272
452.19
430.786
410.008
401.4
401.484
409.102
449.85200000000003
490.266
497.97799999999995
500.296
480.108
437.722
423.562
68.208
67.21600000000001
66.18
66.436
66.408
70.688
84.61
91.128
88.696
82.464
74.218
68.498
68.404
66.812
64.934
63.034
63.44
67.958
71.668
72.67999999999999
73.294
69.908
68.912
66.258
15.6
15.536000000000001
16.25
16.204
18.162
21.176000000000002
21.414
22.728
21.259999999999998
21.518
20.619999999999997
16.986
15.212
13.732000000000001
14.07
14.478
14.86
16.288
20.054000000000002
21.174
19.818
19.152
16.528
15.468
237.478
234.026
230.416
231.28799999999998
231.208
246.10399999999998
294.558
317.272
308.78000000000003
287.08
258.388
238.47
238.156
232.606
226.08
219.446
220.86599999999999
236.602
249.516
253.034
255.17600000000002
243.376
239.914
230.67600000000002
175.59
171.386
170.83999999999997
169.028
183.142
193.77200000000002
197.524
202.046
200.414
193.61
189.67399999999998
188.42000000000002
170.05
162.77800000000002
157.84
153.84
153.59799999999998
162.686
188.626
188.164
187.798
184.01999999999998
182.384
164.616
1098.91
1082.912
1066.228
1070.264
1069.8899999999999
1138.83
1363.038
1468.136
1428.8680000000002
1328.442
1195.65
1103.494
1102.0459999999998
1076.362
1046.142
1015.482
1022.028
1094.866
1154.606
1170.9
1180.812
1126.1879999999999
1110.168
1067.414
39.838
39.774
39.494
39.541999999999994
39.554
41.112
43.132
45.368
44.872
43.884
43.876
42.949999999999996
41.878
39.92
40.592000000000006
40.232
40.184
42.764
45.202
44.772
45.273999999999994
43.891999999999996
42.472
41.0
328.078
320.23
319.19599999999997
315.822
342.188
362.04400000000004
369.06199999999995
377.502
374.45799999999997
361.744
354.388
352.054
317.734
304.144
294.914
287.44
286.988
303.966
352.444
351.574
350.882
343.84
340.77599999999995
307.57800000000003
1537.7479999999998
1530.576
1529.758
1530.804
1534.796
1541.318
1551.2459999999999
1561.468
1559.874
1570.548
1581.2959999999998
1578.566
1572.702
1559.2099999999998
1559.342
1562.308
1566.9199999999998
1579.4879999999998
1600.116
1610.838
1612.05
1599.4560000000001
1583.344
1570.626
419.952
409.898
408.582
404.26
438.004
463.426
472.41200000000003
483.214
479.312
463.04400000000004
453.628
450.642
406.702
389.316
377.498
367.92600000000004
367.358
389.084
451.136
450.03000000000003
449.138
440.12
436.20000000000005
393.706
379.07
373.55
367.798
369.19
369.06
392.84200000000004
470.182
506.434
492.894
458.246
412.436
380.64799999999997
380.15000000000003
371.29400000000004
360.866
350.29200000000003
352.546
377.676
398.282
403.902
407.326
388.482
382.95
368.206
911.4879999999999
907.232
906.75
907.366
909.736
913.596
919.484
925.544
924.6
930.922
937.296
935.676
932.2
924.204
924.284
926.042
928.772
936.224
948.45
954.806
955.5260000000001
948.0640000000001
938.51
930.972
149.518
148.87800000000001
155.78400000000002
155.304
174.038
202.948
205.26999999999998
217.834
203.792
206.274
197.644
162.804
145.806
131.60399999999998
134.832
138.764
142.46
156.138
192.194
202.95999999999998
189.944
183.584
158.39
148.282
486.712
479.938
479.87399999999997
485.57800000000003
495.23
532.51
633.154
670.5600000000001
660.8439999999999
646.396
619.518
590.6700000000001
562.706
535.578
524.32
524.442
534.394
587.614
640.41
650.478
653.5160000000001
627.144
571.766
553.2760000000001
173.51000000000002
170.986
168.35
168.982
168.924
179.816
215.21200000000002
231.80599999999998
225.606
209.75
188.78
174.22799999999998
174.006
169.948
165.176
160.332
161.368
172.866
182.3
184.878
186.444
177.81799999999998
175.286
168.54
684.338
669.928
657.218
670.27
714.068
768.45
774.178
792.152
809.226
827.244
813.1500000000001
792.5020000000001
776.862
780.718
754.412
770.0319999999999
784.478
817.3439999999999
893.866
845.554
830.406
803.376
774.396
739.99
738.12
728.12
729.544
736.428
756.098
791.822
895.79
901.324
887.054
880.526
869.732
852.0179999999999
835.548
777.552
767.226
756.1560000000001
768.346
840.446
902.2660000000001
917.052
930.8820000000001
895.362
862.2919999999999
823.302
2937.874
2924.174
2922.61
2924.606
2932.2380000000003
2944.686
2963.658
2983.196
2980.1440000000002
3000.53
3021.076
3015.8520000000003
3004.646
2978.87
2979.136
2984.786
2993.602
3017.614
3057.026
3077.5119999999997
3079.826
3055.7639999999997
3024.98
3000.6879999999996
403.62600000000003
398.002
397.95599999999996
402.68
410.68399999999997
441.602
525.068
556.088
548.026
536.0440000000001
513.76
489.83799999999997
466.646
444.15
434.81
434.908
443.168
487.306
531.082
539.436
541.948
520.078
474.162
458.82800000000003
779.02
767.676
755.848
758.706
758.444
807.32
966.256
1040.762
1012.922
941.732
847.594
782.264
781.24
763.028
741.608
719.876
724.52
776.15
818.502
830.048
837.082
798.3539999999999
786.998
756.692
568.7900000000001
556.818
546.252
557.098
593.4979999999999
638.6999999999999
643.466
658.4
672.592
687.5699999999999
675.8599999999999
658.696
645.698
648.9
627.034
640.016
652.03
679.34
742.942
702.788
690.1999999999999
667.726
643.644
615.046
682.384
672.8779999999999
672.796
680.792
694.326
746.586
887.688
940.134
926.516
906.26
868.5840000000001
828.132
788.9340000000001
750.8860000000001
735.1080000000001
735.276
749.23
823.852
897.8720000000001
911.99
916.242
879.262
801.6360000000001
775.7080000000001
721.27
710.7620000000001
699.818
702.4599999999999
702.218
747.466
894.6179999999999
963.602
937.834
871.914
784.752
724.27
723.322
706.46
686.63
666.5079999999999
670.802
718.6080000000001
757.816
768.51
775.02
739.168
728.652
700.5939999999999
153.99200000000002
150.30599999999998
149.818
148.234
160.60999999999999
169.928
173.228
177.186
175.754
169.788
166.336
165.242
149.128
142.758
138.418
134.916
134.706
142.66799999999998
165.42
165.01999999999998
164.69
161.382
159.946
144.364
21.246
21.218
21.064
21.092000000000002
21.09
21.928
23.004
24.195999999999998
23.933999999999997
23.41
23.4
22.91
22.338
21.292
21.654
21.456
21.43
22.81
24.105999999999998
23.878
24.144
23.41
22.654
21.872
1222.912
1197.1619999999998
1174.444
1197.77
1276.03
1373.208
1383.45
1415.57
1446.0819999999999
1478.272
1453.096
1416.198
1388.244
1395.134
1348.1299999999999
1376.048
1401.8600000000001
1460.584
1597.328
1511.002
1483.934
1435.62
1383.85
1322.3500000000001
1719.132
1682.9379999999999
1651.008
1683.788
1793.804
1930.418
1944.818
1989.966
2032.862
2078.118
2042.722
1990.8519999999999
1951.552
1961.238
1895.1599999999999
1934.406
1970.6979999999999
2053.246
2245.472
2124.1240000000003
2086.07
2018.156
1945.3739999999998
1858.926
1154.68
1130.368
1108.918
1130.938
1204.834
1296.588
1306.26
1336.582
1365.392
1395.796
1372.02
1337.184
1310.784
1317.29
1272.9080000000001
1299.268
1323.64
1379.0919999999999
1508.204
1426.7
1401.14
1355.52
1306.636
1248.568
493.486
492.73
489.244
489.822
489.906
509.244
534.308
562.0219999999999
555.818
543.642
543.514
532.046
518.786
494.54999999999995
502.842
498.32
497.802
529.684
559.8820000000001
554.5939999999999
560.774
543.736
526.144
507.89000000000004
320.39000000000004
312.722
311.716
308.414
334.158
353.56
360.414
368.652
365.676
353.26
346.084
343.798
310.28
297.012
287.99399999999997
280.696
280.258
296.838
344.174
343.33
342.658
335.772
332.78200000000004
300.36
458.914
447.93
446.49
441.76
478.64
506.424
516.242
528.054
523.788
506.008
495.718
492.446
444.43600000000004
425.432
412.514
402.062
401.442
425.184
492.994
491.786
490.81
480.95
476.66999999999996
430.232
620.638
605.784
603.8299999999999
597.442
647.314
684.89
698.168
714.1320000000001
708.366
684.32
670.408
665.986
601.05
575.362
557.884
543.744
542.9
575.022
666.716
665.0840000000001
663.766
650.434
644.644
581.846
68.65400000000001
68.554
68.068
68.148
68.156
70.85
74.336
78.19200000000001
77.32600000000001
75.638
75.618
74.02
72.178
68.804
69.958
69.33200000000001
69.256
73.69
77.89200000000001
77.162
78.01599999999999
75.652
73.202
70.66000000000001
24.642
24.308
24.358
24.586000000000002
25.246
26.432
29.906
30.094
29.616
29.398
29.038
28.445999999999998
27.898
25.956
25.613999999999997
25.247999999999998
25.652
28.06
30.125999999999998
30.612000000000002
31.078
29.892000000000003
28.792
27.486
567.906
559.996
559.926
566.576
577.846
621.34
738.776
782.4200000000001
771.078
754.23
722.8679999999999
689.21
656.584
624.922
611.788
611.924
623.5400000000001
685.64
747.24
758.992
762.53
731.756
667.148
645.5740000000001
85.56
85.426
84.82600000000001
84.922
84.942
88.292
92.638
97.44200000000001
96.366
94.258
94.234
92.242
89.944
85.742
87.182
86.396
86.306
91.836
97.074
96.154
97.226
94.272
91.218
88.054
184.702
182.13
182.102
184.268
187.932
202.082
240.276
254.47
250.78
245.3
235.10199999999998
224.152
213.536
203.242
198.97
199.018
202.792
222.99
243.02200000000002
246.846
247.994
237.988
216.97799999999998
209.958
178.316
175.71599999999998
173.006
173.664
173.604
184.792
221.168
238.224
231.854
215.556
194.01
179.054
178.82399999999998
174.65
169.75
164.778
165.836
177.654
187.352
189.994
191.60000000000002
182.73999999999998
180.138
173.202
142.514
139.10399999999998
138.654
137.184
148.63799999999998
157.26600000000002
160.31400000000002
163.984
162.654
157.134
153.944
152.92999999999998
138.016
132.12
128.10399999999998
124.854
124.666
132.036
153.09199999999998
152.71800000000002
152.416
149.35399999999998
148.022
133.606
856.076
852.4060000000001
891.946
889.186
996.45
1161.944
1175.2540000000001
1247.178
1166.802
1181.026
1131.604
932.14
834.812
753.5
771.99
794.496
815.66
893.976
1100.404
1162.032
1087.514
1051.0819999999999
906.846
849.0
783.092
772.1859999999999
772.092
781.2660000000001
796.798
856.774
1018.704
1078.8899999999999
1063.25
1040.016
996.7760000000001
950.3580000000001
905.3660000000001
861.712
843.6
843.786
859.806
945.4459999999999
1030.38
1046.58
1051.468
1009.0340000000001
919.9399999999999
890.192
1410.83
1390.2939999999999
1368.8780000000002
1374.05
1373.568
1462.078
1749.924
1884.854
1834.444
1705.51
1535.024
1416.7099999999998
1414.848
1381.874
1343.0839999999998
1303.718
1312.1219999999998
1405.63
1482.336
1503.244
1515.982
1445.846
1425.2859999999998
1370.396
1578.434
1545.194
1515.8799999999999
1545.98
1646.9959999999999
1772.424
1785.6480000000001
1827.1019999999999
1866.486
1908.03
1875.536
1827.9180000000001
1791.834
1800.7199999999998
1740.056
1776.09
1809.404
1885.204
2061.694
1950.28
1915.3380000000002
1852.976
1786.154
1706.778
181.054
176.72400000000002
176.152
174.292
188.84
199.802
203.67
208.33
206.65
199.632
195.576
194.288
175.34199999999998
167.85
162.754
158.626
158.376
167.748
194.50199999999998
194.024
193.64
189.752
188.05800000000002
169.742
1772.644
1735.318
1702.392
1736.2
1849.644
1990.502
2005.3519999999999
2051.908
2096.132
2142.7999999999997
2106.3
2052.82
2012.298
2022.2820000000002
1954.146
1994.616
2032.0339999999999
2117.162
2315.368
2190.24
2151.002
2080.9700000000003
2005.924
1916.782
2.566
2.534
2.53
2.564
2.612
2.814
3.344
3.54
3.488
3.412
3.272
3.118
2.968
2.824
2.77
2.77
2.82
3.098
3.38
3.432
3.452
3.31
3.02
2.922
143.806
141.712
139.53199999999998
140.058
140.01
149.03400000000002
178.37199999999999
192.124
186.988
173.84
156.468
144.404
144.218
140.852
136.9
132.888
133.744
143.27599999999998
151.09199999999998
153.226
154.524
147.372
145.28
139.684
2370.906
2320.9880000000003
2276.952
2322.166
2473.888
2662.3019999999997
2682.152
2744.4139999999998
2803.572
2865.9919999999997
2817.176
2745.648
2691.446
2704.802
2613.666
2667.796
2717.846
2831.694
3096.7980000000002
2929.4379999999996
2876.96
2783.294
2682.92
2563.69
480.5
470.382
461.45799999999997
470.622
501.374
539.56
543.582
556.204
568.188
580.8380000000001
570.948
556.452
545.466
548.174
529.7
540.67
550.814
573.892
627.618
593.698
583.0659999999999
564.084
543.74
519.578
546.792
538.8299999999999
530.5279999999999
532.532
532.352
566.65
678.214
730.506
710.962
660.9920000000001
594.924
549.066
548.3439999999999
535.5640000000001
520.534
505.28
508.536
544.772
574.504
582.61
587.542
560.3580000000001
552.386
531.114
149.712
146.562
143.778
146.632
156.216
168.11
169.364
173.302
177.036
180.978
177.89000000000001
173.38
169.95600000000002
170.794
165.042
168.464
171.618
178.812
195.554
184.98
181.66799999999998
175.754
169.416
161.888
103.698
102.254
102.24
103.452
105.508
113.456
134.898
142.86599999999999
140.792
137.718
131.994
125.846
119.89
114.10600000000001
111.706
111.734
113.854
125.19399999999999
136.44
138.584
139.232
133.616
121.81400000000001
117.878
179.284
179.018
177.742
177.96
177.988
185.016
194.118
204.19
201.936
197.51399999999998
197.46
193.29399999999998
188.484
179.674
182.69
181.04399999999998
180.858
192.44
203.41
201.48600000000002
203.734
197.548
191.15200000000002
184.52200000000002
165.442
161.966
158.888
162.046
172.636
185.778
187.17000000000002
191.512
195.64
199.996
196.58599999999998
191.594
187.812
188.744
182.382
186.164
189.65599999999998
197.60199999999998
216.10000000000002
204.422
200.76
194.226
187.22
178.898
945.0939999999999
925.194
907.6379999999999
925.664
986.142
1061.246
1069.162
1093.9859999999999
1117.564
1142.442
1122.9840000000002
1094.474
1072.87
1078.192
1041.864
1063.4379999999999
1083.39
1128.776
1234.452
1167.7359999999999
1146.82
1109.4759999999999
1069.47
1021.94
478.526
471.854
471.802
477.4
486.89
523.544
622.4939999999999
659.272
649.716
635.518
609.09
580.732
553.238
526.564
515.498
515.614
525.394
577.726
629.63
639.528
642.512
616.588
562.142
543.964
680.126
677.202
708.614
706.426
791.646
923.124
933.694
990.836
926.982
938.2860000000001
899.02
740.552
663.228
598.624
613.3199999999999
631.202
648.0160000000001
710.2280000000001
874.234
923.19
863.994
835.0459999999999
720.452
674.502
359.118
354.11600000000004
354.074
358.274
365.396
392.908
467.166
494.764
487.59400000000005
476.94
457.106
435.822
415.188
395.172
386.87
386.95
394.292
433.568
472.51800000000003
479.954
482.192
462.73199999999997
421.872
408.228
1046.16
1024.134
1004.7
1024.656
1091.606
1174.7340000000002
1183.496
1210.968
1237.078
1264.6119999999999
1243.076
1211.5140000000001
1187.6
1193.488
1153.2820000000002
1177.164
1199.244
1249.486
1366.4640000000002
1292.616
1269.456
1228.128
1183.836
1131.226
716.224
706.246
706.1560000000001
714.546
728.752
783.608
931.708
986.76
972.454
951.2040000000001
911.652
869.202
828.05
788.128
771.566
771.732
786.3779999999999
864.708
942.3919999999999
957.2139999999999
961.672
922.864
841.386
814.17
502.262
495.27
495.208
501.092
511.05400000000003
549.5179999999999
653.38
691.98
681.952
667.0500000000001
639.314
609.54
580.6899999999999
552.6899999999999
541.074
541.196
551.464
606.3900000000001
660.874
671.26
674.396
647.176
590.0360000000001
570.956
275.79200000000003
269.19800000000004
268.324
265.488
287.65
304.34999999999997
310.248
317.346
314.782
304.096
297.912
295.94599999999997
267.094
255.674
247.914
241.628
241.254
255.522
296.272
295.55
294.962
289.036
286.464
258.558
1632.2140000000002
1609.48
1609.284
1628.406
1660.77
1785.792
2123.302
2248.75
2216.1620000000003
2167.722
2077.59
1980.846
1887.076
1796.078
1758.34
1758.7259999999999
1792.106
1970.604
2147.6440000000002
2181.412
2191.5899999999997
2103.148
1917.458
1855.442
579.112
566.914
556.164
567.208
604.264
650.29
655.134
670.342
684.7959999999999
700.0360000000001
688.116
670.6419999999999
657.4100000000001
660.672
638.408
651.6279999999999
663.852
691.664
756.42
715.5360000000001
702.7199999999999
679.8439999999999
655.322
626.198
1355.876
1327.328
1302.1480000000001
1328.008
1414.7740000000001
1522.522
1533.878
1569.484
1603.31
1639.0040000000001
1611.0900000000001
1570.1879999999999
1539.1879999999999
1546.826
1494.71
1525.664
1554.288
1619.396
1771.004
1675.292
1645.2820000000002
1591.712
1534.314
1466.134
103.89
102.446
102.432
103.652
105.708
113.66799999999999
135.15200000000002
143.14
141.064
137.982
132.23999999999998
126.08200000000001
120.116
114.322
111.922
111.944
114.072
125.434
136.702
138.852
139.502
133.866
122.05199999999999
118.1
873.814
861.0920000000001
847.826
851.036
850.738
905.5540000000001
1083.836
1167.404
1136.184
1056.328
950.736
877.458
876.304
855.886
831.852
807.476
812.678
870.592
918.096
931.052
938.942
895.504
882.766
848.772
974.412
960.836
960.722
972.132
991.4540000000001
1066.0939999999998
1267.584
1342.472
1323.0120000000002
1294.0939999999998
1240.29
1182.5339999999999
1126.558
1072.234
1049.698
1049.932
1069.862
1176.42
1282.11
1302.268
1308.346
1255.548
1144.692
1107.67
181.64
180.862
189.246
188.662
211.424
246.53799999999998
249.362
264.618
247.564
250.59
240.1
197.78
177.13
159.872
163.79399999999998
168.57
173.06799999999998
189.678
233.482
246.55200000000002
230.746
223.014
192.412
180.134
114.872
112.444
110.314
112.508
119.86
128.982
129.94400000000002
132.962
135.83200000000002
138.856
136.49200000000002
133.022
130.398
131.048
126.63
129.254
131.68
137.19
150.036
141.924
139.382
134.85
129.98
124.212
1502.608
1466.644
1461.924
1446.448
1567.204
1658.174
1690.3159999999998
1728.97
1715.016
1656.792
1623.1080000000002
1612.408
1455.1979999999999
1392.9859999999999
1350.6960000000001
1316.452
1314.412
1392.17
1614.182
1610.228
1607.0439999999999
1574.7640000000001
1560.744
1408.696
446.688
436.002
434.592
429.996
465.88800000000003
492.934
502.49199999999996
513.986
509.83
492.526
482.508
479.334
432.594
414.098
401.526
391.348
390.74
413.854
479.85400000000004
478.68
477.734
468.13800000000003
463.974
418.77200000000005
1909.2259999999999
1882.6399999999999
1882.402
1904.768
1942.634
2088.868
2483.66
2630.396
2592.274
2535.616
2430.19
2317.024
2207.338
2100.902
2056.754
2057.208
2096.252
2305.038
2512.134
2551.634
2563.534
2460.084
2242.878
2170.342
248.338
244.88
244.852
247.76000000000002
252.684
271.704
323.058
342.144
337.19
329.81399999999996
316.1
301.382
287.11600000000004
273.276
267.528
267.59
272.672
299.824
326.764
331.896
333.452
319.99600000000004
291.74199999999996
282.304
1354.442
1325.924
1300.768
1326.598
1413.282
1520.9099999999999
1532.256
1567.82
1601.62
1637.274
1609.392
1568.526
1537.562
1545.194
1493.128
1524.056
1552.644
1617.682
1769.132
1673.524
1643.542
1590.036
1532.688
1464.576
1193.62
1177.0
1176.85
1190.836
1214.506
1305.934
1552.744
1644.488
1620.654
1585.226
1519.324
1448.568
1379.9959999999999
1313.452
1285.856
1286.1399999999999
1310.55
1441.0819999999999
1570.546
1595.242
1602.684
1538.004
1402.21
1356.866
862.51
841.87
839.162
830.2760000000001
899.592
951.806
970.258
992.448
984.4300000000001
951.0139999999999
931.674
925.534
835.3019999999999
799.586
775.31
755.6560000000001
754.486
799.1179999999999
926.5540000000001
924.286
922.456
903.932
895.878
808.604
53.37
53.286
52.91
52.965999999999994
52.980000000000004
55.072
57.78
60.778
60.106
58.79
58.775999999999996
57.536
56.104
53.484
54.376
53.892
53.836
57.282
60.548
59.978
60.647999999999996
58.802
56.897999999999996
54.926
163.07000000000002
160.864
161.178
162.704
167.04600000000002
174.936
197.90599999999998
199.13199999999998
195.974
194.536
192.154
188.236
184.59799999999998
171.782
169.506
167.058
169.75
185.684
199.34
202.608
205.662
197.816
190.506
181.892
13.178
12.998
13.022
13.142
13.495999999999999
14.13
15.99
16.09
15.834
15.716000000000001
15.528
15.209999999999999
14.916
13.876
13.694
13.498
13.712
15.006
16.102
16.368
16.614
15.986
15.388
14.696000000000002
18.942
18.684
18.718
18.898
19.398
20.32
22.988
23.128
22.758000000000003
22.594
22.318
21.86
21.439999999999998
19.948
19.686
19.404
19.714000000000002
21.567999999999998
23.148
23.529999999999998
23.884
22.976
22.122
21.124
5.886
5.86
6.128
6.108
6.848
7.982
8.078
8.566
8.014
8.114
7.7780000000000005
6.4079999999999995
5.734
5.178
5.3
5.46
5.602
6.140000000000001
7.566
7.981999999999999
7.47
7.22
6.234
5.8340000000000005
