0.0
112.09777766
106.421770992
101.80582228
100.115096876
98.18283926800001
100.598161272
101.94000684000001
106.58279244799999
113.57380776
122.12136398
127.58267536
133.72832806
139.21647633999999
143.4969637
144.91931993999998
148.03240166
149.24006266
149.95124076
147.41515268
142.59792716
140.55832188
134.17113706
127.90471834
118.5788917
0.0
111.9635931
107.29397060000001
104.247981192
102.382815872
101.57770854399999
102.43648968400001
103.60389532800001
106.327841796
112.8492112
118.86067926000001
123.71816018
127.94497368
131.11172919999998
134.57369072
137.21712646
139.176221
140.81327254
141.43052151999999
139.76663299999998
136.2241608
133.7954203
130.70917554
123.55713874
115.39871774000001
0.0
199.03595117999998
196.00338022
193.73566124
192.05835434
191.15931782
190.72992726
190.72992726
190.72992726
193.45387368
197.31838886
200.6461659
204.5106811
207.74452884
210.9515397
213.64864932
215.56748842
217.2179585
217.39239840000002
215.95662364
213.286351
210.4818938
208.97902679999999
205.57073908
201.18290412000002
0.0
300.61365972
287.32938876000003
277.4668239
270.30136864
266.79915178
267.08093934
268.35569256
274.74287746
294.03861648000003
315.45447156
335.3272043
352.81145186
366.1493967
375.8106847
381.67454974
385.19018506
387.22979033999997
385.99529246
378.53463112
367.33022072
361.42610032000005
351.99292607999996
335.21985664
315.28003166
0.0
41.10072936
38.725662723999996
36.994681956
35.787020958
35.062424358
34.955076714
35.035587446
35.344211922
37.933973844
41.181240093999996
44.535853976
47.622098752
50.292371408
52.53325349
54.250815802
55.364547611999996
55.90128583
55.619498264
54.11663124
51.902586076
50.89620191
49.715377824
47.085360534
43.851512742000004
0.0
719.55126056
676.02179076
644.87755538
624.60226906
615.97420214
619.47641902
632.13002262
656.90049156
706.7634724000001
762.19511228
811.2529858800001
854.1249512
889.02635416
913.56870932
931.53602136
947.89311864
960.6943252799999
964.57225904
949.19470884
920.03640492
899.82821084
872.50823532
817.10343244
751.6750430999999
0.0
50.560740524
47.501332651999995
45.3141244
43.891768115999994
43.287937612
43.52946981
44.415087878
46.1594871
49.661704002
53.566474566
57.015017637999996
60.020751688000004
62.476329050000004
64.193891362
65.46864463600001
66.609213366
67.508249888
67.776618996
66.703142554
64.650118856
63.227762562
61.308923418
57.41757131
52.82845951
0.0
212.92405268000002
199.30432028
189.3209894
182.65201702000002
179.3644954
179.47184306
183.25584746
189.46859239999998
202.87362946000002
217.7815336
231.36101066
243.73282664
255.01774782
265.49756158
275.49431092
284.56518692000003
292.85779246
297.9165502
296.66863378
288.59072354
281.38501294
271.36142664
252.54875196
230.810854
0.0
239.02294878
226.93292028
217.08377394000001
213.48762786
209.3547435
214.50743044
217.37897994000002
227.2683817
242.16286732
260.41196688
272.04576786
285.15559892
296.8564922
305.99446042
309.01361294000003
315.64232998
318.24551030000003
319.74837737999997
314.34073978
304.07562124000003
299.71462318
286.0948908
272.73010906
252.85737641999998
0.0
1277.2893658
1200.0258986000001
1144.728443
1108.740145
1093.4296876
1099.6290138
1122.1049268
1166.0772058
1254.5987574
1352.9828736
1440.0552318
1516.1781302
1578.131139
1621.687446
1653.5965328
1682.6340705999999
1705.3380975999999
1712.2351842
1684.9286268
1633.1736435999999
1597.2926936
1548.8118138
1450.4545348000001
1334.3043831999998
0.0
53.834843676
50.587577436
48.252766166
46.736480692
46.092394824
46.347345476
47.300055822
49.151802688
52.882133332
57.028436094
60.705092916
63.912103798
66.515284178
68.35361258
69.70887659600001
70.929956048
71.882666392
72.17787242
71.023885236
68.836676984
67.333809958
65.28078626
61.134483498
56.250165677999995
0.0
482.50082476
475.16092951999997
469.67278124
465.60698920000004
463.40636254000003
462.359723
462.37314144000004
462.359723
468.96160314
478.32768504
486.40559528
495.78509571999996
503.6080553
511.39075954
517.9255474400001
522.5817515
526.59386968
527.0098418
523.50762492
517.0533478
510.25019086
506.60037092
498.32118388
487.69376704
0.0
945.49121516
888.30175752
847.3754682
820.7264154
809.4012388399999
813.9903506400001
830.62923552
863.1689904
928.6913087199999
1001.52668552
1065.98894604
1122.3330408000002
1168.1839032
1200.4284519999999
1224.044934
1245.5412998000002
1262.3546246
1267.4536378
1247.2454438
1208.9223345999999
1182.3672112
1146.4862606
1073.677721
987.69225788
0.0
102.7316957
101.161736408
99.994330784
99.135549624
98.665903684
98.43778992
98.43778992
98.43778992
99.846727776
101.84607764399999
103.563639964
105.562989832
107.22687832
108.87734836
110.2728677
111.26583344000001
112.1111961
112.20512532000001
111.45369178
110.08500934
108.63581614
107.85754573599999
106.099728052
103.832009064
0.0
54.438674178
50.963294188
48.41378763
46.709643782
45.864281082
45.891117992
46.857246792
48.454042996
51.875749166
55.686590542000005
59.161970532
62.315307583999996
65.213693984
67.88396664
70.44689165199999
72.76828446
74.888400434
76.176572172
75.854529234
73.78808708
71.94975867
69.386833664
64.58302657
59.014367522
0.0
10.3053738632
9.875983286
9.5941957196
9.419755798
9.3392450652
9.419755798
9.527103442800001
9.7820540972
10.385884598
10.936041278
11.378850308
11.767985516000001
12.063191544
12.385234474
12.626766672
12.8012066
12.94880961
13.015901888
12.854880421999999
12.532837484
12.304723742
12.022936176
11.365431852
10.6139983424
0.0
223.77958322
209.4755096
198.96885894000002
191.96442514
188.51588206
188.62322972
192.59509256
199.14329884
213.21925876
228.8920148
243.15583308
256.15831648
268.03364966
279.0367832
289.54343388
299.08395584
307.79253342
313.11966034
311.8046517
303.31076934
295.74276033999996
285.20927278
265.43046926
242.59225796
0.0
142.31613962
134.09062638
128.11941358
123.91943706
121.41018586000001
121.061306
121.3296751
122.37631464
131.38009832
142.61134562
154.20489124
164.8859818
174.17155304
181.92742038
187.8449593
191.69605602
193.60147668
192.58167412
187.4021502
179.74021216
176.23799522
172.17220315999998
163.06107184
151.8566615
0.0
95.646751172
90.118347496
86.106229284
83.28835362
81.611046672
81.36951446
81.543954384
82.255132536
88.306856
95.84802802
103.64415069200001
110.82302444
117.06260626
122.26896698
126.25424826
128.84401022
130.11876346
129.43442224
125.95904226
120.80635532000001
118.44470713999999
115.72076072
109.60194492000001
102.06077293199999
0.0
578.88559094
543.87684046
518.81116544
502.49432352
495.55698204
498.37485768
508.55946544
528.4858719599999
568.60705406
613.19658184
652.6602596
687.15910886
715.23051786
734.9824844
749.4341611
762.59766596
772.8896213200001
776.0161214799999
763.6443055
740.1754267599999
723.92567708
701.94624688
657.37013754
604.7295363999999
0.0
166.52303344
159.92115330000001
155.25153070000002
151.73589539999998
150.31353908
150.30012064000002
151.57487394
154.75504790000002
162.20229072
169.35432752
175.701257
181.56512206000002
187.9925623
194.48709477999998
200.33754138
205.42313608
209.83780792
212.09210846
209.94515558
204.36307808
199.49217869999998
195.38613132
185.08075743999999
173.35302726
0.0
110.63516602
106.23391262000001
103.14766782800001
100.799438112
99.860146224
99.846727776
100.692090468
102.81220644800001
107.76361654
112.50033132
116.72714481999999
120.61849698
124.88556584
129.20630854
133.09766062
136.47911146
139.40433476
140.90720176
139.48484544000002
135.76793326
132.53408552
129.810139
122.96672663999999
115.15718552
0.0
180.46480872
168.92493696
160.45789152
154.8087217
152.01768296
152.11161216
155.31862302000002
160.59207606
171.94408948
184.58427456
196.08389098
206.57712320000002
216.14448206
225.02749962000001
233.50796352
241.19673854
248.2145908
252.50849662
251.44843864
244.60502628
238.48621056000002
229.99232813999998
214.05120298
195.62766352
0.0
188.95869108
176.8820811
168.01248198
162.09494306
159.1831382
159.27706742
162.63168128
168.14666653999998
180.04883662
193.27943378
205.31578842
216.30550352
226.32908982
235.6280795
244.49767862000002
252.54875196
259.90206556
264.39724818
263.2835164
256.11806114
249.7174578
240.83444022
224.14188153999999
204.84614244
0.0
260.7474283
245.66508426000001
234.74246141999998
227.04026794
222.45115612
221.82048876
222.30355312
224.2223923
240.70025568
261.28416652
282.53900014
302.10310828
319.1042915
333.31443590000003
344.16996644
351.22807409999996
354.70345408
352.8517072
343.35144066000004
329.31573616000003
322.88829599999997
315.4410531
298.76191286
278.21825744
0.0
403.25142625999996
397.11919209999996
392.53008028
389.135211
387.29688258
386.42468302000003
386.42468302000003
386.42468302000003
391.92624974
399.76262786
406.512111
414.34848902
420.89669527999996
427.40464629999997
432.85253924
436.74389132
440.09850517999996
440.44738504000003
437.52216174
432.1279426
426.43851744
423.39252804
416.48202344000003
407.59900588
0.0
1233.4110156000002
1158.804403
1105.4123688
1070.64515012
1055.8714306
1061.85606164
1083.567123
1126.0096976
1211.4986784
1306.501343
1390.5948038000001
1464.1011034
1523.9205786
1565.9740184
1596.7962108
1624.8273642
1646.7531205999999
1653.4086748
1627.0548282
1577.071081
1542.4246286
1495.6076376
1400.6318085999999
1288.4669386
0.0
67.454576058
64.770884954
62.878882722
61.456526428
60.879532843999996
60.879532843999996
61.389434152
62.677605882
65.69675838799999
68.59514478599999
71.171488246
73.546554882
76.136316806
78.76633408400001
81.141400724
83.207842872
84.99249747200001
85.90495244399999
85.032752836
82.778452296
80.805939344
79.142050856
74.968911168
70.205359446
0.0
1324.2673786
1239.596924
1177.4828934
1136.0467024
1115.583558
1116.2410618
1139.7770328000001
1178.4624403999999
1261.8178865999998
1354.5394144
1438.9549178
1515.8963426
1586.1285386
1651.3019774
1713.4965188
1769.9345426
1821.4748306000001
1852.9545276
1845.1986596
1794.9599622
1750.1154842
1687.7867574
1570.8046626
1435.5868858
0.0
217.79495205999999
209.1534667
203.06148788
198.45895762
196.5937923
196.58037386
198.23084386
202.40398356
212.14578224000002
221.48502734
229.79105134
237.46640792
245.86636106
254.36024348
262.02218153999996
268.67773554
274.43425294
277.39973166000004
274.58185594
267.29563458
260.90844976
255.5410675
242.0689382
226.71822504
0.0
44.20039259
41.650886034
39.785720712
38.484130526
37.705860101999995
37.598512458
37.679023192
38.014484578
40.805523332
44.294321778000004
47.890467868
51.218244842
54.089794328
56.505116332
58.343444744
59.537687286
60.128099332000005
59.819474850000006
58.209260188
55.820775096000006
54.733880198
53.472545378
50.641251258
47.165871265999996
0.0
352.30155054
331.91891655999996
317.15861542
306.75931242
300.55998594
299.6877863
300.34529062
302.93505258
325.20968876
353.01272866
381.72822354
408.17599944
431.13497692
450.35020526
465.00315874
474.53026218
479.24014002
476.73088884
463.90284532
444.9291492
436.24740843999996
426.19698522
403.65397992
375.90461382
0.0
338.06456916
316.4474373
300.60024128000003
290.01307986
284.79330067999996
284.95432212000003
290.96579018
300.8417735
322.12344402
345.79359962
367.34363924
386.98825812
404.91531477999996
421.55419961999996
437.42823254
451.8396538
464.98974028
473.0273951
471.05488214
458.22683862
446.78089608
430.86660782
400.99712574
366.48485804
0.0
263.00172884
252.5621704
245.19543828000002
239.64019768
237.3993156
237.37247870000002
239.38524702
244.4037494
256.17173494
267.4566561
277.49366080000004
286.75239512
296.89674754
307.16186608000004
316.39376344
324.43141834
331.3955968
334.97832442000004
331.58345514
322.76752988
315.06533634
308.5842223
292.30763572
273.7767486
0.0
100.651835104
96.465276968
93.714493584
92.037186636
91.312590036
92.090860468
93.1375
95.579658892
101.443523984
106.851161568
111.2255781
115.02300096
117.86771358
120.98079522
123.35586186
125.1136796
126.5897097
127.13986636
125.65041782
122.4568254
120.28303556
117.49199682
111.0779751
103.738079868
0.0
25.843945390000002
24.180056908
22.972395902
22.167288568
21.764734906
21.77815336
22.234380853999998
22.999232814
24.622865937999997
26.434357438
28.071409018
29.574276034
30.942958506
32.21771178
33.438791232
34.539104594
35.54548876
36.149319256
36.001716246
35.022168990000004
34.14996938
32.928889926000004
30.647752478
28.00431674
0.0
306.16890032
287.63801322
274.3939976
265.76593068
262.08927386
263.5787224
268.9595231
279.50642918
300.72100738
324.31065222
345.17635064
363.42545018000004
378.26626202
388.71923888000003
396.36775855999997
403.3185185
408.76641152
410.41688151999995
403.86867524
391.4700223
382.86879228000004
371.24840976
347.67218338
319.82888806
0.0
62.59709515
58.974112156000004
56.357513322
54.505766455999996
53.405453102
53.244431628
53.365197736
53.821425219999995
57.779869606
62.717861248000006
67.830292818
72.526752262
76.605962746
80.014250464
82.61743084
84.321574684
85.153518928
84.710709904
82.42957246
79.061540108
77.518417732
75.72034468
71.721644928
66.797071742
0.0
216.82882328
207.23462752
200.13626458
194.95674076
192.43407104
192.6353479
193.56122134
198.16375162
212.07869
227.53675082
241.86766132
254.48100952
264.08862372
271.06622062
275.29303414
277.82912222
279.30515232
278.40611578
273.02531516
264.94740492
260.68033598
253.87717906
241.78715064
227.40256626
0.0
113.1175803
106.274167984
101.376431696
98.19625773599999
96.84099372
97.37773194
99.377081828
103.26843391999999
111.104812
119.8268081
127.52900158
134.27848472
139.76663299999998
143.61772982
146.4490239
149.01194888
151.02471728
151.64196618
149.21322576
144.63753238
141.45735842
137.16345268
128.45487500000002
118.16291958
0.0
52.170955186
50.091094576
48.64190138
47.528169564
47.085360534
47.085360534
47.487914198
48.480879908000006
50.815691178
53.056573252
55.042504674
56.880833084
58.893601415999996
60.919788212
62.758116621999996
64.354912828
65.737013754
66.448191892
65.763850664
64.01945144199999
62.489747506
61.201575776
57.981146437999996
54.304489624
0.0
314.74329344
295.70250500000003
282.08277262
273.2131735
269.429169
270.95887296
276.50069512
287.32938876000003
309.1477975
333.39494665999996
354.85105708
373.61005796
388.8668419
399.60160632
407.46482132
414.61685812
420.21235406
421.91649794
415.19385168
402.43290049999996
393.59013826
381.64771284
357.41398206
328.79241638
0.0
56.545371698000004
52.935807154
50.278952952
48.507716818
47.635517208
47.662354126000004
48.668738292
50.319208318
53.875099042
57.833543428
61.443107974
64.730629588
67.722945174
70.51398393000001
73.17083813
75.57274167
77.77336838400001
79.11521394
78.793171008
76.646218114
74.72737897
72.070524768
67.06544085
61.295504964
0.0
10.6810906204
10.1309339416
9.701543364399999
9.5405218968
9.3526635192
9.5807772656
9.7149618204
10.1443523984
10.815275176
11.633800961999999
12.143702275999999
12.734114316000001
13.257434086
13.659987747999999
13.79417231
14.102796786
14.21014443
14.277236706
14.035704508
13.579477016
13.39161864
12.77436969
12.183957642000001
11.298339576
0.0
196.86216142
184.27565012
175.04375267999998
168.88468162
165.83869214
165.93262134
169.43483828
175.19135568000002
187.57659018
201.35734402
213.90359998
225.34954252
235.78910095999998
245.47722584
254.72254172
263.1090765
270.77101462
275.45405558
274.30006837999997
266.82598868
260.17043466
250.89828188
233.50796352
213.4071171
0.0
102.4633266
96.532369248
92.238463476
89.219310972
87.407819476
87.152868816
87.354145644
88.10557915199999
94.586693192
102.66460344000001
111.02430122
118.71307623999999
125.3820487
130.97754464
135.23119504
138.00881534
139.37749778
138.63948278
134.90915214
129.39416690000002
126.87149726
123.94627396
117.39806759999999
109.32015736
0.0
910.95211052
852.7160135199999
809.99165092
781.47743292
767.401473
767.8577004800001
784.04035788
810.64915528
867.9996343600001
931.7775536400001
989.8392108400001
1042.77501784
1091.0948762
1135.9125178
1178.703973
1217.5235644
1252.9885422
1274.6325112
1269.3053848
1234.7394432
1203.8904135999999
1161.0184484
1080.54797024
987.53123632
0.0
28.098245927999997
26.98451412
26.192825239999998
25.602413192
25.360880994
25.360880994
25.575576282
26.112314508
27.373649326
28.581310324
29.654786768
30.634334022
31.721228928
32.821542282
33.801089538
34.659870694
35.411304206000004
35.787020958
35.424722662
34.485430774
33.666904984
32.969145292
31.238164526000002
29.252233104
0.0
191.44110536
180.35746106
172.3332247
166.68405488
163.3160225
162.8463766
163.20867492
164.6176127
176.72105964
191.83024058
207.4359044
221.80707031999998
234.27281552
244.71237394000002
252.68293652
257.86246034
260.41196688
259.05670288
252.07910598
241.7737321
237.05043582000002
231.58912434
219.33807448
204.26914888
0.0
907.1815246399999
893.3873522
883.0551415599999
875.42004016
871.27373744
869.31464308
869.34147996
869.32806152
881.71329588
899.33172812
914.52141972
932.1532704
946.8867346000001
961.51285108
973.7773194
982.5395708
990.08074284
990.8724316800001
984.2839701199999
972.1536864
959.35247968
952.49564888
936.94365896
916.95016028
0.0
245.03441684
230.86452778
220.59940926
213.36686176
209.0595375
208.45570704
208.9119345
210.71000756
226.20832372
245.54431816
265.51098002
283.90768258
299.87564472
313.24042643999996
323.43845266
330.0671697
333.34127286
331.59687357999996
322.66018222
309.4698404
303.43153536
296.44052009999996
280.76776396
261.45860641999997
0.0
314.23339212
294.14596414
279.41249998
269.57677208
264.71929114
264.86689416
270.4623901
279.64061374
299.41941718
321.41226582
341.44602
359.708538
376.3742598
391.83232062
406.59262168
419.9842403
432.2218718
439.68253306
437.84420464
425.92861611999996
415.2877809
400.48722442
372.73785829999997
340.65433112
0.0
537.71776932
529.54592996
523.42711416
518.89167622
516.4360988
515.28211168
515.29553014
515.28211168
522.63542528
533.07498372
542.06534894
552.51832582
561.2537403800001
569.9220627
577.19486562
582.38780788
586.8561536
587.3257995
583.4210289800001
576.2421552
568.6473094
564.58151734
555.36303842
543.51454214
0.0
102.31572358400001
97.149618204
92.922804704
91.393100764
89.608446184
91.82249134
93.056989252
97.283802744
103.65756913999999
111.48052876
116.45877572
122.06769018
127.07277404
130.97754464
132.27913483999998
135.12384738
136.2241608
136.86824668
134.56027228
130.17243732
128.29385356
122.47024386000001
116.74056328
108.23326248
0.0
411.12805964
386.26366156
368.45737102000004
356.87724384
351.95267066
353.93860207999995
361.1845681
375.32762026
403.82841981999997
435.49597497999997
463.51371012
488.01581002
507.95563489999995
521.97792096
532.25645794
541.59570304
548.9087613
551.12280648
542.33371804
525.6814147
514.12812448
498.52246068
466.86832405999996
429.48450684
0.0
143.83242506000002
134.64078304
127.8912999
123.38269884
121.16865365999999
121.23574588
123.79867094
127.99864747999999
137.05610502
147.11994668
156.2847518
164.6444496
172.27955082
179.35107694
186.11397853999998
192.23279424
197.84170863999998
201.24999636
200.41805214000001
194.95674076
190.08584138
183.30952134
170.60224386
155.92245356
0.0
587.80886394
561.83073402
542.5484133599999
528.53954576
521.6961334
522.23287162
524.74212282
537.2347049800001
574.95398352
616.83298326
655.69283056
689.8964738000001
715.9416959600001
734.84829984
746.33449782
753.19132862
757.1766099
754.76128792
740.1754267599999
718.26308882
706.7097986
688.27284062
655.4647168
616.48410348
0.0
556.39625944
533.23600516
518.04631354
508.80099766
504.7888794
509.05594831999997
514.89297648
528.39194276
560.79751292
590.70725034
614.8470518400001
635.83351636
651.60020162
668.7758247400001
681.9124927
691.6274545599999
699.79929394
702.87212032
694.59293322
676.96108264
664.9247280000001
649.54717796
614.04194452
573.4913718800001
0.0
1733.1679742000001
1706.8275462000001
1687.0889978
1672.4763
1664.5728298
1660.8290806
1660.8693358
1660.855918
1684.5260733999999
1718.1795591999999
1747.1902605999999
1780.8840022
1809.0225036
1836.973147
1860.4151886
1877.1480024
1891.5460057999999
1893.0622908
1880.4757794
1857.3155254
1832.8402622
1819.7304316
1790.0353894
1751.8464646
0.0
340.94953712
320.32537093999997
305.56506988
295.95745566
291.86482672
293.52871524
299.52676484
311.25449502
334.8843952
361.14431276
384.39849618
404.71403792
421.24557516000004
432.87937611999996
441.38667692
449.14254426
455.20768618
457.0460146
449.75979315999996
435.93878398
426.35800675999997
413.42261557999996
387.16269802
356.16606572
0.0
645.7765919
604.48800418
574.20255
553.9943559
544.01102502
544.33306792
555.80584744
574.67219598
615.3166978200001
660.53689306
701.7047146799999
739.22271636
773.4800334
805.2549361199999
835.58064572
863.101898
888.23466532
903.58537856
899.80137396
875.2992741200001
853.44061016
823.0478081599999
765.99253524
700.0676630400001
0.0
488.55254824
466.96225318
450.94061726
439.29339784
433.61739114
434.06020022
436.14006086
446.52594541999997
477.8714576
512.67893128
544.9771538
573.41086112
595.0682484
610.78125986
620.3217817599999
626.0246253600001
629.33898388
627.32621556
615.20935016
596.9870875
587.39289182
572.06901556
544.8027139
512.39714374
0.0
576.41659518
541.54202916
516.59712034
500.34737065999997
493.43686606
496.24132325999994
506.3856756
526.21815292
566.1648951000001
610.5665645600001
649.86922086
684.2204671000001
712.17111
731.82914734
746.22715016
759.33698122
769.57526284
772.68834456
760.37020232
737.00867124
720.8260138
698.94051282
654.55226182
602.13977444
0.0
597.8995424799999
559.67036262
531.6257905
512.9204635
503.67514762
503.98377206000004
514.61118892
532.0685996
569.7073673799999
611.57294874
649.68136252
684.4217439
716.1295544
745.55622738
773.64105484
799.12270196
822.3903038
836.60044832
833.0982314
810.42104152
790.1725920399999
762.0206724000001
709.20563128
648.165077
0.0
89.849978368
84.657036092
80.886450072
78.243014332
76.659636568
76.43152282599999
76.605962746
77.26346708
82.939473772
90.03783675999999
97.364313492
104.100378164
109.96424324
114.86197952
118.59231014
121.0344691
122.22871164
121.58462576000001
118.31052258
113.47987862
111.26583344000001
108.70290846
102.946390988
95.874864916
0.0
14.988414852
14.398002806
13.968612232
13.659987747999999
13.525803194
13.525803194
13.646569293999999
13.928356866
14.599279637999999
15.243365506
15.806940642
16.34367886
16.920672451999998
17.497666044
18.034404262
18.490631754
18.879766961999998
19.09446225
18.893185418
18.396702557999998
17.953893528
17.591595232
16.652303344
15.605663812
0.0
1050.39670052
1003.9822629600001
969.5370874
944.484831
932.27403644
933.24016528
937.70851092
960.02340248
1027.43772324
1102.2724498
1171.712957
1232.8340226
1279.3960632
1313.1703158
1333.6871346
1345.938184
1353.0768022
1348.7560594
1322.697419
1283.5423658000002
1262.8913624
1229.9356362
1171.3238222
1101.668619
0.0
1476.6205226
1411.3665738
1362.9527862
1327.72934
1310.5671356
1311.908981
1318.2022368
1349.5745858
1444.3357186
1549.5498284
1647.1556742
1733.0740455999999
1798.5292718
1846.017186
1874.853447
1892.0961622
1902.1197484
1896.0411880000001
1859.4088042
1804.352881
1775.328762
1729.0216716
1646.6055176
1548.691048
0.0
991.7983052
947.96021104
915.44729304
891.79055608
880.2641026800001
881.1631391200001
885.38995268
906.4569278
970.1006626000001
1040.77566808
1106.3382416
1164.0376006
1208.0098796
1239.9055488000001
1259.26838
1270.8485071999999
1277.5845712
1273.505361
1248.8959134
1211.9280682
1192.4310524
1161.3136546
1105.9625252
1040.19867436
0.0
348.08815548
334.2671463
324.52534754
317.17203386
314.19313678
314.16629988
316.82315408
323.46528956000003
339.04411648
353.97885752
367.26312848
379.51417842
392.9460524
406.52552944
418.74974242
429.39057772
438.59563818
443.332353
438.8371704
427.17653252
416.99192476
408.4041132
386.88091046
362.3385553
0.0
186.94592276
176.13064756
168.29426954000002
162.77928427999998
159.49176274
159.0355352
159.38441508
160.75309751999998
172.57475682
187.32163952
202.56500502
216.60070952
228.78466714
238.96927492
246.75197914
251.81073688
254.30656962
252.97814252
246.16156714000002
236.09772548
231.49519522
226.15464986
214.19880598
199.47876026
0.0
267.778699
252.29380129999998
241.062554
233.15908366
228.44920580000002
227.79170148
228.28818428
230.26069724
247.19478816
268.31543722
290.14726440000004
310.24811082
327.69210306
342.30480112
353.44211922
360.68808522
364.27081286000004
362.35197376
352.610175
338.18533528
331.58345514
323.94835398000004
306.81298619999995
285.71917412
0.0
362.13727844
341.19106933999996
326.01479608
315.33370544
308.95993908
308.06090254000003
308.74524384
311.40209802
334.30740164
362.87529352
392.39589572
419.58168664000004
443.17133156
462.9232981
477.9922237
487.78769624
492.63175874
490.05541522
476.86507339999997
457.35463905999995
448.43136608000003
438.0991553
414.92548258
386.41126456
0.0
48.427206086
46.508366942
45.153102934
44.119881858
43.717328186
43.703909732
44.079626491999996
45.005499926
47.165871265999996
49.245731875999994
51.097478742
52.801622598
54.666787920000004
56.558790154
58.262934009999995
59.738964116
61.027135853999994
61.684640172
61.053972766
59.430339642
58.00798335
56.813740808
53.821425219999995
50.413137506
0.0
18.571142488000003
17.80629052
17.296389204
16.98776473
16.853580174
17.001183184
17.18904156
17.645269054
18.718745496
19.725129662
20.530236998
21.227996688
21.751316449999997
22.328310042
22.771119072
23.093162002
23.361531118
23.468878762000003
23.187091198
22.59667915
22.194125488
21.684224172
20.503400086000003
19.14813607
0.0
479.709786
450.69908512
429.92731593999997
416.41493112
410.65841374
412.99322502
421.4334335
437.93813386
471.18906668
508.14349333999996
540.8442695
569.43899828
592.69318176
609.06369756
621.04637832
631.9421642
640.47630198
643.06606392
632.8143638399999
613.37102174
599.89889236
581.69004822
544.7490400199999
501.12564108000004
0.0
60.356213074
57.954309528
56.263584134
54.988830852
54.478929544
54.46551109
54.93515703
56.089144206
58.786253772
61.376015696
63.670571592
65.80410603
68.125498838
70.487147018
72.607262994
74.445591406
76.042387618
76.860913392
76.082642984
74.069874654
72.29863852
70.80918995
67.078859306
62.8252089
0.0
156.01638268
146.58320845999998
139.82030688
135.43247192
133.55388808
134.31874006
137.05610502
142.43690572
153.23876238
165.26169858
175.90253388
185.20152353999998
192.76953246
198.08324084
201.98801146
205.53048366
208.30810395999998
209.14004826000001
205.8122713
199.49217869999998
195.10434376
189.18680484
177.16386866
162.98056114
0.0
147.81770634
138.35769522
131.4337721
126.80440494
124.52326751999999
124.59035982
127.22037712
131.54111976000002
140.84010952
151.18573874
160.61891296
169.20672452
177.04310254
184.31590545999998
191.25324702
197.55992108
203.31643854
206.83207386
205.9598743
200.35095982
195.34587598
188.39511596
175.32554024
160.2431962
0.0
83.15416906
78.350361976
74.861563524
72.405986162
70.943374504
70.742097672
70.889700682
71.50694964
76.766984216
83.328608984
90.104929048
96.344510856
101.765566916
106.30100488000001
109.76296644
112.00384851999999
113.1175803
112.5271683
109.49459734
105.026251604
102.973227904
100.598161272
95.27103442800001
88.722828108
0.0
585.79609562
556.1949826399999
532.02834418
523.2392558199999
513.08148494
525.72167012
532.76635926
557.00008998
593.52512598
638.23541988
666.73621944
698.88683896
727.54866004
749.94406234
757.3376313599999
773.60079944
779.97456588
783.6646411199999
770.407207
745.26102138
734.55309384
701.16797646
668.41352642
619.71795122
0.0
661.47618494
621.46235044
592.82736632
574.18913154
566.2588243
569.47925362
581.11305458
603.8841736400001
649.7350363
700.68491202
745.7709227
785.1943450399999
817.27787224
839.83429616
856.36583344
871.3945034799999
883.16248908
886.73179828
872.58874616
845.77867188
827.20752944
802.1015990799999
751.16514186
691.0102055799999
0.0
1169.5257488
1094.7581144
1039.90346832
1003.2979216399999
985.22326208
985.81367396
1006.59886168
1040.74883112
1114.375897
1196.2553124
1270.8082512
1338.7593106
1400.7928304
1458.3445864
1513.2663249999998
1563.115887
1608.6312882
1636.4343284
1629.5774976
1585.2160838
1545.6182212
1490.5622982
1387.253609
1267.8427726
0.0
1355.7739119999999
1295.8605082000001
1251.405165
1219.0666866
1203.300002
1204.5479182
1210.3178538
1239.1272784
1326.1191256
1422.7185868000001
1512.3404515999998
1591.2409706
1651.3288138
1694.9387944
1721.4134076
1737.2337666
1746.4388273999998
1740.8567498
1707.2300996000001
1656.6827782
1630.0337254
1587.5106392
1511.8439686000002
1421.9403164
0.0
105.64350056
99.538103292
95.110012952
91.983512816
90.131765944
89.876815284
90.06467365600001
90.842944088
97.52533494800001
105.858195848
114.47284429999999
122.40315154
129.28681924
135.0433367
139.4445901
142.30272116
143.71165893999998
142.9602255
139.10912868
133.41970351999998
130.8165232
127.81078914
121.04788754
112.7284451
0.0
1522.5921515999999
1455.298597
1405.3685234
1369.058183
1351.3592406
1352.7547597999999
1359.2224548
1391.5877696
1489.2875448
1597.775758
1698.4275932
1787.0162369999998
1854.5110684
1903.4750126
1933.2103098
1950.9897632
1961.321974
1955.0555556
1917.2826028
1860.5225358
1830.5859618
1782.8296788
1697.864018
1596.8901402
0.0
2.1737897994
2.0396052442
1.9456760553999999
1.8785837774
1.8517468666
1.8651653220000002
1.9054206882
1.9859314218000002
2.1335344332
2.2945558992
2.4421589106000003
2.5763434658
2.6836911102000003
2.7507833882
2.8044572106000003
2.8581310324
2.8983863996
2.9118048549999997
2.8581310324
2.777620299
2.7105280218
2.6300172884
2.4689958216
2.2677189884
0.0
119.20955912
111.58787634
105.992380408
102.262049752
100.42372136
100.47739518
102.59751116
106.08630958399999
113.58722628000001
121.93350563999999
129.52835144
136.46569294
142.78578552
148.64965064
154.24514658
159.33074119999998
163.97352682
166.80482098
166.10706131999999
161.58504174
157.54608666000001
151.93717218
141.40368462
129.23314544000002
0.0
2036.4519068
1946.4677436
1879.6840904
1831.1092818000002
1807.4391264
1809.3042911999999
1817.9591954
1861.2471326
1991.9294712
2137.023231
2271.6371776
2390.1355584
2480.4149276000003
2545.8969904
2585.6692924
2609.4333774
2623.2678048000002
2614.8812704
2564.3607854
2488.4391636
2448.4119104
2384.5400622
2270.8857436
2135.8424072
0.0
412.72485592
394.47575636
380.9499531
371.10080676
366.31041814
366.68613492
368.44395256
377.20620402000003
403.69423528
433.1074899
460.38721002
484.40624542
502.6956004
515.9664529
524.0309447
528.8481702
531.6526274
529.94848362
519.71020198
504.3192335
496.21448635999997
483.26567674
460.22618855999997
432.86595768
0.0
453.2620101
424.29156456
403.0233125
388.84000499999996
381.8355712
382.06368496
390.1147583
403.35877392
431.88641038000003
463.62105778
492.52441108
518.85142086
542.89729316
565.19876632
586.49385528
605.8030128400001
623.4482818600001
634.2233017
631.56644752
614.37740594
599.0266928
577.6913483999999
537.6506770799999
491.37042388000003
0.0
128.58905956
122.91305286
118.6996578
115.62683150000001
114.13738296
114.24473062
114.79488728
117.53225216
125.78460236000001
134.94940748
143.44328984
150.93078806
156.63363167999998
160.76651596
163.27576716000002
164.77863414
165.65083378
165.11409558
161.9339216
157.13011454
154.6074449
150.56848974
143.40303450000002
134.86889671999998
0.0
87.595677848
82.29538790000001
78.497964984
76.028969164
74.982329622
75.41172020399999
76.954842596
79.960576632
86.039137004
92.788620144
98.75983286
103.97961207200001
108.21984404
111.21215966
113.39936786
115.38529928
116.94184014
117.42490458
115.54632074
112.00384851999999
109.53485268
106.207075704
99.471011004
91.500448408
0.0
126.46894358
121.43702276
117.90796892
115.22427784
114.15080139999999
114.13738296
115.10351172
117.5188337
123.18142196
128.60247802
133.43312204
137.88804924000002
142.75894862
147.69694024
152.13844906
156.00296424
159.34415966
161.07514042
159.43808886
155.19785692
151.49436318
148.38128153999997
140.55832188
131.63504898
0.0
142.1014443
135.82160714
131.165403
127.78395224
126.12006372
126.25424826
126.8580788
129.87723132
139.0017811
149.11929654
158.51221544
166.79140253999998
173.08465816
177.66035152
180.43797182
182.08844181999999
183.05457067999998
182.47757704
178.94852328
173.64823334
170.85719452
166.40226732
158.47196008
149.03878577999998
0.0
811.77630556
775.89535552
749.28655802
729.92372668
720.477134
721.22856746
724.67711052
741.93324442
794.0236889199999
851.8572322800001
905.51763604
952.76401804
988.7388974400001
1014.85121192
1030.69840788
1040.17183748
1045.68682268
1042.3456272399999
1022.20452544
991.9459082
975.9913645600001
950.523136
905.22243
851.38758636
0.0
404.2041366
379.75571056
362.25804454
350.86577578000004
346.0217133
347.99422628
355.10600774
369.00752767999995
397.02526290000003
428.1694982
455.7175875
479.80371521999996
499.40807876
513.20225106
523.29292962
532.4845717
539.6634454
541.8506537
533.20916826
516.82523402
505.4732207
490.13592598
459.00510906
422.25195936
0.0
465.39229395999996
441.8831598
422.68134992
415.69033456
407.62584276
417.66284754
423.27176192
442.51382724
471.52452812
507.05659844
529.7069514
555.24227232
578.01339138
595.79284496
601.6701285400001
614.60551962
619.66427744
622.58950074
612.06943154
592.07593278
583.58205044
557.05376376
531.0353785
492.33655264
0.0
303.35102468
284.99457746
271.87132796000003
263.32377174
259.68737032
261.14998196
266.49052725999996
276.93008568
297.95680554
321.31833668
342.00959512000003
360.08425478000004
374.79088204
385.13651126
392.71793862000004
399.61502476000004
405.00924392
406.64629554
400.16518152
387.86045778
379.33973844
367.82670358
344.47859096
316.8902463
0.0
898.5802946
858.8750846400001
829.40815616
807.97888272
797.5259058400001
798.35785
802.18210972
821.27657204
878.93567552
942.95512708
1002.35862968
1054.65035096
1094.476327
1123.3796802000002
1140.9176016
1151.4108342
1157.516231
1153.8127378
1131.5246828
1098.0187992
1080.360112
1052.18135516
1002.02316832
942.4318072
0.0
604.9979055
568.39235874
542.21295194
525.1580949199999
517.91212898
520.85077074
531.49160596
552.31704902
594.2497226200001
640.8520187400001
682.0869326
718.1423227
747.48848502
768.1126512
783.2352506
796.9891675199999
807.73735044
811.0114536
798.0760624000001
773.56054412
756.55936092
733.60038352
687.0115058399999
631.99583808
0.0
424.26472767999996
398.5952222
380.23877498
368.28293112
363.19733642
365.25036016
372.72443986
387.32371956000003
416.72355566
449.41091338
478.32768504
503.6080553
524.19196614
538.6570612
549.25764116
558.90551064
566.44668266
568.7278201600001
559.67036262
542.4679026
530.55231408
514.45016738
481.78964664
443.19816844
0.0
160.92753742
151.61512928
144.86564614
140.12893132
137.29763724
136.89508356
137.20370802
138.38453212000002
148.55572144
161.24958038
174.3728299
186.44943988
196.94267218000002
205.71834208
212.41415144
216.76173096
218.90868392
217.76811516
211.90425012
203.23592778
199.2774834
194.67495312
184.38299778
171.71597572
0.0
1378.746308
1295.337188
1235.6518982
1196.8054688
1180.2739316
1186.9697416
1211.2303086
1258.6913864
1354.2442084
1460.4512838
1554.4341464
1636.6087686
1703.4729327999999
1750.4912004
1784.9363759999999
1816.26847
1840.7839882
1848.2312306
1818.7643022
1762.8898536000002
1724.1507724
1671.832214
1565.6653936
1440.2833448
0.0
497.42214734
475.44271716000003
459.12587516
447.2639605
441.48060614
441.9368336
444.05694956
454.6172741
486.53977984
521.97792096
554.86655556
583.8101642
605.85668662
621.85148564
631.56644752
637.37663878
640.75808952
638.70506586
626.3600867
607.81578114
598.0471454999999
582.44148168
554.67869712
521.6961334
0.0
1164.6145944
1113.1413986
1074.9524744
1047.1762714
1033.63704968
1034.71052612
1039.66193624
1064.4189866
1139.1463654
1222.1260946
1299.1077744
1366.8709747999999
1418.5051922
1455.9561016
1478.7003836000001
1492.2932792
1500.1967494
1495.4063601999999
1466.5164256
1423.094304
1400.2024188
1363.6773822
1298.6783838
1221.4551724
0.0
87.75669930400001
82.456409376
78.645567992
76.176572172
75.12993264
75.559323214
77.102445604
80.121598108
86.20015846000001
92.963060076
98.947691252
104.167470444
108.43453936
111.42685490000001
113.61406318
115.61341306
117.16995392000001
117.63959982
115.7744345
112.20512532000001
109.749548
106.421770992
99.658869384
91.674888332
0.0
724.35506764
678.04797752
644.07244804
621.4086766400001
610.20426624
610.5665645600001
623.4482818600001
644.59576782
690.20509826
740.91344176
787.0863474
829.18004232
867.59708072
903.2364986800001
937.26570188
968.1281496
996.32032488
1013.5496216399999
1009.2959714000001
981.81497424
957.29945596
923.20316048
859.210546
785.248019
0.0
823.0880634800001
773.29217496
737.66617556
714.46566586
704.60310108
708.60180082
723.09373278
751.42009252
808.46194708
871.8641496
927.9801306
977.02458568
1016.9444909599999
1045.01590008
1065.57297396
1084.291719
1098.9178356
1103.359345
1085.7677492
1052.409469
1029.28947008
998.05130548
934.67594004
859.82779484
0.0
124.29515374
118.01531658
112.88946654
111.02430122
108.8639299
111.547621
113.03706954
118.17633803999999
125.93220538
135.41905348
141.47077686
148.28735232
154.3659127
159.11604596
160.68600528000002
164.13454834
165.48981234000001
166.26808278000001
163.46362558
158.12308022000002
155.85536123999998
148.77041668
141.81965674
131.48744598
0.0
98.665903684
94.304905624
91.071057832
88.70940966
87.568840932
87.66277012799999
88.078742236
90.172021308
96.505532332
103.536803048
110.05817246
115.8012714
120.1756879
123.34244342
125.27470104
126.42868824
127.09961102
126.6836389
124.24147995999999
120.56482312
118.61914712000001
115.53290228
110.0179171
103.483129216
0.0
876.76188576
826.0535423599999
789.30039256
763.4430286200001
748.01180478
745.85143338
747.48848502
753.94276216
809.37440196
878.55995884
950.02665308
1015.84417764
1072.96654288
1120.7899186
1157.2746994000001
1180.9851098000001
1192.6994214000001
1186.4464216000001
1154.5239159999999
1107.3043708
1085.7006568
1060.6752376
1004.57267484
935.5213026399999
0.0
260.64008064
245.57115506
234.63511376
226.94633872
222.37064544
221.72655956
222.20962398
224.12846308
240.60632654
261.17681886
282.41823404
301.98234224000004
318.97010694
333.18025134
344.03578188
351.0804711
354.55585108
352.70410419999996
343.20383766
329.18155160000003
322.75411144
315.30686856
298.64114675999997
278.11090978
0.0
1612.7373356
1515.1717458
1445.3689394
1399.9206312
1380.5846364
1388.4210142
1416.8010482000002
1472.3131984000001
1584.075515
1708.3035762
1818.2544016
1914.35738
1992.5735572
2047.5758066
2087.8580102
2124.5172306
2153.1924698
2161.9010476
2127.4290356
2062.0677388
2016.7670328
1955.565457
1831.3776508
1684.7139315999998
0.0
209.77071568
197.09027518
188.00598073999998
182.08844181999999
179.57919064
180.59899328
184.28906856
191.50819760000002
206.04038498
222.20962398
236.50027914
249.00627968
259.177469
266.3295058
271.57612194
276.33967368
280.0700043
281.21057306
276.72880888
268.22150802
262.33080606
254.37366194
238.21784146
219.1367976
0.0
1163.3800962
1111.9739934
1073.82532392
1046.07595788
1032.55015472
1033.61021272
1038.56162292
1063.2918364
1137.9387044
1220.8379228
1297.7390916
1365.4351998
1417.002325
1454.4129792
1477.130424
1490.7099011999999
1498.6133714
1493.822983
1464.9598848
1421.5914366
1398.726388
1362.2281894
1297.309701
1220.1535818
0.0
1008.2627502800001
947.26245136
903.62563388
875.20534496
863.1287348799999
868.0130528
885.76566944
920.46579544
990.349112
1068.01513276
1136.744462
1196.832306
1245.729158
1280.1072414
1305.3071006
1328.225823
1346.1394606000001
1351.5873536
1330.0373142
1289.1781168
1260.8517574
1222.5957404
1144.9431384
1053.2548316
0.0
503.27259396
474.16796386
453.07415176
438.2199214
429.36374074
428.12924286
429.06853474
432.77202846
464.58718662
504.30581504
545.32603366
583.098986
615.89369138
643.3478514799999
664.28064212
677.90037452
684.62302076
681.0268746200001
662.69726436
635.6054026
623.20674964
608.8355838
576.63129042
537.00659122
0.0
37.638767826
36.149319256
35.089261268
34.29757239
33.975529458
33.975529458
34.257317022
34.981913624
36.65922057
38.282853693999996
39.718628434
41.047055537999995
42.496248734000005
43.958860392
45.28728749
46.441274664
47.434240376
47.944141689999995
47.461077286
46.199742468
45.099429113999996
44.160137224
41.83874441
39.181890216
0.0
122.9264713
117.81403972
114.45942586
112.4064022
111.5207841
112.46007598
113.76166617999999
116.74056328
123.89260008
130.50789866
135.83502558
140.47781120000002
143.95319116000002
147.7506141
150.64900052000002
152.80937184
154.6074449
155.29178611999998
153.4534577
149.56210556
146.90525136
143.51038216
135.6605856
126.69705736
0.0
9.929657108
9.5136849868
9.2453158764
9.0842944088
9.003783676
9.0842944088
9.1916420536
9.433174254
10.010167842800001
10.5469060636
10.976296644000001
11.352013398
11.633800961999999
11.942425444000001
12.170539186000001
12.344979108
12.492582118000001
12.54625594
12.39865293
12.090028454
11.875333168
11.593545594
10.96287819
10.238281587200001
0.0
14.277236706
13.686824668
13.297689452
13.056157254
12.94880961
13.056157254
13.21717872
13.552640104
14.384584349999999
15.162854774
15.780103732
16.31684195
16.71939562
17.16220465
17.497666044
17.752616698
17.953893528
18.034404262
17.819708973999997
17.376899936
17.054857006
16.665721798
15.75326682
14.720045744
0.0
4.025536666
3.8242598328
3.6498199104
3.596146088
3.5290538099999997
3.6095645434000003
3.663238366
3.8242598328
4.0792104878
4.387834966
4.575693343799999
4.8038070878
5.005083921000001
5.1526869324
5.2063607542
5.3137083984
5.3539637656
5.3808006764
5.300289943
5.125850020800001
5.0453392874
4.8172255432
4.5891117992
4.25365041
