0.0
89.07214950800001
84.562032296
80.894230118
79.550790942
78.01543189
79.934630704
81.00085227400001
84.689978888
90.244993232
97.036824604
101.376346368
106.25964118
110.62048732
114.0217341
115.15192902
117.62556302
118.5851624
119.15025982
117.13510108
113.30736568
111.68670888
106.61149424
101.632239556
94.221999672
0.0
88.965527352
85.255076316
82.834753358
81.35270539
80.712972452
81.395354254
82.322967014
84.48739678599999
89.669233596
94.445906192
98.30562826799999
101.664226196
104.18050909200001
106.9313607
109.03181722
110.58850072
111.88929096000001
112.3797529
111.05763816
108.24281324
106.31295218
103.86064261599999
98.17768167999999
91.69505456
0.0
158.15264467999998
155.74298398
153.94106952
152.6082926
151.8939241
151.55273324
151.55273324
151.55273324
153.71716296
156.78788106000002
159.43211062
162.50282872
165.07242268000002
167.62069216
169.7637975
171.28849438
172.59994692
172.7385557
171.59769864
169.47591772
167.24751462
166.05334648
163.34514372
159.85859918
0.0
238.86561716
228.31002364
220.47329514
214.77967198
211.99683374
212.22074021999998
213.23365076000002
218.30886542000002
233.64113144
250.65802764
266.44876902
280.34163601999995
290.93987836
298.61667366
303.27606185999997
306.06956238
307.69021918000004
306.70929532
300.78110338
291.87815332
287.18677844
279.6912409
266.36347132000003
250.51941886
0.0
32.658366526
30.771154358
29.395728536
28.43612913
27.860369484000003
27.775071764
27.839045056
28.084276013999997
30.142083638000003
32.722339818
35.387893732
37.840203334
39.961984242
41.742574262
43.107337866
43.992301762000004
44.418790386000005
44.194883856000004
43.000715708
41.241450126000004
40.44178395
39.503508972
37.41371471
34.844120732
0.0
571.7506519
537.16242428
512.41542176
496.30481394000003
489.44900932
492.23184756
502.28631695999997
521.96876702
561.5895603199999
605.6351732200001
644.6162336
678.6820126
706.41443552
725.9156279
740.19233466
753.1895754999999
763.36132926
766.4427095799999
754.22381044
731.0548158400001
714.9975191
693.2892480200001
649.2649596
597.2759961
0.0
40.175228556
37.744243388
36.006302242000004
34.87610738
34.39630768
34.588227556
35.291933793999995
36.678021826
39.460860108
42.563564866
45.303754282
47.692090594
49.643276052
51.008039656
52.020950144000004
52.92723847
53.641606918
53.854851238
53.00187398
51.37055499
50.240360126
48.715663292
45.623620752
41.977143002
0.0
169.18803785999998
158.36588896
150.43320058
145.13407938
142.5218366
142.60713429999998
145.6138791
150.55048496
161.20203838
173.04775996
183.83792218000002
193.668485
202.63540835999999
210.96259878
218.90594944
226.11360722
232.70285647999998
236.72251184
235.73092576
229.31227189999998
223.58666214000002
215.62198706
200.6735607
183.40077134
0.0
189.9260473
180.31939101999998
172.49332474
169.63585092
166.35188852000002
170.4461793
172.7278935
180.58594639999998
192.42100576
206.92161908
216.16576
226.58274473999998
235.88019676
243.14116562
245.54016412000001
250.80729864
252.87576846
254.06993662
249.77306376
241.6164688
238.15124866
227.32909984
216.70953302
200.91879165999998
0.0
1014.92564528
953.5326075600001
909.59361684
880.9975544
868.83196644
873.75790996
891.61712124
926.55720188
996.89583868
1075.0712034
1144.258321
1204.7450704
1253.9725198
1288.5820718
1313.9368206
1337.0098552
1355.0503246
1360.5307036
1338.8330944000002
1297.7089288
1269.1981640000001
1230.6755788
1152.5215380000002
1060.2293994
0.0
42.776809178
40.196552992
38.34132747
37.136497098
36.624710752
36.827292846
37.584310158
39.055695918000005
42.019791866
45.3144165
48.235863584
50.784133126
52.85260296
54.313326507999996
55.39021029
56.360471914
57.117489217999996
57.352057968000004
56.435107416
54.697166270000004
53.502998114
51.871679124
48.57705449
44.696007992
0.0
383.39195022
377.55971825999995
373.19887212000003
369.96822074
368.21961738
367.38796458
367.39862678
367.38796458
372.63377462
380.07600114
386.49465499999997
393.94754374
400.16361544
406.34770054
411.54019958
415.2399884
418.42799088
418.75851954
415.97568122
410.84715556
405.44141218
402.54128954
395.96270250000003
387.51822768
0.0
751.28103892
705.8386757999999
673.3189181
652.14375782
643.1448478
646.7913256
660.012473
685.86834596
737.93194494
795.8064514800001
847.02773546
891.79837896
928.23116972
953.85247396
972.61797356
989.6988430800001
1003.0585992399999
1007.11024124
991.0529444399999
960.60165652
939.5011318
910.99036704
853.13718498
784.8137071
0.0
81.629922994
80.382443764
79.454831004
78.772449202
78.399271652
78.21801398400001
78.21801398400001
78.21801398400001
79.33754663
80.926216764
82.29098036799999
83.879650494
85.201765234
86.513217764
87.62208817999999
88.411092148
89.082811724
89.15744724
88.56036316
87.47281716799999
86.321297876
85.702889368
84.306139118
82.50422468000001
0.0
43.256608878
40.495095024
38.469274053999996
37.11517267
36.443453086
36.464777514
37.232457044
38.501260699999996
41.22012569
44.248194938000005
47.009708792
49.515329468
51.818368042
53.940148958
55.976632146
57.821195456
59.505825528
60.529398228000005
60.27350505
58.631523842
57.170800299999996
55.134317114
51.317243906
46.892424418
0.0
8.188581617
7.8473907162
7.623484188
7.484875384
7.4209020902
7.484875384
7.570173109800001
7.772755206799999
8.2525549108
8.6897057532
9.0415588688
9.3507631212
9.5853318672
9.8412250424
10.0331449232
10.171753728
10.289038100399999
10.342349178400001
10.214402590399999
9.958509414
9.777251748000001
9.5533452204
9.030896653200001
8.4338125766
0.0
177.81377034
166.4478485
158.0993336
152.53365702
149.79346766
149.87876536000002
153.03478116
158.23794238
169.42260664
181.87607452
193.21000976
203.54169672
212.97775752
221.72077438
230.06928920000001
237.65012454
244.56990252
248.8028021
247.75790502
241.00872249999998
234.99523286
226.62539356
210.90928768
192.76219672
0.0
113.08345912
106.54752096
101.802834992
98.465561508
96.471727184
96.194509564
96.407753884
97.2394067
104.39375342
113.31802788
122.5301822
131.01730588
138.39555912
144.55831974
149.26035684000001
152.32041274
153.83444734
153.02411895999998
148.90850368
142.82037858
140.03754032
136.80688894
129.56724456
120.66429452
0.0
76.00027313
71.60744028799999
68.419437808
66.180372518
64.84759557
64.655675684
64.794284486
65.359381914
70.16804117400001
76.16020637
82.35495366
88.05923904
93.01716930799999
97.154108976
100.320787016
102.378594648
103.391505124
102.847732128
100.08621828
95.991927468
94.115377516
91.950947748
87.0889774
81.096812212
0.0
459.97864522
432.16092462
412.24390578000003
399.27865156
393.76628608
396.00535138000004
404.09797304
419.9313633
451.81138808
487.24193062
518.59950686
546.01206332
568.31741844
584.01219982
595.49540614
605.9550396799999
614.13295904
616.6172553
606.7866924799999
588.1384773
575.22653416
557.7618249200001
522.34194458
480.51407258
0.0
132.31809622
127.0722861
123.36183506
120.56833454
119.43813968
119.42747748000001
120.44038796
122.96733304
128.88486276
134.56782372
139.61105168
144.27043988
149.37764122000002
154.53815355999998
159.18687964
163.22785933999998
166.73572828
168.52698054
166.82102598
162.38554434
158.51516004
155.25252206
147.06394042
137.74516392
0.0
87.90996800799999
84.412761276
81.96045167999999
80.094563942
79.348208848
79.33754663
80.009266214
81.69389628600001
85.628253858
89.39201597600001
92.75061391199999
95.842656456
99.233241032
102.66647447599999
105.75851704
108.44539532
110.7697584
111.96392654
110.83373168
107.88029788
105.31070392
103.146274164
97.70854418
91.503134672
0.0
143.3961382
134.22663278000002
127.49877474
123.00998192
120.7922411
120.86687660000001
123.41514608
127.60539684
136.62563128000002
146.66943846
155.80695728
164.1448099
171.74696964
178.80535641999998
185.54387666
191.65332626
197.22966504
200.64157401999998
199.79925902
194.36152902
189.49955874
182.7503762
170.08366404
155.44444194000002
0.0
150.14532072
140.54932666
133.50160208
128.79956497999999
126.48586418
126.56049976
129.22605362000002
133.60822426000001
143.06560954
153.57855418
163.14256164
171.87491622000002
179.8395913
187.22850674
194.27623132
200.6735607
206.51645484
210.08829708
209.2033332
203.50971004000002
198.42383318
191.3654464
178.1016502
162.76938407999998
0.0
207.18817446
195.2038441
186.52480052
180.40468872
176.75821098
176.25708686
176.6409266
178.1656235
191.2588243
207.6146631
224.50361264
240.0491231
253.55815028
264.8494367
273.4751691
279.08349458
281.84500842
280.37362262
272.82477398000003
261.67209642
256.5648951
250.64736544000002
237.39423136
221.07037925999998
0.0
320.42090464
315.54827208
311.90179434
309.20425378
307.74353018
307.05048618
307.05048618
307.05048618
311.4219946
317.64872859999997
323.01182302
329.238557
334.44171822
339.61289278000004
343.94175232
347.03379490000003
349.69934876
349.97656642000004
347.65220342
343.36599268
338.84521326000004
336.42489028
330.93384928
323.8754625
0.0
980.0602
920.77828104
878.35332512
850.72752428
838.98842482
843.743773
860.99523804
894.719826
962.64880204
1038.13728864
1104.9573944
1163.3650112
1210.8971692
1244.3125526
1268.8036622
1291.0770308
1308.4990911999998
1313.78755
1292.8469582
1253.1302052
1225.600364
1188.3998942
1112.9327316
1023.8072707599999
0.0
53.59895806
51.466514928
49.963142522
48.832947666
48.374472395999994
48.374472395999994
48.779636584
49.80320929
52.202207812
54.505246385999996
56.55239179
58.439603966
60.497411582
62.587205850000004
64.474418018
66.116399226
67.534473912
68.25950457
67.566460558
65.77520833
64.207862624
62.885747884000004
59.56979882
55.784712268
0.0
1052.2540622
984.97548148
935.62008528
902.69516328
886.43528456
886.9577329599999
905.65925924
936.39842704
1002.63211068
1076.3080206
1143.3840192
1204.521164
1260.3272004
1312.1135823999998
1361.5329511999998
1406.3782306
1447.3318008
1472.3453590000001
1466.1825984
1426.263263
1390.630138
1341.1041461999998
1248.1509502
1140.7078032
0.0
173.05842216
166.19195526000001
161.35130938
157.69416944
156.21212143999998
156.20145924
157.51291176
160.82886083999998
168.56962934
175.99053148000002
182.59044294
188.68923034
195.36377728000002
202.11295982000001
208.20108492
213.48954394
218.06363444
220.41998406000002
218.18091873999998
212.39133568
207.31612103999998
203.05123478000002
192.34637028
180.14879556
0.0
35.121338338
33.095517367999996
31.61346939
30.579234474
29.960825972
29.875528243999998
29.939501536
30.206056930000003
32.423797784
35.195973848
38.053447648
40.697677126
42.979391272
44.898590094
46.359313636
47.308250824
47.777388314
47.532157354
46.25269148
44.354817094
43.491177626
42.488929356
40.239201856
37.477688002
0.0
279.93647178
263.74056626
252.01212906
243.74891194
238.82296828
238.12992426
238.6523728
240.71018044
258.40945844
280.50156927999996
303.31871074
324.33393773999995
342.57698877999997
357.84528152
369.48842102
377.05859414
380.80103184
378.80719750000003
368.61411932000004
353.53774646
346.63929286
338.65329338000004
320.7407711
298.69130914
0.0
268.62386102
251.44703164
238.85495496000001
230.44246676
226.2948649
226.42281148
231.19948406
239.04687484
255.95714886000002
274.76529724
291.88881554
307.4982993
321.74301938
334.96416676
347.57756784000003
359.02878746
369.47775881999996
375.86442598
374.29708028
364.1040021
355.00913218
342.36374442
318.62965238000004
291.20643372
0.0
208.97942672
200.6842229
194.83066654
190.41650922
188.63591924
188.61459476
190.21392714
194.20159582
203.55235892000002
212.51928228
220.49461954
227.85154838
235.91218344
244.06877839999999
251.40438274
257.79104992
263.32473982
266.17155144
263.47401088
256.4689352
250.34882338
245.19897324000002
232.26570562
217.54118582
0.0
79.977279568
76.650668286
74.46491407799999
73.132137122
72.55637747600001
73.174785986
74.006438808
75.94696205599999
80.606350296
84.9032232
88.379105508
91.396512516
93.656902244
96.130536264
98.01774844
99.414498704
100.58734242
101.02449326
99.84098732800001
97.30338000799999
95.57610106
93.35836020800001
88.261821136
82.42958917
0.0
20.535427338
19.2133126
18.253713184
17.613980246
17.294113778
17.304775996
17.66729133
18.275037620000003
19.565165714
21.004564828
22.305355132
23.499523286000002
24.587069286
25.599979766
26.57024139
27.444543078
28.244209245999997
28.724008952000002
28.606724577999998
27.828382838
27.135338818
26.165077202
24.352500536
22.252044058
0.0
243.2797744
228.5552546
218.03164776
211.17584314
208.25439602
209.43790195999998
213.71345042
222.09395194
238.95091485999998
257.69508994
274.2748353
288.77544862
300.5678591
308.87372512
314.95118804000003
320.47421571999996
324.80307528000003
326.1145278
320.91136658
311.05947926
304.22499904
294.99152032
276.25800744
254.13390998
0.0
49.73923599
46.860437772
44.78130572
43.309919959999995
42.435618274
42.307671688
42.403631628
42.76614696
45.911500574
49.835195936000005
53.897500094
57.629275572
60.870589132
63.578791904
65.647261738
67.001363122
67.66242049600001
67.310567382
65.497990716
62.821774592
61.59561979
60.166882894
56.989542634
53.07650949
0.0
172.29074266
164.66725843999998
159.02694638
154.91133112
152.90683456
153.06676784
153.80246074
157.45960068
168.51631834
180.79919076
192.18643699999998
202.2089197
209.84306612
215.3874183
218.74601626
220.761175
221.93401866
221.21965024
216.9441018
210.52544794
207.13486336
201.72912006
192.12246371999998
180.69256858
0.0
89.882477908
84.44474792999999
80.553039212
78.026094108
76.94921032799999
77.37569895200001
78.964369086
82.056411618
88.28314556
95.213585736
101.333697512
106.69679202
111.05763816
114.11769408
116.36742158
118.40390472
120.00323712
120.49369904
118.563838
114.92802246
112.40107738
108.98916834
102.069390388
93.891470988
0.0
41.454694438
39.802051012
38.650531722
37.765567824
37.41371471
37.41371471
37.733581178
38.522585136
40.377810658
42.158400668
43.736408583999996
45.197132126
46.796464478
48.406459042
49.867182584
51.13598624
52.234194458
52.799291884
52.255518886
50.869430854
49.65393827
48.630365564
46.071433812
43.149986722
0.0
250.09293022
234.96324618
224.14109736
217.09337278
214.08662796000002
215.3021206
219.70561564
228.31002364
245.6467863
264.91341
281.9622928
296.86807028
308.99100942
317.520782
323.76884032
329.45180128
333.8979452
335.25204662
329.91027652
319.77050944
312.74410934
303.25473746
283.99877594
261.25626998
0.0
44.93057674
42.062440730000006
39.951322032
38.543909563999996
37.850865544
37.872189982
38.671856149999996
39.983308678
42.808795824
45.954149438
48.822285447999995
51.434528282
53.812202373999995
56.029943228
58.141061926
60.049598528
61.798201892
62.864423456000004
62.60853028
60.902575778
59.377878936
57.266760237999996
53.289753802
48.705001074
0.0
8.4871236554
8.0499728138
7.708781913
7.5808353254
7.4315643058
7.6128219724
7.719444128599999
8.0606350296
8.5937458118
9.2441409652
9.6493051608
10.118442648
10.53426906
10.854135528
10.960757686
11.205988644
11.291286372
11.344597446
11.15267757
10.790162236
10.640891216
10.1504292968
9.6812918076
8.9775855752
0.0
156.42536572
146.4242075
139.08860314
134.19464618
131.77432318
131.84895868
134.63179702
139.20588752
149.04711256000002
159.99720804
169.96637966
179.06124958
187.35645332
195.05457302
202.40083966
209.06472442
215.15284954
218.87396284
217.95701226
212.01815814
206.7296992
199.36210816
185.54387666
169.57187761999998
0.0
81.416678682
76.703979368
73.29207036
70.89307184
69.453672726
69.25109063
69.411023862
70.008107942
75.15795809800001
81.57661192
88.21917226000001
94.32862182800001
99.627743016
104.073886936
107.45380932
109.66088794
110.74843390000001
110.16201208
107.19791616
102.81574548799999
100.811248948
98.48688593199999
93.28372469199999
86.865070872
0.0
723.83649586
677.56247994
643.61398532
620.95677706
609.77211288
610.13462816
622.99326028
644.13643386
689.70674358
740.3842545399999
786.51966168
828.5821023599999
866.9767408800001
902.5885412
936.5903470000001
967.43613668
995.6163726
1012.8145265200001
1008.581627
981.11575952
956.6033256000001
922.53754668
858.5962393799999
784.68576052
0.0
22.326679568
21.441715664
20.812644944
20.343507454
20.15158757
20.15158757
20.322183026
20.748671652
21.750919922
22.710519328
23.563496578000002
24.341838318
25.205477788
26.079779474
26.858121214
27.540503016
28.13758709
28.43612913
28.148249308
27.401894214
26.751499058
26.197063848
24.821638026
23.243630109999998
0.0
152.11783066
143.3108405
136.93483554
132.4460428
129.76982664
129.3966491
129.68452896
130.80406152
140.42138008
152.42703492
164.82719172
176.24642466
186.15162297999998
194.4468268
200.78018288
204.89579806
206.92161908
205.84473532
200.30038313999998
192.11180149999998
188.35870160000002
184.01917984
174.28457699999998
162.31090876
0.0
720.84041326
709.87965558
701.66974954
695.60294882
692.30832414
690.75164074
690.77296514
690.76230294
700.6035279600001
714.60301708
726.6726452
740.6827966
752.38990938
764.0117244
773.75698952
780.7194163199999
786.71158154
787.3406522600001
782.10550436
772.4668614
762.2951077
756.8467155
744.4892076
728.60250626
0.0
194.70271996
183.44342022
175.28682526
169.53989102
166.11731976
165.63752012
166.00003537999999
167.4287723
179.7436314
195.10788412
210.97326098
225.59115868
238.27919526
248.89876207999998
257.00204594
262.26918046
264.87076112
263.48467308
256.38363742
245.90267946
241.10468237999999
235.5496681
223.0962002
207.75327188
0.0
249.68776606
233.72642922
222.01931643999998
214.20391236
210.34419026
210.46147464
214.90761856
222.20057412
237.91667998
255.39205142
271.31073938
285.82201482
299.0644867
311.34735911999996
323.0757963
333.71668752
343.44062818
349.3688201
347.90809658
338.4400491
329.98491210000003
318.22448822
296.17502626
270.68166866
0.0
427.26696764
420.7736783
415.91170792
412.30787908
410.35669362
409.43974306
409.45040525999997
409.43974306
415.2826372
423.57784102
430.7215255
439.02739152
445.96849384
452.85628516
458.6352061
462.76148348
466.31200132000004
466.68517886
463.58247416
457.87818877999996
451.84337468
448.61272338000003
441.28778124
431.87304476
0.0
81.299394306
77.194441286
73.835843358
72.620350776
71.20227609
72.961541672
73.942465516
77.301063442
82.365615878
88.581687604
92.5373696
96.99417574799999
100.971182168
104.073886936
105.10812184
107.36851154
108.24281324
108.75459958
106.9206985
103.434153992
101.941443808
97.314042216
92.76127612
86.00143140799999
0.0
326.67962522000005
306.9225396
292.77377942
283.57228738
279.6592542
281.23726209999995
286.99485856
298.2328339
320.87937988
346.04220884
368.30491506
387.77412086000004
403.61817329999997
414.76018866
422.92744582
430.34834796
436.15925550000003
437.91852108
430.93476978
417.70296018
408.52279256
396.12263576000004
370.97046902
341.26553624
0.0
114.28828954
106.9846718
101.62157734
98.039072884
96.279807296
96.333118368
98.36960156800001
101.706875052
108.90387064000001
116.90053232
124.18282566
130.825386
136.89218672
142.51117431999998
147.88493102
152.74690138
157.20370749999998
159.91191026
159.25085294
154.91133112
151.0409469
145.656528
135.5594097
123.89494582
0.0
467.06901862
446.42696918
431.10536526
419.97401210000004
414.53628218
414.96277074
416.95660508000003
426.8831279
456.85461604
490.13139104000004
521.0091675599999
548.1871552599999
568.88251586
583.90557772
593.0324342600001
598.48082646
601.64750454
599.7283057
588.1384773
570.72707914
561.54691152
546.8970272
520.82790996
489.85417348
0.0
442.10877182
423.7057876
411.63615948
404.28989292
401.10189042
404.492475
409.1305388
419.85672772000004
445.60597858
469.37205722
488.55338314
505.22908848
517.75719186
531.40482782
541.84313696
549.56258108
556.05587042
558.49751782
551.91893076
537.9087793799999
528.344772
516.12587288
487.91365021999997
455.69243458
0.0
1377.1637594000001
1356.2338300000001
1340.5497114
1328.9385584
1322.6585135999999
1319.6837554
1319.7157416
1319.7050794000002
1338.5132276
1365.254065
1388.3057749999998
1415.0785988
1437.4372648
1459.6466602
1478.2735506
1491.5693336
1503.0098914
1504.2147214
1494.2135626
1475.8105786
1456.3626974000001
1445.945713
1422.3502297999999
1392.0055634
0.0
270.91623734
254.52841193999998
242.79997476
235.16582834000002
231.91385256
233.2359673
238.00197767999998
247.32075418
266.09691594
286.96287196000003
305.44049165999996
321.5830861
334.7189358
343.9630768
350.72292152
356.88568214000003
361.70500362
363.16572714
357.37614406
346.39406198
338.78123998
328.50286409999995
307.63690808
283.00718996
0.0
513.1297902599999
480.3221527
456.257532
440.20023518
432.2675468
432.52343996
441.6396343
456.63070956
488.9265607
524.85822746
557.56990504
587.38145998
614.60209656
639.8502232
663.9468306
685.81503488
705.7853648
717.98293944
714.97619462
695.50698892
678.13823958
653.98832118
608.65258024
556.2691147
0.0
388.2006095
371.0451045
358.31441904
349.05961584
344.54949861999995
344.90135178
346.55399517999996
354.80655010000004
379.71348588
407.37127322
433.03522630000003
455.62846128
472.83727727999997
485.32273186000003
492.90356718
497.4350088
500.06857606
498.46924376000004
488.84126299999997
474.36197416000005
466.73848996
454.56223972
432.89661752
407.14736674
0.0
458.01679758
430.30569906
410.48464022
397.57269708
392.081656
394.3100591
402.37069406
418.12944882
449.87086482
485.15213638
516.38176604
543.6770380400001
565.88643326
581.50657914
592.94713656
603.36412122
611.49939178
613.97302584
604.18511182
585.6221944199999
572.7635623599999
555.37348862
520.10287926
478.45626494
0.0
475.08700478000003
444.7103524
422.42632168
407.5631931
400.21692654000003
400.4621575
408.90663231999997
422.77817483999996
452.68568976
485.95180258
516.2324949800001
543.8369713000001
569.03178686
592.41402582
614.7300431599999
634.9775906399999
653.46587256
664.75715898
661.97432066
643.9551762000001
627.86589284
605.49656436
563.53008356
515.02766462
0.0
71.394195974
67.267918518
64.271835924
62.171379436
60.913237988
60.73198033
60.870589132
61.393037696
65.903154914
71.543466994
77.365036734
82.71746899200001
87.376857228
91.268565936
94.23266188000001
96.17318514
97.12212233599999
96.61033598
94.00875536000001
90.170357736
88.411092148
86.374608968
81.800518442
76.18153079800001
0.0
11.909694882
11.440557392
11.099366488000001
10.854135528
10.747513372
10.747513372
10.84347331
11.067379842000001
11.600490622
12.112276975999999
12.56009003
12.986578654
13.445053934
13.903529206
14.33001783
14.692533164
15.001737414
15.172332862
15.012399632
14.617897652
14.266044538
13.978164716
13.231809622
12.4001568
0.0
834.63824086
797.75763694
770.38772936
750.48137274
740.7787565
741.54643608
745.09695384
762.82821844
816.39518992
875.85836656
931.03533244
979.60172484
1016.59961312
1043.4364096
1059.738938
1069.4735408
1075.145839
1071.7126056
1051.0065826
1019.8942377200001
1003.4850878
977.29868632
930.72612828
875.37856672
0.0
1173.312859
1121.4625038000001
1082.9932304000001
1055.0049139999999
1041.36794012
1042.43416168
1047.434741
1072.3630010000002
1147.659568
1231.2620006
1308.8189571999999
1377.0891238
1429.0994122
1466.832993
1489.7460946
1503.4470417999999
1511.4117165999999
1506.581733
1477.4738846
1433.7268132
1410.664441
1373.8691352
1308.3818068
1230.5796192
0.0
788.07634508
753.24288658
727.4083381
708.61085194
699.4520087
700.16637712
703.52497508
720.26465362
770.8355424
826.9934322600001
879.08901784
924.9365452
959.87662584
985.22071252
1000.6062897200001
1009.8077817999999
1015.1602138799999
1011.91890036
992.3643968399999
962.9899927199999
947.49779344
922.7721154799999
878.7904759200001
826.534957
0.0
276.5885361
265.60645402
257.86568542
252.02279126
249.65577938
249.63445498
251.74557362
257.02337042
269.40220274
281.2692488
291.82484224
301.55944517999995
312.232323
323.02248522
332.73576366000003
341.19090067999997
348.50518062
352.26894274
348.69710050000003
339.4316351
331.33901344
324.51519542
307.41300151999997
287.91180914
0.0
148.54598842000001
139.95224254
133.72550864000002
129.343338
126.73109516
126.36857988
126.64579746
127.73334342
137.1267554
148.8445304
160.95680742000002
172.10948498
181.79077674
189.88339847999998
196.0674835
200.08713886
202.07031092
201.01475156
195.59834606
187.6016843
183.94454436
179.70098249999998
170.20094834
158.50449784
0.0
212.77517544
200.47097861999998
191.54670408
185.26665907999998
181.52422138
181.00177284
181.39627478
182.96362048
196.41933664
213.20166408
230.54908894000002
246.52108798
260.3819683
271.99312118
280.84276014
286.6003566
289.44716814000003
287.92247134
280.18170274
268.71982092
263.47401088
257.40721018
243.79156074
227.0305578
0.0
287.75187586
271.1081573
259.04919136
250.56206766
245.4975153
244.7831468
245.32691984000002
247.43803856
265.63844062
288.33829778
311.79517216
333.39682106
352.14099616
367.83577762000004
379.80944578000003
387.59286318
391.44192308
389.39477764
378.91381968
363.41095809999996
356.3205847
348.11067866
329.69703224
307.03982398
0.0
38.479936272
36.95523943
35.87835565
35.057365046
34.737498576
34.726836366
35.0253784
35.761071283999996
37.477688002
39.130331428
40.601717188
41.955818574
43.437866543999995
44.94123895
46.295340343999996
47.468184062
48.491756762
49.014205332
48.513081198
47.222953104
46.092758239999995
45.143821052
42.76614696
40.057944188
0.0
14.756506456
14.148760163999999
13.743595966
13.498365008
13.391742852
13.509027225999999
13.658298246
14.02081358
14.87379083
15.673456997999999
16.313189944
16.867625154
17.28345156
17.74192684
18.093779954
18.34967313
18.562917444
18.648215164
18.424308642
17.955171152
17.635304683999998
17.230140486
16.291865508
15.214981726000001
0.0
381.1742094
358.12249918000003
341.61738932000003
330.88053818000003
326.30644768
328.16167315999996
334.86820686000004
347.98273208
374.40370246
403.76744438
429.75126384000004
452.47244539999997
470.95006512000003
483.95796824
493.4793268
502.13704588
508.91821502
510.97602266
502.83008989999996
487.38053948000004
476.67567496
462.20704834000003
432.85396862
398.1911056
0.0
47.95864598
46.050109376
44.70667021
43.69375972
43.288595524
43.277933314
43.651110856
44.568061406000005
46.71116675
48.768974366
50.592213248
52.287505532000004
54.132068842
56.008618792
57.693248864
59.153972414
60.422776072
61.073171226
60.454762718000005
58.855430374
57.448017906000004
56.264511968
53.30041602
49.920493658
0.0
123.9695813
116.47404376
111.10028706
107.61374252
106.12103230000001
106.72877862
108.90387064000001
113.17941909999999
121.76250268000001
131.31584794
139.77098496
147.1599004
153.17339002
157.39562738
160.49833218
163.31315702
165.52023572000002
166.18129306
163.5370636
158.51516004
155.0286155
150.32657840000002
140.77323321999998
129.50327128
0.0
117.45496754
109.93810552000001
104.43640222
100.757937856
98.945361204
98.998672288
101.08846656
104.5217
111.91061546
120.13118370000001
127.62672132
134.45053934
140.67727323999998
146.4561941
151.9685596
156.97980094
161.55389146
164.34739198
163.65434797999998
159.19754183999999
155.22053538
149.69750768
139.31250962000001
127.32817926000001
0.0
66.073750362
62.256677163999996
59.484501092
57.533315634000004
56.371134124
56.211200894
56.32848526
56.818947185999995
60.998535716
66.21235917199999
71.59677807
76.554708348
80.862243472
84.46607235799999
87.216924
88.997514012
89.882477908
89.413340428
87.00367968799999
83.453161868
81.821842878
79.934630704
75.701731098
70.49856986
0.0
465.46968632
441.94883856
422.74618821999996
415.76243694
407.69113968
417.73494688
423.33261006
442.58857148
471.61112252
507.13762504
529.7841711
555.33083972
578.1053323799999
595.90057028
601.77545112
614.69805646
619.7626089
622.6947182199999
612.16044918
592.17945706
583.67100896
557.1434164
531.11694804
492.42376744
0.0
525.60458256
493.80985546
471.05668729999996
456.24686972
449.94550031999995
452.50443208
461.74857299999996
479.84235295999997
516.2751438600001
556.75957664
592.58462122
623.91021078
649.40356838
667.32675296
680.46260258
692.40428412
701.7550472199999
704.59119664
693.3532213
672.0501144599999
657.29360796
637.34460254
596.8708319599999
549.07211922
0.0
929.29739128
869.88752576
826.30038824
797.2138639
782.85185946
783.32099698
799.8367689600001
826.97210776
885.47568516
950.53652488
1009.775795
1063.7692548
1113.0606784
1158.7909212
1202.4313697999999
1242.0415006
1278.2077358
1300.2998467999998
1294.851455
1259.6021702
1228.1379718
1184.3909004
1102.3025023999999
1007.4194454
0.0
1077.2889441999998
1029.68215172
994.35823128
968.66229148
956.13418828
957.12577428
961.71052692
984.602304
1053.7254482
1130.4827387999999
1201.6956764
1264.3895052
1312.1349062
1346.7871068
1367.8236584
1380.3944112000001
1387.7086908
1383.2732090000002
1356.5536968
1316.3891304
1295.2139706
1261.4254084000002
1201.3011746
1129.8643298
0.0
83.94362379399999
79.092315672
75.573784506
73.089488264
71.618102506
71.415520402
71.564791422
72.18319993200001
77.492983326
84.11421924199999
90.959361684
97.260731132
102.730447756
107.30453826
110.801745
113.07279692
114.19232956
113.59524554
110.53518962
106.0144102
103.945940348
101.55760404
96.183847356
89.573273648
0.0
1209.8416098
1156.3705978
1116.6964934
1087.8445378000001
1073.781076
1074.8899463999999
1080.0291336
1105.746398
1183.3779904
1269.5820034
1349.5592834000001
1419.9512312
1473.5821762
1512.4886008
1536.1160702
1550.2435062
1558.4534122
1553.4741572
1523.4600208
1478.3588485999999
1454.5714454
1416.6246198
1349.1114706
1268.8782979999999
0.0
1.7272789350000002
1.6206567788
1.5460212685999999
1.4927101904
1.4713857592
1.4820479748000002
1.5140346216
1.5780079154
1.6952922882
1.8232388756
1.9405232476
2.0471454038
2.1324431296
2.1857542078
2.2284030704
2.2710519328
2.3030385798
2.3137007954
2.2710519328
2.207078639
2.153767561
2.0897942672
1.9618476787999999
1.8019144444
0.0
94.723123812
88.66698531600001
84.220841398
81.25674545
79.7960219
79.838670766
81.523300838
84.295476908
90.25565546
96.887553592
102.922367644
108.4347331
113.45663666
118.11602496
122.56216888
126.60314856
130.29227518
132.5420027
131.98756748
128.39440082000002
125.18507394000001
120.7282678
112.3584285
102.68779889999999
0.0
1618.151158
1546.6503398
1493.584492
1454.987272
1436.179123
1437.6611712
1444.5383004
1478.9346082
1582.7739264
1698.0644638
1805.0278117999999
1899.1858379999999
1970.921225
2022.9528372
2054.5556438
2073.4384278
2084.4311726
2077.7672876
2037.6240458
1977.2972294
1945.4918402
1894.7396938000002
1804.4307273999998
1697.1261888000001
0.0
327.94842888
313.44781564
302.70030222
294.87423594
291.06782494
291.36636699999997
292.76311722
299.72554402000003
320.7727577
344.14433448
365.82061888000004
384.90598482
399.43858475999997
409.98351608
416.39150766
420.21924306
422.44764616
421.09354476
412.9582742
400.72871288
394.28873462
383.99969654
365.69267229999997
343.9524146
0.0
360.15898232
337.13925878
320.23964696
308.96968502
303.40400844
303.58526612000003
309.9825955
320.50620234
343.1740728
368.39021284
391.35662529999996
412.2758924
431.38258282
449.10318524
466.02412154
481.36704986
495.38786336
503.94962255999997
501.83850384
488.1802056
475.98263096
459.02970803999995
427.21365656
390.4396748
0.0
102.176012544
97.66589532399999
94.317959612
91.876312232
90.6928063
90.778104032
91.215254864
93.39034684800001
99.947609484
107.22990276
113.97908527999999
119.92860162
124.46004323999999
127.7440057
129.73783996
130.9320081
131.6250522
131.19856356
128.6716184
124.85454519999999
122.85004866
119.64072175999999
113.9470986
107.16592946
0.0
69.602943746
65.39136856
62.373961538
60.412113854
59.580461038
59.921651935999996
61.147806738
63.53614304
68.366126726
73.729221202
78.473907162
82.621509046
85.990769192
88.36844329200001
90.106384428
91.68439234399999
92.92120936799999
93.305049136
91.81233893199999
88.997514012
87.035666328
84.391436848
79.03900458800001
72.70564849600001
0.0
100.49138248
96.493051608
93.688888884
91.556445764
90.703468516
90.6928063
91.46048582399999
93.37968463200001
97.879139636
102.18667475999999
106.02507242
109.56492795999999
113.43531225999999
117.35900764
120.888201
123.9589191
126.61381084
127.98923658
126.68844634
123.31918618
120.37641466
117.9027806
111.68670888
104.5963355
0.0
112.91286372
107.92294677999999
104.22315794000001
101.536279608
100.21416486000001
100.320787016
100.800586732
103.199585256
110.44989186
118.4892025
125.95275344
132.5313405
137.53191964
141.16773518
143.3748138
144.68626632
145.45394584
144.99547058
142.19130786
137.9797327
135.76199186
132.22213624
125.92076676
118.4252292
0.0
645.0320600399999
616.5212953399999
595.37812174
579.99254454
572.48634472
573.08342882
575.82361826
589.5352276
630.92594868
676.88009814
719.51829852
757.05995978
785.64535998
806.39403162
818.9861082799999
826.51363252
830.89580316
828.24091148
812.23692576
788.19362948
775.5162551
755.2793697999999
719.28372976
676.5069205799999
0.0
321.17792194
301.75136504
287.84783584
278.79561472
274.9465549
276.5139006
282.16487488
293.21093026
315.47363658
340.22063908
362.11016778
381.2488449
396.82634198
407.78709965999997
415.80508582
423.1087035
428.81298886
430.55093003999997
423.6844632
410.66589788
401.64566346
389.45875094
364.72241062
335.518602
0.0
369.79762528000003
351.11742348
335.85979286
330.30477856
323.8967869
331.87212426
336.32893038
351.61854761999996
374.67025784
402.9038049
420.90162488000004
441.19182126
459.28560122
473.41303698
478.0830874
488.36146326
492.38111856
494.70548164
486.34630452
470.45960318
463.71042074
442.63122036
421.95718424
391.2073543
0.0
241.04070910000002
226.45479816
216.02715122
209.23531988
206.34585946
207.50804092
211.75160276
220.0468065
236.75449844
255.31741585999998
271.75855242
286.12055688
297.80634526
306.0269135
312.05106532
317.5314442
321.81765486
323.1184452
317.96859506
308.19134332
301.42083637999997
292.27265528
273.72040008
251.7988847
0.0
714.0059330400001
682.45643692
659.04221134
642.01465294
633.708787
634.36984432
637.40857582
652.58090868
698.39644934
749.26588018
796.4675088
838.01816322
869.6636192
892.63003172
906.56554756
914.90340028
919.75470832
916.81193692
899.10199664
872.47844416
858.4469684
836.05631558
796.2009534399999
748.85005374
0.0
480.72731686
451.6407926
430.83880988
417.28713374
411.52953738
413.86456258
422.31969958
438.86745826
472.18688216000004
509.21675708000004
541.9817457400001
570.63111924
593.94938484
610.3372103199999
622.35352736
633.28229836
641.8227330599999
644.42431372
634.1459378400001
614.66606986
601.1570426000001
582.91399166
545.89477894
502.17969478
0.0
337.1179343
316.72111582
302.1352048
292.63517064
288.59419094000003
290.22550994
296.16436406
307.76485468000004
331.12576916
357.09892642
380.07600114
400.16361544
416.51945424
428.01332274
436.43647308
444.10260616
450.0947713
451.90734798000005
444.7103524
431.04139196
421.57334448
408.77868572
382.82685280000004
352.16232064
0.0
127.87195228
120.47237455999999
115.10928014000001
111.34551802
109.09579052000001
108.77592406
109.02115502
109.95943
118.04138946
128.12784546
138.55549231999998
148.15148638
156.48933910000002
163.4624281
168.78287372
172.23743156
173.94338606
173.03709776
168.37770948
161.48991816
158.34456456
154.68742462
146.5095052
136.44437359999998
0.0
1095.5426576
1029.2663252
981.84079012
950.97367568
937.83782608
943.15827184
962.43555752
1000.14781436
1076.0734518
1160.4648888
1235.1430468
1300.438456
1353.5682763999998
1390.92868
1418.2985873999999
1443.1948611999999
1462.6747294
1468.5922586
1445.1780332
1400.7805674
1369.9987506
1328.4267722
1244.0673213999999
1144.4395786
0.0
395.24833408
377.78362483999996
364.81837060000004
355.39297194
350.79755702
351.16007236
352.84470244000005
361.23586616
386.60127718
414.76018866
440.89327920000005
463.89167842
481.40969866
494.11905972
501.83850384
506.45524324
509.14212158
507.51080260000003
497.70156416
482.96638215999997
475.20428916000003
462.80413236
440.7440082
414.53628218
0.0
925.3950204800001
884.4947612000001
854.15009546
832.0793090999999
821.3211335
822.17411078
826.1084683600001
845.78025622
905.15813512
971.09327672
1032.26240788
1086.1065968
1127.1348028
1156.8930464
1174.965502
1185.7663268000001
1192.0463716
1188.2399601999998
1165.28421
1130.7812801999999
1112.591541
1083.5689897999998
1031.921217
970.560166
0.0
69.73089033000001
65.519315152
62.491245904
60.529398228000005
59.697745405999996
60.03893631
61.265091112
63.664089632
68.494073318
73.867830006
78.623178182
82.770780066
86.161364656
88.53903872800001
90.276979892
91.865650016
93.10246704
93.475644572
91.993596604
89.15744724
87.206261784
84.562032296
79.18827561
72.84425729799999
0.0
575.5677251000001
538.77241886
511.77568884
493.76720666
484.86425651999997
485.15213638
495.38786336
512.19151528
548.43238622
588.7248992
625.41358318
658.86095366
689.38687712
717.70572186
744.74510076
769.26819672
791.66951182
805.3597966599999
801.9798743
780.1436567
760.6637887200001
733.57109872
682.72299228
623.9528596600001
0.0
654.02030778
614.4528255
586.1446429599999
567.7096721199999
559.87294364
563.0502839200001
574.56547682
597.07341404
642.3984927800001
692.77746168
737.36684752
776.3372456999999
808.05733728
830.36269242
846.69720672
861.57099752
873.1928125200001
876.72200612
862.7438412399999
836.2375731799999
817.86657564
793.0449376400001
742.68729314
683.21345422
0.0
98.764103532
93.774186616
89.701220236
88.21917226000001
86.50255554799999
88.63499867600001
89.8185046
93.90213319600001
100.06489384800001
107.60308032
112.41173958
117.8281451
122.65812878
126.43255318
127.68003242
130.42022178
131.49710554
132.11551406
129.88711104
125.64354918000001
123.84163472
118.21198484
112.68895716
104.47905112000001
0.0
78.399271652
74.934051568
72.3644576
70.487907642
69.58161931000001
69.65625482
69.986783506
71.650089152
76.682654932
82.269655932
87.45149274399999
92.01492102799999
95.490803328
98.007086224
99.54244528400001
100.459395832
100.99250662
100.661977936
98.72145467600001
95.800007588
94.253986332
91.801676716
87.419506096
82.227007068
0.0
696.6691703800001
656.3766574800001
627.17284876
606.6267591999999
594.36521128
592.6485945
593.94938484
599.0779105800001
643.1235234000001
698.0979073
754.88486786
807.1830356
852.57208756
890.5722241599999
919.5627885600001
938.4029235200001
947.71103768
942.74244532
917.37703436
879.85669748
862.69053016
842.80549802
798.22677446
743.3590127399999
0.0
207.10287676000002
195.12920852
186.43950282
180.33005322
176.6942377
176.18245136
176.56629112
178.09098792
191.18418874
207.52936532
224.40765274
239.95316314
253.45152818
264.74281452
273.368547
278.9662102
281.72772404
280.25633832
272.70748960000003
261.56547424
256.458273
250.54074326
237.29827146
220.98508148000002
0.0
1281.4703738
1203.9454044
1148.4805586
1112.3676338
1097.0033812000001
1103.230115
1125.7807012
1169.8902872
1258.6958814
1357.4066738
1444.7728692
1521.1356572
1583.2857126
1626.9901346
1658.9981062
1688.1272792
1710.9124339999998
1717.8322117999999
1690.4409798
1638.5053272
1602.5096873999998
1553.8793222
1455.200516
1338.662499
0.0
166.68241719999997
156.60662340000002
149.38830342
144.68626632
142.69243198
143.50276037999998
146.4348697
152.17114174
163.71832125999998
176.56629112
187.92155076
197.85873576
205.94069522
211.62365618
215.79258245999998
219.57766906
222.54176498
223.44805336
219.88687332
213.12702858
208.4463159
202.12362202
189.28631438
174.12464372
0.0
924.4140965199999
883.5671485199999
853.25446936
831.20500742
820.457494
821.2998090799999
825.2341666799999
844.88463006
904.19853572
970.0697039199999
1031.17486184
1084.96574
1125.9406342
1155.6668916
1173.7180232
1184.5081848
1190.7882304
1186.9818192
1164.0473936
1129.5871124
1111.4186969999998
1082.4174699999999
1030.83367088
969.52593104
0.0
801.1588837
752.68845136
718.01492612
695.43235334
685.83635928
689.71740578
703.82351706
731.39600678
786.92482582
848.63772998
903.24959848
950.99500024
989.848114
1017.16471056
1037.18835148
1055.3994158
1069.6334738
1073.9623328
1056.8388146
1024.3723682
1001.86443104
971.4664542
909.76421224
836.90929278
0.0
399.89706008
376.77071436
360.00971134
348.20663856
341.16957626
340.18865239999997
340.9350075
343.87777902
369.15789236
400.71805068
433.31244388
463.32658098
489.38503602000003
511.19992921999994
527.83298558
538.6551344799999
543.9969045
541.13943074
526.57484414
505.0478308
495.19594348
483.77671055999997
458.18739296
426.70187022
0.0
29.90751489
28.724008952000002
27.88169392
27.252623191999998
26.996730016
26.996730016
27.220636546
27.796396192
29.12917315
30.419301244
31.560158316
32.615717662
33.767236952000005
34.929418462
35.984977805999996
36.901928356
37.690932314
38.096096503999995
37.712256742
36.710008472
35.835706794
35.089351692
33.244788387999996
31.133669692
0.0
97.67655753999999
93.614253376
90.948699468
89.31738048
88.613674244
89.36002933600001
90.394264256
92.76127612
98.44423706399999
103.700709376
107.93360898
111.6227356
114.38424943999999
117.40165646
119.70469506
121.42131182
122.85004866
123.39382168
121.93309816
118.84105556
116.72993692
114.03239638
107.79500018
100.672640144
0.0
7.8900395786
7.5595108942
7.3462665808
7.2183199932
7.1543466994
7.2183199932
7.3036177182
7.4955375996
7.9540128724
8.380501498400001
8.7216924
9.020234437600001
9.2441409652
9.4893719268
9.670629592000001
9.8092383956
9.926522767200002
9.9691716296
9.851887258000001
9.606656298399999
9.4360608488
9.2121543184
8.711030184399998
8.135270539
0.0
11.344597446
10.875459958
10.566255706
10.3743358252
10.289038100399999
10.3743358252
10.502282414
10.7688378
11.429895173999999
12.048303684
12.538765602
12.965254226
13.285120696
13.63697381
13.903529206
14.1061113
14.266044538
14.33001783
14.159422381999999
13.807569266
13.55167609
13.242471832
12.517441174
11.696450561999999
0.0
3.1986646941999997
3.0387314598
2.9001226558
2.8574737932
2.804162715
2.8681360088
2.9107848714
3.0387314598
3.2413135566
3.486544517
3.6358155358
3.8170732014
3.9770064366
4.0942908086
4.1369396709999995
4.222237396
4.254224043
4.2755484742
4.211575180400001
4.0729663772
4.0089930834
3.827735417
3.6464777514
3.3799223598
