0.0
147.85387584353344
139.36096388512536
134.04217054918914
130.93954115728795
130.96813680626693
135.35757104066315
142.50648685861825
146.78153843531396
155.08857853634322
167.15594839858008
180.1097837498729
192.24864266762367
202.92912284900567
212.29420246683145
218.17061126163222
220.75851877626062
219.85775539578177
218.47086574581922
212.39428730519123
203.786992719975
197.53884035458094
187.0013385210683
173.1038462797871
159.69248027709722
0.0
151.05659004290203
144.32231140802432
139.3466660657846
136.18684530384337
135.07161441700674
137.51654358376578
143.1498892644196
145.80928589634664
152.8295211548808
162.80940760161116
174.1904815176448
185.5000662442976
195.75161145415385
204.94511707513135
211.27905645954442
215.11087530715835
216.48346709659035
213.85266614453465
209.2058708633787
201.39925485117388
193.70702150696704
185.19981176011058
172.8750809540886
160.75051986597595
0.0
230.6383203434413
226.7064166574676
223.48940456667611
221.21604939676527
219.90064883320906
220.40107299411562
222.20259975507338
222.78881086291676
225.7770576280098
231.63916853138764
237.32970554089172
242.80577498225333
248.3962270813154
253.97238139192916
258.0329655343493
260.2777251273633
261.24997769722296
259.9917685037068
257.4753501475669
253.7579139267612
249.35418183183435
245.7797239588979
240.0034000333493
235.8427310525694
0.0
367.88320516408123
351.5407837251487
340.3312838368556
334.66934254841266
335.9418495303772
346.1362034422756
358.4466363568747
363.9370036896591
381.8807822437222
409.30402311450143
438.7861516900235
465.23714006302515
486.7410786706839
504.72775073425646
515.5369113308951
520.0836217736912
518.4822646585608
509.1028871802043
491.6166391745639
474.87387851605905
463.0781674890302
445.4489412384949
419.3125052102107
392.1609231025574
0.0
51.40070434051455
48.72700984084874
46.73961126061277
45.39561509853514
44.83799966747377
45.7101673886762
47.82624645728065
48.06930959099273
50.342664806212326
54.574822936212996
59.20732035374912
63.4966698115703
67.15691467881192
70.21665062813702
72.21834704007065
73.01902560175488
73.13340825842567
72.03247523417909
69.75912001895949
67.14261685123319
65.62704670775346
63.39658498968644
59.507574809103254
55.275416686310805
0.0
1004.3654733450034
943.5853916136608
900.7919818017265
873.9549520387908
868.9793066553613
894.829786059989
943.0277761547964
964.5460125817958
1010.442051641467
1087.278598692661
1181.701478196552
1272.707175387167
1354.705239586492
1426.408864077896
1477.0803793385546
1507.1344212128768
1523.1765883941666
1515.327078666503
1476.394083062833
1412.325500236672
1355.691789440225
1289.993253602816
1190.9664723993606
1090.6528863843027
0.0
70.57409641543066
66.3133426199751
63.29650016780257
61.40918640224227
61.06603844973556
62.881863055777636
66.27044912282253
67.78601926630226
71.00303136224252
76.40761167600799
83.04180550856701
89.43293619711646
95.1949623012648
100.24209683803409
103.80225684735073
105.9040380986739
107.03356679249433
106.4902492034281
103.74506553703587
99.2412486253739
95.26645146078302
90.64825187803382
83.699505758423
76.63637698214134
0.0
288.9734729492146
269.5713155867006
255.98837565924464
247.55265507087665
245.27929982888367
253.47195730310477
267.24076908793955
272.4165840760064
282.32498133335594
301.85581921410113
326.00485666523855
350.64002034466984
374.3458250358332
396.85061189322283
414.70860339737465
426.3899317667028
432.7238711820083
433.9391868351225
427.2192059886932
411.4201021480945
395.0633829207136
375.1465036088445
345.9503316260865
315.33867427230496
0.0
315.2671851858986
297.18042828396625
285.8422479083345
279.2223518693726
279.2509475492439
288.63032502760024
303.886111269865
313.00812780443624
330.7088432443524
356.43064216164134
384.05405267824773
409.9474255203028
432.7238711820083
452.6979417918352
465.2228422024947
470.72750732372754
468.82589572441003
465.8519468198476
452.91240925700316
434.5396957314143
421.2141168095283
398.7522234925404
369.1128186777261
340.5171556221523
0.0
1782.8681025475532
1674.9623675838575
1599.0122864954026
1551.3862099156418
1542.5501503342457
1588.417593518394
1673.9901148183462
1712.1796232190452
1793.6486672480742
1930.0356824139908
2097.677756340638
2259.186061949748
2404.7522844230243
2532.060176327038
2621.9935367993626
2675.3387462641504
2703.820026775296
2689.879640818556
2620.7639235740467
2507.053269179988
2406.5109175097127
2289.883506260764
2114.1059650869183
1936.0407713769096
0.0
75.1494025082355
70.60269207779629
67.39997781664297
65.39828140470932
65.02653778262875
66.95674503504416
70.55979858064372
72.17545354291809
75.60693311432375
81.35466138368517
88.41779015996681
95.22355796363045
101.3716255318545
106.73331237730027
110.52223769995852
112.7669972239796
113.96801509173467
113.38180398698047
110.46504638964367
105.67527278533233
101.44311470269994
96.52466063885296
89.1183839069754
81.61202234909496
0.0
559.1024040359696
549.580048209744
541.773432197539
536.2687670763062
533.0946484229419
534.3099641481383
538.6565049451074
540.1005858930278
547.3209908282815
561.5330353730903
575.3447406674347
588.5988304308323
602.1674725389474
615.6932212096355
625.5015336595175
630.9776031317715
633.322447491063
630.2627115365892
624.1575374469824
615.1642013997499
604.4980191097908
595.8335331957244
581.8073604671042
571.7416870425448
0.0
1319.7470411783052
1239.865056733395
1183.6316854448482
1148.3875304850872
1141.8534215681188
1175.796473248197
1239.15016514851
1267.4169780091333
1327.7252312903327
1428.682219525838
1552.773099555307
1672.3315664979348
1780.0800250472817
1874.317032734984
1940.8877365716262
1980.3783473458323
2001.453350724529
1991.14461423731
1939.986972954306
1855.8013405731965
1781.381127420789
1695.0508211088213
1564.9405538954925
1433.1145471255793
0.0
119.04374531661324
117.01345324231396
115.35490475096492
114.18248253836724
113.49618667660312
113.75354764510215
114.6829066807384
114.99745895646306
116.52732696356256
119.55846725052204
122.5038204968378
125.3204933371647
128.2086552947903
131.0825194330751
133.18430067821978
134.34242503337614
134.8428490913082
134.18514889705844
132.8840461940328
130.96813680626693
128.70907942480451
126.86465912344492
123.87641235835193
121.73173760369772
0.0
73.89119333016554
68.92984578770141
65.45547272635137
63.29650016780257
62.7102890774648
64.81207031128231
68.3293368625767
69.65903519707564
72.18975137770501
77.17969458253478
83.35635779870806
89.66170150324983
95.72398206996051
101.47171035785735
106.03271857983417
109.02096542009859
110.65091818420804
110.95117266839503
109.23543286982037
105.20344437020073
101.01417973735266
95.92415171063902
88.4606836571194
80.62547198151917
0.0
13.897492242310914
13.28268548960749
12.82515488042998
12.524900417867624
12.42481559598376
12.653580899027896
13.168302832936693
13.411365970767761
14.054768388926068
14.98412743897878
16.02786913849407
17.05731301351988
18.000969891151307
18.85883978477504
19.430753047534104
19.78819883482775
19.916879319077257
19.673816181246192
19.244881234434324
18.52998965984704
17.81509808217051
17.04301517873295
15.899188657333799
14.783957798300285
0.0
303.7145372730168
283.32582955219465
269.04229584889725
260.1776402890035
257.78990242020234
266.39719700541855
280.8666024940126
286.3140763172877
296.72289766346154
317.254583732153
342.6332347278276
368.52660756988263
393.4334301566041
417.08204347772727
435.85509622288845
448.1369335194009
454.7997230678723
456.057932230496
449.0091012509007
432.4093188372907
415.22332531583714
394.27700213615054
363.5938556959626
331.4237347674524
0.0
178.00800250472815
168.7573054828182
161.83715506264386
157.19035978148793
155.26015253319147
158.29129283868633
165.62608036985586
166.44105680339788
174.3334597934319
188.97443927887426
205.01660623361983
219.8863510447607
232.5685275917378
243.14892293475998
250.06907335493437
252.8571505462823
253.24319200829854
249.42567094913298
241.54756581962948
232.51133626288754
227.23543646735314
219.5146074020852
206.07464575041635
191.41936847652565
0.0
119.64425421599432
113.42469750266847
108.77790224622643
105.64667713017487
104.34557450849913
106.39016437433604
111.32291625443452
111.86623384350072
117.17072937863163
127.00763747131421
137.80250027950441
147.78238665415262
156.30389429243198
163.42421435843357
168.08530742803788
169.9440254869535
170.201386461631
167.64207466806374
162.35187698110647
156.27529854047847
152.729436316521
147.53932357089806
138.50309401415606
128.65188809595423
0.0
808.0276509271705
759.1290670977113
724.6998887568465
703.1101631713585
699.1067703268964
719.8958173702651
758.685834265655
775.9862104551066
812.9175092915808
874.7270349628233
950.7057117105547
1023.9106091995511
1089.8808037794913
1147.572553979463
1188.3356718489056
1212.5133049902117
1225.4242462244454
1219.1046054625742
1187.7780564930154
1136.23437389216
1090.6671848214905
1037.808101255478
958.1548819406148
877.4436229647903
0.0
207.07549396925504
198.03926448459524
191.63383591080128
186.70108410896344
184.4134310064399
186.3436383268185
193.86429764328474
197.25288373092448
203.61541879520894
215.35393849338746
229.09415452626877
244.3213451504469
258.40470917702476
271.68739469237585
281.99613120019006
288.7733033754696
292.49073952419326
290.403256139579
284.01212542631566
273.91785642485934
263.30886540196576
252.12796116265176
236.1143897848029
220.21520117792664
0.0
137.57373498469826
131.56864570255874
127.30789188341906
124.03368849466963
122.51811835736838
123.7906253393329
128.79486637174136
131.03962592356558
135.27178406283392
143.06410221450818
152.20041660961002
162.3232813321275
171.6740631615049
180.49582518099677
187.3444865147648
191.8483034480514
194.3218282637894
192.92064082537857
188.68848265521783
181.96850180878852
174.93396876180594
167.49909632019444
156.86150964832194
146.2954121658303
0.0
244.92185404673876
228.47934776944638
216.96959339696636
209.8063798317527
207.89047040279698
214.8249186835019
226.50624708372254
230.89568128722652
239.2885084381671
255.84539731137534
276.30559422157825
297.19472607241465
317.28317938113196
336.35648664137244
351.4978902877213
361.3919896845403
366.76797431843437
367.7831203257214
362.0925834191919
348.7098130963734
334.8409165040712
317.9551774668046
293.21992897990594
267.2693647369185
0.0
256.4602040681977
239.24561489776525
227.1782451385029
219.6861813989335
217.6701871728078
224.94778340601945
237.172429404574
241.76203325390512
250.55519965531042
267.8984692821893
289.31662094291113
311.17800536360727
332.2244133816536
352.1984839914806
368.04048130039894
378.40640920914564
384.0397548177172
385.0977943345137
379.1498964533067
365.12372369379443
350.61142469569086
332.92500711630527
307.0173363828273
279.85145644553575
0.0
326.1335371525773
309.19060674527066
296.52272801763434
288.0012204514371
284.455358258372
290.01721467756283
303.4571762983393
304.929852926131
319.3992584456174
346.23628824974304
375.63262987832815
402.8699989329184
426.1039751739387
445.49183467592223
458.1740112640892
463.27833716574975
463.97893086950904
457.00158904840225
442.5464814203387
426.0038903355789
416.3385562335662
402.19800087813803
377.56283712662463
350.6972116426277
0.0
467.26743211878903
459.317837758715
452.798026630195
448.194124889441
445.53472818543173
446.5498742648009
450.1815234665877
451.3825413312535
457.430524019928
469.29772420544526
480.85037204624507
491.9168936587509
503.2693719258056
514.5646587919279
522.7716141266794
527.3469202184546
529.30572311573
526.7464112500807
521.642085420502
514.1214260319537
505.21387696255044
497.96487637831774
486.25495240120034
477.83352963217305
0.0
1721.616192118929
1617.427893890912
1544.0800178583947
1498.083894289882
1489.5623865074385
1533.8427705193662
1616.4842364345636
1653.358344343788
1732.0250130635022
1863.736637567018
2025.602388093287
2181.577432231958
2322.1394141259134
2445.072169357435
2531.917197721732
2583.43228495164
2610.927014579307
2597.4727556746575
2530.7304776146225
2420.923131679754
2323.826557755488
2211.2168365113043
2041.4872788602272
1869.5272591883381
0.0
83.87107973673582
80.21083486228602
77.62292735692535
75.62123094190247
74.69187189184977
75.47825263316349
78.52369074770165
79.89628257214495
82.46989224271869
87.23107014141506
92.79292661209315
98.9552920048067
104.66012678422375
110.05040928482694
114.22537605714446
116.97055972353671
118.47183200339666
117.62826000222557
115.04035247524027
110.93687480477523
106.64752534283507
102.1294105675533
95.6381950828636
89.18987305928538
0.0
1797.308912335681
1676.663809331399
1592.1493270333704
1539.6476902586533
1525.5214322694776
1576.4932018289696
1662.1229147769934
1694.335929523937
1755.9881790176717
1877.4625554613374
2027.6183823606023
2180.862540647073
2328.273183885094
2468.248953960682
2579.3288076807166
2651.99038671669
2691.409509063527
2698.901572432388
2657.1805000492677
2558.882908208848
2457.1824327703716
2333.2488291552518
2151.6949638602064
1961.3050397045859
0.0
270.8295247493244
259.01951596473947
250.6409866743294
244.1926646631082
241.1901200374846
243.72083618207287
253.55774428093395
257.99007209692195
266.31141005848167
281.6529832785757
299.6253574816177
319.5422367934868
337.97214161703346
355.3440069237837
368.82686205406964
377.69151761396336
382.5527803293949
379.8075966475564
371.4576630370177
358.24646671104745
344.3918679792758
329.76518632347165
308.81886317467735
288.0155182707779
0.0
55.28971451388952
52.415850377664206
50.271175646694104
48.8270946627326
48.22658573451865
49.155944787660594
51.443597830458906
51.68666096828997
54.145887992490366
58.6925984126321
63.66824378988316
68.28644337263235
72.23264486764937
75.52114612310784
77.66582085407794
78.53798857528037
78.65237122886194
77.4656512103102
75.02072201677775
72.21834704007065
70.57409641543066
68.17206071596155
63.99709391481116
59.45038348437197
0.0
440.64486982102125
417.73974367197707
400.6252393399044
389.1297828279549
384.3400093019042
391.83207296939145
409.9903190298122
411.99201546748964
431.53715110579077
467.7964518565925
507.5158278535224
544.3041484142095
575.7021864495797
601.9101115642702
619.0389137568732
625.9304685589611
626.8741254489495
617.4375566726352
597.9353144717613
575.5735059622408
562.5052879120577
543.4033850337306
510.13233104802197
473.83013678771084
0.0
458.8317115613135
428.01988453081225
406.4444568058548
393.0473886945879
389.4443351005903
402.4553618219232
424.3167462014294
432.5379993246294
448.2799118672702
479.291908440624
517.6243947155093
556.7432618161473
594.3751543872733
630.1054354002714
658.4580353005085
677.0166206113939
687.0822940050613
688.9839056043787
678.3320210719758
653.2393268029322
627.2744647714962
595.6476614104276
549.2940915860873
500.6957622408154
0.0
327.0485983215046
312.7793624787377
302.6564977562202
294.86417960454594
291.2468281912076
294.3065641456815
306.1737643311987
311.5354511045623
321.5868267097811
340.11681637168766
361.8066267955355
385.8698772276538
408.11730311036615
429.09222193903173
445.37745204911397
456.08652787947506
461.94863881374516
458.64583967304225
448.5515706303961
432.5951906946695
415.86672782461306
398.2089058221243
372.9017440879127
347.794751855364
0.0
135.8008038727195
129.7385232926221
125.27759982765521
122.43233133834934
121.43148319159286
123.61905141456681
128.69478156427397
131.0825194330751
137.38786309642705
146.36690135521113
156.58985088519609
166.75560907603327
175.97771041807192
184.24185705078145
189.93239398820336
193.37817137380105
194.60778488744586
192.24864266762367
188.0736758983954
181.05344063986124
174.14758800813527
166.4839503129074
155.41742870040153
144.50818326540318
0.0
35.072580736368884
32.71343852993338
31.06918790941235
30.039744037475774
29.76808523727907
30.754635612063073
32.42748190215795
33.05658648964831
34.25760433577875
36.63104436979297
39.56209983486857
42.5503466277647
45.424210760900785
48.15509658529788
50.32836697142539
51.743852293021256
52.51593519954805
52.65891351137629
51.84393711490512
49.9280276941874
47.94062910674322
45.524295582784646
41.97843336191638
38.26099716273528
0.0
427.34788647603193
401.48310928295587
383.28196968213314
371.85800235956447
369.74192329507906
380.73695567701435
401.25434395725733
410.4049561408075
429.93579399066033
462.6206368685255
502.7975434138779
541.5160712228615
576.4170779726796
606.9286504881014
628.4754825640798
641.2720417790551
648.0921074638442
644.7607127050546
628.1895259404234
600.937859097385
576.831715155757
548.8794545059845
506.74374496038223
464.0647178473382
0.0
78.29492544156828
74.22004345509353
71.18890316813408
69.14431326625606
68.28644337263235
69.61614169992306
72.84745163065024
73.2048974179439
76.67927047620469
83.11329466499598
90.17642343406939
96.71053244474453
102.28668677595319
106.94777982702207
109.99321790551915
111.2085336338048
111.38010756474937
109.7072612818627
106.24718610163812
102.27238891233337
99.94184235075782
96.55325629812937
90.6339540432469
84.18563202687692
0.0
265.35345527707045
253.55774428093395
245.47946947471087
241.39028968331183
242.3053508522391
249.6544362748315
258.5333896643634
262.4938889993162
275.43342656216055
295.22162538669085
316.4825008390129
335.57010592889156
351.06895531619557
364.0513863164673
371.8437044990339
375.11790795986553
373.9740813931575
367.2112070784086
354.58622186028174
342.51885202893726
333.9973444936324
321.28657222559417
302.44203032194457
282.8540010711593
0.0
157.89095351613955
148.34000211301708
141.6057234781394
137.38786309642705
136.61578020328693
140.67636434570707
148.2542150631057
151.62850336229712
158.84890829755082
170.93057591734373
185.77172500742347
200.0695565712514
212.96620062458635
224.24718970226016
232.2110818507827
236.9293662183449
239.44578457448483
238.21617106084003
232.09669915189235
222.0310257582251
213.123476760904
202.78614450113636
187.2301038467668
171.45959562425477
0.0
64.86926163601359
62.03829099282188
60.03659457779898
58.49242877195361
57.763239369787605
58.378046122491035
60.737188324807555
61.79522785910977
63.78262643934573
67.45716914137427
71.7608164339824
76.5362921602575
80.95432210644718
85.11499108001885
88.34630100044859
90.46238007214228
91.63480225590706
90.97710200296184
88.97540559102816
85.8012869922405
82.48419007750563
78.98122135378993
73.96268248968377
68.9870371124327
0.0
439.31517146901666
412.7355027116507
394.01964119236544
382.28112156626906
380.1078511317434
391.4031380699479
412.4924395254216
421.900412652757
441.97456817302583
475.58877008034887
516.8952053318787
556.7003683066379
592.5593298069749
623.9287721212838
646.0904110261669
659.2444160541792
666.2503534521828
662.8188739271156
645.7901565419799
617.766406733719
592.9882647064184
564.2496233750575
520.9414917167428
477.0614467081406
0.0
76.75075963572291
71.5892424525803
67.98618891007
65.74142935721603
65.14092043621031
67.31419082233782
70.97443569987686
72.34702752432017
74.97782852683342
80.16794137234167
86.57336989155908
93.12177673702115
99.41282262840065
105.3893161647651
110.13619625029921
113.23882571119334
114.92596978252838
115.24052213342443
113.45329315782588
109.2640285249778
104.91748774963354
99.62729007503319
91.87786538652992
83.74239925557558
0.0
14.083364055410692
13.26838765482056
12.76796355569869
12.467709093136337
12.467709093136337
12.8966440399482
13.568642117382915
13.983279236616063
14.769659970721575
15.913486492120727
17.157397832314512
18.315522188500598
19.330668225650243
20.217133781639614
20.77474921270099
21.017812343323833
20.932025356226905
20.803344875066635
20.231431609218326
19.402157377960243
18.81594628762246
17.81509808217051
16.48539974767158
15.212892742022916
0.0
267.183577687007
249.23979916383635
236.68630310419798
228.87968709199316
226.77790584684845
234.35575656424714
247.08082658984137
251.8706001879742
261.0355101599728
279.09367141292626
301.412586454127
324.2033298321987
346.10760776240426
366.92525045475213
383.43924592142537
394.23410869872316
400.0962196329934
401.2114504477477
395.0061915918634
380.39380775539996
365.2809998301121
346.8510950065654
319.8710869266527
291.56138046384297
0.0
128.15146396594
121.48867448955076
116.51302909994278
113.16733653725869
111.78044687802846
113.95371730019706
119.22961711117762
119.81582821593182
125.50636512246136
136.04386695597407
147.59651486885596
158.3055906271347
167.42760713081358
175.04835138861412
180.038294560492
182.03999099816932
182.31164980248502
179.56646615153892
173.8902270334578
167.38471369338626
163.595788314092
158.03393186400885
148.35429990146548
137.80250027950441
0.0
1236.3620880601368
1153.3631757243525
1095.228192620242
1059.1118702893918
1049.403642461623
1084.4619256360875
1143.3689913450094
1165.5306300336458
1207.9379984762413
1291.4945262296999
1394.7820611493203
1500.1999733234757
1601.600193742297
1697.8960898452665
1774.3037009260815
1824.2889199110182
1851.4119068124835
1856.5591259971095
1827.8490799234241
1760.234634893901
1690.2753453712196
1605.0316739881862
1480.1401151076743
1349.15768030701
0.0
34.9439002480004
33.41403227694195
32.34169491506101
31.49812285622422
31.11208139935671
31.440931524284714
32.71343852993338
33.285351792692445
34.35768915457338
36.34508774201755
38.661336447181505
41.23494612496345
43.60838615485869
45.83884787292571
47.58318331944959
48.72700984084874
49.35611442833909
48.99866864104545
47.92633127916451
46.22488932979322
44.43766038302754
42.5503466277647
39.84805646573324
37.16006413848871
0.0
239.44578457448483
226.99237328112406
217.6987828526791
211.45063048728505
208.84842508123376
212.92330708418442
222.78881086291676
223.87544602869232
234.49873491211645
254.18684889828688
275.7765744837749
295.76494298502473
312.82225598824726
327.0771939704835
336.38508229035136
340.13111416013606
340.6315383210427
335.5129146309336
324.9039236389325
312.7650646182072
305.6590423818438
295.2788166846488
277.19205981360875
257.4753501475669
0.0
1051.2051695109094
1033.3042843221917
1018.6347089715238
1008.2830794278831
1002.3208836140631
1004.5942390002205
1012.758300176723
1015.4748884670188
1029.0578285386391
1055.7804757468489
1081.7453373148994
1106.6664581946445
1132.1880876102707
1157.6096315387972
1176.0538343670387
1186.3482730143223
1190.7663028976976
1185.0185750227288
1173.5231178620397
1156.6087832478765
1136.5489258764667
1120.2636959517388
1093.9127923450146
1074.9681657471697
0.0
306.4883166038341
290.5605322758967
278.66473644140046
270.65795082455827
267.3265560348764
272.5452645633452
285.17024975057967
286.57143729196514
300.15437726061083
325.37575204788556
352.999162564492
378.5922809944422
400.4250697661593
418.65480491298655
430.579196427354
435.3689699534047
436.0266702197367
429.4639655817071
415.89532347359204
400.33928271624785
391.2601597220785
377.96317644917144
354.8149871859803
329.57931453817497
0.0
426.4900166050627
397.8514600090869
377.80590024077156
365.3381911589624
361.9924985808321
374.088464092048
394.40568262348927
402.0550225302688
416.6817041551805
445.50613253645287
481.13632874198356
517.4957142281705
552.4825080278999
585.6963706126761
612.047274147318
629.2904589667296
638.641240796107
640.4284696965341
630.5200725112667
607.2003092512274
583.0655696297281
553.654930243587
510.57556380799616
465.3944161993429
0.0
623.0852000696552
612.4762091188438
603.7831275146086
597.649357848105
594.1177934125957
595.461789625131
600.3087544491395
601.9101115642702
609.9597907627038
625.8017880716224
641.2005526205666
655.9702125933477
671.0830205186355
686.1672327640518
697.1050739201113
703.1959501491878
705.8124533127951
702.4095693646246
695.5895037519177
685.56672386776
673.6852258937943
664.0341895802298
648.4066597364797
637.1828619876559
0.0
134.95723179019856
127.20780707595165
122.36084222105069
119.52987159536461
119.54416938690223
123.54756222518597
130.08167121423645
133.98497922033886
141.56282993773755
152.5721601802033
164.39646692829325
175.49158414858826
185.22840740908953
193.77851069634784
199.14019754179364
201.49933968953363
200.68436332807386
199.41185630491952
193.8785955038153
186.01478816276023
180.3099533957001
170.68751273111462
158.0053362150299
145.76639245891928
0.0
573.8577661791123
539.1283333540604
514.6790414599257
499.35176602828017
496.5064976110565
511.2761575426478
538.813781081425
551.109916238468
577.332139213689
621.2264819798472
675.1864981705651
727.1734136034768
774.027407485749
815.0049926761951
843.958101544806
861.1297971748368
870.2947072189176
865.8051881049715
843.5577622222593
806.9553135498434
774.5993208051441
737.0532152118476
680.4766958575224
623.1566892281437
0.0
195.2082938558199
182.1114801566578
172.93227232412866
167.22743755706855
165.6975695592367
171.2308303294486
180.5244208299757
184.02738954442367
190.71877474187406
203.91567320731374
220.2294989972674
236.872174920387
252.88574619526128
268.0843411395681
280.1517109297228
288.04411391975685
292.31916559942704
293.13414192999454
288.6017293786213
277.9212491972393
266.88332327490224
253.41476600514682
233.69805626702282
213.02339192254422
0.0
719.3667975603797
687.3825484892483
665.4782705590427
654.4117489877266
656.8852738343571
676.8164509346743
700.8939992273234
711.6316707066634
746.7042514533296
800.3497153714119
857.984274273426
909.7281265201087
951.749453438903
986.9221187767902
1008.068611489032
1016.9475650948106
1013.8306377702967
995.4865197083326
961.2861070535771
928.5583706662023
905.4816705614996
871.0238966025481
819.9091489011363
766.8213004419183
0.0
750.707644297792
717.236420666256
692.5011721793572
676.8164509346743
671.2545945154837
683.4077513246574
711.4029054118572
724.628399598358
759.4722150193257
809.1142860929459
865.6336140772311
921.8383898918552
972.838754966459
1018.5203264888798
1049.9469601011467
1069.0488630824482
1075.8260353709998
1062.7578175679557
1039.6954153237837
1000.8625047026378
962.6729967035396
920.3800110525118
859.1423986285824
798.8627408830897
0.0
2008.3163098776379
1974.1301947024072
1946.0921466835023
1926.3325434873564
1914.922874159185
1919.2694148016922
1934.896944388006
1940.0584621024973
1966.0090259850735
2017.0665825018
2066.680058039713
2114.291836810431
2163.033144761008
2211.6171762972367
2246.8613304743913
2266.5065510952168
2274.9565697294697
2263.9758354963933
2242.0143663094195
2209.701266796199
2171.3830783200597
2140.285294532035
2089.914034291031
2053.740520466571
0.0
475.9033223838766
447.0931918631349
426.81886673822856
414.10809450108263
411.7489522812605
423.9878961094533
446.83583088845734
457.0301847282736
478.77718652216146
515.1794655487502
559.9316782579599
603.0396402704474
641.9011463964081
675.8727941167683
699.8788532200364
714.1194934138243
721.7259397802018
718.008503559396
699.5500030868703
669.1957067798484
642.3586770169127
611.2322977446685
564.3211125335459
516.7808227359629
0.0
876.4570725344001
817.6214958398024
776.4151453545502
750.8077291361517
743.9161743649562
768.7801033391936
810.5297714227797
826.243088213467
856.311427999807
915.5330461255287
988.7665390060677
1063.487006992776
1135.3765035166157
1203.634351260864
1257.8088351947808
1293.2388618162693
1312.455147341999
1316.1153921206828
1295.769577724016
1247.8289483155572
1198.2440692092296
1137.8071352553372
1049.2749622626131
956.4248442660632
0.0
597.9067187918901
571.327049962442
553.1259104337013
543.9181069521933
545.9769946878286
562.5481814215673
582.5508477112655
591.4869924296478
620.6259730835553
665.2066117959168
713.1186451949856
756.1265224720879
791.0561248708848
820.29519033226
837.8672253157298
845.2449063564088
842.6569988417806
827.4155104291539
798.9914213704285
771.7683501763689
752.5949580365788
723.9564015126853
681.4775440763609
637.3544359845041
0.0
804.5675756810422
755.8691614974103
721.5972592928632
700.107618545735
696.1185235618033
716.8217835552608
755.4259287374362
772.6691135568477
809.4288383655813
870.9810030621462
946.6308296767119
1019.5211747798008
1085.2054128081666
1142.6540996056629
1183.2456434061748
1207.3231916576337
1220.1769422735415
1213.8858968208335
1182.6880280193923
1131.3731111046463
1085.9917938501658
1033.3614759393706
954.0514042577928
873.6832933065573
0.0
811.4734283127682
756.9986902035878
718.852075641917
695.1462709919435
688.7694381701033
711.7746490545326
750.4359854625837
764.9911780010893
792.8290559828637
847.6612399050814
915.4615569670402
984.6487633906329
1051.2051695109094
1114.4015849041964
1164.5583778962791
1197.3576034009525
1215.1584038851777
1218.5469899831148
1199.7024473998333
1155.3219784053815
1109.4116419176728
1053.4499287435126
971.4804607904188
885.5218977401212
0.0
112.38095577432028
106.54744051374297
102.17230408324129
99.2412486253739
98.02593296917043
99.94184235075782
104.57433981875145
105.07476388904047
110.06470707636456
119.31540407664988
129.43826880843508
138.81764628679147
146.82443197571587
153.51581710108402
157.89095351613955
159.63528897913935
159.87835216536843
157.47631640514433
152.500671093797
146.79583632673686
143.464441537055
138.5888809610929
130.11026686321543
120.84527208374942
0.0
18.64437230622038
17.829395909749223
17.243184819411443
16.799952045020866
16.599782404342374
16.77135638265522
17.443354460089935
17.75790676052846
18.329820016079307
19.387859550381535
20.617473058877618
21.990064883320905
23.262571896177786
24.449291907521303
25.378650957574013
25.993457713366677
26.322307838294673
26.136436029313874
25.56452276655481
24.649461548199792
23.691506842989654
22.690658630329484
21.246577646367978
19.816794497193392
0.0
1285.4894365459595
1228.355301918124
1189.2078392199944
1169.4196406837927
1173.8519682835345
1209.4678667212115
1252.475743977719
1271.6920295034492
1334.3594248809015
1430.212087770809
1533.2279637007591
1625.663444462744
1700.7699535819504
1763.6375184919577
1801.4266878275462
1817.2829825645022
1811.7211265057226
1778.9361987791997
1717.8272669558812
1659.3205401885002
1618.0855941366488
1556.5048330702832
1465.184583267217
1370.304173863643
0.0
1807.1172246825884
1726.7777091125984
1671.7596532094324
1643.9503707530675
1650.155629969363
1700.2409337205775
1760.7064631072026
1787.700769212405
1875.8040068320026
2010.5467714865517
2155.3695067568565
2285.3224975558364
2390.8976854235184
2479.2582845326665
2532.389026964779
2554.6793457597487
2546.8584320620703
2500.7765208155015
2414.8608510687645
2332.619724527601
2274.6563154306364
2188.082945747086
2059.717013811403
1926.3325434873564
0.0
1213.7715142455127
1159.8114975914093
1122.8659010694612
1104.1786355595657
1108.3536020404651
1141.9963994834952
1182.6022410003732
1200.7318918443084
1259.9106164193306
1350.4158898712344
1447.6840377099697
1534.9722992873285
1605.875245957435
1665.225544385141
1700.9129314664342
1715.8827611159347
1710.635457165031
1679.6806519823124
1621.9746040659743
1566.7420808212096
1527.8090855264632
1469.6598047059865
1383.429582439475
1293.8536682229783
0.0
432.852551669347
413.9651162252956
400.56804804194644
390.2593115032399
385.46953797718925
389.50152647063044
405.22914115274057
412.30656774012493
425.6178488735627
450.1529277867164
478.8629734690983
510.7042442953349
540.1434794334297
567.8955704064824
589.4567003429914
603.6258513782908
611.3895738809862
607.0144374659305
593.6602627920911
572.5423656876383
550.395024643286
527.032367945819
493.5468464228603
460.3043881891052
0.0
233.82673675436155
221.67357994518778
212.59445695101846
206.4892829334938
203.9442689283749
207.93336391230653
217.5558045048098
218.62814188213693
228.99406971880134
248.2389509449977
269.31395461202305
288.8304946734275
305.48746838499545
319.3992584456174
328.4926793003174
332.15292422316514
332.6533482810972
327.64910728987854
317.2974772725549
305.43027708703755
298.49582877544026
288.3586662644744
270.7008442619856
251.44166524734086
0.0
334.92670352309017
317.51194470683043
304.5152158460282
295.76494298502473
292.1332937111559
297.82383072066006
311.63553591202975
313.15110608022337
328.00655303083363
355.5584744301415
385.7554946008456
413.72205303906645
437.5851338974398
457.50201320930876
470.52733771909004
475.76034403600727
476.4752356002971
469.3120219938937
454.4851706922624
437.48504905908
427.54805612185913
413.03575712375556
387.7428931471
360.1480783103649
0.0
452.9553027665127
429.4067742116672
411.820441439749
399.9961347946335
395.0776807812441
402.7842119138993
421.44288210433433
423.50176983996965
443.6045209371353
480.8646699067756
521.6849788888218
559.5170411469646
591.7872469138347
618.7243614842379
636.339289905135
643.4167165337093
644.3889691035689
634.6950392804949
614.6351816928388
591.6585664264959
578.2186047336373
558.5876821175069
524.37297124181
487.06992876266014
0.0
60.22246639089877
57.591665388385515
55.732947292399075
54.28886630843757
53.63116605858156
54.18878148655371
56.37634971055738
57.36290008534138
59.22161818132783
62.624502083159655
66.62789491011618
71.04592485939509
75.1494025082355
79.00981701615558
82.01236163354118
83.98546238619842
85.05779974807935
84.45729083016285
82.5985727269682
79.65321943431388
76.57918565741006
73.31928006431723
68.6581869875047
64.03998740475551
0.0
25.064098667432944
23.948867808399434
23.119593577141345
22.59057381153486
22.40470200255406
22.81933911457899
23.748698167720946
24.191930939022285
25.35005529520836
27.008603750516315
28.89591751607662
30.783231274428715
32.48467322380001
34.00024336727974
35.058282901581954
35.68738749216155
35.91615279520568
35.48721784839382
34.71513494186702
33.41403227694195
32.14152527129329
30.72603994969742
28.681450040611196
26.665455798009603
0.0
669.5960460303131
629.0616936719232
600.5375197748382
582.6509325496253
579.3338356204741
596.5627225793547
628.7042478897785
643.0449728910338
673.6423323842847
724.8714627536948
787.8248149195629
848.4905140961795
903.1511240215488
950.9630726543401
984.7488488777324
1004.7801108164094
1015.4748884670188
1010.2418821089118
984.2770198200395
941.569397315453
903.8088242878806
860.0145663600823
794.0014781985506
727.1162223055188
0.0
75.04931768635161
71.7751142615611
69.44456772161021
67.65733878514199
66.8280645538839
67.52865830089249
70.2595441252896
71.48915763069643
73.79110850828168
78.05186230373722
83.02750767378005
88.54647064421631
93.65079649541944
98.46916572605532
102.20089973839872
104.66012678422375
106.00412292467675
105.24633788897796
102.93008919102223
99.26984428053133
95.42372760430895
91.37744128740803
85.57252168919636
79.8104955778398
0.0
217.77027201116758
204.58767133417626
195.3083786220975
189.5034590887598
188.4168238509021
194.02157377960242
204.47328866617826
209.13438177697236
219.08567250264161
235.74264621420963
256.2314387733916
275.9481484806232
293.73465089836856
309.27639379518206
320.2714261771173
326.791237346827
330.26561041229604
328.56416845880585
320.1141500407996
306.23095562915665
293.94911833264416
279.7084781697487
258.2331351801765
236.48613345837077
0.0
200.61287416958538
187.1443168689376
177.72204588107172
171.85993494680156
170.27287562011946
175.96341262962355
185.52866189327654
189.11741762674356
196.00897242883133
209.56331667641595
226.32037522634377
243.42058176996804
259.87738580481647
275.5049156485669
287.90113564396967
296.0080060682793
300.4117382352884
301.2553102457272
296.5942171761228
285.62778040197674
274.27530213492213
260.435001263681
240.17497395811537
218.91409850579336
0.0
104.0024265055349
98.59784621030484
94.56585771377443
91.84926972416427
90.71974103755205
92.49267214644156
96.76772376947581
97.25385006985185
101.85775180751665
110.42215287086644
119.78723256386363
128.480314099106
135.88659081965636
142.0775518870925
146.12383816898205
147.7394931446431
147.96825843944927
145.7377967069658
141.13389496621176
135.8579951706774
132.7696635672246
128.2658465927482
120.41633711222364
111.83763818834329
0.0
772.6691135568477
728.3458358191638
700.550851305709
684.3371103541153
684.4085995126036
707.3995126394772
744.7740442050332
767.1358527145535
810.5011757738009
873.5403149586879
941.2691429033482
1004.7372169155967
1060.5416537680849
1109.497428967584
1140.1948731241382
1153.6777277086592
1149.0166351745222
1141.7247406482873
1110.0121504535537
1064.9882790841925
1032.3320322157172
977.2996779989327
904.638098509871
834.5501283865784
0.0
923.3110664887545
867.435140869081
828.0875085148267
803.4237491143341
798.8484430225592
822.6114390425727
866.9204189197262
886.6943199558079
928.8872207993683
999.5328067110438
1086.3349412672048
1169.9915537869415
1245.3697218649252
1311.2970225440524
1357.879357622009
1385.5027683548617
1400.2438324418224
1393.0377255627511
1357.2359551853153
1298.3431871618673
1246.2704847614236
1185.8764446774514
1094.8564490187562
1002.6354355983698
0.0
1587.2880650593552
1480.7406244261617
1406.1059435202574
1359.7380761957972
1347.2703671448808
1392.27994085966
1467.9011716192974
1496.3538565123563
1550.7999984061978
1658.076628433319
1790.6890162452319
1926.032289188523
2056.2140451381447
2179.833096954312
2277.930518953253
2342.0991865456913
2376.914406348573
2383.5343024390218
2346.6744927507384
2259.872357504648
2170.0533796076443
2060.60347961968
1900.2675973383818
1732.11080032966
0.0
1659.2061568923577
1585.4579425155516
1534.9294058601984
1509.3934788517759
1515.0983135158615
1561.0944370843738
1616.598619730706
1641.3910595361576
1722.2881898647854
1845.9930286381875
1978.962861367259
2098.2782656591253
2195.2175631690425
2276.357756869254
2325.127660437918
2345.5878574099065
2338.4246439579647
2296.1030622563576
2217.2219261950445
2141.7150780107286
2088.4985493422028
2009.0026054325378
1891.1312824284078
1768.6703554101869
0.0
132.14055894987163
125.2633020392068
120.14467828628332
116.68460310296953
115.25481992496206
117.49957952106531
122.94705332889411
123.54756222518597
129.40967315945613
140.27602512613478
152.18611874907944
163.22404471260634
172.63201783994165
180.49582518099677
185.62874673163637
187.7019322557199
187.98788895145856
185.15691825060105
179.30910517686146
172.6034221909627
168.68581632432975
162.95238587739829
152.9724995027501
142.09184974762303
0.0
1863.3648938110707
1780.5232579514202
1723.7894620797715
1695.1223098451146
1701.5277385939646
1753.1715058993134
1815.5100516687698
1843.3479297432216
1934.196351332986
2073.1283799067696
2222.454932645829
2356.454209376585
2465.3178985759264
2556.4379788464375
2611.212972098842
2634.2038849785768
2626.139907600391
2578.6139160958314
2490.0388499540086
2405.2241126363256
2345.4591773344655
2256.1978149169213
2123.8284904765915
1986.297649042593
0.0
3.0311402837672494
2.8452684734477827
2.716587990433969
2.6308010010715956
2.616503169167952
2.702290158530325
2.8452684734477827
2.902459800032613
3.0454381149500716
3.2742034199507244
3.56016004978564
3.8318188494674783
4.089179816524852
4.3036472896218605
4.460923436442963
4.546710425805337
4.589603920486522
4.575306088582877
4.446625604539318
4.260753794940674
4.089179816524852
3.889010175022564
3.5887557132840047
3.288501250824622
0.0
161.79426152224192
150.9279095555633
143.3214631891857
138.60317882162352
137.33067179846915
141.9202757507748
149.62680695551217
152.52926674277597
158.07682537351837
169.00036866904728
182.52611726765295
196.32352470146674
209.59191232539493
222.1883018945428
232.19678399025207
238.73089297930258
242.2767552032601
242.94875325804043
239.2027214603379
230.3523637197849
221.18745374778638
210.03514515745127
193.69272371851864
176.5496236653848
0.0
2492.240715944836
2381.4468187145917
2305.5682267743273
2267.221442989025
2275.785843889675
2344.8586680159788
2428.2436218549683
2465.4751749902757
2586.978147463927
2772.8070639443645
2972.519174733471
3151.756790432623
3297.3659067449266
3419.2263244446603
3492.4884135199422
3523.228750949165
3512.448186248645
3448.894325062916
3330.4081949312545
3216.98349805673
3137.058619772792
3017.6574285236916
2840.607381006323
2656.6657779969382
0.0
505.0994943357422
482.63760101875425
467.26743211878903
459.4894117555632
461.2194493580324
475.2170264376734
492.11706333547045
499.66631837299786
524.2871842639806
561.9476724531931
602.424833513625
638.7556234229152
668.2663477503905
692.958702799862
707.8141497504722
714.0337064668875
711.8604360323618
698.9780898395575
674.9577328757589
651.9811176094161
635.7816745183527
611.5754457383651
575.687888589049
538.4134417588783
0.0
615.1784992911728
573.8863618280914
544.9618486084591
526.9894744054172
522.1568073698571
539.6001618350957
568.9107164137695
579.9343445167658
601.0379439048523
642.6160379915902
694.002444456128
746.461188370075
796.9182357742627
844.8302692454137
882.8482032476634
907.7121322939831
921.2092852436099
923.7685971401517
909.485063405962
875.8422658496598
841.0413438661194
798.6196777277529
736.4813019233447
671.3117858134416
0.0
157.37623159767693
150.38459198812168
145.5805205706481
143.16418705286802
143.70750465120193
148.06834327780905
153.32994531578737
155.68908750471724
163.3527251999451
175.09124489812362
187.7019322557199
199.02581484290332
208.219320535963
215.9115538801698
220.52975348145438
222.47425859028138
221.80226043252657
217.78456979961595
210.3068039205771
203.14359031417362
198.09645581344546
190.54720074502578
179.36629650571172
167.75645729487192
0.0
122.2607573826909
114.86877847530278
109.6500699746371
106.39016437433604
105.78965547804421
108.93517838254412
114.79728930136812
117.41379248351086
123.00424462685204
132.35502645622944
143.85048299907123
154.93130240002552
164.91118884675583
173.63286605878028
179.80952926568585
183.46977415764135
185.41427919438618
184.4563245159494
179.72374228785665
171.93142413618236
165.02557147356404
157.03308364517022
144.98001167435626
132.7696635672246
0.0
157.26184897086875
150.3988898486523
145.5233292726902
141.77729740290548
140.04725980043625
141.5056386397796
147.22477119528813
149.79838088027827
154.63104791583848
163.53859698524175
173.97601398039467
185.54295968172494
196.23773772363748
206.31770893664546
214.15292062872163
219.30013993691725
222.11681277724418
220.52975348145438
215.68278855447124
208.00485307079504
199.96947173289166
191.47655977448358
179.30910517686146
167.22743755706855
0.0
173.91882268243677
166.1836958287204
160.8934981417631
158.2055058608571
158.80601475714894
163.62438396307095
169.44360142902144
172.0458067320982
180.5244208299757
193.4925540726914
207.43293975139997
219.9292445851626
230.0950027451074
238.60221249196385
243.70653836273215
245.8512130761966
245.1077258320354
240.6753980881296
232.39695363607933
224.49025278551474
218.91409850579336
210.57846275578518
198.22513630078421
185.38568354540723
0.0
993.4562276937584
949.2902263807209
919.0503127005072
903.7659307783714
907.1688147265417
934.7064381932366
967.9488965299664
982.7900454758816
1031.2310991585189
1105.2938663331302
1184.904191819263
1256.3504560980011
1314.3996521522001
1362.969386188309
1392.1798560933826
1404.4330973908025
1400.143747675545
1374.8079906115756
1327.567954875984
1282.358211628649
1250.50264282861
1202.9051618669357
1132.3310655256469
1058.997487806748
0.0
564.2067298655479
530.0635082204216
506.0145555767517
490.9446411197836
488.1565640005178
502.66886295743154
529.7489558757042
541.8306234954969
567.6096138137183
610.7747671241639
663.8197221459543
714.9344698473662
761.0020830480502
801.2933722202105
829.7460569999973
846.6317960372636
855.6394298420522
851.2356977780178
829.360015537981
793.3723735503052
761.5596984039399
724.656995247337
669.0241327830003
612.6763787234813
0.0
613.8630987996987
578.6475397051631
556.5573900308506
543.6750437659641
543.7465329553451
562.0048638541256
591.6871620754749
609.4593666326897
643.9171406225337
694.002444456128
747.8051845105281
798.2193384772884
842.5712118639514
881.4470158092527
905.8534141629852
916.5481922048978
912.8593516330711
907.0544320276513
881.8616529202478
846.1027762273783
820.1522119843908
776.4294432150807
718.6947995055993
663.019043572943
0.0
423.41598279005825
397.794268711129
379.75040534959857
368.44082062294575
366.3390393469087
377.2339869934587
397.56550341632294
406.6303286220438
425.9752946866
458.3741809408087
498.1793438846755
536.5404258806219
571.1125824972739
601.3381983169571
622.6991586076389
635.3813351958058
642.1442095105549
638.827112612296
622.4132019839825
595.4045982241984
571.5272196082691
543.8323199331742
502.08265192167016
459.78966623975015
0.0
1099.7034140899038
1050.8191281930576
1017.3336064126624
1000.4049740821329
1004.1938992760731
1034.6625784982318
1071.4651971048038
1087.893404944908
1141.5102733993658
1223.494038914364
1311.6258731817936
1390.7071791875594
1454.9616340461557
1508.7357778852167
1541.063175207481
1554.6175199081538
1549.8706394797143
1521.8182943725883
1469.5454221306657
1419.4887139975376
1384.2159634814745
1331.5427524833651
1253.4194007132458
1172.2506114567325
0.0
844.4585256027383
793.3580757618568
757.3704337741812
734.822753479364
730.633488849605
752.3661927108802
792.8862472808216
810.9730041827539
849.5628514735065
914.1747521245451
993.5706108972244
1070.0783068061016
1139.0224507951793
1199.3164060819815
1241.9239441189166
1267.1882124465933
1280.6710676901512
1274.0797672177887
1241.3377333302942
1187.4778015042532
1139.8517249862773
1084.6049042722852
1001.3629285031335
917.0057227533204
0.0
592.20188402483
556.3572203850235
531.1215477372183
515.3081460360889
512.3770905689539
527.6042811622397
556.0283702518576
568.7105467679422
595.7763418977664
641.0861699937584
696.7619259676047
750.4073898136048
798.7626560756224
841.0413438661194
870.9238117641884
888.6388250646351
898.1039895208205
893.4714921310878
870.5091746531931
832.7343037650903
799.3488671525733
760.6017437255032
702.223697579328
643.0735685400126
0.0
201.28487222436567
190.81885958023383
182.9979456766061
177.75064153005067
175.56307330707676
178.9802550436955
187.28729514472474
188.20235638573413
197.12420324358578
213.68109214768637
231.82504041965885
248.63929026754448
262.98001526879983
274.9473002926769
282.7682140933301
285.9137369947408
286.34267196626655
282.0390247096995
273.1314756402963
262.90852611031136
256.94633036857374
248.22465315654935
233.0260582122425
216.440573659163
0.0
1924.4738256343896
1808.003689770044
1726.005626600464
1674.6049219458773
1665.068267970792
1714.5816587424279
1806.94565076812
1848.16629859903
1936.1122608340243
2083.3370316277114
2264.2760897952267
2438.623847490379
2595.7427178971316
2733.1591767558098
2830.2414528710324
2887.833118520973
2918.573455641272
2903.5321375644025
2828.9260526884827
2706.1791684596506
2597.644329589126
2471.7519226339405
2282.0196984151335
2089.79965171571
0.0
608.7444750375074
581.6929778402961
563.1486903178591
553.7836107000333
555.8710941155397
572.7425352613835
593.1169451937571
602.210366048457
631.8926643006987
677.273981555179
726.0581827578301
769.8381428559902
805.4111477326707
835.1792329627416
853.0658201879544
860.5721817159722
857.9413807639165
842.4139357276338
813.4751247504455
785.7802250444581
766.2493871946053
737.0818108917186
693.8451683198102
648.9070837944116
0.0
1425.2650381187375
1361.9113461566399
1318.5174279529892
1296.5845540751784
1301.4744123881017
1340.9793206624272
1388.662588890259
1409.9663578314958
1479.4538195527743
1585.7153029753565
1699.9263816127016
1802.4275354903227
1885.698106445068
1955.4000355079452
1997.292681805534
2014.8790143200156
2008.716648942748
1972.3572630858528
1904.599840171846
1839.7305784946423
1794.0204106950976
1725.7482654198373
1624.4910225765757
1519.3018755530627
0.0
122.5038204968378
115.08324592193534
109.86453742126963
106.5903340325202
105.98982513313914
109.13534804072829
115.01175682008285
117.64255779376323
123.23300995255056
132.61238743090692
144.1221418342793
155.21725902368195
165.22574115028362
173.97601398039467
180.1526772593824
183.81292211014804
185.77172500742347
184.8137702980943
180.06689020947098
172.26027426934834
165.34012374619945
157.3333381293572
145.25167043748215
133.0270245419021
0.0
983.1045981810101
917.1058075916803
870.8809182546787
842.1708725722967
834.450043579111
862.3165171789722
909.1705111333266
926.7854395542237
960.5140241604369
1026.9417495050461
1109.082791496178
1192.9109780848448
1273.5364495473725
1350.1013377633583
1410.867121448816
1450.6150934036486
1472.1762235255121
1476.2654029873925
1453.4460640221264
1399.67191915332
1344.0533549614117
1276.253037899453
1176.954597891682
1072.8091928127637
0.0
1148.8879542546904
1079.343301729732
1030.401824967421
999.7186784963408
994.0281415177287
1023.5817587780564
1078.7141970402968
1103.320765184021
1155.822402926699
1243.7254713535572
1351.74558858365
1455.8195035155243
1549.6275768289527
1631.654236337441
1689.6176447135842
1723.9896323331488
1742.3480473597645
1733.3690095849608
1688.816966583363
1615.540579699037
1550.7571052879914
1475.593404932612
1362.3259837516157
1247.585885664796
0.0
163.93893630778857
154.53096318045323
148.64025652512194
145.19447913952422
145.2230747885032
150.0986353644653
158.0196340034783
162.76651409210163
171.9743175736097
185.34279010797988
199.71211078910653
213.1806680588619
225.01927259540028
235.41379608104367
241.91930939022285
244.77887577095163
243.79232534056132
242.24815955428116
235.5138808885111
225.96292941330645
219.02848117379136
207.36145066499367
191.94838825551886
177.06434558384743
0.0
120.74518724538963
115.38350040612232
111.7089577040938
109.85023962973202
110.26487673454872
113.61056929723283
117.64255779376323
119.44408455781014
125.33479112561311
134.34242503337614
144.0220569959195
152.70084066754205
159.74967167802967
165.65467601883483
169.20053824279233
170.7018105916452
170.172790812652
167.0987570697298
161.35102876226782
155.8606614603757
151.98594914444203
146.19532735836287
137.63092628265616
128.70907942480451
0.0
1096.6293799144885
1039.6382237374967
997.0449833551435
968.4207249389194
956.4963334554441
975.1693012180812
1020.364746687265
1025.3403919574225
1073.9959128889811
1164.2009320420523
1263.0561391456845
1354.6337501293774
1432.7571011786752
1497.9838088027827
1540.6199430241645
1557.7773401346274
1560.107887230641
1536.6451454167832
1488.0897099105389
1432.4425493797225
1399.9292803339465
1352.3746924904785
1269.5616526608128
1179.2279532778393
0.0
326.00485666523855
309.06192625793193
296.3940475302956
287.88683778343915
284.34097555948165
289.88853419022405
303.3284958418929
304.81547033021525
319.2705779582787
346.0933099018737
375.47535374201055
402.69842493607007
425.9181033577497
445.3202607511562
457.9881394787925
463.09246527747865
463.77876122368184
456.80141947465717
442.37490742349047
425.83231633873066
416.16698223671784
402.0264268812898
377.4055609903069
350.5542333668406
0.0
2251.079191041458
2114.84945228989
2018.9395981638095
1958.8029194149258
1947.6506102376359
2005.5711262163943
2113.6198390645736
2161.817829344735
2264.690726360456
2436.908107521896
2648.5589075005464
2852.5031763568395
3036.287503260799
3197.0237246072074
3310.5771033077385
3377.9341874655593
3413.8932335365225
3396.2926032129976
3309.0329372537244
3165.454113017779
3038.5036670606696
2891.2502999280737
2669.3193590802903
2444.4716607597697
0.0
292.80529186891073
275.09027856846404
262.60827162612435
254.78735779457875
253.343276815766
260.87823402365507
274.9187046128056
281.1954526580709
294.5782229808895
316.98292489694495
344.5062506781661
371.0287281375741
394.93470243337475
415.8524299640825
430.62208993686363
439.3866606583975
444.06205155763996
441.77439852719857
430.42192029103626
411.7489522812605
395.2349569175618
376.07586263830234
347.20854081960266
317.9551774668046
0.0
1423.7637659037518
1360.4672651778271
1317.1162405042805
1295.2119622445566
1300.1018205574799
1339.5638357135992
1387.2042108232247
1408.4650859254336
1477.8810581895975
1584.042456845902
1698.1391524960281
1800.525924210226
1883.7107077958394
1953.3268495925583
1995.1766027719411
2012.748637477379
2006.5862721001117
1970.2840782002118
1902.5838459045303
1837.7860729636197
1792.1330968121463
1723.9181428760342
1622.7752826080932
1517.6862210716795
0.0
1407.3498549665144
1322.1776727316726
1262.2125671764356
1224.6235684031478
1217.6462263657947
1253.8483358083408
1321.4055894987164
1351.545418330273
1415.8570645280172
1523.519735811206
1655.846167133329
1783.3399307608547
1898.2373045412014
1998.7367623724483
2069.7254959997895
2111.8326103597983
2134.323098687323
2123.313769145084
2068.7532439550996
1978.9914569853458
1899.6241949016883
1807.5604568659053
1668.8143000156335
1528.2523184306017
0.0
629.4763307829187
596.7628922560745
572.3136003619398
555.8853919039882
549.0367306423024
559.7601042611116
585.6963706126761
588.5559369625126
616.479601891224
668.2663477503905
725.0001432410335
777.5732697097067
822.4112693967454
859.8572902237646
884.3351777359859
894.1720858348469
895.5160819752998
882.0475247055443
854.1810510747912
822.2253975805563
803.5667274622036
776.2721670787631
728.7461750696284
676.8879401240553
0.0
46.811100420131
44.766510511044785
43.32242952399403
42.20719866496052
41.69247673414095
42.121411680952825
43.82285363032411
44.59493652964269
46.02471968602549
48.684116350904375
51.78674579017383
55.23252318915822
58.40664178485667
61.40918640224227
63.73973294219315
65.28389874803852
66.11317297929662
65.64134453533217
64.19726355137067
61.909610508572364
59.5218726438902
56.99115646326081
53.37380509317178
49.785049375150955
0.0
165.85484569555442
158.4628668355346
153.00109515172906
149.52672211715242
148.29710860350758
150.98510095649576
157.17606199303953
160.09281959964403
167.78505294385087
178.76578760941987
191.24779447967742
203.65831223263626
214.92500352186173
225.01927259540028
231.96801869544598
236.1858789741838
237.6871513230366
234.79898932422125
229.70896128309118
221.11596458929787
212.68024392884766
203.34375996000088
189.8180113613952
176.49243233653453
0.0
13.39706813598083
12.796559218064337
12.36762427125247
12.081667643477045
11.981582821593182
12.196050289850387
12.69647439618047
12.93953752680332
13.554344289804199
14.440809842704338
15.455955882943217
16.456804085305937
17.371865303660947
18.186841697042873
18.744457128104244
19.087605087819174
19.201987737281748
18.97322243114838
18.558585322212682
17.8722894069018
17.185993494680154
16.42820842294029
15.341573226272422
14.25493802960456
0.0
19.259179069221254
18.401309175597525
17.772204588107172
17.371865303660947
17.22888699183273
17.52914144718687
18.258330856561088
18.58718098148909
19.487944372265396
20.76045137791406
22.204532361875568
23.648613345837077
24.96401384554908
26.136436029313874
26.937114598206314
27.437538697328183
27.60911267564103
27.265964723134317
26.67975362558832
25.678905423225604
24.7066528801393
23.620017683471435
22.04725621526041
20.50309040941504
0.0
5.304495496824378
5.004241034364997
4.818369224457428
4.703986572626437
4.703986572626437
4.861262719138616
5.118623686195988
5.275899833017092
5.576154295476472
6.005089241258591
6.462619849818253
6.905852627195092
7.2918940790168465
7.62074420353295
7.835211676629958
7.92099866599233
7.892403002185044
7.849509508533601
7.62074420353295
7.32048974179439
7.091724437514558
6.719980817596448
6.2195567143556
5.733430442297575
