0.0
129.1425998231922
125.69292107490122
124.06686104335331
124.17323879576978
126.99984782745092
135.66203682339355
148.42736787729632
153.32074487449512
153.5183035705647
152.62169103522916
152.02901493342736
150.73728499235958
149.6279169413167
149.67350742741593
149.85586922228975
149.3695708987311
150.25098666880098
154.67326210770682
157.19593464332635
156.8919982097926
155.60026826872485
151.02602466062763
144.2938321066585
135.38849399651207
0.0
129.68968546744009
127.97244449223905
127.50134298152167
128.1548063537186
130.90543129672616
137.71360789587123
148.7768948377083
153.2751543883959
153.12318612405346
152.04421169869303
150.76767861804205
149.0504376047806
146.90768565525553
146.71012699996496
146.10225403774638
145.96548263382073
147.34839349271493
150.76767861804205
153.50310671014793
153.50310671014793
151.9074402947674
147.53075538273978
140.7529724378225
134.61345603323073
0.0
246.32530020999076
245.35270346772242
244.88160200458054
244.79042108675412
245.44388448069992
247.38907777493444
251.09710247337856
253.81733380021876
252.19127375915573
251.30985802986487
250.8083629002616
248.96954728911916
248.25529664380852
248.68080771600222
249.0303346356352
249.75978214136262
250.77796917942803
251.30985802986487
253.34623233707688
253.81733380021876
253.89331791200044
252.61678483134943
249.98773442233568
248.1793125320268
0.0
295.24387265550445
287.1895566299362
282.67610017805276
282.11381783786356
288.02538187312774
303.93645526897376
325.56153404479346
332.99278043802843
336.6400178851077
342.76433743607924
349.1166093495819
353.70604981809583
356.1375414358889
360.3926518451867
362.4290260572476
363.3864259390992
362.5202070702252
364.37421935148217
362.7481593511981
359.45044882375197
353.3869165241453
342.08048036207896
325.16641669343323
307.43172454686163
0.0
41.51771979350164
39.861266109085264
38.8430789881025
38.40237112073848
38.706307578739654
40.69709136451057
44.693855743456446
45.68164922108584
45.69684604752009
46.958182334360075
48.24991227406853
49.46565809112089
50.49904203853791
51.62360692553014
52.36825124545812
52.70258134681266
52.76336863351941
52.444235354521204
52.70258134681266
52.2010861927419
51.31967046752898
49.572035857130366
46.86700140429994
43.73645591461764
0.0
794.0187925720853
771.1779679669797
762.1814488248257
764.7345150812787
788.5479363335016
847.7091673353591
936.5801869002167
974.2835041966415
968.2199718562559
962.6123442545256
958.0077070207458
951.8833874289954
944.588912534837
942.0814367644832
939.0724658101539
939.6955355376383
953.0231491057207
986.1066322671701
1006.8350985484332
1003.4614038684264
988.6141080375239
954.4972409368132
898.071437986283
840.6578416233694
0.0
55.80273318362648
54.191869968997715
53.553603419157106
53.73596529422967
55.407615795565185
59.571545236742395
65.81743938967274
68.46168655171851
68.03617551078875
67.64105811321235
67.32192483829205
66.89641380687738
66.37972182637236
66.19735996081491
65.98460443831107
66.0301949080987
66.97239792001837
69.29751179762873
70.75640678597551
70.5132576241962
69.47987367677919
67.07877567651272
63.11240494092022
59.07005008267162
0.0
227.7395859190317
220.0044030922629
216.58511806208688
216.1900006155756
221.08337751762332
237.20720652432775
261.5981070179358
271.5824195724729
269.31809298428783
267.0993568822021
265.70124916289114
264.71345570972915
264.607077972265
265.9747920251144
268.1023471550017
271.3544672914998
276.79492976847115
285.8978266888684
293.237892069126
291.4902574301821
286.15617259552386
275.1080824760432
258.34598697658873
241.0064121405983
0.0
275.36642851862877
268.01116623717536
264.546290680121
264.80463662755557
270.7921848153805
289.27152132809624
316.48903084522965
326.92924809764287
327.35475916983654
325.4399595012846
324.17862318589926
321.4128014681109
319.0572938669484
319.1636716451916
319.5587890917028
318.51020829202486
320.39461433489436
329.8166444540912
335.1963196796975
334.5580531869476
331.8074282344249
322.0358711955952
307.69007045351714
288.69404199156025
0.0
1409.4901139483768
1368.9297943425693
1352.9731305014031
1357.4865869396938
1399.779344459958
1504.8045864804938
1662.547607351208
1729.4592172110774
1718.7150639057352
1708.7459482931727
1700.5700570716313
1689.7043296713484
1676.7718332779173
1672.3191643628522
1666.9698823007657
1668.0640540487054
1691.7407037474793
1750.461226762354
1787.2527344727248
1781.2651863392716
1754.8986986946657
1694.3393602045785
1594.1922979945925
1492.2520108498659
0.0
59.4195770009453
57.70233602982218
57.03367582711309
57.216037702185645
59.009262786449774
63.431538215840526
70.07254975683217
72.89915879802842
72.44325411374527
72.03293989924973
71.68341297146094
71.22750828717778
70.68042267691243
70.49806079776195
70.27010846241687
70.31569892268939
71.30349240031879
73.78057451372624
75.33065044164826
75.08750127035384
73.97813320571794
71.42506698324739
67.20035025536343
62.89964941841638
0.0
597.1287568112215
594.7884461112549
593.6334876284848
593.4359288780431
595.016398487379
599.7274134994018
608.6935390158734
615.3193536964484
611.3681798158353
609.2254277303803
608.0096819010942
603.5570128365058
601.8245750579787
602.8275653715574
603.6937842404316
605.4870093654747
607.9185010240467
609.2102309651145
614.1643951185272
615.2889600299869
615.4865187260564
612.371170088635
606.0188981207605
601.6422131679537
0.0
1043.3530636412545
1013.3241418250824
1001.5162105741919
1004.8595115877372
1036.1649664845602
1113.8967149169598
1230.6691009778
1280.2107433682863
1272.2476081382074
1264.877149091488
1258.8288135571472
1250.774497531579
1241.2004991480399
1237.9027886205936
1233.9516147399806
1234.7570463574898
1252.2789829883538
1295.7570930792335
1322.9897992121096
1318.5523269943449
1299.0396066239261
1254.2089794221718
1180.0788780459031
1104.6266530077335
0.0
127.13661923681374
126.63512408274296
126.39197492096366
126.34638445117606
126.68071455253059
127.6837048606721
129.59850451155327
131.01180903419032
130.16078696864236
129.70488228979642
129.44653628527126
128.5043332733516
128.1396095408774
128.35236503755448
128.5347269493282
128.91464750415872
129.43133946291493
129.70488228979642
130.7686598928005
130.99661221183396
131.0422026693879
130.38873929719094
129.0210252728868
128.09401908332347
0.0
58.23422482724632
56.25863786790964
55.37722215221181
55.286041212636576
56.532180682557424
60.6505196444319
66.89641380687738
69.44948003342581
68.85680393977981
68.29452150308022
67.94499457121351
67.68664858299995
67.65625493964659
68.00578186743537
68.55286748177865
69.38869273720394
70.77160360289464
73.09671749409802
74.98112351385947
74.5252188295763
73.17270160316109
70.34609257147997
66.06058855145207
61.62311630514216
0.0
11.929505869568887
11.777537641655744
11.731947173635218
11.79273446428394
12.035883628645923
12.674150184875245
13.692337311023353
14.10265152456738
14.08745469813314
13.981076941638769
13.874699182289872
13.707534133651553
13.509975435678935
13.494778613050732
13.433991321586433
13.433991321586433
13.55556590451504
13.874699182289872
14.11784835100162
14.11784835100162
13.981076941638769
13.570762728094747
12.947692996124784
12.385410552084947
0.0
239.3499585146318
231.23485514254753
227.61801132115085
227.22289396979062
232.35942005400724
249.3038774434864
274.94091744643504
285.4267251305755
283.05602076414726
280.7157101185526
279.25681514787675
278.2082343481988
278.1018565699556
279.5455546802147
281.7794876427173
285.18357594840666
290.912778188797
300.47157971191945
308.19156567827156
306.35275012150123
300.7603192850364
289.1347499241707
271.5216323211079
253.30064181019864
0.0
143.77714015741742
138.0631348059891
134.50707826450264
133.00259282675773
134.03597675378523
140.95053109311309
154.74924621948853
158.16853129044364
158.24451544300436
162.60600358976623
167.08906632081604
171.29858620323557
174.8850363989498
178.76022612700208
181.3588828151823
182.49864458705875
182.74179376922754
181.60203195657212
182.5290382127412
180.78140357379726
177.71164536810312
171.69370355459574
162.28687029581573
151.4819293585038
0.0
96.6365959574999
92.79179979124301
90.40589861741077
89.38771149642803
90.08676534249048
94.7369931072263
104.0070549879074
106.3169720485986
106.36256251838624
109.28035248964261
112.30452022283052
115.13112925451166
117.532227245263
120.1460807680333
121.89371537843192
122.66875334715048
122.82072157343245
122.04568361422902
122.6839501640696
121.51379481680486
119.44702691789296
115.38947524272521
109.06759696713877
101.80351569322563
0.0
638.798444848676
620.4254861142034
613.1917984714099
615.228172778622
634.4065630354527
682.0030120093672
753.4888662113563
783.821724461062
778.9587411846967
774.4300880083267
770.7372600343692
765.8134895066391
759.9475159574744
757.926338510679
755.4948468928858
755.99634198171
766.7252989023916
793.3349355524572
810.0058500797132
807.3008156540687
795.3561129041016
767.8954542047993
722.5177414689006
676.3194002550761
0.0
187.61997381085848
184.62619981209707
183.59281577768485
184.00312998946177
186.86013267944858
194.73208691014307
209.3666271845591
216.49393704910938
214.33598823916753
212.10205533103704
208.95631301356116
206.3880499510634
204.610021686437
204.39726617072967
204.54923443507207
205.43065006921182
208.16607825646878
211.38780463135427
215.703702292017
215.354175372384
214.01685494521695
209.33623355887661
201.03876835113948
192.98445223042015
0.0
124.64434030648715
122.65355652071622
121.969699501088
122.24324230622071
124.14284515241641
129.3705521925198
139.09651873301658
143.82273064351665
142.39422929852324
140.90494070216488
138.82297595642925
137.12093179406946
135.93557959998094
135.78361137369893
135.88998914242703
136.48266524422883
138.2910871345377
140.433839143872
143.30603869427554
143.06288951210675
142.1814737828159
139.06612509781903
133.56487525258297
128.2155936744079
0.0
193.01484589688164
186.46501532808844
183.5624221520024
183.22809209278614
187.39202148910644
201.05396515718422
221.72164410552435
230.18627443802063
228.25627790905185
226.38706872659904
225.20171652299544
224.3658912798038
224.27471040275648
225.42966884474748
227.23809073505637
229.98871568757906
234.59335301650975
242.31333898286186
248.5440363120765
247.0547477157182
242.5412912638349
233.16485167151635
218.97101919378073
204.26049476680402
0.0
202.10254591608313
195.24877885938417
192.20941427937248
191.85988741411157
196.20617874123576
210.52158572170117
232.1618613579376
241.02160904179408
239.01562845541562
237.04004139956857
235.8090988457958
234.92768307572592
234.83650215789956
236.0522479871856
237.93665403005517
240.8088534853077
245.64144313599053
253.7261528823923
260.245589784724
258.680317035805
253.95410516336537
244.1521544988531
229.27446504226836
213.88008354129138
0.0
263.40652890824464
252.95111489056563
246.4316778930829
243.66585617529452
245.5654589834298
258.2548060995414
283.52712232244016
289.8034100426031
289.94018144652875
297.91851345546644
306.13999460579385
313.84478367095016
320.40981110016014
327.5067273390279
332.2785296975668
334.3756912561436
334.80120232833735
332.7192375350262
334.4212817830219
331.22994889788885
325.6071245308927
314.5590344114119
297.3258373536646
277.52437727419857
0.0
499.04846272443234
497.10326938941876
496.13067274230156
495.9635077126934
497.30082808548843
501.2216083947909
508.72883884543563
514.2604823353844
510.9475749475215
509.16954668289503
508.1513595088996
504.4281379500387
502.9692429385839
503.82026508297116
504.5497125479197
506.0390011850569
508.0753754922689
509.1543499176293
513.2878856882671
514.2452854749675
514.39725373931
511.7985969559787
506.4797090225163
502.8172748101714
0.0
1361.073037339303
1321.8956279671113
1306.4860499047638
1310.8475378068517
1351.6965975702756
1453.104995823786
1605.437947109189
1670.0548375843648
1659.6754076512814
1650.0406222610518
1642.1534707213707
1631.667663676102
1619.1606785859453
1614.8599773235371
1609.7082548138803
1610.7568356135582
1633.6128566712903
1690.3273991677518
1725.8575709025622
1720.0675809622376
1694.612903447406
1636.1203325911674
1539.4229494448305
1440.9931280713968
0.0
75.99931063484223
74.78356481778987
74.35805377686007
74.5252188295763
75.68017735992194
78.87151013631096
84.79827101432103
87.68566734222401
86.81944844344532
85.90763907487903
84.6311059656827
83.5977220237029
82.86827452477196
82.79229041163097
82.85307770785282
83.20260462612652
84.3119726866845
85.6188994433121
87.3665340673037
87.22976265794087
86.68267704359758
84.78307419740189
81.42457636285941
78.1724562902485
0.0
1416.4350622083557
1368.3675119887873
1347.0463698911756
1344.63007495709
1375.0845078046766
1475.337947385115
1627.0782231396227
1689.1268497639062
1675.0393954586107
1661.2558768664203
1652.6088847526428
1646.4237780182714
1645.755117981397
1654.2957320314779
1667.4865750927734
1687.6831516264613
1721.5416730651903
1778.1346405152015
1823.846683989967
1812.9353646899121
1779.806291762793
1711.0558650684106
1606.8208581311999
1498.9690069512085
0.0
245.38309718855598
241.46231683847444
240.12499650645853
240.6568853161164
244.38010682060522
254.6835526690928
273.8315493953921
283.1472017363457
280.33578953245814
277.40280273068964
273.2996605857343
269.9259659057274
267.6008520661774
267.31211239790935
267.52486791361673
268.6798264915379
272.2662766464731
276.46059970925484
282.11381783786356
281.65791313998744
279.9102785010435
273.7859589092929
262.95062430551945
252.4040293156421
0.0
44.648265273668834
42.88543383275809
41.77606577220009
41.30496427099781
41.62409754999601
43.78204638440526
48.06755039491805
49.13132798976635
49.14652481620058
50.49904203853791
51.89714973474074
53.20407648729043
54.31344456144142
55.51399355205955
56.319425164131495
56.684148908839404
56.76013302198039
56.39540927319457
56.684148908839404
56.15226011141526
55.194860273061344
53.32565107973412
50.40786110304057
47.0493632739353
0.0
355.89439229449914
341.7613470681285
332.9471899111503
329.2239683522893
331.7922313740081
348.9190506535122
383.0663114206843
391.5461384776673
391.7285003676922
402.50304772010065
413.6271219513631
424.0369455780938
432.8966932211713
442.5010852303929
448.9445381160941
451.77114704446825
452.34862638100435
449.52201731670004
451.83193443176333
447.53123353636636
439.9176253074783
424.99434536479436
401.7128129630082
374.96640486823776
0.0
361.5932008140561
349.3293648652892
343.87370552790117
343.2658325656826
351.0314090181339
376.63805539540004
415.3595597298903
431.2098459287434
427.6081988726124
424.09773282945883
421.878996727373
420.313723978454
420.1313620884291
422.3197045648325
425.67820243879464
430.84512214869363
439.4769175107981
453.92909589518916
465.60025583730527
462.81923725910013
454.3546069673829
436.80227671083605
410.1926400199913
382.6559972089074
0.0
296.3228470808649
291.58143834800853
289.9553783069455
290.5936448948465
295.1071012515788
307.5381022299538
330.6676664625485
341.9133153324709
338.5244239279773
334.96836735794545
330.02939996979853
325.95665145052567
323.1452392466381
322.79571232700505
323.05405827443957
324.45216599375055
328.7680636544132
333.8438024464858
340.68237273791914
340.10489344216205
337.99253507754037
330.6068792111836
317.5224147844909
304.8026741378479
0.0
116.59002423334334
115.03994831493642
114.61443727400663
115.20711336765264
117.68419548106009
123.80851505106185
133.7472371548415
137.7895919886227
137.65282057518195
136.68022392806472
135.54046223230915
133.99038629623132
132.07558663719442
131.87802795335853
131.34613913146697
131.22456458116156
132.47070400486618
135.52526540995282
137.98715067245863
138.00234749481496
136.5586493369803
132.62267224066326
126.54394314316774
121.0122996627341
0.0
27.64302060835724
26.700817596437563
26.27530655550779
26.229716085720174
26.822392179366172
28.78278231226862
31.74616274923469
32.96190857580216
32.688365761154365
32.41482295602168
32.24765790330546
32.12608332037684
32.11088649394261
32.27805154665883
32.536397534872386
32.93151492293368
33.58497830328643
34.694346363844424
35.59095891549159
35.37820339298776
34.72474001671291
33.38741960721683
31.35104536117339
29.253883822986005
0.0
337.8557636736147
328.1297970665122
324.3001978245592
325.37917220914056
335.51545297364805
360.6965882787205
398.50628331260947
414.5389313471154
411.9706683253966
409.58476705777264
407.62437699827245
405.0105234496755
401.9103716182988
400.8465940533551
399.57006087755315
399.8284069201388
405.4968218140131
419.58427651350553
428.39843362970475
426.9547355194456
420.6480540376702
406.11989150071827
382.1241083992496
357.6876174195423
0.0
63.233979519770934
60.72650376708801
59.16123102224686
58.492570815459864
58.94847549974302
62.003036876284334
68.06656915414213
69.57105461227653
69.60144825562989
71.51624792282263
73.4918348821593
75.34584725856737
76.91112000340853
78.62836097453166
79.76812268795814
80.2696178325138
80.37599559444537
79.87450044445251
80.28481465894804
79.5097766956667
78.15725947332938
75.5130123112836
71.37947652297488
66.62287099222958
0.0
212.95307738027338
207.14789108247328
203.88057418070954
203.48545677497734
207.7405671842751
219.2141683351705
234.8213052974828
240.18578375782346
242.79963730642044
247.2219127453263
251.8113532138403
255.12426060170324
256.8718951454961
259.94165335119027
261.4005483626452
262.0996022019111
261.47653247442685
262.8138528064428
261.643697504035
259.25779637234103
254.89630818480015
246.7356144217677
234.53256572436578
221.7520377719858
0.0
124.82670217612252
121.24025200215708
119.82694748903509
120.22206487709639
123.96048327734381
133.2609387905039
147.24201571447173
153.16877661015272
152.2113768234522
151.3299610941614
150.60051358843396
149.6431137065824
148.48815526459134
148.10823467849684
147.6219362597872
147.72831403803036
149.82547559660728
155.0227890273398
158.27490906868678
157.7430202182499
155.4179063787
150.0534280135104
141.1784835100162
132.15157072994586
0.0
58.78131044702679
57.83910743918502
57.51997416426472
57.64154874311543
58.53816128524749
61.00004657222069
65.58948704073467
67.82341999236282
67.13956297273458
66.44050912259422
65.46791246188396
64.6472840328929
64.10019841854961
64.02421429589353
64.08500159211538
64.35854439724807
65.20956647910761
66.21255677773404
67.58027082650558
67.4586962476549
67.04838203315936
65.57429022381554
62.97563353155737
60.45296094836232
0.0
347.308187418494
337.32387486395686
333.3878977486097
334.49726579965255
344.9222862868001
370.80247537676644
409.6759480707501
426.16450076235327
423.52025362885286
421.0583683445982
419.03719089780304
416.362550097841
413.17121725348693
412.0770460628608
410.7701192613763
411.028465303962
416.86404518666535
431.33142047225226
440.403923631037
438.92983189509545
432.4255917580295
417.5023118153454
392.8226715583183
367.7175203650275
0.0
60.48335459171568
58.431783519238
57.51997416426472
57.41359639825523
58.72052315488284
62.99083035799162
69.47987367677919
72.12412082930986
71.51624792282263
70.93876865561086
70.55884809398381
70.30050210577026
70.27010846241687
70.6348322071248
71.19711464382442
72.0633335426031
73.50703170859354
75.92332652170124
77.88371665868159
77.41261515747931
75.99931063484223
73.06632385074464
68.6136547780005
64.00901747897439
0.0
12.294229615228316
11.975096337589413
11.80793128691214
11.823128110084058
12.096670919294647
12.91729934991688
14.133045167920754
14.604146674560242
14.619343500994484
14.528162565497153
14.482572095709537
14.360997512780932
14.254619746771457
14.254619746771457
14.269816573205699
14.224226103418085
14.315407042993314
14.72572125748885
14.968870419268162
14.938476779992689
14.816902197064081
14.37619432970007
13.737927779859458
12.886905704660483
0.0
210.56717624857947
203.40947262241664
200.24853349889605
199.88380981399737
204.41246303114642
219.3205461134137
241.87263114540244
251.09710247337856
248.99994100995272
246.96356670274074
245.67183676167298
244.74483060065492
244.65364972360757
245.93018280425852
247.875376098493
250.88434695767123
255.9144953587956
264.33353516441366
271.1265148745967
269.50045487431265
264.5766843465825
254.3644193751423
238.86366019107322
222.83101215656725
0.0
103.50555984335175
99.38722087604005
96.83415464949158
95.73998340585274
96.48462772170282
101.46918558779319
111.40790767118335
113.86979296767166
113.93058025437841
117.06112574406072
120.29804899023738
123.32221672750323
125.8904797668929
128.68669517561017
130.55590434582928
131.39172962979987
131.5588946689231
130.7382662073088
131.40692644264112
130.14559015580113
127.94205084752637
123.59575953263591
116.83317339920055
109.05240015021961
0.0
974.3594883084234
941.2912019122397
926.6262679713622
924.9698143046165
945.9110361015871
1014.8742178087357
1119.2611932821494
1161.9338715924039
1152.2534955665512
1142.7706781008385
1136.8135236338471
1132.5736100849663
1132.1025085674523
1137.9836789770338
1147.0561821358187
1160.9460781800205
1184.2428074830025
1223.1618705679346
1254.6192937290998
1247.1120631833041
1224.3168291050767
1177.0243167006258
1105.3105100817334
1031.1348180834357
0.0
31.654981813737358
31.1534866691817
30.986321616465478
31.047108903172226
31.53340723080875
32.85553081387059
35.33261292320014
36.53316192333337
36.16843817862544
35.78851760748329
35.25662881413705
34.83111777320727
34.52718132064331
34.496787667774825
34.51198449420907
34.66395272049105
35.135054231208436
35.66694302455468
36.39639051804842
36.33560323134167
36.10765088240359
35.317416096765896
33.919308404640965
32.56679117822576
0.0
193.39476644219712
185.7051741966785
180.91817497772288
178.89699753092773
180.29510525023866
189.59556082592653
208.150881355273
212.77071549024848
212.86189646244696
218.71267315119513
224.76100872631508
230.41422671899366
235.23161950925973
240.44412980040903
243.95459584356257
245.48947496679915
245.8086081655986
244.27372913751307
245.5198685924816
243.1795578517359
239.04602208109807
230.94611556943053
218.28716221493156
203.75899958282866
0.0
1122.710872073938
1118.3037934954489
1116.145844685507
1115.7659240994126
1118.7445013329082
1127.58905221072
1144.4575254884178
1156.9037232864305
1149.4572801279294
1145.4605157612175
1143.150598741305
1134.792346227831
1131.5250293260672
1133.4246321342025
1135.0658889949034
1138.4091900084488
1142.9986304769627
1145.414925275118
1154.7305777112228
1156.858132800331
1157.2228566211597
1151.3720797964816
1139.4121803220273
1131.1755024064344
0.0
247.54104603927684
237.7087016539311
231.58438206218054
229.00092223441703
230.77895053982243
242.6932595281773
266.4458934882563
272.34226070388274
272.47903220295944
279.9710657524084
287.6910517187605
294.9399362219707
301.1098462046694
307.7812514664946
312.2643141567654
314.23990111746133
314.63501842804254
312.67462836854236
314.27029474314384
311.27652064923143
305.9880263414515
295.60859643555415
279.4087832762891
260.80787226084334
0.0
336.1081290346708
324.69531513514033
319.6347732034845
319.0724907681442
326.29098150974187
350.08920599669915
386.09047914027923
400.81620042767275
397.4728994141272
394.2055825123635
392.1540114398859
390.67991960879317
390.52795134445086
392.54912879124606
395.6796742483051
400.4666735080397
408.5057926731912
421.93978401951694
432.7751186776625
430.1916587955269
422.3349014252492
406.0135137632542
381.2730862548621
355.6968335984295
0.0
665.4688687908858
662.8550152422888
661.5784821616379
661.3505297855137
663.1285580501401
668.371461966972
678.3709713275537
685.7414303334938
681.3343517550048
678.9636473885764
677.5959333357271
672.6265722811186
670.6965758473009
671.8363375240262
672.7937373107268
674.7845211318394
677.5047524179006
678.9332537628941
684.4497003924259
685.7262335682282
685.9237922235187
682.474113472509
675.3771972336413
670.4990170968592
0.0
117.88175417305177
114.72081504001612
113.2467232347502
113.35310099124456
115.92136404014934
123.82371187749608
135.4796749523989
139.94754082031335
140.12990271033823
139.30927427998785
138.7773854580963
137.5920333047868
136.57384615933663
136.61943664815448
136.7866016967928
136.34589383078807
137.15132543878212
141.1784835100162
143.48840048914937
143.21485768129807
142.0295055184735
137.85037930931196
131.71086290472016
123.58056270620168
0.0
453.6859467537994
440.6318760479402
435.4801531033069
436.93904811476176
450.55540125596127
484.3531351578723
535.1409167450599
556.674814603053
553.2099390459988
550.0034094363789
547.3743591632953
543.8790898446284
539.7151604483082
538.2714622428979
536.5542213247875
536.9037482444205
544.5325532385742
563.4374007827047
575.2757256592778
573.3457292254601
564.8659021276981
545.3683784817658
513.1359174239249
480.3259770295477
0.0
153.83743686451524
148.624926668517
146.29981278818804
146.04146674560243
149.3543741334654
160.23529922333805
176.72385195572016
183.4560443737592
181.9363621517184
180.4318766541643
179.48967363272953
178.82101341914603
178.74502936173636
179.67203552275438
181.11573363301355
183.3040762045679
186.98170727732952
193.1212236343458
198.0905846889542
196.9052324853506
193.30358552437065
185.84194560060413
174.52031261890008
162.8035622450568
0.0
577.3120999664898
561.5681915051008
552.7236407224401
551.6294694366629
563.1942516413148
594.3021477876962
636.5949055118559
651.1230681439589
658.2503780085092
670.2254742890079
682.6564753625339
691.6377976442714
696.3640095167109
704.7070651697683
708.6734359107979
710.5578419536675
708.8557978416019
712.4878384282642
709.2965056382823
702.868249653777
690.9995310563703
668.8881539569919
635.835064380446
601.1407180791294
0.0
644.5124502286496
635.9718357843718
633.6315250436261
636.8836451801241
650.5455888482018
684.4041100014779
739.3862147465982
761.7407409873664
760.9505062302738
755.6164214363947
749.264149522892
740.7083383133483
730.0857591709101
729.0675720376937
726.0586011785156
725.4203345498355
732.2892985077303
749.2337558972096
762.8501090384092
762.8805027048707
754.9477611820322
733.170714182649
699.5097517390358
668.9641380687737
0.0
2144.940352150534
2136.521312195393
2132.40297350266
2131.6583289598066
2137.3571378191887
2154.2560043011854
2186.4884654405846
2210.2562962203015
2196.0624642591
2188.403265421776
2183.996186095672
2168.0091287919386
2161.79362809206
2165.4256693175935
2168.5410177511194
2174.938879661373
2183.707446821601
2188.3272809157966
2206.107563969851
2210.1955091048667
2210.864169141741
2199.709701108087
2176.853680050355
2161.1249680551855
0.0
376.22774108847204
365.40760338589433
361.15249297659665
362.35304190468696
373.64428130148764
401.66722243613003
443.777618311044
461.6490818615411
458.77688240628873
456.11743837159247
453.92909589518916
451.0265028142542
447.5768240224656
446.3914718188619
444.96297047386855
445.25171014213663
451.5735883891777
467.241512698006
477.058660127784
475.4629937531824
468.4268649016096
452.257445408806
425.5414310348689
398.3239214225846
0.0
690.725988248519
667.2772906811948
656.8826639556597
655.7125086124728
670.5598044433752
719.4479832632065
793.4413133307005
823.6981874686245
816.8292235107295
810.1122278579563
805.8875111694921
802.8785402151628
802.5442101559466
806.7233364126837
813.1515924379681
822.9991335885795
839.5028830862273
867.1003132438273
889.3940522332302
884.0751642997676
867.920941626602
834.3967506276931
783.5633785136275
730.9671749409802
0.0
479.83967870598906
466.75521437444735
459.399952133773
458.5033395984374
468.10773160765905
493.957527031164
529.1077781662867
541.1892521842497
547.100816260293
557.0699320495643
567.3885746633175
574.8502146822352
578.7861917024313
585.7311397721078
589.0136534391372
590.5789261880562
589.1656217034797
592.1897894230747
589.5455422487951
584.1810638292335
574.3335226378431
555.9453671381046
528.4847084388026
499.6411387854551
0.0
636.0630167973492
617.7660421746582
610.5627481575473
612.5991223696082
631.6863317493916
679.0852220272363
750.267139836471
780.4632266822508
775.6154401711512
771.1171806204636
767.4243527416573
762.5309757444586
756.6801990557104
754.6742184149599
752.2731203820703
752.7594187464078
763.4427851402108
789.9460440528126
806.5409745226589
803.8359400970145
791.952024639191
764.6129404833979
719.4175895967448
673.416807133362
0.0
639.5126954939867
617.8116325656065
608.1920437911191
607.0978725461209
620.8509971863971
666.1071353787869
734.6144123880592
762.6373535227019
756.2698847895614
750.0543842799843
746.1488008310987
743.352585487628
743.0486489589431
746.9086419217297
752.8657964838719
761.9838901695349
777.2718938378968
802.817752923019
823.4550382864556
818.5312676635743
803.5775940544289
772.5304852001916
725.4659250767138
676.7753049529521
0.0
90.7706223621187
87.16897537123411
84.91984559724965
83.96244576841082
84.61590914876358
88.9925940988516
97.70037354827026
99.85832237316444
99.90391284295202
102.65453776149216
105.49634361960756
108.15578760265035
110.40491737663484
112.8516058371738
114.5080595215902
115.22231019408687
115.37427841629095
114.64483092687512
115.23750701100602
114.14333577688227
112.19814245682105
108.39893677394477
102.45697906950048
95.63360564935836
0.0
16.883670095975997
16.610127277250303
16.51894634175297
16.564536807462687
16.82288279975414
17.521936645816606
18.84406022887844
19.48232677871905
19.284768086727357
19.087209390657755
18.81366658552507
18.57051741966785
18.418549187948667
18.38815554459529
18.403352371029527
18.494533301089657
18.737682462868968
19.026422094435897
19.40634266557806
19.37594902222468
19.25437444337398
18.84406022887844
18.099415913028363
17.369968419534622
0.0
1031.6363133081902
1003.5221911605703
987.7174955429673
985.7723022079539
1006.439981101922
1062.0147619488441
1137.573364765257
1163.5599317286176
1176.2796723344813
1197.691995594594
1219.8945536661709
1235.9423985610933
1244.4070287576596
1259.3151118807057
1266.396831354308
1269.7401323678534
1266.7159646482585
1273.2202047853245
1267.5213962657676
1256.0022045879941
1234.8178336496337
1195.2908975617042
1136.23604433809
1074.2482043263003
0.0
1450.2479931066132
1410.72105731773
1388.5033020459118
1385.7678742800376
1414.8241990277095
1492.9510648522482
1599.176856276629
1635.6948212878926
1653.5814819978525
1683.6863875723877
1714.9006614698262
1737.4527462707342
1749.3518584394512
1770.3082774502564
1780.2621960800648
1784.9732116629941
1780.7181009410574
1789.866588456298
1781.8426658389237
1765.6580493905528
1735.872277055596
1680.3126934225081
1597.2772528704018
1510.1386715598264
0.0
974.085945500572
947.5370961018712
932.6138161591871
930.7750006024168
950.2877210543937
1002.7623500291603
1074.1114329223747
1098.6391048199084
1110.6445948212408
1130.8715659729005
1151.8279844943577
1166.9792167587939
1174.9727456281482
1189.0602002324897
1195.7316054943146
1198.907741383101
1196.0355419278485
1202.1902551452815
1196.7953830592585
1185.9296548298025
1165.915439234629
1128.6072393439365
1072.8348997465728
1014.3119353326165
0.0
392.16920820515145
385.9081172502544
383.7653652599502
384.6011905031418
390.57354183055
407.0165040360539
437.6229050936109
452.5309882710293
448.0327287203417
443.33691047358457
436.7870798504194
431.407404624813
427.6841830251731
427.2282783272969
427.5626083865131
429.4014240384346
435.1306261836738
441.8476218772262
450.8897314103285
450.12989027891865
447.33367484029674
437.562117801467
420.2377398666723
403.3996602146572
0.0
188.85091645978233
181.3588828151823
176.67826142884192
174.70267450892496
176.05519170135767
185.1580885266039
203.27270125926998
207.77096080995756
207.87733858820076
213.59134396817436
219.4877111430218
225.0193546329706
229.71517287972773
234.80610853221708
238.22539360317217
239.72987905994728
240.03381549348103
238.54452689712272
239.76027272640877
237.48074933217902
233.43839447936764
225.520849816946
213.16583289598066
198.97200041824505
0.0
270.5034451471124
259.7592914611654
253.07268952922556
250.24608046492125
252.19127375915573
265.2149508393325
291.1711241362316
297.61457702193263
297.7513484258583
305.94243581457323
314.3918692866527
322.3094140034464
329.0416064622645
336.3360813564229
341.2294583536217
343.3874071635635
343.8281150010229
341.68536305149786
343.4329975952907
340.16568069352695
334.3756912561436
323.03886150917384
305.33456298828474
285.0164109187985
0.0
365.83311432215805
351.30495182598526
342.2476454868381
338.4180461497341
341.0622933240135
358.66021406665953
393.7800714401699
402.48785081890486
402.6854096101256
413.74869659002314
425.17670725481935
435.8904673150838
444.99336414032996
454.8561021513583
461.4819168319332
464.3997067732849
464.9923828750867
462.0897897941517
464.46049416057986
460.02302186125723
452.2118549770788
436.8782608226178
412.92806811209715
385.4522125523781
0.0
54.55659372322073
53.69037482444206
53.38643836644089
53.508012949369494
54.34383820479481
56.62336161261755
60.87847198929207
62.96043670512313
62.33736697220167
61.683903591848924
60.772094223282615
60.0122530905134
59.4955611236014
59.43477382737953
59.48036429716716
59.7387102853807
60.54414188793754
61.471148073422974
62.732484369778064
62.62610660376859
62.2309892157073
60.87847198929207
58.4621771721065
56.12186646806189
0.0
21.51870103427759
21.22996140271066
21.15397728956967
21.260355046064035
21.71625973034719
22.85602143425856
24.679640167313263
25.42428448316334
25.409087656729096
25.22672579117165
25.013970268667812
24.72523063710088
24.375703709312095
24.34531006595872
24.238932309464353
24.22373548303011
24.45168783196819
25.013970268667812
25.46987495295096
25.46987495295096
25.211528964737404
24.482081475321568
23.35751658425142
22.339329463268662
0.0
529.3661241137213
514.1237109314587
508.1361627436338
509.8230100360619
525.7188866258631
565.1546417008151
624.4070537156499
649.542598534623
645.5002436818116
641.7466284564892
638.6920671112118
634.6041218266733
629.7411384551569
628.0694879279948
626.0635073823953
626.4738215533932
635.3639629173042
657.4145527653176
671.2436614630035
668.9945316944561
659.0862032924798
636.3365596052005
598.7396200870188
560.4436266887922
0.0
67.99058504100113
66.9116106237965
66.53169005265435
66.68365828845143
67.71704223586843
70.57404491090294
75.87773605599153
78.46119592181545
77.68615796261199
76.8655295336209
75.72576782970954
74.79876163470901
74.14529825843417
74.06931414529316
74.13010144151502
74.44923471643533
75.43702819814261
76.60718354540737
78.1724562902485
78.0508817073199
77.56458337968338
75.86253923907239
72.8535683282408
69.93577836106233
0.0
172.16480511288867
167.21064082354593
165.26544752931144
165.81253310423497
170.97945290928504
183.80557129339215
203.07514256320044
211.25103322742865
209.9289096606784
208.71316383139236
207.72537032385833
206.3880499510634
204.8075803417276
204.2756916272208
203.622228178903
203.7438028175629
206.64639589849787
213.8192962491474
218.30235898019723
217.57291147446978
214.35118509958428
206.95033242718273
194.73208691014307
182.27069221093464
0.0
158.10774403907868
152.74326557873803
150.35736444704415
150.08382163919288
153.48790990410322
164.67277142750962
181.6172288577679
188.5317831658318
186.9665104169128
185.43163133445518
184.45903468733795
183.77517766770967
183.69919355592805
184.65659343777958
186.13068517372116
188.37981499664048
192.16382384764535
198.4705052342697
203.57663778795484
202.36089195866876
198.65286712429454
190.99366845008643
179.35290222880386
167.3170186017891
0.0
84.00803623819844
80.6647352300902
78.58277050474405
77.71655161548047
78.30922769553345
82.35158255378205
90.42109544384502
92.42707604653508
92.45746968988844
95.01053591643691
97.62438943512929
100.08627472210252
102.18343626436778
104.44776285527139
105.96744513032493
106.63610532351892
106.77287673288178
106.10421653017268
106.65130214995317
105.63311502897038
103.83988993519117
100.31422705744758
94.81297722036729
88.5062957712151
0.0
674.8908989100826
656.8522702891983
648.3724432322152
648.9803160992827
663.6756437609937
708.962175579066
775.6610306572504
801.2676770752956
802.3162577390435
797.590045866604
794.5202877560606
787.7425047159927
781.9525152786092
782.2108612260437
783.183457873161
780.6151948514423
785.2350289456386
808.3341995525509
821.5098449922211
819.9445722433021
813.212379689333
789.2621870739634
754.0967391735749
707.564067859755
0.0
729.9489877669846
708.9317818582325
700.6799071773737
703.0050210577025
724.9188394610111
779.3082681451087
860.9911904581213
895.6551432289065
890.0931061132752
884.9261863082252
880.6862727593442
875.0634483923478
868.3616494640614
866.051732484928
863.2859106719887
863.8633900085249
876.112029151247
906.5208714583624
925.5776871716843
922.4775353403077
908.8307885326466
877.4645463844588
825.5977902767597
772.8040279672636
0.0
1250.9264657959213
1208.4665430013745
1189.6376795690255
1187.5101243439872
1214.408500662321
1302.9451899504747
1436.9507729331324
1491.750516399913
1479.3043184251915
1467.131663557367
1459.5028586855503
1454.0320015770142
1453.4393260461186
1460.9921464119566
1472.6329132721098
1490.473983441599
1520.3813308230062
1570.363680235371
1610.7264416480505
1601.0916553063098
1571.8225757633604
1511.1112682613154
1419.0489161919288
1323.8104278803376
0.0
1331.560807105361
1295.2555976505841
1274.861461550874
1272.3539858756715
1299.0244097363232
1370.7534133651554
1468.3018184519844
1501.8260096683812
1518.2385782753888
1545.8967954532725
1574.5428068591195
1595.2560757770248
1606.1673946692888
1625.421768466995
1634.555059407272
1638.8861542273976
1634.9653737277931
1643.3692167001805
1636.013954527471
1621.1514621216047
1593.7971806568257
1542.7966435947098
1466.5541836499247
1386.5429120951553
0.0
106.72728626309416
102.48737271285385
99.8431255562453
98.73375749568729
99.49359862845648
104.63012472082887
114.8727832662981
117.41065266233439
117.47143995855623
120.70836320473292
124.03646739048482
127.16701288016714
129.8112600585245
132.69865637419377
134.62865285558703
135.4796749523989
135.64684000103725
134.79581790422537
135.4948717747552
134.20314180242354
131.9236184109124
127.44055569481492
120.46521404295363
112.44129162267825
0.0
1495.3977532488998
1454.6246784672103
1431.7230659174961
1428.8964577095514
1458.849394272129
1539.4229494448305
1648.961647903656
1686.604177812786
1705.0379239209606
1736.1002292142316
1768.2719033741257
1791.5230421774156
1803.8020751089362
1825.4119562223518
1835.6698120604951
1840.5327952960815
1836.1409139042414
1845.5781401498323
1837.2958718161053
1820.6097605099906
1789.9121789967696
1732.6201565928652
1647.0012569742034
1557.1424445678695
0.0
2.4010979964604173
2.325113883183496
2.294720236975589
2.3099170596037877
2.370704351611811
2.553066223965771
2.826609034127871
2.932986793204909
2.917789970984501
2.9025931474047924
2.8873963251843846
2.872199502556187
2.8418058567560696
2.8418058567560696
2.826609034127871
2.826609034127871
2.872199502556187
2.978577261633224
3.039364552689738
3.0241677300615395
2.978577261633224
2.872199502556187
2.705034451471124
2.5378694013375727
0.0
127.50134298152167
123.18544531814038
121.2554488285913
121.04269330608744
123.77812140770844
132.80503414292187
146.4669778177961
152.0594085591098
150.7828754784588
149.55193282953502
148.76169807244264
148.21461236158902
148.15382511022406
148.913666241634
150.09901840445855
151.9226371959632
154.9771985412406
160.06813419372995
164.18647310395102
163.19867969156806
160.2201023629213
154.0349955198058
144.64335906707052
134.932589308151
0.0
2000.0842371327803
1945.5732342993706
1914.9212427829002
1911.1524308874637
1951.2112556355278
2058.9719257345764
2205.4692974906943
2255.8315680736528
2280.4960110488805
2322.0289283076872
2365.066329867864
2396.1590287188524
2412.57159773365
2441.491151430814
2455.1986859248163
2461.718122473729
2455.836952403973
2468.450315557826
2457.387027653604
2435.0780925378062
2394.0010805477823
2317.3635032652296
2202.8554435071205
2082.678969398858
0.0
405.3448535496707
394.2967634301899
388.0964596858787
387.32142182998206
395.45172196733205
417.289556258859
446.9689511553981
457.18121603168714
462.1809706711991
470.60001051759616
479.32298675674787
485.6144713781066
488.9425756263864
494.8085491755513
497.5895677129775
498.9116913205067
497.7111423516373
500.26420851293943
498.03027555043684
493.5016224692179
485.1889604010638
469.65780749616135
446.4370623457402
422.09175228385936
0.0
484.8090398557485
468.3660775143146
461.05640575973945
460.2357773769646
470.6607977689611
504.9752236201133
556.9179637852219
578.1479252096814
573.3305323650433
568.6043204926036
565.6561368847904
563.5285817005312
563.300629378779
566.2336161261755
570.7470725372798
577.6616268861227
589.2416058560403
608.6175548633128
624.2702823117243
620.5318638924466
609.1798373394321
585.655155660326
549.9730158106964
513.059933271364
0.0
126.30079398138842
122.85111521678584
120.92111872723677
120.67796956137956
123.21583896149374
130.0088187423604
139.26368378165492
142.43981973025043
144.00509243839048
146.63414284740423
149.33917727304865
151.31476423374463
152.3481482273779
154.17176692373144
155.03798579260553
155.44830000438242
155.06837941828798
155.87381107657615
155.17475719653115
153.76145271195452
151.17799282981898
146.33020641387048
139.09651873301658
131.51330418010528
0.0
96.65179277034113
93.87077420844763
92.77660296480875
93.09573624924415
95.99832939406627
103.18642655891631
114.00656436751942
118.5960048455485
117.86655734661757
117.18270032698935
116.62041788621183
115.87577357036176
114.99435784514881
114.67522457022851
114.31050082552059
114.3864849386616
116.01254497020946
120.03970301153893
122.562375581141
122.15206136664548
120.34363946002502
116.19490684528205
109.32594295943021
102.33540448657186
0.0
142.48541021634966
140.20588682211994
139.41565200793693
139.73478529237232
141.89273411454784
147.8802823023728
158.9891597683695
164.41442552085414
162.77316861937433
161.07112446652965
158.6852232396847
156.74002994545023
155.37231594697278
155.22034768263038
155.34192232129033
156.01058243972278
158.09254717866193
160.5240388916061
163.80655255863553
163.53300975078426
162.51482261756777
158.97396290795277
152.68247828659412
146.55815873562253
0.0
139.567620243734
135.76841455134263
133.62566256375712
133.36731656874707
136.1635319693085
143.67076237917425
153.89822411588014
157.4086901590337
159.14112793756087
162.02852429400915
165.0374952483384
167.21064082354593
168.3504025410503
170.37157994706652
171.32897982891802
171.7848845267942
171.3745703557963
172.25598598993608
171.48094799810937
169.9308721503861
167.05867265435458
161.70939100005864
153.71586222585526
145.32721604591973
0.0
797.2709125726535
775.5394560593695
763.3364073619678
761.8319219051928
777.7885858822888
820.7500037656603
879.1513936361075
899.226396564204
909.0587408543987
925.6080808381457
942.7652937433323
955.1659011911759
961.7005349539244
973.2349233969637
978.6905827751308
981.2892394225321
978.9489287769375
983.9790770829109
979.5719985044213
970.6666603752449
954.2996821863717
923.7540685161098
878.1028128772085
830.2024276056904
0.0
446.041944899229
433.2158265151218
428.1552844883149
429.58378583330835
442.97218669353475
476.2076381193266
526.12920083764
547.2983750107346
543.8942867458242
540.7485443875694
538.1650844646548
534.7154057680173
530.6274604291065
529.21415594453
527.527308556951
527.8768354765839
535.368869161963
553.9545833169918
565.5953496334255
563.6957467301391
555.3526910363029
536.189497544738
504.48892529655467
472.24126737829687
0.0
536.1743007794721
521.8436968978109
515.1115043438417
515.5978026674003
527.2689626095164
563.239842032263
616.2311630514216
636.5797087465903
637.4155339897819
633.6619188052385
631.2152302862496
625.8355550606433
621.2309177317126
621.4436732474198
622.2035143788298
620.167140166769
623.8447712803096
642.2025331543654
652.6579471720445
651.4118077170758
646.0777229775688
627.0361040295127
599.1043437719176
562.1304739812201
0.0
334.74041498182135
325.1056293469173
321.32162049591244
322.38539815600717
332.4304979619092
357.3836808908574
394.8438490051135
410.73972563569384
408.18665947439183
405.8159551079636
403.8707617729501
401.2873018908146
398.2175436443414
397.1689628854425
395.8924298047914
396.150775806598
401.77360021437323
415.72428350994005
424.4624566502876
423.0339553052942
416.77286430961794
402.39666994185745
378.61364231531695
354.4051036573618
0.0
882.5402851765314
858.4837146877676
844.9585424236153
843.2868918964532
860.9759936520766
908.5116552386961
973.158939244403
995.3918909824412
1006.272816072314
1024.6001843206873
1043.5810159222276
1057.3037469368212
1064.5526313448804
1077.3027657123569
1083.3511011515466
1086.2233006067993
1083.6398408198147
1089.201877935446
1084.323697798664
1074.4761566480524
1056.3463470549696
1022.533416482944
972.0039807072609
918.9822661575708
0.0
667.61162078119
648.4028368578977
640.834819060737
642.9775711461921
663.0069835066313
712.7461844300708
787.4689619081412
819.1695342514753
814.0785985989861
809.3523867265465
805.4923937229811
800.3406708191267
794.2011544621105
792.1039929035335
789.5661234667182
790.0828154567383
801.2980707009781
829.1082563199133
846.5390120329514
843.697206203381
831.2206146437559
802.52901329553
755.0997294463746
706.8194235343898
0.0
468.16851885902395
454.7041338870158
449.4004427731911
450.90492817559425
464.9467924841385
499.8386974815247
552.2373423988814
574.4550972765029
570.8838439412054
567.5709365533426
564.8659021276981
561.2490583063013
556.9483574109042
555.4742656749628
553.6962374103364
554.060961095235
561.9329153259296
581.4304388767108
593.6486843937505
591.6579006134167
582.9045307078035
562.7839374295379
529.5332892384804
495.6595712791597
0.0
162.56041310366703
156.11696021796595
152.0898022255713
150.38775807272663
151.55791337513443
159.3842771197297
174.991414177193
178.85140713997956
178.94258805780595
183.86635858553618
188.94209737760875
193.69870297088187
197.74105776932126
202.13293954176564
205.06592638431314
206.3728530906466
206.6311991332322
205.33946919216442
206.3880499510634
204.42765979641212
200.94758737894102
194.1394108083413
183.50163485985843
171.2833893428188
0.0
1521.429911214894
1477.6630611431074
1460.4298644387782
1465.2928476743646
1510.9593006086584
1624.3124015033925
1794.5928000704705
1866.8232984347087
1855.2281230665367
1844.453575795686
1835.6394185027777
1823.9074715131917
1809.9415913028365
1805.1393951826851
1799.3797988000779
1800.5499546462058
1826.0958141934902
1889.4969578742764
1929.2062562328344
1922.732409816602
1894.2839570116737
1828.9072254186813
1720.8122255050905
1610.7720321885217
0.0
488.5322613194583
475.2198446117926
467.7278110215646
466.8160016665914
476.6027554706867
502.9236525476356
538.6969733150917
551.0063997499577
557.0243415634651
567.1758191476102
577.6920205118051
585.2752350742317
589.2871962469886
596.3537188601738
599.6970198737193
601.2926862483208
599.8489881380617
602.9339431090216
600.2289086833772
594.7884461112549
584.7585431249905
566.0360574708849
538.0587067271906
508.71364198501897
0.0
1143.8192589005166
1112.6353786015745
1095.11344197071
1092.9554931607684
1115.872301877656
1177.480221303351
1261.2755020353572
1290.0734810802683
1304.1761328440725
1327.9287667633726
1352.532422813467
1370.3279023473335
1379.7043420212103
1396.2384851989123
1404.0952427051202
1407.8032670773323
1404.4447695024164
1411.6632600537118
1405.3413816979264
1392.5760508914163
1369.081762878772
1325.2693228102346
1259.7710165785822
1191.0509840536024
0.0
96.84935146641071
94.05313607808299
92.95896484395922
93.2629013019604
96.18069127321672
103.38398525498593
114.23451671237957
118.82395718497146
118.09450969555563
117.41065266233439
116.84837022563478
116.08852909286558
115.20711336765264
114.90317690965146
114.53845316494356
114.61443727400663
116.24049731506965
120.26765534688401
122.79032793007909
122.38001371558354
120.57159180488517
116.40766236778587
109.53869847785616
102.53296318264148
0.0
774.7796149279596
748.4739146706487
736.8179517248795
735.49582811735
752.1515458793403
806.996879220535
889.9867283350322
923.9364303109836
916.2316412050482
908.6788202683041
903.9526083958647
900.5789137566367
900.214190071738
904.8796145568825
912.0981054344104
923.1461955538913
941.6559256922894
972.6118536694795
997.6258239449437
991.6534725631636
973.5236630652316
935.9267235470502
878.9082444947179
819.9141785224685
0.0
908.2685060973064
882.1451677300201
871.8569187419492
874.7595118636632
902.0226119620469
969.6940637281276
1071.3456111502144
1114.4741941583447
1107.5444429490854
1101.1161869238008
1095.8580862417034
1088.852351015813
1080.5092953219767
1077.6370957715733
1074.2026138402011
1074.9016676794672
1090.1592777221465
1127.999366422497
1151.7064099916279
1147.8464168929113
1130.8563691124837
1091.8309282493087
1027.3052187463315
961.6093539409469
0.0
143.19966091603243
139.3700615598981
137.56163966958928
137.6984110735149
140.81375968918744
150.41815169840908
164.5815905504622
170.0068562621678
170.23480854314084
169.2318182703411
168.57835491717438
167.13465671176422
165.91891088247817
165.9645013685774
166.17725692506374
165.63017130936117
166.6027679564784
171.51134175972192
174.30755706241374
173.97322700319748
172.5447256582041
167.45379000571475
160.00734684721394
150.12941203014103
0.0
96.89494193619835
94.26589159650892
92.77660296480875
92.5942410992513
94.53943441523461
99.75194462074793
106.84886084602277
109.29554931607683
110.48090148977583
112.50207891890012
114.58404363065327
116.08852909286558
116.89396069542241
118.29206838754733
118.94553176790009
119.2646650428204
118.97592540717557
119.59899514417492
119.05190952983165
117.97293511262701
115.9821513268561
112.27412656996206
106.72728626309416
100.90690315109357
0.0
885.7164210653175
850.5357763996633
828.6219579963548
819.3518961415002
825.7345616399064
868.3616494640614
953.3574792600878
974.4506692262498
974.9217707845427
1001.7289660898991
1029.3871835396428
1055.3281600169043
1077.3635529637215
1101.2681551881433
1117.2856063622323
1124.336932074222
1125.7806302796323
1118.7445013329082
1124.4737035732987
1113.775140319079
1094.8398992036377
1057.7140611485981
999.7533791699822
933.1912954005722
0.0
263.30015117078045
252.8447371123225
246.32530020999076
243.57467529824712
245.4742781063824
258.1484283212982
283.40554768378024
289.68183553987325
289.8186069030199
297.7969389119575
306.018419967134
313.72320916822025
320.2730396962345
327.38515279551905
332.14175829364115
334.2389198929971
334.6644309244117
332.5824661311005
334.2845102839452
331.09317753474215
325.47035312696704
314.43745977275194
297.20426281015574
277.4179995911064
0.0
1779.6543231586252
1728.4410303769075
1708.2900434321803
1713.9888522915621
1767.390487209859
1899.9827658710556
2099.167521560334
2183.646659298375
2170.075896425787
2157.4929281889526
2147.1742848275835
2133.4667512850924
2117.1149697935193
2111.4921454401165
2104.7599523560198
2106.1276663952763
2136.0198167939293
2210.165115139359
2256.6066061742235
2249.053784449085
2215.772742917798
2139.3023308143775
2012.8647658735545
1884.1476771714908
0.0
231.47800428393737
224.82179597768
222.20794242908292
222.9373899348104
229.89753476975258
247.13073173234886
273.0413145431487
284.0286174112645
282.2657860070549
280.6397259659919
279.2872087735592
277.5091804681538
275.38162528389444
274.65217777816696
273.7707620488762
273.95312393890106
277.8435105681491
287.47829620305316
293.526631642243
292.53883822986006
288.2077436680016
278.26902159956376
261.8260593940598
245.07916065987115
0.0
1142.6035130712305
1111.4652232991666
1093.958483433568
1091.8005345828471
1114.6869496740521
1176.2340818483824
1259.9381817033413
1288.705766945861
1302.7932217269113
1326.5154621836448
1351.1039213461365
1368.869007417437
1378.2454466835231
1394.7643932862618
1402.6059536194136
1406.3139779916257
1402.9554804167096
1410.1739709680048
1403.8520935637305
1391.101958978766
1367.638064523839
1323.8560183256577
1258.433696205787
1189.789647833368
0.0
1112.604984975892
1080.6004762398034
1068.0023101366692
1071.5583666659218
1104.945786301684
1187.8444544032036
1312.3672200696712
1365.1913761271871
1356.711549029425
1348.8395946356143
1342.380945229322
1333.8099373360703
1323.597672323851
1320.072009352316
1315.8624892660011
1316.7287083795493
1335.4056035067767
1381.7711097502095
1410.7970414159188
1406.0708292580262
1385.2663788513883
1337.4571746608126
1258.4033025801045
1177.951322861644
0.0
508.4097055514851
488.213128120659
475.6453556839862
470.311270849328
473.97370515682405
498.4405898573648
547.2375877593696
559.349455403015
559.6078014456006
575.0021828514266
590.8828627167411
605.7605521733259
618.419505527825
632.127039682002
641.3363142447124
645.3786691383027
646.1992975210777
642.172139528683
645.4546532500846
639.3151367979171
628.4494085140892
607.1434630322201
573.8624211747011
535.657608694301
0.0
42.4143323356337
41.73047530241247
41.50252296706741
41.59370390664263
42.23197045648324
44.009998723828225
47.322906079067984
48.93376929369674
48.44747096606022
47.94597581606736
47.23172514900786
46.654245885874005
46.24393167137846
46.19834120159086
46.24393167137846
46.441490363370164
47.0493632739353
47.77881076335114
48.76660424505843
48.6754233149983
48.37148685699714
47.322906079067984
45.43850005930653
43.63007815268608
0.0
142.39422929852324
140.50982325565369
139.99313130641258
140.7073819517233
143.7315496713182
151.20838645550145
163.3506478607594
168.28961524890636
168.12245021929823
166.93709805647364
165.53899033716272
163.63938752902746
161.29907678828172
161.07112446652965
160.40246425294617
160.26569284902052
161.78537511184032
165.523793571897
168.53276443107518
168.54796129149193
166.78512988728232
161.98293386228198
154.53649070378117
147.80429819059108
0.0
11.50399483149364
11.352026603988287
11.306436135559974
11.367223426616489
11.61037259097847
12.218245500999883
13.19084215885561
13.601156373351147
13.585959550722945
13.494778613050732
13.373204030122126
13.221235805063516
13.038873929719093
13.008480283511188
12.962889814675083
12.947692996124784
13.069267575927
13.373204030122126
13.616353196930852
13.616353196930852
13.479581790422536
13.0844643985552
12.491788311569774
11.944702691789296
0.0
16.534143168187214
16.321387645683373
16.260600358976625
16.33658447211761
16.686111390391293
17.567527115604218
18.965634807729145
19.543114074940906
19.527917248506665
19.39114584865892
19.223980800020602
19.01122527751676
18.737682462868968
18.707288819515593
18.631304706374603
18.616107879940362
18.783272932656587
19.223980800020602
19.573507718294284
19.573507718294284
19.37594902222468
18.81366658552507
17.94744768674638
17.17240971802782
0.0
4.635030942787284
4.5134563610820475
4.452669069074023
4.452669069074023
4.559046829510362
4.878180107149267
5.334084789665327
5.501249840750389
5.516446663378588
5.486053017170681
5.455659372322074
5.410068903893759
5.379675258093642
5.379675258093642
5.379675258093642
5.364478435465444
5.394872080721839
5.562037131399112
5.6380212450838245
5.6380212450838245
5.592430776655508
5.425265726521958
5.182116562159973
4.862983284521069
