0.0
128.3625009677218
126.15508928155838
126.427235933905
126.69938258625163
130.07097713206184
139.55075193814213
154.71536777490735
160.05246586245497
158.4951823433865
156.4843209811439
153.00689163662244
149.9528014348357
146.11250992723313
143.30032793356276
141.6825673204874
140.18576076659744
142.22686061215305
145.68917070778045
151.7973509434429
153.14296489114406
152.93129533425179
148.97004966324323
140.80565036208125
133.41233315547626
0.0
137.84227577524962
136.5873773513105
136.5873773513105
138.06906464472635
141.54649400227538
149.46898523862438
161.76094198626478
166.37231570712004
164.6789588177292
162.33547386401662
159.79543845755492
156.25753204508177
152.37188282119476
149.78648971147612
147.03478466850916
145.23559296737952
145.97643660757362
148.455994998194
153.85357002341746
155.92490846808687
156.28777064419552
152.79522194945434
146.24858325992025
140.60909999907767
0.0
214.39107936195566
213.86190533221165
213.83166684889855
214.2550059771582
215.7215740752378
218.5186367563238
223.20560677954967
225.579330332376
223.68942312051192
222.34380904253496
220.63533290425002
219.19900340528417
217.09742649177687
216.46241767634913
215.6006200551352
215.3435926647102
215.3889503679671
215.46454667033768
218.14065533132106
220.6655715033638
221.7088002126321
220.8923603091501
218.35232503296427
215.70645484081885
0.0
278.9049534756455
272.6909384021891
269.8182794187324
270.69519640464125
278.02803648973673
296.3676965874741
321.45054565813604
330.9454397391655
331.7618796571227
333.83321808731694
335.3451439031286
334.42286906921186
332.01890704754766
332.0945033643934
330.46162354295427
329.63006426030233
329.67542210831016
332.51784262292887
337.401362968628
336.9326660068357
333.47035591120834
323.2497374634863
307.3593972354211
291.2725066704075
0.0
38.78089692804331
37.40504445649889
36.69443932856798
36.54324674698682
37.193374841706266
39.612456126739694
44.54133425675631
46.068379321461954
45.19146235147575
45.20658161339738
45.16122383921254
45.070508293737866
44.8437194170236
44.97979273523561
45.085627542631926
45.16122383921254
45.43337049011165
45.62992084298264
47.0208925764487
47.74661696774877
47.807094002407744
46.64291113262837
44.19359132375166
41.154620454814484
0.0
816.9388709605095
800.6705493074411
796.890734869238
805.1004919402421
834.6435222428188
902.7708990713527
1002.8301488594323
1042.7752286977852
1025.509036038706
1009.8001268986949
995.9508865017102
974.7839251237732
952.2562306939919
932.6163144820861
913.8381958913944
901.546239143754
908.7581252087467
935.2621845439556
975.9934658169526
986.5769464407832
985.7756257717202
957.9108331241156
903.9955588686752
848.9463403671771
0.0
57.40782287346349
56.258759252578166
56.0017318650482
56.5762636747671
58.64760202679589
63.44040683860048
70.47086184304165
73.28304383526455
72.05838393082621
70.95467809570582
69.98704557879742
68.5053582853816
66.91783619904456
65.54198371447255
64.21148900119037
63.349691293125815
63.863746068185726
65.72341480542191
68.58095458340972
69.32179822215633
69.27644044941898
67.31093690478652
63.53112238407516
59.660592316441615
0.0
215.05632666069639
209.06910050882692
207.1489546978491
208.34337615660968
215.14704219748597
233.7286104657044
262.0016230071499
272.9782044062029
268.8052891783021
264.26951177429254
259.35575281500445
253.71626961929988
248.80251066001182
245.8240168908715
243.76779781089692
244.07018291905385
247.81975888841936
255.87832347048305
267.62598695396036
270.3323342140575
267.91325295797424
257.81358853035493
241.34871642453788
224.7175325808862
0.0
273.71904800731426
269.01695874966936
269.5763712482513
270.1660223604221
277.36278920547113
297.5621179159588
329.9173302643162
341.2718930883719
337.96077548168506
333.6820254681005
326.25846971593967
319.77230800316414
311.54743169774093
305.57532479476555
302.1130146991382
298.93797046277365
303.2771975443099
310.67051471183214
323.70331519085977
326.5608549543725
326.09215797810504
317.6556119855137
300.2382267072179
284.48395971919916
0.0
1450.1485180180293
1421.2858543065126
1414.572903773476
1429.1478685371528
1481.5965742457859
1602.5355202762942
1780.141444049138
1851.0507646427905
1820.4040287077448
1792.5089980689802
1767.9099642970737
1730.3537278104943
1690.3632903846858
1655.5134007673762
1622.1603166603027
1600.3432272325188
1613.1492387610092
1660.2003703852995
1732.5006624272587
1751.2787813943032
1749.8726902773244
1700.4024769482228
1604.6975744169795
1506.9666892625612
0.0
61.12716036096338
59.90250045507753
59.63035380562591
60.23512412760803
62.457655059770474
67.55284503184235
75.03687777813198
78.03049087288431
76.73023467186535
75.5509325531919
74.52282300162453
72.93530090225993
71.2570632559731
69.79049522592643
68.38440422909122
67.46212948492018
67.99130351032167
69.98704557879742
73.02601644773459
73.82733713416778
73.76686009950879
71.68040248555836
67.64356057731705
63.516003135181094
0.0
519.7093767518211
518.4544782251089
518.378882038539
519.4069915133883
522.9600171602805
529.7485641114887
541.1031268052686
546.8333256680387
542.2824290296103
538.9864307876182
534.8739924973931
531.3663246840338
526.2862540013863
524.7592088353549
522.6576320521234
522.0377424711148
522.1284580223794
522.3098891104339
528.8262892775722
534.9344695653449
537.4593856071119
535.493882078402
529.3252248529533
522.8995402226046
0.0
1073.452203260895
1052.0886916907605
1047.1144557793216
1057.9096059745195
1096.7358607867582
1186.2569877990154
1317.718936647173
1370.2130006670168
1347.5189942533243
1326.8660877575628
1308.6776202211415
1280.8733047717642
1251.2697974157109
1225.4612238336056
1200.7714754802657
1184.6241078473001
1194.1038826794359
1228.9386532649778
1282.4608268754714
1296.3554249033375
1295.3121960493183
1258.6933530810213
1187.8596291371414
1115.5139792471741
0.0
110.65784976792018
110.38570313149616
110.37058386957452
110.58225348436713
111.33821638648291
112.78966515460793
115.20874645266893
116.43340635855478
115.4506545797248
114.75516871226799
113.87825174083427
113.13740810064016
112.04882151441382
111.73131709222487
111.27773935182394
111.14166603361191
111.17190454442762
111.20214306827087
112.59311480173695
113.89337100275594
114.43766429007906
114.01432505904629
112.69894960913327
111.33821638648291
0.0
54.988741575402486
53.46169650924932
52.962760996111044
53.265146156378336
55.00386083732412
59.76642712383793
66.99343248259758
69.80561448784808
68.73214716354337
67.56796429376399
66.31306586403487
64.87673635783146
63.62183792954983
62.85075577854002
62.33670100348009
62.41229728703313
63.364810542019875
65.43614890707624
68.42976200182856
69.12524786928535
68.5053582853816
65.9199651582929
61.71681141957634
57.45318064620083
0.0
12.68505751663853
12.564103451228847
12.564103451228847
12.700176774651892
13.017681192932555
13.743405580324346
14.87734993407699
15.300689163662245
15.149496583528594
14.937826968735965
14.695918839219367
14.378414419635947
14.015552225867678
13.773644096351077
13.531735968137236
13.365424129990222
13.425901162043678
13.652690032244154
14.151625547987958
14.348175902161707
14.378414419635947
14.060909999907771
13.456139678070414
12.926965644852368
0.0
226.0329080597494
219.74329668392224
217.71731607278562
218.95709524927815
226.10850437659516
245.65770503723613
275.3519278287534
286.9030409897575
282.5184561904893
277.7407706159987
272.5851036309805
266.658354431262
261.4875681973497
258.35788180899306
256.1958279578099
256.5284515348048
260.45945872250036
268.9413624328236
281.27867702847186
284.1210975430905
281.5659429022099
270.96734304396034
253.67091178576715
236.17793019062557
0.0
134.2892501283575
129.52668384039617
127.06224476236028
126.54819000611796
128.78584020020207
137.1921476718451
154.23155157869604
159.5081725838169
156.46920174672496
156.51455944998185
156.3633669610413
156.0609817226085
155.27478028796435
155.75859661445153
156.15169725939808
156.3936054298792
157.3158801190449
157.9962467824804
162.83440929464686
165.3290869978517
165.525637320325
161.5190339460595
153.05224935435442
142.54436503289446
0.0
90.26197064521361
87.05668793422115
85.40868881177762
85.0609458657454
86.55775241963536
92.21235494095203
103.65763328732228
107.21065893131939
105.16955909010629
105.1997976139496
105.09396280655326
104.88229319176064
104.36823841525319
104.68574283744218
104.94277022641961
105.12420131736896
105.72897163790357
106.19766864167366
109.44830912540347
111.11142750976862
111.24750084100823
108.5562729050757
102.87143187439084
95.79561909576483
0.0
657.234148054219
644.1559898574594
641.1170190203674
647.7090155043514
671.4916084608451
726.2989189366131
806.793848829633
838.9373914908224
825.0427932603048
812.3879743220807
801.245081185193
784.2207965663191
766.1079253901686
750.308300698893
735.189042671053
725.3010478003258
731.1068429799417
752.4401160812383
785.2035483234364
793.7156906328735
793.0655624527508
770.6437028086534
727.2816707082056
682.9822445538975
0.0
181.74860113986023
179.9191709959478
179.87381316241505
181.29502341248684
185.27138831791441
194.85699793573357
211.12531958880152
218.14065533132106
214.46667567880138
210.47519153895487
205.99989107262118
201.3885174820418
196.18749264901578
193.0124484271264
190.53289008861634
188.85465243364445
190.18514714692662
193.0426870262401
199.84635308159153
203.39937871400855
204.50308463597952
200.90470115555465
192.93685211028057
185.02948014743333
0.0
120.74239490466763
119.53285426070343
119.50261573686016
120.44000974295285
123.08587991049058
129.451087536578
140.26135707041558
144.91808854663807
142.48388800402554
139.8228985774612
136.85952400365713
133.79031460508665
130.32800450945922
128.22642764806227
126.57842851403866
125.45960342423416
126.35163964456194
128.2415468955088
132.76220506654684
135.12080931836877
135.86165295856293
133.4728101843452
128.1810698666399
122.93468733035691
0.0
182.27777518407933
177.19770450143173
175.56482467999263
176.577814920423
182.33825225203103
198.1076384744687
222.0565431687969
231.37000614729703
227.83209973482386
223.9918082286689
219.81889300076804
215.0412074262774
210.86829219837657
208.3584953910286
206.604661419211
206.86168882411107
210.05185228041944
216.8857569348846
226.83422874328755
229.1323559792681
227.0610176648746
218.5186367563238
204.5635615736554
190.45729378624563
0.0
190.865513795887
185.54353495723342
183.83505881894854
184.89340689291168
190.92599087831383
207.43622070186288
232.51906977252492
242.25587200956042
238.5667729778709
234.52993113476745
230.1755848188123
225.17111030825956
220.80164475788536
218.1708938146341
216.34146365624656
216.61361029556556
219.93984700639552
227.09125613371248
237.50842490390778
239.91238692557198
237.76545230880785
228.79973227199739
214.19452903948235
199.42301382305612
0.0
246.03568644776382
237.31187458143447
232.80633564626288
231.86894170820312
235.96626063373333
251.37278453531147
282.5789332729162
292.2552584275249
286.6913714183902
286.76696773523594
286.4948210959169
285.920289218165
284.49907895361815
285.37599593952694
286.0866010718004
286.5401787991738
288.2184164541456
289.47331486505715
298.3483193506029
302.91433536820125
303.2771975443099
295.94435732893857
280.431998511401
261.15494449007895
0.0
434.34604561724524
433.3028169079769
433.2423398255501
434.089018342621
437.0675121117613
442.7372339065797
452.2321279876092
457.0249327965188
453.2148797447266
450.46317478137263
447.0159839201641
444.0979670886998
439.84945555842825
438.57943791309776
436.8104847068612
436.2964299115361
436.37202621390685
436.5232188331232
441.9661517063546
447.07646098811585
449.19315713604226
447.54515794990823
442.38949096489
437.02215440850443
0.0
1400.3305627460195
1372.4506508495208
1365.979608342214
1380.0556376318355
1430.7051521141218
1547.4863014852945
1718.9991645232355
1787.4591656669943
1757.8707775887851
1730.9282595869204
1707.1759045347364
1670.9048045660293
1632.3053385885269
1598.6347514271608
1566.4307321756976
1545.3696057716209
1557.722038964784
1603.170528700895
1672.976143010699
1691.119253408392
1689.7585195604177
1641.981663815511
1549.5727593091335
1455.1983502897392
0.0
73.61566751937514
72.87482386760095
72.85970461870689
73.43423641539822
75.03687777813198
78.92252709321208
85.51452360614634
88.35694412221254
86.86013758135016
85.24237696972233
83.44318525411757
81.56839725640727
79.4668203805352
78.18168345446546
77.16869316481974
76.48832654625703
77.03261983213265
78.19680270335954
80.94850767250352
82.38483719318201
82.83841493358295
81.3718469035363
78.15144493062219
74.94616221962973
0.0
1337.5856415780147
1300.3771475843976
1288.3724565946943
1295.7808931269112
1338.0996964457154
1453.7469013971286
1629.5082760232417
1697.8019652988896
1671.9026756299413
1643.659901875786
1613.1341192370883
1578.0725607721658
1547.4258246923696
1528.9500905584553
1516.1289595060439
1518.049105606524
1541.3630018473018
1591.5135807252566
1664.5244786666694
1681.3975696096454
1666.2783115962804
1603.5333914849573
1501.1306562365364
1397.6242154859224
0.0
237.70497524085616
235.31613258388666
235.25565550145987
237.11532425896115
242.31634894723635
254.86533324452773
276.13812926339745
285.3003996371563
280.4924755938278
275.27633152638276
269.44029799372976
263.39259478838375
256.5889286027565
252.43113260927458
249.1956114497093
247.0033189849373
248.74203372233598
252.4764904572824
261.3666141772471
266.0082263669403
267.4747944650199
262.7575858426802
252.32529783806604
241.99884460466038
0.0
41.71403300261176
40.232345710643436
39.46126354660604
39.310070966472395
40.00555683392918
42.606069222939524
47.89780954788242
49.54580868335352
48.5932954153392
48.60841467726084
48.5630569045235
48.47234135904881
48.23043321896541
48.381625800546566
48.502579869864526
48.57817616644514
48.86544206479079
49.077111679583425
50.5739182218933
51.345000384483185
51.40547741914217
50.16569825278219
47.53494735295614
44.269187607304694
0.0
332.42712707166413
320.63410575465406
314.541044831576
313.2710270559697
318.8046756107416
339.62389390223797
381.7915046742009
394.85454363654145
387.3402723186407
387.46122646901927
387.08324492821583
386.29704347909666
384.37689778391945
385.5713191124042
386.5389516495778
387.15884123058646
389.42672999772924
391.10496766717614
403.0945393066595
409.2631965321083
409.7621321074893
399.8438987679244
378.8886070916305
352.85324471821394
0.0
341.46844342532034
331.9584301098718
328.90433989361
330.794247250225
341.5893974309479
371.11730851358067
415.99126641536475
433.4237709136045
426.8166551952014
419.6047689999328
411.80323193856987
402.85263113617833
395.0359747245958
390.3187662180569
387.05300644490273
387.5368226555892
393.49381045442135
406.2847027629679
424.9267478385864
429.2357364512847
425.38032571071074
409.3539120833729
383.21271493874775
356.79937101005265
0.0
287.03911437455497
284.1513360119285
284.0908590742526
286.32850924228154
292.6181206181086
307.75249788036774
333.44011731209457
344.5225334968312
338.7016192130723
332.4120078372452
325.35131426119295
318.0487126449354
309.838955559456
304.8344810633784
300.9185932403776
298.27272304823225
300.35918072732056
304.8798388969111
315.629631374377
321.2237568668248
322.9927100730614
317.29274979493
304.6984078088568
292.2401390628301
0.0
123.9174390874743
122.79861399766982
122.79861399766982
124.11398945047786
127.2436758779173
134.36484641770056
145.41702405543384
149.574820009833
148.0477749740775
145.9310788391788
143.64807087669993
140.4730266663906
136.9804780628425
134.6521123174937
132.1876732669605
130.56991264085758
131.22004074281458
133.45769093689864
138.3109727761247
140.1706415061233
140.50326520181395
137.3584595124529
131.4770681346871
126.39699742598434
0.0
26.095839416760576
25.370115038488084
25.14332616177382
25.279399479985834
26.110958678682206
28.363728134687925
31.795799709367074
33.126294421201735
32.62735890806345
32.06794635881867
31.47829528717813
30.78280941972135
30.19315835966087
29.8302961647346
29.588388026098688
29.618626549941972
30.072204290342924
31.05495606917295
32.476166327929796
32.8087899990128
32.506404838745496
31.28174493285963
29.28600286583139
27.275141548461583
0.0
347.5917429475121
340.6822419762011
339.06448138918097
342.5570299681214
355.1362527197756
384.11987039349447
426.69570104482284
443.68974719485914
436.341787745069
429.65907570982006
423.76256499341457
414.76660647329123
405.180996855472
396.8200471652515
388.8219596511393
383.5906963492755
386.65990579995633
397.9388723071663
415.28066128309143
419.77108085356815
419.4384572765733
407.5849588771363
384.64904442323854
361.2141944084347
0.0
59.07094125782864
56.96936438195659
55.89589707067947
55.6691081925177
56.65185997134771
60.340958935004345
67.84011093018802
70.15335742085271
68.82286270901804
68.8379819709397
68.77750493628072
68.6414316180687
68.29368867058898
68.5053582853816
68.6716701288844
68.79262419820235
69.18572490394432
69.48811006421163
71.6199254508994
72.72363128601978
72.79922758260041
71.04539364118048
67.32605616670817
62.69956319840637
0.0
201.16172854597963
196.6864282099218
194.61508977972755
195.25009859515524
200.52671973055195
213.7711897809469
231.85382247378416
238.7028463626683
239.29249734456332
240.78930391148083
241.87789046875702
241.21264317001624
239.47392843261764
239.53440551504443
238.35510342097865
237.7503330743889
237.79569077764575
239.83679062320132
243.35957778678048
243.02695407950972
240.5171572721618
233.1540785879526
221.69368097821317
210.08209074925733
0.0
128.4229779965907
125.86782338176523
125.27817232170476
126.56330925356453
131.20492148234047
141.92447545188574
157.6485038407907
163.93811521661783
161.21664870762675
158.75220961801074
156.57503651793354
153.23368044240877
149.69577402993562
146.61144544905648
143.66319013717407
141.7279251033573
142.86186944060833
147.03478466850916
153.43023089515788
155.09334918543496
154.97239517980742
150.58781038053922
142.1059065399401
133.45769093689864
0.0
56.939125871140895
56.36459405997447
56.34947481108042
56.78793328955973
58.042831706261275
61.036444801013616
66.13163477308552
68.3390464563539
67.18998283546857
65.93508442021454
64.52899342482682
63.09266390414835
61.45978403204638
60.46191300432229
59.690830840284896
59.16165680330333
59.56987677096693
60.47703225321635
62.608847639904106
63.712553488052095
64.06029642105673
62.9414713240147
60.431674480479025
57.96723542270826
0.0
357.3436642886908
350.22249376048757
348.57449470462944
352.15775882035945
365.0847245281785
394.88478210537943
438.6550342299435
456.11777734177207
448.5732675550334
441.69400506703556
435.63118261279544
426.37819670224707
416.5204404451089
407.932701818826
399.72294474782177
394.34048882674136
397.50041381421175
409.09688467847286
426.90737074646614
431.53386370174036
431.1861207455755
418.9999987836187
395.4139561351235
371.32897807047294
0.0
57.12055696209024
55.517915612384044
55.018980099245766
55.336484521434706
57.135676224011874
62.07967361450262
69.57882560968629
72.49684242233309
71.39313657418512
70.1835959316684
68.88333974367703
67.38653318833956
66.07115773842654
65.28495632549507
64.74066302659186
64.81625932317249
65.81413035089658
67.96106499950598
71.07563216502376
71.80135654329625
71.1512284485768
68.4751197745659
64.09053493187243
59.67571157836324
0.0
12.231479774934819
12.019810161734453
12.034929419747819
12.065167935774545
12.38267235506847
13.289827839923396
14.741276613259465
15.24021212900327
15.08901954886962
14.907588457920271
14.574964775112448
14.287698870108246
13.909717419774122
13.652690032244154
13.486378194097144
13.350304871976855
13.546855226150601
13.879478902444628
14.45401070970277
14.590084033125812
14.559845517099086
14.18186406401469
13.410781904030317
12.700176774651892
0.0
198.84848207558005
193.31483366555915
191.5307612249036
192.61934776770465
198.9240783779507
216.1146747346595
242.24075264486564
252.3857749060177
248.5454832551117
244.34232955837294
239.80655215436346
234.59040808691847
230.03951143401486
227.28780647066094
225.38278000990272
225.67004588364074
229.1323559792681
236.58615021474205
247.44177747789172
249.95157428523967
247.69880488279176
238.37022265539758
223.16024907629276
207.7688442788578
0.0
96.67253606719852
93.2404644794918
91.47151128773032
91.10864909280406
92.71129045409032
98.774112930043
111.03583122476809
114.830764995821
112.6535918363959
112.68383036023918
112.57799555284288
112.35120667612863
111.79179412688387
112.13953705988848
112.4116837107876
112.59311480173695
113.25836215837805
113.74217842262227
117.23472703196038
119.01879948564353
119.16999206577717
116.28221377697365
110.18915277862516
102.61440448686088
0.0
920.1126880328028
894.5157841668155
886.2606692478035
891.35585916487
920.4755502233862
1000.0179669439275
1120.9266736370926
1167.917327701278
1150.0917223988658
1130.6634758886032
1109.6628263643015
1085.5476098163379
1064.4562447552466
1051.7560679690148
1042.9415405514208
1044.2569160302837
1060.2984487617648
1094.7854764924673
1145.011651716218
1156.623241945174
1146.2211924093976
1103.0557106314232
1032.630206566909
961.4185010532756
0.0
30.661855350403393
30.359470190136093
30.359470190136093
30.586259066850356
31.266625670937994
32.884386295593416
35.62097200426328
36.815393384858346
36.195503800954604
35.515137195419456
34.75917429475121
33.9880921307138
33.111175159280094
32.566881873404476
32.143542642371706
31.871396005947688
32.098184869634366
32.58200113532611
33.7159454812622
34.32071580179681
34.502146905773735
33.89737658523914
32.55176261148283
31.22126789820065
0.0
180.6448953626402
174.21921073229146
170.9232123600236
170.22772659244495
173.236458960699
184.545663951222
207.46645917070086
214.55739121559097
210.47519153895487
210.53566860690657
210.3391181541574
209.91577902589785
208.87255018635364
209.52267825067545
210.03673304600045
210.36935675327115
211.60913592976374
212.53141061892947
219.0478107860678
222.38916687606766
222.6613135153867
217.27885759430634
205.87893705251855
191.72731154737687
0.0
977.1425294421806
974.7839251237732
974.6478518692518
976.5679976947046
983.2507097299534
996.0113634393862
1017.3597559198527
1028.1397868661563
1019.5822868534625
1013.3985102488441
1005.6423309052132
999.065453655648
989.5100825066667
986.6374235232103
982.6912972168964
981.5271142269738
981.6934260806091
982.0411690367737
994.2877680811573
1005.7784041597347
1010.5258512653875
1006.821632999279
995.2100427703231
983.1599941786885
0.0
231.21881352808066
223.00905645707633
218.7907833956428
217.89874717531504
221.7390388117459
236.2232880386334
265.55464863956684
274.64132269647996
269.410059394616
269.50077494588066
269.2437476712564
268.69945426234256
267.35384031464145
268.18539959729327
268.85064688155893
269.2891053745133
270.8615082582767
272.04081035234236
280.37152157372515
284.66539082172864
285.0131337634183
278.1187520410014
263.52866804290534
245.41579686675502
0.0
317.39858458061366
308.56893779832484
305.7113980492872
307.4803512555238
317.5195386007163
344.9609919897856
386.65990579995633
402.8677503705974
396.7293316139867
390.0163809796241
382.77425644579336
374.4586644588297
367.1863013114099
362.8017165266169
359.7627456750498
360.2163234024232
365.7499718269193
377.64882791513793
394.9754976566442
398.98210101643457
395.39883690070445
380.5063676641756
356.20972004263285
331.64092563702
0.0
579.1885378861203
577.7975662351623
577.7068506838976
578.8407949444306
582.8171598498582
590.3767888565407
603.0316079250408
609.4270540865515
604.3469834039039
600.6730036066333
596.0918684993669
592.191099910785
586.5213781014916
584.8280212121008
582.4845361281124
581.7890503750087
581.8948851462175
582.0914354831657
589.3486793816915
596.1674646714617
598.9796467172424
596.7873542524705
589.9080918947484
582.7566827674315
0.0
117.1742499973014
115.1633886799316
115.40529680698744
115.64720493259577
118.73153357427027
127.37974918310171
141.22898958008645
146.0822714193125
144.6610611547656
142.83163093268766
139.6565867368534
136.87464325110366
133.36697538708148
130.81182078528354
129.3301334918677
127.96940025618979
129.81394974018934
132.98899393602358
138.56800016799718
139.79266006954052
139.59610970653696
135.96748777030177
128.52881280832958
121.78562370512908
0.0
466.7768542679734
457.4785105238922
455.3164566582339
460.003426565659
476.89163793001165
515.8237273976583
572.9896421918338
595.804602495353
585.9468462382149
576.9660069525104
569.0435157552442
556.9632285644959
544.0816207046847
532.8631312654264
522.1284580223794
515.1131222653848
519.2255604253342
534.375057066763
557.6435952279315
563.6912984332776
563.2377207059042
547.3171418642501
516.5192132955127
485.0560371674831
0.0
145.28095075024942
141.24410882753298
139.9287333892
140.74517331873722
145.34142777911836
157.89041199679673
176.9860349300644
184.40959056642458
181.58228941650069
178.52819921471394
175.20196248940888
171.39190945209177
168.06567259651086
166.06993059896308
164.6789588177292
164.8755091402025
167.4155445466642
172.85847741989554
180.78096861716182
182.62551812576905
180.97751906991093
174.1587336498647
163.04607899629005
151.7973509434429
0.0
545.3667577002349
533.2108742071161
527.6016293499736
529.3101056185343
543.6431622117303
579.5060423589722
628.552915488657
647.1344836265997
648.706886510363
652.7739669525802
655.7222222528825
653.923030577808
649.205822071269
649.3721339249045
646.1668511039012
644.5642097513
644.6398060536708
650.2036930772805
659.7590640959859
658.8367894068202
652.0482425858877
632.0757026667112
601.0056273283791
569.5424513306252
0.0
685.038463619397
678.8093293259967
678.8093293259967
686.1270501766732
703.4537199037043
742.8091487601621
803.8909512470626
826.8419850656554
818.4054390585889
806.7182525272623
794.0936720578762
776.5704519938967
757.2178016702042
744.3513130303367
730.7137422047193
721.8084992358606
725.4371211851233
737.7441973119336
764.5959995888323
774.8922143389249
776.7216444828372
759.3042592190167
726.7978543672435
698.7365113971654
0.0
1866.8352701285976
1862.3448499791168
1862.0575846699073
1865.7315650027565
1878.507337628156
1902.8947011049406
1943.6713394442902
1964.2788886710475
1947.919851408815
1936.0814720411454
1921.2797182400802
1908.7156147517956
1890.4666704369242
1884.9783805262903
1877.4338702473988
1875.2264589824606
1875.5288436708395
1876.1940911432812
1899.5835834114032
1921.5367458042067
1930.6234197308443
1923.5324880767812
1901.3676553888556
1878.3107867122037
0.0
387.08324492821583
379.38754265253664
377.5883508471863
381.4740002013491
395.4744332175502
427.75404911878604
475.16804244150705
494.0973535066642
485.91783491897297
478.46404068349904
471.9022826683529
461.8782145431042
451.2040183824839
441.9056747542036
433.0004316695441
427.1795173857851
430.5964696478798
443.160573165115
462.45274642085604
467.457220801133
467.09435861054925
453.88012704346727
428.3437002309569
402.24786078958863
0.0
652.2750313916741
634.1168025122669
628.2656496293941
631.8791523442379
652.5169395476802
708.9117721271552
794.6228460876201
827.9305716084564
815.30599113907
801.5323470589309
786.6398778224021
769.5399970169583
754.6021699468965
745.5910922068292
739.3468386645349
740.2691133537006
751.6387954121752
776.1017549018286
811.7076076586452
819.9324840943444
812.554286175716
781.9680270335953
732.0291176835826
681.5459150549317
0.0
453.27535682715336
443.17569239953394
438.51896084514607
439.9401710952179
451.85414656260645
481.6693233742264
522.4308431305363
537.8676056312283
539.1829811100915
542.5545756689294
545.0038953938505
543.5070889572088
539.5912010039322
539.7272743887295
537.0662849621652
535.7357902488831
535.7962673168348
540.422760272109
548.3603707037943
547.589288633845
541.9498053078645
525.3488599475257
499.52516714547653
473.38397000085155
0.0
654.4219660084382
641.3891656596865
638.3653140425383
644.9421912921034
668.6038301126937
723.1843517826755
803.3315387340056
835.3390080103975
821.5048869781075
808.9105449775593
797.8130095584038
780.8643212419
762.8270463825957
747.0878987737467
732.0442369180014
722.201600025558
727.9771565915851
749.204594921673
781.8319537790737
790.3138574893969
789.6788486594941
767.3477045521861
724.1671035542679
680.0642277224331
0.0
603.9085249109495
587.1110292136624
581.6983348237442
585.039690783468
604.1504329511547
656.3572310683102
735.718216700797
766.5463838831231
754.8591973517965
742.0985436278886
728.3248994174741
712.4950362573605
698.6457958603758
690.3150847692688
684.524408824072
685.4013258099807
695.9243294816605
718.5578588274012
751.5178413920727
759.1530667300759
752.3191620756106
723.9856724662137
677.7509812375584
631.0173545927481
0.0
84.78879922932137
81.7800668711999
80.22278329423105
79.90527887204212
81.3113698674298
86.61822945429434
97.38314119657697
100.7093779638598
98.78923219196466
98.81947070278035
98.72875515730567
98.53220480443468
98.03326928984887
98.33565445156368
98.57756257717203
98.7438744192273
99.31840622894622
99.75686470887305
102.81095483973188
104.38335767717484
104.50431174649279
101.97939564103547
96.62717829446122
89.98982399576202
0.0
16.359037226045306
16.192725383990012
16.192725383990012
16.313679453307966
16.676541649681756
17.53833935774632
19.0049073892405
19.639916220590802
19.3072925495078
18.94443035458153
18.5362103854704
18.12799041780679
17.6592934154842
17.37202751569103
17.14523863897676
16.994046058843114
17.115000128161068
17.37202751569103
17.99191709959478
18.30942152178372
18.40013706725839
18.082632645069452
17.35690825376939
16.646303125838475
0.0
974.557136317987
952.8307624414678
942.8218136953892
945.8607845324809
971.487926881781
1035.5784618672114
1123.2248008875483
1156.4266916082256
1159.2388735237305
1166.51123667115
1171.757619207433
1168.5523365167057
1160.1309097440583
1160.4332949824911
1154.703096119721
1151.8153179018454
1151.966510390786
1161.8998629502946
1178.9695052869008
1177.321506231043
1165.2109805569814
1129.5144122633753
1073.996496669809
1017.7679757992182
0.0
1370.001330878523
1339.4604297725862
1325.3844004829646
1329.678269716493
1365.6923425263763
1455.8031204481529
1579.0099538851457
1625.6679851250408
1629.6292306223486
1639.8498487226682
1647.2280469886987
1642.7225074600483
1630.8841292503864
1631.3074686826226
1623.2337838963092
1619.1969422269067
1619.4086126667798
1633.3636876033718
1657.3730689169233
1655.0598224320488
1638.0052987942834
1587.839601695166
1509.7788713517668
1430.7505099042294
0.0
920.1882843496484
899.6714511518338
890.2219147885362
893.0945739022686
917.2853867526028
977.8077768567221
1060.5554761521898
1091.897698144316
1094.5586875564054
1101.4228306941834
1106.3819473567285
1103.3580957395804
1095.4053660734762
1095.677512712795
1090.264818322877
1087.55847106278
1087.694544433102
1097.0684843637532
1113.1856135278804
1111.6434491274304
1100.1981708823857
1066.4822253519085
1014.0637576633856
960.9800425603214
0.0
379.9015973175858
376.0764250458497
375.985709494585
378.9490841595822
387.27979538096497
407.31281223781724
441.31602364203275
455.9665847225556
448.28600155101964
439.9401710952179
430.6115888822988
420.93526371321497
410.0796364500652
403.44228224834916
398.2563766642172
394.7487088508578
397.53065229752474
403.5178784349191
417.7299810080125
425.13841754022957
427.46678325952314
419.9373927072035
403.27597039471385
386.7657405711648
0.0
176.3963838178936
170.13701104118024
166.91660898575813
166.23624245259845
169.1693785184818
180.22155610410476
202.5980580449455
209.53779748509436
205.54631334524785
205.60679041319952
205.41024009072626
204.9869008321908
203.97391059176036
204.6089194216632
205.10785485229343
205.44047855956416
206.65001925274368
207.5420554730715
213.90726303546853
217.17302280862262
217.43005021352275
212.18366766276463
201.05589377477105
187.2368918466243
0.0
252.6730407797557
243.70732074294529
239.08082778767107
238.1131952504975
242.31634894723635
258.14621225210084
290.19903923174957
300.1323917912584
294.4173122931831
294.50802784444784
294.2207619707099
293.61599162412006
292.1645428907353
293.07169834548205
293.7974227121744
294.2661196739667
295.98971517694645
297.2748520422208
306.39176469824764
311.06361537125383
311.4567161464762
303.9122063742127
287.9765082981396
268.20051883171226
0.0
341.7103514510505
329.5847065570454
323.34045301475106
322.0250775358879
327.70991856512524
349.11878798326757
392.4657008492962
405.8916019877455
398.1656611129526
398.2866151330551
397.8935144736335
397.0921938045704
395.12669027586054
396.351350203459
397.3341019605765
397.9691107904792
400.29747649529776
402.0361912326963
414.35838646364977
420.69335567300965
421.20741048280985
411.01703050392587
389.47208771546116
362.71100097535214
0.0
52.85692618871472
52.327752163313235
52.312632901391595
52.72085287050272
53.885035740282085
56.666979220241785
61.399306997387406
63.44040683860048
62.36693951429579
61.202756644516406
59.90250045507753
58.556886481321214
57.06007994045885
56.122685934366146
55.41208080498774
54.92826455377109
55.30624599759142
56.137805196287786
58.1184280028419
59.14653755440927
59.47916122549228
58.42081316310921
56.10756667244451
53.80943945672904
0.0
22.875437456874046
22.663767840633916
22.663767840633916
22.90567596768975
23.48020777740866
24.79558322732168
26.836683068534764
27.607765219544582
27.320499321198923
26.927398614009444
26.504059384424185
25.929527586285353
25.279399479985834
24.85606026198065
24.4024825215797
24.1000973613124
24.22105141760277
24.62927138526638
25.521307618621737
25.869050551626373
25.929527586285353
25.354995776566447
24.266409190340113
23.329015197274998
0.0
544.6410332177419
533.7854059545921
531.2756091472443
536.7487804893135
556.4491737691709
601.867425065394
668.5735916438557
695.198605114968
683.692849671696
673.2152038335489
663.9773371574195
649.8710693555347
634.8576461133781
621.7643686821996
609.2305037640781
601.0358657972171
605.8437898405456
623.5182025237414
650.6723900390728
657.7330836151251
657.2039095853811
638.6223414474385
602.683864983351
565.9743064493142
0.0
65.87460738555555
65.20936002891446
65.19424076699282
65.70829554350026
67.14462506273124
70.6220544231753
76.51856507010031
79.05860042445168
77.72810571261701
76.2766569314644
74.65889631983656
72.98065867499726
71.10587067583947
69.94168780606007
69.0496515857323
68.44488125072262
68.92869751641436
69.95680706798173
72.42124612575248
73.70638306484982
74.11460303396093
72.81434683149446
69.92656854413845
67.05390951725657
0.0
177.13722741900497
173.59932115128277
172.7828811030498
174.56695367398117
180.97751906991093
195.74903415606133
217.4451694479417
226.10850437659516
222.3589284072297
218.9419760148592
215.94836288102414
211.3521085248637
206.46858816468938
202.22007663441786
198.13787694330665
195.4768875167423
197.03417103581077
202.79460836741873
211.6242551641827
213.90726303546853
213.74095131210896
207.6932480922879
196.0060615609614
184.07696698942968
0.0
149.30267338498902
145.1448774175623
143.8143827173077
144.6308226468449
149.36315045294074
162.25987754717087
181.88467452465764
189.5047806137669
186.61700226561555
183.45707740842096
180.0552442504694
176.13935642746864
172.72240416537392
170.66618508539938
169.22985545615768
169.44152515780087
172.04203750193844
177.63616299438615
185.80056234765843
187.6753503395787
185.98199345018784
178.9817769420873
167.55161793146166
156.00050464018167
0.0
78.46894935281112
75.68700587140393
74.25067635217295
73.94829119190564
75.24854739292462
80.16230625957206
90.1258973270016
93.19510670675446
91.42615351499298
91.4563920258087
91.365676480334
91.18424538938466
90.73066764753621
91.01793354732936
91.229603162122
91.38079574225564
91.92508902813127
92.31818973532074
95.14549100249288
96.59693977061792
96.71789383993587
94.37440883845547
89.43041144651724
83.29199267398391
0.0
670.8565995151415
659.3206057333073
660.7115773842654
662.1327876488123
679.7769618486951
729.2622934713346
808.5779212702886
836.4124754490553
828.2934337845647
817.800668711999
799.6122012334781
783.7067417565188
763.5678899837068
748.932448282354
740.4354252073359
732.6641264990101
743.2778457219547
761.4058361325237
793.3377092223457
800.3681641992844
799.2191005740565
778.5057170537686
735.8391707208995
697.2397048302478
0.0
751.0037865967475
736.0508402922669
732.5734109477454
740.1330399689032
767.2872274842344
829.911194371585
921.8967604734582
958.6214382563892
942.7462173785434
928.2922066349689
915.5617913943739
896.1184255049417
875.4050419846537
857.3526477606546
840.086455101575
828.7772501255271
835.4146043127681
859.7868483959076
897.2221312966367
906.9438142992535
906.218089802285
880.606066687404
831.045138762394
780.4258627489457
0.0
1181.2827518875765
1148.4286041085888
1137.8300041200634
1144.3615236663716
1181.7363296149497
1283.8669178476987
1439.096340331081
1499.407060907258
1476.531623376561
1451.5999667803642
1424.6423296454068
1393.662969843864
1366.5994978942724
1350.3009378157922
1338.976613431624
1340.66997036444
1361.2472805433558
1405.546706741089
1470.0152230936217
1484.9228113184931
1471.5725066705907
1416.160425877183
1325.732143337804
1234.3059898647884
0.0
1257.876913134114
1229.830689514256
1216.918843113231
1220.8498501272254
1253.9156675065306
1336.64824768338
1449.770536636452
1492.6185139415745
1496.247135702661
1505.6361944624286
1512.4096220489423
1508.2669464623616
1497.3961992555132
1497.7892996399082
1490.3808636287945
1486.676645550862
1486.8731964668145
1499.679207995305
1521.7230859393728
1519.606389067692
1503.9579577049126
1457.874458892822
1386.2242949296597
1313.6518561904809
0.0
99.68126842532003
96.14336202876945
94.32905106571816
93.93595035852867
95.59906874289383
101.84332232282347
114.49814132473803
118.4140291636614
116.14614044573406
116.19149821847137
116.07054416218102
115.84375528546676
115.26922348732789
115.63208567067412
115.90423232012573
116.1007826729967
116.78114929155944
117.28008480469774
120.87846822287966
122.72301770687925
122.8742102870129
119.9108357059713
113.6212243533043
105.80456793593169
0.0
1412.6527580638235
1381.1593433945804
1366.6448558146558
1371.0596789959116
1408.192576831909
1501.1155367126155
1628.162663001947
1676.2721410355646
1680.3543412767294
1690.8924635893493
1698.497450371664
1693.855839325503
1681.6394776498507
1682.077936606008
1673.762345082247
1669.5894291450668
1669.8162191088604
1684.2097516988513
1708.9599778149473
1706.5711351579782
1689.002556536711
1637.2493369285844
1556.7846445490463
1475.2918441276927
0.0
2.4644390647188024
2.4190812906787076
2.4039620326653424
2.434200548692073
2.5097968389036485
2.7214664513802607
3.023851613239821
3.144805677636243
3.0994479034513978
3.038970871397937
3.008732355226456
2.933136065159631
2.872659031658662
2.812181999460451
2.75170496740699
2.7214664513802607
2.7365857093936254
2.827301257618567
2.948255323172996
2.9784938391997264
2.9784938391997264
2.8877782896720268
2.7214664513802607
2.5551546129437437
0.0
120.40977121910957
117.05329592798346
115.97982861670636
116.64507597334742
120.45512900487448
130.8722978011249
146.68704173984705
152.8405797829871
150.49709484374958
147.95705943728788
145.22047370690538
142.06054877154526
139.29372454626966
137.63060615177196
136.48154255404677
136.64785439465453
138.74943125605148
143.27008941261448
149.83184741473303
151.3588924504885
149.9981592683684
144.34355673402413
135.13592858029043
125.80734635289629
0.0
1889.4234421040085
1847.301189440605
1827.888060890953
1833.799691391831
1883.4664543341262
2007.7316361345838
2177.656978111025
2242.0196596344485
2247.4625924208294
2261.568859846362
2271.7441206776775
2265.5149858197487
2249.186187605357
2249.7758389057044
2238.6631835138996
2233.0841779072503
2233.3714432164597
2252.6182585952424
2285.729434662111
2282.5392704096726
2259.028824845203
2189.8279800569076
2082.1939823172283
1973.1992508743251
0.0
382.92544906500973
374.38306814198387
370.45206108456415
371.6464825433247
381.71590837183027
406.9045923584518
441.3311428909268
454.37906260437336
455.4827683815934
458.34030827538203
460.41164658977556
459.1416289444451
455.8305113377582
455.95146548813665
453.6986959409379
452.56475169487993
452.62522863255583
456.52599722113763
463.23894785550016
462.58881967537764
457.82625346558194
443.8107012149618
421.9936117871781
399.90437585035113
0.0
457.82625346558194
445.0958382249871
440.983399934762
443.52343534122383
458.0076845536362
497.58990221588056
557.74942999914
581.1238029459922
572.2487984604464
562.5875925257817
552.1401852867484
540.1354943983711
529.6427291955292
523.3228793508642
518.9382945515961
519.5884226014426
527.5713908811358
544.7317487545314
569.7238824186795
575.4994389991816
570.3286527652695
548.8593062791754
513.8128660354156
478.3733251322344
0.0
119.30606538398918
116.64507597334742
115.42041606890908
115.79839751272941
118.92808394016886
126.77497886256711
137.50965209258652
141.57673252322365
141.92447545188574
142.80139242476696
143.45152051369635
143.05841981663949
142.03031026362459
142.06054877154526
141.36506289974594
141.01731997108385
141.03243921853039
142.24197987262718
144.3284374865776
144.13188712502154
142.6501998446333
138.280734268204
131.4770681346871
124.59780571182708
0.0
99.4393602866841
97.47385674205162
97.00515973828153
98.00303077903318
101.60141419721514
109.9018868658044
122.07288961794984
126.94129071764999
124.83971382875032
122.9195680698828
121.24133041780594
118.65593729071723
115.91935158204736
113.53050880782963
111.24750084100823
109.75069428567076
110.62761125710449
113.84801323001857
118.80712987085089
120.09226680994821
120.00155125144593
116.5997181875825
110.03796019849153
103.34012886368585
0.0
138.02370687633152
136.63273513418042
136.60249661178463
137.67596393464183
140.69981555034244
147.98729790612583
160.32461248729894
165.66171057484658
162.86464790823575
159.82567705666867
156.4389631331361
152.93129533425179
148.98516889766216
146.56608766763406
144.69129967716137
143.4212819927481
144.4191530378423
146.59632618858237
151.76711247460497
154.45834037000725
155.30501888707815
152.56843314366805
146.5207298992393
140.51838446228808
0.0
131.83993031079572
128.90679425938745
127.5460610381846
127.96940025618979
131.4317103532647
140.11016449028193
151.96366279707826
156.45408251230597
156.8320639228336
157.81481569442607
158.52542081222444
158.08696231927001
156.95301794293624
156.99837577646898
156.2121743418249
155.83419291682216
155.84931215124112
157.19492609894226
159.5081725838169
159.28138364775475
157.6333845918967
152.81034131414916
145.29606999769595
137.69108319511597
0.0
753.1658404479307
736.3683447651188
728.6272846559067
730.9858888440383
750.7921168951043
800.3228063657516
868.0570825348635
893.7144634832773
895.8916365833546
901.5008812957461
905.5679617524385
903.0884034139284
896.5720032323152
896.8139114027961
892.3688495355764
890.1463186019663
890.2672726220688
897.947855663329
911.1318487615731
909.8618309859668
900.5030103042099
872.9103642959238
830.0019099228499
786.5642815055563
0.0
458.91484000838295
449.7828081179372
447.65099273559196
452.2623664564471
468.86331181678594
507.13015400016684
563.3435554915878
585.7805345148554
576.0739707321826
567.2594433145886
559.473025371844
547.589288633845
534.9344695653449
523.8974112141409
513.3441690736233
506.4346681023125
510.4866293101107
525.3790984163636
548.2696551670047
554.2115236011421
553.7579458737686
538.1095138017095
507.8256398980214
476.89163793001165
0.0
532.9689660366352
523.8066956773513
524.9104014545715
526.0443458453802
540.0598980960003
579.3850883533445
642.3870366512228
664.5065112016385
658.050587957701
649.7198767363183
635.2507468886007
622.6261663034137
606.6299912751898
595.003281811815
588.2600927086145
582.0763162487468
590.5128622413382
604.906395916961
630.2765109916369
635.8555171049146
634.948361650168
618.4986089090456
584.6012322905137
553.924257727404
0.0
344.40157947672856
337.5374362231496
335.94991424971835
339.41222434534575
351.8704929466215
380.59708321544036
422.7646939874032
439.60754751822293
432.33518437080335
425.7129492877055
419.8617963903577
410.9414342015552
401.44654012052564
393.1763059670945
385.25381476982835
380.06790918569624
383.10688015306414
394.2800117587896
411.4554889968802
415.91567009851906
415.58304639124833
403.83538290777096
381.1111380252405
357.8879576976047
0.0
833.7061281889585
815.1094408165968
806.5519406591518
809.1524531480405
831.0753772312321
885.9129263061137
960.8893270235315
989.2832937008804
991.6872557225447
997.91639003042
1002.4068096008968
999.6551047678187
992.4583378069691
992.715365197394
987.801606368382
985.337167278766
985.4732406635633
993.9702637385813
1008.5754669710964
1007.1693759409687
996.7975648885052
966.2566635799171
918.7670740851014
870.6727141278952
0.0
686.8678939080605
673.20008459913
670.0250403772405
676.9194220996575
701.7603630143134
759.0472318141165
843.1707837866749
876.7657751667739
862.2361681208289
849.0219365392716
837.3801078414781
819.5847411526546
800.6554300730223
784.1452002494733
768.3455755581975
758.004003104848
764.0668255446132
786.367731183083
820.6128507577798
829.5029744777444
828.8377270632029
805.4028770483992
760.0753414192416
713.7801732529106
0.0
481.6844426086454
472.09883312110196
469.8611828227972
474.69934546523956
492.13184997795435
532.3037186220936
591.2990636904573
614.8397484764697
604.6644877464797
595.3963826015123
587.2319832337652
574.7585952677945
561.4687674996676
549.8874157540247
538.8201189195078
531.5628750209822
535.8265057856727
551.444699388894
575.4692003855928
581.6983348237442
581.229637731676
564.7950042249726
533.0143237543671
500.5532767506018
0.0
151.84270879145072
146.46025286892282
143.6783093846206
143.10377758503427
145.6286936789115
155.13870703344278
174.4006418203458
180.3727487233212
176.92555786211273
176.9860349300644
176.81972307642903
176.45686090032038
175.5799439144116
176.12423717857456
176.56269567152896
176.84996154526698
177.87807115039217
178.64915322034147
184.13744392710552
186.94962597288628
187.1764147786726
182.640637360188
173.07014710706363
161.17129100436983
0.0
1565.3270258918496
1534.1662348285518
1526.9241106855482
1542.6632575995927
1599.2697598517611
1729.8094337791517
1921.5367458042067
1998.0704304315204
1964.9894932677428
1934.871931840119
1908.3376337465702
1867.787784068256
1824.6223017691784
1786.9904678077462
1751.006634306256
1727.450830170024
1741.2698322863469
1792.0705391128229
1870.10103040838
1890.3759547409086
1888.8489103275824
1835.447690549015
1732.1529193118681
1626.6658561889528
0.0
461.5002331325766
451.21913761690297
446.4716906415262
447.9231393749109
460.04878439919173
490.40825461972565
531.910617962672
547.634646351577
548.965141064859
552.3972126916485
554.8918902501025
553.3648452143469
549.3884803089194
549.524553563441
546.8030871992008
545.4423538868049
545.5179501891756
550.2200394612955
558.3088425121973
557.522641077553
551.7924423450588
534.8891118620882
508.59672196797067
481.97170861265926
0.0
1080.5280160713662
1056.4279187722966
1045.3303833386663
1048.7170971319229
1077.1110638092716
1148.1866959381077
1245.3581675662122
1282.1735609148827
1285.2881280832955
1293.3466925640337
1299.1676069925438
1295.614581403552
1286.2708798983135
1286.6035035042582
1280.2534150749548
1277.0632516041715
1277.2295634722818
1288.236383383598
1307.165694419805
1305.3362641456167
1291.8952438016988
1252.3281454028236
1190.762526603911
1128.440944954993
0.0
99.63591063955509
97.655287833001
97.18659084225847
98.19958113190418
101.79796455008612
110.11355648204454
122.31479774934819
127.18319883457326
125.0816219601487
123.16147618680606
121.46811929452022
118.88272615440393
116.14614044573406
113.74217842262227
111.45917045580086
109.96236390046339
110.83928087189712
114.07480209370526
119.03391874756515
120.31905567363492
120.22834012816021
116.82650706429676
110.24962980025656
103.53667922958441
0.0
731.6360170241608
711.2854956799816
704.7237376648355
708.7756987568329
731.9232828978988
795.1822586006772
891.325620696032
928.6853072943904
914.5034433204112
899.066680805244
882.3750198936406
863.1886814091083
846.4214241951343
836.3217597675149
829.3064240249953
830.3496528645395
843.1103067187232
870.5366408733736
910.4666013470317
919.7044680231611
911.4342338697302
877.1135181229386
821.1117861884102
764.4901648031486
0.0
934.4759832395875
915.8792957369501
911.5551880201085
920.9442471851786
954.735789032502
1032.675564270166
1147.1283478641444
1192.8187456838857
1173.0729946862962
1155.0961969094185
1139.251214370135
1115.045282285382
1089.2669471865897
1066.8148490591789
1045.3152641042468
1031.254354020094
1039.509468924631
1069.838700676327
1116.4211347019211
1128.516541127088
1127.6093856723414
1095.737989650471
1034.066536065875
971.0948262223594
0.0
142.34781468436603
139.89849486680427
140.18576076659744
140.48814592686475
144.2377219367604
154.73048700932628
171.55822130572716
177.4698511262757
175.74625576804695
173.523724834437
169.65319471469311
166.28160015585533
162.01796939116485
158.90340223722714
157.10421056215264
155.4562113760187
157.7089809087424
161.54927242937254
168.32270000141094
169.81950656832848
169.57759841232243
165.1778943786353
156.12145879056018
147.94194018839386
0.0
91.54710758431092
89.50600774309785
88.55349448811111
88.84076038790428
91.24472242404363
97.27730638918065
105.50218277421688
108.61674993973467
108.88889657615869
109.56926319472142
110.06819870930721
109.76581354759239
108.96449287418682
108.9947313850025
108.46555735960104
108.19341071014941
108.20852997207106
109.13080470321454
110.73344606450081
110.58225348436713
109.44830912540347
106.09183383427735
100.87568980591507
95.59906874289383
0.0
827.3106820274475
797.9642021776199
782.8147055361911
779.6396613143017
793.4133053944406
845.2421221010684
950.1848923795984
982.6912972168964
963.9736556941565
964.2760408167882
963.3386468787287
961.4033818188565
956.6105770099471
959.6041901437823
961.9779135663327
963.5200779667829
969.1595611624875
973.3778342383962
1003.2081304147109
1018.5239387650242
1019.7788371759358
995.1042079846394
942.9276484665976
878.1416275977881
0.0
245.94497091097418
237.20603979575074
232.71562009499814
231.76310693699457
235.8604258480496
251.26694976410286
282.47309835695654
292.1343042916215
286.57041739828753
286.66113294955227
286.37386694553845
285.7993351980624
284.3781249479906
285.2701611683184
285.9656470516978
286.4343440134901
288.11258168293705
289.3523608449545
298.22736534497534
302.7782619834038
303.1562434084065
295.82340330883596
280.31104449129833
261.04910970439533
0.0
1830.9875094473762
1794.534977941887
1786.0681942186877
1804.4683308777483
1870.690680405968
2023.3951870212845
2247.6440238128607
2337.1802694371077
2298.474968239669
2263.247097906636
2232.2072601396867
2184.7781476549217
2134.294945040746
2090.267665800784
2048.175652040471
2020.62836335909
2036.7908497053709
2096.209534046745
2187.48449582695
2211.191492307372
2209.4225386958324
2146.949764225047
2026.1317727936448
1902.72838923683
0.0
238.15855309850534
233.42622522727163
232.32251943557648
234.71136222282178
243.32933931794255
263.1960443356346
292.3610932132085
304.00292191100226
298.9682089460867
294.38707382434524
290.35023185096594
284.1815746110422
277.61981659589605
271.88961773312593
266.41644639105675
262.8331821450509
264.93475905855814
272.6606999333511
284.52931756720704
287.61364610755584
287.38685731624463
279.2678156517541
263.54378727732427
247.48713531142448
0.0
1079.3789524606134
1055.324212850326
1044.22667743117
1047.5982719755327
1075.9771194329378
1146.977155244928
1244.0427920149734
1280.8128275880117
1283.9273947564245
1291.9859593674385
1297.7917544023035
1294.2387288133118
1284.9101465714425
1285.2427703076635
1278.8926820231104
1275.7025185523269
1275.8688302756866
1286.875650056727
1305.7747227109464
1303.9604118304032
1290.5345106051034
1250.9976507329666
1189.5076281929996
1127.2465234962328
0.0
1144.7092666080612
1121.9245446431041
1116.632804403564
1128.1234404821412
1169.535088273823
1264.9980837202174
1405.198963741499
1461.1704571927146
1436.9796442265797
1414.9508851550531
1395.5377579081598
1365.888892776474
1334.3350011985056
1306.8028323015967
1280.4802039965418
1263.2593691420448
1273.3741526738077
1310.522169758699
1367.5822497092904
1382.4142419068176
1381.2954168807037
1342.2423732047782
1266.706559916403
1189.5529860410074
0.0
474.8807765677691
458.03792303694917
449.3443496249827
447.5300387154893
455.42229144391763
485.17699131786156
545.4121154179669
564.0843990926992
553.3346066152333
553.5009184688686
552.9717444246495
551.8529194130106
549.1012144351815
550.8248098078852
552.1855429900054
553.0624599759142
556.3131005146492
558.7170625363137
575.8471819408715
584.6465901240465
585.3571952563199
571.2055696209025
541.2543194244851
504.0609445494861
0.0
41.07902415823387
40.67080418912275
40.65568494022869
40.988308612759205
41.880344831639455
44.042398742170505
47.73149770582712
49.30390054327011
48.47234135904881
47.58030512569347
46.56731483604775
45.52408603558633
44.344783903885315
43.634178774506886
43.07476622670962
42.6967847684142
42.98405067978744
43.634178774506886
45.17634310113418
45.97766377598728
46.23469116351724
45.41825122819001
43.603940263691186
41.81986781000807
0.0
151.34377321606956
149.9679207995305
149.9679207995305
151.58568138655068
155.4108536727618
164.1044270702532
177.60592451107314
182.67087595930175
180.81120721627556
178.22581410655698
175.44387052961414
171.5733405401461
167.29459052656156
164.45217001194288
161.44343764368887
159.4628147502842
160.27925478404202
162.9856019138633
168.9274703480007
171.1953591151434
171.603579008984
167.74816825393495
160.56652065778002
154.36762483321763
0.0
12.231479774934819
12.110525709959393
12.110525709959393
12.246599032948184
12.548984193215485
13.2595893211464
14.348175902161707
14.756395871272831
14.605203291139178
14.393533677649307
14.18186406401469
13.864359644431268
13.516616710123872
13.289827839923396
13.04791970895929
12.881607870812275
12.942084902865734
13.168873773066208
13.652690032244154
13.834121128404535
13.864359644431268
13.546855226150601
12.972323418892463
12.473387903148659
0.0
17.583697131931164
17.417385288428367
17.417385288428367
17.598816393852804
18.052394134253756
19.06538442389948
20.622667999420827
21.2123190594813
21.000649457716253
20.69826428297386
20.380759873812504
19.927182133411552
19.428246618825757
19.095622934715173
18.747880001710538
18.521091123548764
18.61180668349853
18.929311092659887
19.624796971696746
19.881824360674216
19.927182133411552
19.488723640457152
18.64204519431422
17.9314400649358
0.0
4.6113737094199285
4.535777419353103
4.535777419353103
4.5508966773664685
4.671850741618139
5.004474419649181
5.5487677101568345
5.745318064620083
5.68484103242187
5.624364000368411
5.4882906768006166
5.3824558705623105
5.246382548152523
5.140547741914218
5.095189967874123
5.034712935675912
5.110309225887487
5.231263290139158
5.458052160629136
5.50340993611674
5.4882906768006166
5.352217354390829
5.0498321938340265
4.792804805869811
