0.0
113.62617246214349
107.09934275260139
103.01183320132105
100.627452639384
100.6494284911688
104.02272265798884
109.51668712535296
112.80207786504614
119.18606455113667
128.45987646174953
138.41494000176294
147.74369166018542
155.95167450623399
163.14876797240913
167.66480674658106
169.6536217922952
168.961382345882
167.89555319715944
163.2256834594419
156.61095022809494
151.8092253396933
143.71112171574958
133.03085488905293
122.72417757530945
0.0
116.0874686152591
110.91215403506804
107.08835481145529
104.66002253648081
103.80296408122992
105.6818999143071
110.01114385625993
112.05489866030351
117.4499717793823
125.119546058405
133.86593749251898
142.55738926298164
150.43573426387945
157.50097248469254
162.36862503259445
165.31338991024828
166.36823114728008
164.34645216661792
160.775375312695
154.7759661459264
148.8644603673614
142.32664271772518
132.855047996928
123.53728434487435
0.0
177.24628067896327
174.2246002195986
171.7523162494703
170.00523556602525
168.99434608095407
169.37892358975617
170.76340268245858
171.21390776660274
173.51038485512595
178.0154357070873
182.38863142940417
186.59700816076707
190.89328830137325
195.17858062496666
198.29915238422564
200.02425724428932
200.77143644903194
199.80449870540158
197.87062321814085
195.01376164453242
191.62947959442516
188.8824973270798
184.4433741346186
181.2458867936489
0.0
282.71940994818965
270.1602072978837
261.545671003934
257.1944512101963
258.1723768655174
266.0067701144545
275.46737692356095
279.68674157713446
293.4765923460773
314.55143987472104
337.2085492220933
357.53621764067253
374.0620626705921
387.8848771746071
396.1917514362677
399.6859128031579
398.455264779199
391.24718349601113
377.80894640612024
364.94208173404473
355.8770404506289
342.3289241386331
322.24299007180326
301.37691317035654
0.0
39.501604306544046
37.44686160974537
35.91953949253942
34.88667417882694
34.45814495698737
35.128408609474626
36.75462208443373
36.94141687562559
38.688497569590474
41.940924517404724
45.50101346805276
48.79739213311236
51.61030192740875
53.961718703778764
55.50002875266299
56.1153527667464
56.20325619176928
55.357185669248665
53.61010498369962
51.599313995730476
50.434593538697776
48.720476630299956
45.73175997648998
42.479333028675725
0.0
771.85805173845
725.1483661445102
692.2614949809468
671.6371525259275
667.8133532086888
687.6795286419527
724.7198368837473
741.2566698253578
776.5279215708455
835.5770512656838
908.1413335795249
978.0795008650143
1041.0952729184266
1096.1997367408185
1135.1409561562139
1158.2375822973274
1170.5660387810892
1164.5336663210792
1134.613535763873
1085.3766265782328
1041.8534400453796
991.3639068440824
915.2615114639896
838.1702025589639
0.0
54.23641692946132
50.96201411829048
48.64356112748755
47.193154522561805
46.929444228557536
48.32491119402746
50.929050332723435
52.09377079817195
54.56605479565168
58.71949190544239
63.817890904974654
68.72949511226308
73.15763044878831
77.03636934236428
79.77236363279629
81.38758917502513
82.25563556090232
81.83809426127326
79.72841191555094
76.26721432265605
73.21257009771196
69.6634690692744
64.32333562962663
58.89529877442376
0.0
222.07703053345193
207.16641104681315
196.72787859290543
190.24500050172273
188.49791981827764
194.79400310564475
205.37537862192724
209.35300880803374
216.96764352860293
231.9771544098141
250.53576623740852
269.4679677462726
287.68595379598594
304.9809538540296
318.70487705815026
327.68201494284267
332.5496673960666
333.483641394105
328.3193148202826
316.17765332969265
303.6074627676959
288.30127786056437
265.86392706259954
242.33877138720888
0.0
242.28383172355754
228.38410163783172
219.67067404398767
214.58326295719806
214.6052388752575
221.81332024260362
233.53744029996335
240.54773895180315
254.1507949274503
273.9180789451024
295.14675754248964
315.0458967108259
332.5496673960666
347.899804044639
357.5252297289818
361.755582388924
360.29418781970855
358.0086986533959
348.0646229303951
333.9451343899399
323.7043846515384
306.44234843376466
283.66437185791887
261.6885140557889
0.0
1370.1397913620253
1287.213892228586
1228.8460140158713
1192.2452224205413
1185.4546823707078
1220.7039581981364
1286.4667125504532
1315.8154703321713
1378.4246897161463
1483.2385426007654
1612.0720090488585
1736.1916535970017
1848.0597573588113
1945.8962762208446
2015.010348793519
2056.0063111666036
2077.894265969762
2067.1810349240827
2014.0653871257446
1926.678388587231
1849.4112730215154
1759.7827367109774
1624.6971395690607
1487.8534736110923
0.0
57.75255416286401
54.25839278335009
51.797096718600635
50.25878666971638
49.97310052182335
51.456470921783946
54.22542899778303
55.467064957628125
58.104167891358976
62.52131529620591
67.94935216087659
73.17960631214491
77.90441572824147
82.0248890524651
84.93669020346269
86.66179503407098
87.58478105940401
87.13427598367568
84.89273848621734
81.21178231551154
77.9593553676973
74.17950783082252
68.4877606816154
62.71909801907608
0.0
429.67197074634987
422.35401005170104
416.3546008849325
412.12424831966837
409.68492809513197
410.6189020931704
413.9592324018369
415.06901329200025
420.61791737462477
431.5399186582685
442.15425790962314
452.3400679948931
462.7676125476299
473.162193249577
480.69991238843545
484.90828922499617
486.71030957209257
484.3588927357598
479.6670470694631
472.7556398227154
464.55864487783776
457.899959999728
447.1208017679392
439.38529982941617
0.0
1014.2297868186519
952.8402282307308
909.6247040457603
882.5394593124198
877.5179758009723
903.6033189504125
952.2908318887713
974.013967153947
1020.3610511255846
1097.9468165932008
1193.3110513273086
1285.1921125851775
1367.9971445848214
1440.41858373109
1491.5783805133399
1521.9270404680658
1538.1232473372415
1530.2009507001005
1490.8861414456385
1426.1892158948915
1368.9970466526318
1302.6519323495206
1202.66177942978
1101.3530752135941
0.0
91.48549581212863
89.92520991356352
88.65061015657959
87.74959999775908
87.22217940869855
87.41996213156872
88.1341775023533
88.3759119424688
89.55162033538771
91.88106125260903
94.14457460500812
96.30919659018623
98.52875821902813
100.73733192776348
102.35255747104428
103.24257970870629
103.62715722802821
103.12171248970053
102.12181097312684
100.6494284911688
98.91333572888225
97.49589291057553
95.19941577576532
93.55122645007337
0.0
56.78561642975344
52.9728051073116
50.302738386961735
48.64356112748755
48.19305604123943
49.80828159293608
52.51131208938521
53.533189480887216
55.47805288930642
59.31284006563701
64.05962534509015
68.90530197177668
73.56418381673912
77.98133122158606
81.48648054119411
83.78295766864048
85.03558156016386
85.26632806860107
83.94777660699555
80.8491806648061
77.62971750150693
73.71801482236393
67.98231594644365
61.96093092157834
0.0
10.68026686698741
10.207785924956964
9.856172201195902
9.625425693600272
9.548510191734652
9.724317055140547
10.11988249425339
10.306677284498479
10.801134080417699
11.515349460670087
12.317468265945362
13.10859914901015
13.833802451473023
14.493078182801776
14.932595336319626
15.207293563054163
15.306184919755337
15.119390128563472
14.789752262373108
14.240355819423817
13.690959377526504
13.097611217331865
12.218576909244188
11.361518455045278
0.0
233.40558514927932
217.73679855672694
206.75985760943186
199.94734176777638
198.1123575909298
204.72709082227678
215.8468748109071
220.0332757294084
228.03248795877974
243.8111537734369
263.3147275107605
283.2138667737747
302.3548388256776
320.5288732286281
334.9560237908528
344.394654766058
349.51502958791986
350.48196733155015
345.06491838909005
332.30793292859966
319.1004424786432
303.00312662532804
279.42303128628606
254.70019132200858
0.0
136.79971445848216
129.6905244857084
124.37236694834041
120.80129009441748
119.31791969130096
121.64736060957428
127.28416809092215
127.91048006719122
133.97581680930188
145.2274559380965
157.55591213782407
168.98335816926337
178.7296510820798
186.86071845161538
192.17887598898344
194.32152219811923
194.61819621351984
191.6844192475567
185.63007041713672
178.68569933011915
174.63115365697996
168.69767205503362
158.36901891790873
147.10639177222566
0.0
91.94698882795105
87.16723976924273
83.5961628774486
81.18980646162277
80.18990493347735
81.76117875846083
85.55201421754609
85.96955551717518
90.0460771325693
97.60577219895501
105.9016585015858
113.57123289317019
120.12003846501689
125.59202706060863
129.17409182622222
130.6025225762072
130.80030528119374
128.83346605886095
124.76793237935303
120.09806264163548
117.37305619767152
113.38443809987436
106.4400670118048
98.8693840253126
0.0
620.9718124851044
583.3930956552443
556.9341629192126
540.3423903244708
537.2657702961329
553.2422188368162
583.0524698878831
596.3478638207214
624.7296841323232
672.2305006724465
730.6203546559436
786.8785505313518
837.5768543177669
881.9131473361508
913.2397325885253
931.820320334179
941.7424200865215
936.8857555555081
912.811203390881
873.1997197423068
838.1811904706544
797.5588173580485
736.3450656306928
674.3182071232529
0.0
159.13817385135474
152.19380285901522
147.27121074214003
143.48037525465134
141.72230665951557
143.2056770626321
148.98532759583497
151.58946680080558
156.47909507741082
165.5001847140639
176.0595843964452
187.76172861990375
198.58483859313338
208.7926245017847
216.71492124412333
221.92319946470846
224.78006095415864
223.17582341724653
218.2642192225819
210.50674135547965
202.35369816256264
193.76113778667238
181.45465742084593
169.23608053790122
0.0
105.72585163786431
101.1109215059393
97.83651870634021
95.32028299477109
94.15556252616663
95.13348820042327
98.97926331369207
100.70436814535235
103.95679509316659
109.9452162914377
116.966502865488
124.74595654545185
131.93206200525827
138.71161411184167
143.97483209075614
147.4360296278962
149.336941369565
148.26012430915182
145.00769739920875
139.84337083590623
134.43730980513675
128.72358674207806
120.54856772577963
112.4284882679347
0.0
188.2232216157386
175.5871033942416
166.7418206497135
161.23686830852984
159.76448582762382
165.09363137136057
174.07076925605296
177.44406339446954
183.89397764538234
196.61799927612256
212.34172553232622
228.3950895495224
243.83312970201612
258.49102680949727
270.12724345761376
277.7308902664923
281.8623515213423
282.6424944611569
278.2692987493598
267.98459735367584
257.3263063503606
244.3495623509825
225.34044535508568
205.39735444530865
0.0
197.09048018364814
183.86101391031025
174.58720190501938
168.82952719519787
167.2802292272591
172.8730849671662
182.2677641904108
185.7948893028929
192.55246558609488
205.88082335920294
222.34074081378049
239.14128403571934
255.31551538658698
270.6656519404813
282.8402771766633
290.8065255657647
295.13576953612096
295.9488763162056
291.3778978889022
280.59873965711336
269.44599182821315
255.85392386945458
235.9437966947496
215.06673187109237
0.0
250.6346576319809
237.61396189116198
227.87865689003627
221.3298513287093
218.60484498994316
222.87914929664808
233.20780244429275
234.33955915783753
245.45934315698767
266.0836856014873
288.67486737351743
309.6068719449843
327.46225630927694
342.3618878737052
352.1081807865217
356.0308714141746
356.56927989704224
351.20717061823336
340.0983745307739
327.38534082224425
319.9575009054906
309.0904392854981
290.1582377661142
269.51191940355517
0.0
359.0965035308218
352.9872151314285
347.9767195316718
344.4386064128209
342.3948517034554
343.1749946537899
345.96592855737833
346.8889145595678
351.5368084739039
360.6567895051294
369.53503598472963
378.03969295137665
386.76410846743113
395.4445723262031
401.75164343058293
405.2677807260523
406.7731269525502
404.80628771969765
400.8835970920447
395.1039464641638
388.25846678223843
382.6875868657127
373.68847306296095
367.21658298866674
0.0
1323.0675041457837
1242.9984661546418
1186.6303913411627
1151.2822234669354
1144.733417789891
1178.7630341572778
1242.2732627206815
1270.6111311540853
1331.0667156387703
1432.2875169822216
1556.6818592174345
1676.5491754190114
1784.5715040927998
1879.0457167175875
1945.7863971039376
1985.375905097447
2006.5056922055837
1996.1660509989717
1944.874398855642
1860.4871048373939
1785.8680801970504
1699.3271523314902
1568.8894485674004
1436.73762826521
0.0
64.45519078136266
61.64228098811824
59.653465862453686
58.11515582303726
57.40094044278487
58.005276534657796
60.3457053793495
61.400546556418576
63.378373750404826
67.03735406722186
71.3116583970703
76.04745574484514
80.43163936412505
84.57408855170526
87.78256378332614
89.8922461311524
91.04597865861076
90.39769084949249
88.40887572803585
85.2553401369228
81.95896148133099
78.48677595675782
73.498256245605
68.54270032107122
0.0
1381.2375993168787
1288.5214555081425
1223.571807357322
1183.2241326155718
1172.3680591387051
1211.5400258567813
1277.3467317506634
1302.1025357130072
1349.4824850877756
1442.8359284057594
1558.2311580269559
1675.9997788876958
1789.2853259927494
1896.8571500768237
1982.2223690771268
2038.063023498265
2068.35674378934
2074.114418457082
2042.0516420694523
1966.509631058727
1888.3524925421088
1793.109124941796
1653.5844046389777
1507.269143234347
0.0
208.13334879044353
199.05731950065896
192.61839316143693
187.66283721481156
185.35537222511746
187.3002356240689
194.8599306809868
198.26618864915352
204.66116324693473
216.4512108691167
230.2630374614411
245.56922247377054
259.73266274514685
273.08299635215616
283.44461322435313
290.25712917120643
293.9930250055635
291.8833426261779
285.46639220501527
275.31354585481745
264.6662427737127
253.42559154608904
237.32827578745201
221.3408392404
0.0
42.49032096035401
40.28174725793054
38.633557920666846
37.52377710414195
37.062284095683346
37.77649947593574
39.534568092111094
39.72136288330296
41.61128665226633
45.10544803072828
48.9292472848484
52.47834830381815
55.51101667487348
58.038240320224844
59.68642964802075
60.35669331102779
60.444596745518496
59.53259864239594
57.65366280616284
55.50002875266299
54.23641692946132
52.390444878795265
49.18196964822636
45.68780825924463
0.0
338.6369799615586
321.0343179659038
307.8817670849206
299.0474722520832
295.3665160813774
301.1241907911988
315.078860445898
316.61717050214605
331.6376693055678
359.50305695768344
390.02752338374296
418.29946437856194
442.42895611216215
462.5698297374456
475.7333685301194
481.02955024410596
481.7547536254673
474.50272050616053
459.5151855324891
442.33006480174805
432.2870977683332
417.6072248374706
392.0383143580363
364.13996296032883
0.0
352.6136255343171
328.934638790183
312.35385410713184
302.0581647997571
299.28920671955007
309.2882220010044
326.08876522294327
332.40682433369176
344.5045339881629
368.3373517905208
397.7959890678578
427.8589624875628
456.7791912820322
484.23802550728624
506.0270885056005
520.2894201820691
528.0249221311119
529.4863166056492
521.300309582982
502.0164944792242
482.0624155630784
457.7571169373533
422.13425151281336
384.7862812387296
0.0
251.33788509528267
240.37193207019806
232.59247847439246
226.60405721931454
223.82411121689705
226.17552795855178
235.29550889509915
239.41598223825838
247.1404962650907
261.3808521286976
278.0495401999524
296.5422244522048
313.6394417947421
329.75873348195836
342.2739844749818
350.50394315493156
355.00899401741265
352.4707824719424
344.71330471003796
332.45077608565236
319.59489922006986
306.02480708469267
286.5761730005006
267.28136989037404
0.0
104.36334845375352
99.70446660879107
96.27623280777513
94.08963495082459
93.32047993216837
95.0016330507912
98.90234780772371
100.73733192776348
105.58300856707372
112.48342792106625
120.33979700390461
128.15221442946032
135.2394285683329
141.5904515193513
145.96364713647034
148.61173799872358
149.55669990845274
147.74369166018542
144.53521639700517
139.1401433726044
133.83297365224905
127.94344380226332
119.4387868250965
111.05499718160104
0.0
26.95338953216146
25.14038126706247
23.87676944386079
23.085638570263807
22.876867915715366
23.63503501321309
24.920622689251566
25.404091561066746
26.327077586399767
28.151073773709246
30.403599193378064
32.700076330292234
34.90865003271571
37.00734444675971
38.67750963791219
39.76531460054831
40.358662760742945
40.46854204912241
39.84223010441269
38.36984763613038
36.842525518924425
34.98556553552812
32.26055917677437
29.403697665232635
0.0
328.41820613069683
308.54104279626176
294.55340931181246
285.7740541426264
284.14784068765493
292.5975580011704
308.36523590413685
315.3975103898779
330.4070212816089
355.5254266768989
386.4015067820105
416.1568181694262
442.9783526013985
466.42659278975646
482.9854016494262
492.81959796096606
498.0608400113013
495.50065265296934
482.7656430158604
461.82265062738094
443.2970025453784
421.8156015793533
389.4341751530657
356.63520747238425
0.0
60.169898519835925
57.03833879207942
54.7088978695982
53.137624044614704
52.47834830381815
53.500225695320154
55.983497613958384
56.25819584069293
58.928262559990834
63.87283055389829
69.30086741856894
74.32235091423685
78.60764317681556
82.18970798030041
84.53013683445992
85.46411079252321
85.59596593479145
84.31037825770098
81.65129947008138
78.59665524513728
76.80562283287509
74.2014836941791
69.65248113759611
64.69692521306234
0.0
203.9249719538828
194.8599306809868
188.65175087650135
185.50920318866312
186.21243065196498
191.86022604500357
198.68372990354754
201.72738618629356
211.67146181461632
226.8787554113338
243.21780563743775
257.88669065660963
269.7976056019432
279.77464496533804
285.76306623093575
288.2793019425049
287.4002676922759
282.2029772887035
272.5006361173279
263.2268241225568
256.67801855071014
246.90974971983425
232.42765949395823
217.37419695546447
0.0
121.33969857728508
113.9997620592549
108.82444757374188
105.58300856707372
104.98966040161918
108.11023220926916
113.93383449443266
116.52698569303452
122.075889775659
131.36068969264056
142.76615989017867
153.75408873864467
163.66520063189535
172.33467648429857
178.45495287954074
182.080969397115
184.01484488437575
183.06988296412675
178.36704938613929
170.63154754229433
163.78606786036892
155.84179518945112
143.88692859735465
131.7672430248241
0.0
49.8522333112334
47.67662338490918
46.138313345492755
44.95161702510348
44.391232650475885
44.86371360008058
46.67672186517958
47.48982860213313
49.01715070987128
51.84104843584597
55.14841502311605
58.81838327161135
62.213653294424105
65.41114059331473
67.89441252142075
69.52062599532789
70.42163615730432
69.91619143265237
68.37788139323592
65.93856118132327
63.38936168208312
60.697319108896444
56.84055606920927
53.01675682455696
0.0
337.6151026489549
317.1885428252836
302.8053439098217
293.7842543783665
292.11408917143433
300.79455293552826
317.00174802146796
324.23180522271525
339.6588573583205
365.49147812860303
397.2356046669308
427.82599865781265
455.3837242776391
479.491240282536
496.5225300497313
506.6314245532904
512.0155097606785
509.3784068206358
496.2917835044749
474.75544287479835
455.7133621333096
433.62762511959465
400.3451885144991
366.62323484214784
0.0
58.98320219944665
55.016559880847815
52.24760180484875
50.52249696372066
50.06100395631404
51.7311691474665
54.54407893229511
55.598920109364165
57.62069902059577
61.60931720255119
66.53190934151789
71.56438076044826
76.39906946492428
80.99202373875262
84.64001612389134
87.0243966952962
88.32097229354518
88.56270673471263
87.18921562313152
83.96975246088431
80.62942208699519
76.56388840222738
70.60843094849619
64.35629942466149
0.0
10.823109943774273
10.196797996119017
9.812220485844119
9.581473978248487
9.581473978248487
9.911111845385632
10.427544501715888
10.746194440961869
11.350530532834794
12.229564840922471
13.185514651822558
14.075536891588522
14.855679842975027
15.53693142819255
15.965460651084094
16.15225544227596
16.086327871141844
15.987436514440667
15.54791935987084
14.910619482430857
14.46011439723472
13.690959377526504
12.669081994440324
11.691156320183664
0.0
205.3314268699666
191.54157619570168
181.89417459329943
175.89476542653077
174.27953988324998
180.1031421578937
189.88239891098004
193.5633550816858
200.60661747911757
214.48437164678396
231.6365286424528
249.15128723938415
265.98479429107306
281.9832187498158
294.6742765402861
302.9701628902559
307.4752137422173
308.3322721690648
303.56351102625507
292.3338477103221
280.719606885587
266.5561666036909
245.82194474773033
224.06584557916614
0.0
98.48480650599068
93.36443165572558
89.54063239424163
86.96945704637258
85.90362794604107
87.57379313719353
91.62833889343898
92.07884397758315
96.45203966097682
104.55014324810134
113.42838974663717
121.65834852126494
128.66864708894653
134.52521320386018
138.36000043278966
139.89831039435973
140.10708111623475
137.99739874736898
133.6351909367428
128.63568334335463
125.72388220077288
121.44957789406794
114.01074997094561
105.9016585015858
0.0
950.1481856796356
886.3632585665399
841.6863397492355
813.9308314139026
806.4700276673989
833.4124293278448
878.6826962601089
895.7139860062646
928.304183070269
992.5176394862063
1071.8944376522231
1152.9084370271048
1230.834829293021
1304.8385296163112
1363.558021318722
1401.971821393755
1422.8159225875374
1426.7715767924658
1404.7078151918608
1352.7458992782224
1298.9819639537484
1233.4719320963065
1137.4923731503432
1036.8319565549716
0.0
26.854498175460286
25.678789777281498
24.85469511811745
24.206407308999182
23.90973322942785
24.162455591753833
25.14038126706247
25.579898420580317
26.40399308921217
27.93131519695032
29.711359676482253
31.689186879936315
33.51318306724579
35.227299976695576
36.56782729218988
37.44686160974537
37.93033047209274
37.65563225587798
36.83153758724613
35.523974056266916
34.15048294468578
32.700076330292234
30.623357771188967
28.55762714271202
0.0
184.01484488437575
174.44435885316437
167.3022050506405
162.50048017275867
160.50067711015595
163.63223679162542
171.21390776660274
172.0489903700688
180.2130214746765
195.34339950020302
211.93517209494485
227.2962966657278
240.4048958999482
251.35986091866403
258.5130026328786
261.3918400403883
261.77641754919046
257.84273900984675
249.68969572225174
240.36094415850732
234.8999434640865
226.9227071632944
213.0229770670488
197.87062321814085
0.0
807.8545067601012
794.0976198209083
782.8240047635345
774.868744275604
770.28677793661
772.0338586200552
778.3079659893627
780.3956725348471
790.8342049045966
811.3706439503727
831.3247228665185
850.4766828301122
870.0901358842186
889.626673419733
903.8011016028
911.7124105070865
915.1076805320031
910.690533036686
901.8562382459279
888.8575184652474
873.4414541992537
860.9262032062303
840.6754502641642
826.1164445512553
0.0
235.5372433520463
223.2966905510421
214.15473379111333
208.00149365027926
205.44130618674947
209.45190021312587
219.1542413845015
220.2310584449147
230.66959089882243
250.05229740767243
271.28097600505976
290.9493687228175
307.7279361108552
321.7375454292056
330.9014781071938
334.58243427789955
335.0878789310171
330.0444195856683
319.6168751381293
307.6620085460329
300.6846736187454
290.4658997984034
272.67644300945284
253.28274849423408
0.0
327.75893041935564
305.7501088821536
290.34503256992986
280.7635586375476
278.19238326232716
287.48817109099946
303.1020180304202
308.9805599687152
320.2212111963389
342.3728757853959
369.75479461829525
397.69709766276566
424.58455965956034
450.1095183975537
470.3602713396199
483.61171353101724
490.79781907498193
492.1713101613156
484.55667545126613
466.6353634169535
448.08773951156957
425.4855698278486
392.3789401253977
357.6570848691461
0.0
478.84295248288555
470.68990919529045
464.0092484832796
459.2954269936013
456.58140856652585
457.6142738854982
461.33918170296687
462.5698297374456
468.75603370802975
480.9306589336919
492.7646582973147
504.1151888417213
515.7294296664563
527.3216946678101
535.7274602398847
540.408317889293
542.4191089582644
539.8039818416031
534.5627397807481
526.8602016719752
517.7292327290592
510.3123807239963
498.3025744787683
489.6770502731278
0.0
103.71506064463527
97.75960320037188
94.03469531662866
91.85908540082423
91.87007332198272
94.94669340607548
99.96817690910724
102.96788148723165
108.79148374399175
117.25218906387596
126.33920617067321
134.86583897122145
142.34861854110662
148.91940003101274
153.039873374172
154.85288162243933
154.2265696566901
153.24864400136903
148.99631550752568
142.95295469399426
138.5687710599867
131.17389488882498
121.42760197600852
112.0219349252314
0.0
441.01151337906566
414.3218340872576
395.5324757249266
383.7534159197572
381.5668181585367
392.9173486082652
414.08009963031054
423.52971851720645
443.68158005418053
477.4145216487422
518.8829652659854
558.8350746608814
594.8425176047433
626.3339217639133
648.5844776739042
661.7809802963282
668.8242426937599
665.3740330788304
648.276815736293
620.147717793329
595.2820347771966
566.4277335475495
522.948498956013
478.897892041339
0.0
150.01819291480737
139.95325005801104
132.89899974888866
128.51481611488106
127.3391077440537
131.591436237897
138.73358994574286
141.4256325389171
146.567983289358
156.7098416226673
169.2470684495919
182.03701764515435
194.3434980215006
206.0236664215777
215.29747841634878
221.36281515845948
224.64820581399442
225.27451777974366
221.79134432454413
213.58336146797583
205.1006804193882
194.75005136420393
179.59769742061798
163.70915227865817
0.0
552.8356654941127
528.2556685816902
511.4221615300013
502.9175046475125
504.8184163050231
520.1355891238454
538.6392613824665
546.8911959804757
573.8445854579344
615.07129461823
659.3636358951732
699.1289504862536
731.4224735138179
758.4527785729871
774.7039253056896
781.5274291642337
779.1320606811382
765.034547974584
738.7514220254791
713.6000528951172
695.86553566462
669.3846271052067
630.1027813333425
589.3046014232897
0.0
576.9212055704305
551.1984641274505
532.189347121034
520.1355891238454
515.8612848171405
525.2010243872536
546.7153890883508
556.8792233502394
583.6568059355731
621.8068950780508
665.2421778334683
708.4357263212947
747.6296685997576
782.7361013648111
806.8875690164709
821.5674419473334
826.7757202625966
816.7327532397015
799.0092240155731
769.1660092294339
739.8172511742018
707.3149575194407
660.2536581517709
613.9285499929947
0.0
1543.3974539957903
1517.125315590184
1495.5779872066137
1480.3926696857523
1471.6243023756579
1474.9646323687311
1486.9744386770778
1490.9410810040922
1510.8841720716662
1550.1220664702819
1588.2501795789824
1624.8399821054459
1662.2978323906184
1699.6348143848188
1726.72005909712
1741.8174729036643
1748.3113389170571
1739.8726100096624
1722.995151248092
1698.1624314831213
1668.714782706583
1644.816037434081
1606.105563322608
1578.306103403631
0.0
365.73321258555023
343.5925358976641
328.0116527985133
318.2433839571176
316.43037570885025
325.8360428543054
343.39475319267757
351.2291465362928
367.94178626483017
395.9170532337287
430.3092706343096
463.4378761706617
493.30306687486035
519.4103858371622
537.8591184426517
548.803095549677
554.6486737529
551.7918122634496
537.6063960634941
514.2790231036098
493.6546805644321
469.73395936335083
433.68256477272615
397.14770126820736
0.0
673.5600400068195
628.3447127382067
596.6775016869116
576.9981210574633
571.7019393434766
590.8099476497877
622.8946999659963
634.9704337865663
658.0780482075629
703.5900496914524
759.8702214007617
817.2931376406285
872.5404440309654
924.9968164861547
966.630079031233
993.85816674279
1008.6259430934157
1011.4388529887019
995.8030302048602
958.9605046049335
920.8543673616933
874.4083919428842
806.3711363569846
735.0155261911223
0.0
459.49320970910765
439.0666498854362
425.0790164956651
418.00279025796345
419.5850520661721
432.3200615980832
447.6921740805569
454.5596295963835
476.95302864238755
511.21339090280424
548.0339406162309
581.0856306655502
607.9291409103843
630.399455453941
643.9036200139761
649.573391335594
647.584576184682
635.8714439548546
614.0274413980868
593.1064248329888
578.371612238475
556.3627906907532
523.7176539841371
489.8089055079702
0.0
618.3127336164825
580.887847950044
554.5497824424858
538.0349253242568
534.9692931234514
550.8798141834707
580.5472220880047
593.7986643740801
622.0486294508394
669.3516632649369
727.4887949744742
783.5052563929352
833.9838016404625
878.1332998550307
909.3280299146419
927.8317021417039
937.709850268323
932.8751614975725
908.8995006118
869.4638239079495
834.5881376986722
794.1415714676714
733.191530031164
671.4283818145724
0.0
623.6199033368379
581.7558942885822
552.4401000631002
534.2221140133869
529.3214977304128
547.0010752972586
576.7124349432333
587.8981465072058
609.2916440850273
651.4303512411439
703.5351100383208
756.7056977948641
807.8545067601012
856.4211523437491
894.9668069067197
920.1731157533322
933.8530871423736
936.4572262526661
921.9751360057508
887.868604887716
852.5863652094977
809.579611620165
746.5858153690945
680.5263869172185
0.0
86.36512095449966
81.88204597851859
78.51973974232487
76.26721432265605
75.33324036564476
76.80562283287509
80.36571179299092
80.7502892986371
84.58507648338355
91.69426645826123
99.47372010140585
106.68180145086833
112.83504161063804
117.97739235055919
121.33969857728508
122.68022591802686
122.86702072184247
121.0210486333052
117.19724941074442
112.81306577673685
110.25287832372688
106.50599458714686
99.99015276089202
92.8699748480242
0.0
14.328259254966483
13.701947309204789
13.251442222956674
12.910816426139997
12.75698542051519
12.888840572251224
13.405273228581482
13.647007660281155
14.086524813799008
14.899631550752568
15.844593440494144
16.899434608095408
17.87736028235206
18.789358376006803
19.503573756259186
19.976054696396076
20.22877705872206
20.08593398477554
19.64641683020571
18.943189382683588
18.206998148542425
17.437843128834214
16.328062311257344
15.229269416942936
0.0
987.9027092333041
943.9949455072423
913.9099962746757
898.7027026989979
902.1089606566449
929.4798914726556
962.5315815324948
977.2993578726006
1025.4594501345848
1099.1225255636557
1178.2905534285885
1249.3275134926744
1307.0471031272748
1355.3610268893133
1384.4021225125048
1396.5877356182984
1392.313431132757
1367.118110597587
1320.1557024982524
1275.1930977981533
1243.50391124959
1196.178901538473
1125.9989991122507
1053.0831033613126
0.0
1388.7753180980646
1327.034146472798
1284.7525961175495
1263.381074531426
1268.149835148247
1306.6405499739276
1353.1085009952026
1373.853711194165
1441.5613284404835
1545.1115704286942
1656.4083023617964
1756.2775880425438
1837.4124539936727
1905.3178551231936
1946.1489988209175
1963.2791792357807
1957.2687830199434
1921.8546875703742
1855.8282234426779
1792.6256560910203
1748.0805925611573
1681.5486833385128
1582.8990580645875
1480.3926696857523
0.0
932.7872580567698
891.3188144710862
862.9260062583132
848.5647832714307
851.7732584294131
877.6278551177552
908.8335730259383
922.7662669308944
968.2453045639942
1037.7988942670424
1112.549774268466
1179.6310800224257
1234.1202197276405
1279.7311120590734
1307.156983190962
1318.6613442991627
1314.628774291608
1290.839908136013
1246.4926276477693
1204.0462586171602
1174.1261280599542
1129.4382211521227
1063.1700220730497
994.3306476713552
0.0
332.64855879063896
318.1335047350128
307.83781533296
299.9155186852994
296.23456251459356
299.33315846099094
311.4198802037714
316.8589049696129
327.08866679632376
345.94395273399687
368.0077138401722
392.4778315304898
415.10197703759223
436.4295470295519
452.99934370623424
463.88838125480595
469.85482659182446
466.49252036509847
456.2297947927959
440.00062388347476
422.98032202797015
405.02604626910517
379.29231680923675
353.745382247862
0.0
179.69658882571017
170.35684924507726
163.37951442298757
158.68766886188865
156.73181745656848
159.79744965737396
167.19232573385764
168.016420425633
175.98266881473444
190.77242116757768
206.9686283313069
221.96715121666907
234.76808832392223
245.45934315698767
252.44766589076798
255.2605757229356
255.64515324225752
251.79937809111752
243.84411761370686
234.7241366771595
229.3949911229029
221.6045495207286
208.03445738535135
193.23371722601527
0.0
257.3922339257026
244.0089364889432
234.02090921385764
227.2962966657278
224.5053627516196
228.87855847393655
239.49289772529116
240.657618173908
252.07407629365662
273.2478152273925
296.4543210534813
317.9467099417169
336.28556321990385
351.59174812703554
361.60175133070027
365.62333336344534
366.1727297580037
360.6677774168201
349.27329513097266
336.20864773287116
328.5720371047623
317.41928937054007
297.98164319803874
276.77494043455266
0.0
348.0975867601453
330.0004679389055
316.4853153619818
307.39829816050656
303.6184506899064
309.5409443696423
323.88019154366333
325.4624532466742
340.9114813108586
369.54602389642025
400.9165608376366
429.99062069032976
454.7903761416399
475.49163416785035
489.02876247347734
494.46778733399697
495.21496644406164
487.76515070392657
472.3490864800121
454.69148473654775
444.3628315994229
429.27640531533723
402.98229146506156
374.31478503923
0.0
46.28115641943926
44.25937750820766
42.83094675717069
41.721165940645804
41.215721205474054
41.6442504378334
43.32540355119635
44.08357064869408
45.51200139973105
48.12712847010532
51.20374855840599
54.599018581218736
57.75255416286401
60.71929496278521
63.02676003137768
64.54309421690533
65.36718887606938
64.90569586761077
63.477265107106014
61.21375176522669
58.851347057178415
56.34609927518361
52.76403446117899
49.21493343379342
0.0
19.26183931614369
18.40478086194478
17.7674809939726
17.360927624969833
17.21808455102331
17.536734485535387
18.250949865787774
18.591575653136644
19.481597892902617
20.75619764778258
22.206604252708324
23.657010867101864
24.96457440649691
26.129294863529612
26.94240160048318
27.42587047229835
27.601677331811928
27.27203946562156
26.678691306478903
25.678789777281498
24.70086411249264
23.61305914985652
22.04178532487303
20.49248735377831
0.0
514.5866850412209
483.43590673357033
461.5149885950918
447.7690895675897
445.2198901209483
458.460344400655
483.16120854155105
494.1821011250893
517.696268993987
557.0660181540549
605.4458689338873
652.0676511291036
694.0745032397341
730.81813737145
756.782613366055
772.1767016719099
780.3956725348471
776.374090502102
756.4200116806343
723.5990681765714
694.5799479770097
660.9239218800005
610.1926542533157
558.7911229194405
0.0
57.67563866951941
55.159402954794345
53.36837054358412
51.994879432002975
51.3575795640308
51.8959880753018
53.99468248934581
54.93964437803541
56.70870092588906
59.98310372864406
63.806902973296374
68.04824352704557
71.97093412839905
75.67386616246142
78.54171559621365
80.43163936412505
81.46450467783752
80.88214445037315
79.10209996978925
76.28919017654484
73.33343730830191
70.22385344390199
65.7627543123419
61.334618975816646
0.0
167.35714471429182
157.2262742821535
150.09510839132034
145.63400928079977
144.79892668785348
149.10619482430852
157.13837088343004
160.72043565956346
168.368034104685
181.16897130661619
196.91467339672107
212.06702732978718
225.73601078609832
237.67988946650402
246.12960678001951
251.14010237977638
253.81016906541095
252.50260555441935
246.00873955154594
235.33946063653997
225.90082975601274
214.9568525543095
198.45298345296916
181.74034362975374
0.0
154.17163008771675
143.82100103253245
136.57995591959443
132.07490505711328
130.85524494484508
135.22844065664216
142.57936508636308
145.33733526539913
150.63351696886593
161.0500735152341
173.9279261936782
187.06948907881244
199.71659521200013
211.72640146774788
221.2529358416766
227.4830914695434
230.86737361432876
231.51566141397922
227.93359655368758
219.50585515823147
210.78143965269672
200.14512447276286
184.57522928530278
168.23617896452075
0.0
79.92619463842111
75.77275751916261
72.67416157697316
70.58645509460743
69.71840870873022
71.0809118886331
74.3663026220144
74.73989220545012
78.2780053011574
84.85977470065029
92.0568681163305
98.73752886516074
104.42927602909555
109.18704926968239
112.29663312777042
113.53826906342003
113.71407595554496
111.99995900717198
108.46184588832114
104.40730017731074
102.03390753653221
98.57270994258535
92.5403369828858
85.9475796632864
0.0
593.7986643740801
559.7360848396894
538.3755510916183
525.9152397517263
525.9701794153775
543.6387689758545
572.3612150548176
589.5463358907565
622.8727241320952
671.3185025819477
723.3683216313149
772.143737936838
815.0296242976971
852.6522927743201
876.2433760250528
886.6049930445265
883.0229281421559
877.419084490558
853.0478582053325
818.4468701880744
793.3504406161659
751.0579024018256
695.2172478649695
641.354420472657
0.0
709.5674829506812
666.6266569261707
636.3878766143408
617.4336993662536
613.9175620813039
632.1794998724582
666.2310915056779
681.4273970960265
713.8527752637549
768.1441318221523
834.8518479790007
899.1422198293722
957.0705809011928
1007.7359209946147
1043.5345931640027
1064.76327174035
1076.091826051104
1070.5539102904415
1043.0401364751747
997.7808573599232
957.762820347606
911.3498087901064
841.4006536350056
770.5285123935572
0.0
1219.8359123329883
1137.9538658621439
1080.5968769977433
1044.9630238719083
1035.3815499816053
1069.9715500556133
1128.086706331001
1149.9526839432062
1191.7947178308268
1274.2371481134905
1376.1501885246432
1480.1619233298518
1580.2070157028484
1675.208648719976
1750.5968282306471
1799.9106532189137
1826.666259528515
1831.7536713727293
1803.4267900094333
1736.7190739893422
1667.6929052361827
1583.5803091154
1460.361674798664
1331.13264331931
0.0
1275.1051939786387
1218.4294570066331
1179.5981167081447
1159.973675921184
1164.3578595236324
1199.7060264510792
1242.3611666453942
1261.414234551669
1323.5839364160381
1418.6514971137053
1520.8392354223233
1612.533501760659
1687.0316601087898
1749.3881559459112
1786.867981423278
1802.5917074585661
1797.086755496095
1764.5624863966646
1703.942082289839
1645.9148296551293
1605.0177582768656
1543.9248743881312
1453.3403882877321
1359.2287772747272
0.0
101.55043865945713
96.26524487714882
92.3315663367532
89.67248755439347
88.57369466639094
90.29879949173935
94.48520039130503
94.94669340607548
99.45174424962104
107.80257017697998
116.95551495379726
125.4381960023849
132.6682532036322
138.71161411184167
142.65628057339578
144.2495302827754
144.4692888321829
142.2936789721333
137.79961603186263
132.646277369731
129.63558483257688
125.2294253751879
117.55985100148712
109.19803718137308
0.0
1432.0018310678677
1368.3377710044092
1324.73766914232
1302.7068719079741
1307.6294640248493
1347.3178630131795
1395.2252326750904
1416.6187305053866
1486.4360301626505
1593.2057350101386
1707.9636642805049
1810.9425334932273
1894.604624182713
1964.6306950036826
2006.7254504393982
2024.3940403154681
2018.1968482333175
1981.6729724406134
1913.6027534773145
1848.4223590757915
1802.4928164637456
1733.895176161326
1632.1689306697062
1526.4760427458748
0.0
2.3294409215344443
2.186597846430747
2.0877064858372525
2.0217789127043773
2.0107909838664306
2.0767185569993063
2.186597846430747
2.2305495618877296
2.3404288503723905
2.516235712095124
2.735994290011226
2.9447649382477983
3.1425476585932044
3.3073665913727943
3.428233808695401
3.494161381828276
3.5271251693940933
3.5161372396093666
3.417245879857454
3.2744028047537572
3.1425476585932044
2.988716653704781
2.757970147792316
2.5272236409330704
0.0
124.33940311859028
115.98857721016692
110.142999006944
106.51698250830535
105.5390568435165
109.06618204120882
114.98867562626667
117.21922523412584
121.48254162914004
129.87731928952402
140.27190000199096
150.87525134165483
161.07204933861544
170.75241467608987
178.44396496785006
183.4654483846196
186.1904548285836
186.70688747754994
183.8280500805601
177.02652214007554
169.9832597426438
161.41267520065477
148.85347245567073
135.67894574078633
0.0
1915.2948947180234
1830.149433004754
1771.836494455691
1742.3668694349797
1748.9486393730854
1802.031323751945
1866.1129250908368
1894.7254913165082
1988.1009108786648
2130.9110226680814
2284.3904130148303
2422.135089204205
2534.0361572270767
2627.6862745815006
2683.98842266122
2707.6124691946743
2699.327570840553
2650.486227632954
2559.429260698668
2472.262021340749
2410.8394982077325
2319.07930503044
2183.0157810129067
2041.6560760914113
0.0
388.170563383515
370.90852707106325
359.0965035308218
353.1190702715929
354.44860961648567
365.2057920143733
378.19352392544204
383.9951503767044
402.91636388971955
431.85856860224845
462.9653952526165
490.8857224737054
513.5648077286173
532.5409609052838
543.9574189198345
548.737167974335
547.0670028726007
537.1668788910406
518.7071583843803
501.0495567355938
488.6002333073926
469.9976697383574
442.4179682004714
413.7724375980213
0.0
472.7666277344061
441.03348920244713
418.80490903167936
404.9930824288352
401.2791625230573
414.6844357831982
437.2096899798863
445.6813831167833
461.89956610389396
493.8524632694186
533.34307966848
573.6577907487967
612.4341916781874
649.254741391614
678.4716442120039
697.579652518315
707.9522574074003
709.9190967244112
698.9421557771161
673.0875590992939
646.3429402490324
613.7417552838571
565.9882163750959
515.9052365585814
0.0
120.94413314627249
115.57103595577291
111.87909177869837
110.02213187314845
110.43967311702268
113.7909914320579
117.83454929870418
119.64755754697153
125.53708740747707
134.55817703361032
144.2495302827754
152.95196997544858
160.01720819626166
165.92871397482665
169.47781499484836
170.9721733096556
170.45574065016942
167.36813262598255
161.6214458278518
156.11649348666816
152.23775460045604
146.43612814919376
137.84356777330348
128.92136945758438
0.0
93.95777981066031
88.27702058576763
84.26642654045563
81.76117875846083
81.29968575000224
83.71703009750635
88.222080936844
90.23287192691708
94.52915211486221
101.71525760202012
110.54955243380556
119.06519732266311
126.73477160168584
133.43740823175622
138.18419354066475
140.99710327815436
142.4914616876396
141.75527039458768
138.11826597584252
132.1298447207646
126.82267509508728
120.68042286594391
111.41759877234374
102.03390753653221
0.0
120.85622966339076
115.58202386746362
111.83514012141579
108.95630272442592
107.62676328485509
108.74753209722891
113.14270363240745
115.12053087162874
118.83445077740664
125.67993045933201
133.70111851208478
142.59035299805373
150.80932376631281
158.55581362704632
164.57719871187436
168.53285308511923
170.69747511763637
169.47781499484836
165.7529070827017
159.8523893105055
153.67717325161198
147.15034351366646
137.79961603186263
128.51481611488106
0.0
133.65716686532195
127.71269735168492
123.64716366165723
121.58143303423222
122.0429260300671
125.74585803467407
130.2179450568853
132.21774810896827
138.73358994574286
148.69964149212504
159.41287213805202
169.01632199901348
176.82873942456925
183.3665570847253
187.2892477123782
188.93743699073113
188.3660646781134
184.95980679410485
178.5977959419155
172.5214712775944
168.23617896452075
161.8302164550488
152.3366459108702
142.4694857695802
0.0
763.4742619897568
729.5325496838398
706.293080112159
694.5469841472596
697.162111263921
718.3248622859662
743.871796942019
755.277267044879
792.5043701010089
849.4218416877584
910.6026296905617
965.5093101872999
1010.1203014818611
1047.4462958378856
1069.8946346422192
1079.3112898571617
1076.0149113004559
1056.5443009720914
1020.2401839917892
985.4963528805969
961.0152473732664
924.4364321167869
870.2000152010014
813.8429280151794
0.0
433.59466137400284
407.3554871768587
388.873790836297
377.2925137571537
375.149867642696
386.3026154715963
407.11375271991153
416.3985526263734
436.20978839598615
469.3823456842988
510.1475618487598
549.4294075154262
584.8325144010784
615.7964979049134
637.6624763902603
650.6392203896385
657.5616155585966
654.1773334979695
637.3658023643401
609.7091853394213
585.2610435671631
556.9011991736207
514.1471679634454
470.8437402535141
0.0
471.7557383334931
444.69246954977154
427.7161194357077
417.81599546466754
417.87093511779915
431.902520259531
454.7134606546073
468.37145618870784
494.8523648533189
533.34307966848
574.690656067769
613.4340932515679
647.5186486198596
677.3948272462688
696.1512217788496
704.3701926417868
701.535306975718
697.0742078651974
677.7134771902487
650.2326670469351
630.2895761371581
596.6884895986025
552.3192328346266
509.53223778418146
0.0
325.396525681852
305.70615714071283
291.83939088473704
283.1479392089525
281.5327136656716
289.90551539747645
305.53035034326587
312.4966971589868
327.36336499886283
352.2620118447454
382.8524057514689
412.3330189468654
438.90183099968004
462.13031265967015
478.546278362287
488.2925712751035
493.489861678676
490.9406621373567
478.32651982339934
457.57032214405746
439.22048094366
417.93686269314117
385.85211038745217
353.3498167326911
0.0
845.1255614629939
807.5578326395029
781.8241032848322
768.8143954451842
771.7261965877659
795.1414730410518
823.4244019475614
836.0495322678875
877.2542655101239
940.2590496202862
1007.9886433001338
1068.7628778655555
1118.1426301556498
1159.4682308262359
1184.311937766512
1194.7284947757505
1191.0805026241508
1169.5221861184943
1129.3503172274104
1090.8815786459022
1063.7743581628185
1023.2948282598644
963.2567848612571
900.8783126011265
0.0
648.9690551827064
609.6981974277306
582.0415803922923
564.7136165991765
561.4941534348254
578.1958053463501
609.3355957317901
623.2353258280357
652.8917458103592
702.546196376631
763.5621654831583
822.3585729040368
875.3423659514424
921.67846197983
954.4224900704987
973.8381602618222
984.1997772392169
979.1343421230855
953.9719850073942
912.5804568456246
875.9796657447241
833.5223086446276
769.5505866435582
704.7218063208388
0.0
455.1090260856198
427.56228837748404
408.16859395694337
396.01594454414277
393.76341912342207
405.4655634415586
427.3095659983264
437.0558589111428
457.85600824776736
492.676754909111
535.4637499595561
576.690459119852
613.851634505962
646.3429402490324
669.307711523496
682.9217554108338
690.1957643535219
686.6356754112898
668.9890616741941
639.9589535629419
614.302139590106
584.5248523687891
539.6611387792284
494.2040770536684
0.0
154.68806274720296
146.64489877639076
140.63450168741164
136.60193174297586
134.920778624353
137.54689366322478
143.93088034931532
144.63410780209733
151.4905753957134
164.21459702645365
178.1582787589423
191.08008310518883
202.100975783405
211.2978723016631
217.30826939064224
219.72561369711917
220.0552515527898
216.74788498971523
209.90240529727004
202.04603613027345
197.46406979127934
190.7614331612089
179.0812647611318
166.33526730701016
0.0
1478.9642390620047
1389.45656999046
1326.4407975583351
1286.9391933843406
1279.61024482008
1317.661443072935
1388.643463683765
1420.3216622154398
1487.9084131695458
1601.051115949851
1740.1033563655628
1874.0901612864313
1994.8365114752426
2100.4414954743615
2175.0495329393993
2219.308910449711
2242.932957929945
2231.373656316511
2174.038643591085
2079.7072743442664
1996.2979062548532
1899.5491924385626
1753.739376234079
1606.0176604498738
0.0
467.8220597941495
447.0328983692157
432.7815546044379
425.5844611382627
427.18869876985286
440.1544548575402
455.8122535384019
462.800576282702
485.6115165831001
520.4872028975753
557.9780162340338
591.6230544298724
618.9610214161329
641.8378893865513
655.5837884140534
661.3524510460853
659.3306721601011
647.3977813913862
625.1582132984079
603.8745951425672
588.8650842508362
566.4497093814507
533.2222124400064
498.6871519875704
0.0
1095.3207018068038
1046.633189057801
1013.2848250667193
996.4293420654116
1000.1872138073085
1030.5468612108548
1067.191604053196
1083.5636180985302
1136.9649527580027
1218.6272400482526
1306.3988154959409
1385.1712773828322
1449.1649757437917
1502.7311290786247
1534.9257607221364
1548.440913351659
1543.7051152075367
1515.7628127521743
1463.691017616431
1413.8387842189352
1378.7103756305
1326.243015463496
1248.4265033664653
1167.5883105049961
0.0
94.14457460500812
88.4418395136029
84.43124547775874
81.91500976408564
81.45351674615925
83.87086110418315
88.38689987414708
90.40867879063859
94.70495896806393
101.91304031752644
110.75832306100257
119.28495586155083
126.97650605863298
133.70111851208478
138.44790383151312
141.26081366368072
142.76615989017867
142.02996859712673
138.3819762561711
132.38256708940247
127.06440955203443
120.91116931652232
111.62636939954074
102.23169026150632
0.0
755.519001512346
704.7987218078716
669.2747477884238
647.2109865875706
641.2775049856242
662.692978386827
698.700421320169
712.2375497204742
738.1580738789603
789.2079914496252
852.3336428303401
916.7558698629549
978.7168007529741
1037.5571598837341
1084.2558571662316
1114.8023001625768
1131.3720967656207
1134.514643822272
1116.9779102540617
1075.6523095834757
1032.9092660430365
980.8045072143001
904.4933411438913
824.4572672665338
0.0
882.9240368317415
829.4787507779813
791.8670702130493
768.286974884527
763.91377916221
786.625828162714
828.995281864087
847.9055074548918
888.2531823649587
955.8069690580033
1038.8207716322452
1118.8019058038724
1190.8937077046178
1253.9314554341345
1298.4765188587999
1324.891499800792
1339.0000003979974
1332.0995811260593
1297.8611946469446
1241.5480593919192
1191.7617535697657
1133.9982115520177
1046.9518390543797
958.773709885276
0.0
125.98759249162121
118.7575352903739
114.23050860451137
111.58241775277794
111.60439357615934
115.35127732220717
121.43858988769921
125.0865823233329
132.16280855051477
142.43652203450807
153.47939054662547
163.83001950713174
172.92802462029772
180.91624893797837
185.9157565313665
188.1133422989557
187.3551752772004
186.16847890000432
180.9931644250111
173.6532279069809
168.32408245792217
159.3579324849205
147.51294511492895
136.07451117179897
0.0
92.79305935257564
88.67258601783222
85.84868829711742
84.42025754608045
84.73890748059253
87.31008284318925
90.40867879063859
91.7931578160144
96.32018452081255
103.24257970870629
110.68140758448962
117.35108037429009
122.76812931675028
127.30614391430355
130.03115034774774
131.18488280051565
130.77832945781233
128.41592480446693
123.99877735122898
119.77941269765559
116.8016839797318
112.35157278090199
105.76980335090171
98.91333572888225
0.0
842.7631568096485
798.9652722741323
766.2322321687928
744.2343985432815
735.0704658547735
749.4207010246433
784.1535441925856
787.9773434151465
825.369265346513
894.6921086410622
970.6626488494315
1041.040333359973
1101.0783764745463
1151.2053087162876
1183.9713121885068
1197.156826520528
1198.9478597028383
1180.9166681097877
1143.6016613077813
1100.8366419965596
1075.850091678315
1039.3042405882186
975.6621565795766
906.240421848376
0.0
250.53576623740852
237.5150705807478
227.7797655796221
221.24194792998588
218.5169414965417
222.7802578915559
233.10891113387865
234.25165566443604
245.36045175189548
265.97380637938244
288.5540002292022
309.47501680482003
327.31941324690223
342.23003273354095
351.96533773466666
355.88802836231963
356.4154489334966
351.05333964416786
339.9665193906097
327.25348568207994
319.8256457653263
308.9585841453338
290.03737053764075
269.40204018145033
0.0
1729.9614980953727
1625.2685113977682
1551.561485110918
1505.3462556377378
1496.7756714744608
1541.287771479648
1624.3235498351917
1661.36385789815
1740.4220066461758
1872.7716098847884
2035.4259205897818
2192.15773805687
2333.3965758445706
2456.9228722146354
2544.189003619353
2595.9531364913723
2623.5877778401864
2610.0616370885773
2543.0023074735927
2432.661525330351
2335.099705102168
2221.935025236108
2051.380393086168
1878.5842240057866
0.0
225.02179541110578
211.40775152376796
201.81528967969504
195.8048925907159
194.69511170055256
200.48575025064397
211.27589638360368
216.09959719006477
226.38429858574878
243.60238315675971
264.7541462671142
285.13675434934476
303.50857136260373
319.5839113083792
330.9344418527857
337.67004221792826
341.2630949899106
339.5050263947748
330.78061087872027
316.43037570885025
303.73931791838
289.0154932355568
266.8308648062299
244.3495623509825
0.0
1094.1669690805215
1045.5234083464738
1012.2080079431876
995.3745009020183
999.1323725492372
1029.4590562597903
1066.0708353144607
1082.409885372248
1135.7562804732665
1217.3416519608904
1305.0253245358447
1383.7098834448038
1447.6376532836412
1501.1378788327365
1533.299547161967
1546.8037116694031
1542.0679144720614
1514.1695625062853
1462.1417198588877
1412.344425914648
1377.2599688677776
1324.8365601371406
1247.1079519648224
1166.3466738540014
0.0
1081.552826682406
1016.0977347621299
970.0143610287413
941.1270960535023
935.7649868062529
963.5864226853683
1015.5043865945713
1038.6669407002587
1088.0906451841445
1170.8297495032484
1272.523030628609
1370.5023929738077
1458.8013889190343
1536.035541065271
1590.590608451026
1622.9500587698979
1640.2340707900134
1631.7733656384453
1589.843428772893
1520.8612115612987
1459.8672186673846
1389.1159445176522
1282.4890821013523
1174.4667535327615
0.0
483.7545566775503
458.6141753642007
439.82481700186963
427.1996867762216
421.93646880782677
430.17741549414535
450.1095183975537
452.3071042598209
473.76652930778664
513.5648077286173
557.164909464469
597.5675239435093
632.0256689089125
660.8030546410071
679.6143888372395
687.1740838941572
688.20694920261
677.8563202421036
656.4408468409007
631.8828258465378
617.5435785883585
596.5676224648067
560.043746861459
520.1905287874966
0.0
35.97447913304723
34.40320530806374
33.29342449048687
32.43636603628796
32.04080059896347
32.370438465153846
33.67800200560086
34.271350164743524
35.370143050642106
37.41389781471051
39.798278387167336
42.44636924310867
44.885689453969356
47.193154522561805
48.98418692430423
50.1708832446935
50.80818312213349
50.44558146090826
49.33580064438336
47.577732028208004
45.74274790816827
43.79788450080104
41.0179384920717
38.2599683477509
0.0
127.45997497252728
121.77921574973854
117.58182691954657
114.91176014975369
113.9667983241828
116.03252895160776
120.79030208804875
123.03183960759861
128.94334537564382
137.38207468279057
146.97453663206133
156.51205891768078
165.17054685839327
172.92802462029772
178.26815807572515
181.5095970739775
182.66332962142343
180.44376803045282
176.53206530397074
169.9283200789925
163.44544199832958
156.27032445021382
145.87574373774694
135.63499399934548
0.0
10.295689355660533
9.83419634352001
9.504558476382863
9.284799899623938
9.207884397758315
9.372703330327509
9.757280841654385
9.944075631899475
10.416556572877942
11.097808159989027
11.87795111137553
12.647106131083747
13.35033357965785
13.976645525419544
14.40517475777889
14.66888505178316
14.756788476806047
14.580981617292466
14.262331682780388
13.734911094771844
13.207490505711329
12.625130277194978
11.790047686352644
10.954965086042508
0.0
14.800740194051393
14.141464462722638
13.657995591959445
13.35033357965785
13.240454291278386
13.4712007997156
14.031585174343176
14.284307536669163
14.976547053564975
15.954472728873611
17.064253545398504
18.174034362975373
19.184923813331284
20.08593398477554
20.701257998858946
21.08583551292097
21.2176906551892
20.953980361184932
20.5034752854566
19.734320256280576
18.98714109992893
18.15205849856682
16.943386325340754
15.756690004951478
0.0
4.076521612974572
3.8457751061153256
3.702932031011629
3.615028600202861
3.615028600202861
3.7358958175254684
3.933678536924094
4.054545755193481
4.285292261105947
4.614930127717104
4.966543851898956
5.307169646401278
5.6038437263934
5.856566089981756
6.021385023708127
6.087312596841003
6.06533673916511
6.032372952546073
5.856566089981756
5.6258195840692915
5.450012722451755
5.164326571297582
4.779749060496694
4.40615947853375
