0.0
124.45633942617998
121.13184083806405
119.56478643460761
119.66730401751441
122.39134250682142
130.73920240919267
143.04131175509062
147.75712025893137
147.9475101551099
147.08343343336927
146.51226402526152
145.2674077775703
144.1982958283219
144.24223199056632
144.4179764011803
143.9493245507409
144.79875592713088
149.06055814041014
151.49168924036871
151.19878180054323
149.95392555285204
145.5456697458526
139.05777158440705
130.47558578766314
0.0
124.9835726972818
123.32864606888843
122.87463966475366
123.50439049212167
126.15520215372149
132.71632713025494
143.37815526882574
147.71318422287948
147.56673050296678
146.52690937061217
145.29669846827156
143.64177189175734
141.5767749079004
141.38638512669726
140.80057039847742
140.66876208701163
142.00149059609538
145.29669846827156
147.93286479573788
147.93286479573788
146.3951011222426
142.17723502073073
135.64540077135416
129.7286719927778
0.0
237.38677400466779
236.44947041596015
235.9954640370639
235.90759183876756
236.5373426282778
238.41194979167173
241.98541970784578
244.60694056376892
243.039886185551
242.19045480916097
241.7071577395635
239.9350681338378
239.24673582271114
239.65680616555557
239.99364964143288
240.69662729791017
241.6778669226697
242.19045480916097
244.15293418487266
244.60694056376892
244.6801674167146
243.44995652839538
240.916307744576
239.17350895574407
0.0
284.53021441281555
276.7681692765219
272.4184949771175
271.87661625971106
277.5736644766461
292.90736513348276
313.7477241391187
320.90930917660336
324.4241975851824
330.3262810436466
336.44804494877667
340.8709461151482
343.21420500278896
347.31490815080485
349.2773875265166
350.2000457558522
349.3652597248128
351.1519946899105
349.5849401855001
346.40689539301235
340.5633934421432
329.66723942322113
313.36694448697557
296.27579982214894
0.0
40.011146075385724
38.41480092934889
37.43356125691659
37.00884558274299
37.30175294685291
39.22029618836295
43.072028043374296
44.023976971824055
44.03862234381532
45.254187905011705
46.49904421019065
47.670673668032464
48.66655871245604
49.75031596358874
50.46793900327441
50.79013711136688
50.8487185867127
50.541165850611506
50.79013711136688
50.306839961847416
49.45740859947882
47.773191246732864
45.16631569830259
42.14936983366857
0.0
765.2058460068079
743.1938575082768
734.5237994739765
736.984221390829
759.9335133518753
816.9479320059625
902.594045618873
938.9292042063951
933.0857022695473
927.6815613522239
923.244014854523
917.341931396059
910.3121545929224
907.8956688383145
904.9958858879165
905.5963459867254
918.4403340360086
950.3233006542866
970.2995829381819
967.0483112787273
952.7397864088947
919.8609346943135
865.4826823817142
810.152481121035
0.0
53.77779223201832
52.22538320335746
51.610277729752944
51.786022143171195
53.397012661199284
57.409843557637615
63.42908991491436
65.9773839879988
65.5673136731972
65.18653410097602
64.87898136487483
64.46891106269248
63.97096853977963
63.79522411374212
63.59018896896059
63.634125072315165
64.54213789741036
66.78287924701284
68.18883459361875
67.95450870485467
66.9586236604311
64.64465547611074
60.82221436508193
56.92654640671603
0.0
219.47548865415249
212.0209961628209
208.72578834112173
208.34500882919252
213.06081742136806
228.59955306734878
252.10536909115226
261.72737605951073
259.5452162231118
257.4069924508076
256.0596185192555
255.10766959921858
255.00515204155028
256.3232351421871
258.37358671619506
261.5076955988235
266.75073743686227
275.52331302883067
282.59702586801905
280.91280846058964
275.7722843064118
265.12510155104934
248.97126033471648
232.26089518181905
0.0
265.3740728286304
258.28571451789884
254.94657053395525
255.19554179751486
260.96581688141697
278.7745846882855
305.00443923785156
315.0658072397556
315.4758775826
313.6305612360998
312.41499556693867
309.7495385347497
307.47950650005447
307.58202405772283
307.962803709866
306.9522732682126
308.76829890999016
317.84842728713465
323.0328876175784
322.4177821734188
319.7669704865805
310.3499986335587
296.5247710857086
278.21806075172094
0.0
1358.343260292393
1319.2547725024285
1303.8771357534545
1308.2268101089444
1348.984869904902
1450.199009363746
1602.2179321864917
1666.7014894203946
1656.3472137122587
1646.7398520191437
1638.8606433208256
1628.3892052705266
1615.92599730805
1611.63490481069
1606.47973469422
1607.5342013822462
1630.3516853332865
1686.9413882430933
1722.3978247214598
1716.627549539408
1691.2178351146754
1632.856042332736
1536.3430657421395
1438.1019362969605
0.0
57.263389875582654
55.60846326681925
54.964067061851416
55.1398114766718
56.86796493137019
61.129767101183134
67.5297930180618
70.25383151718376
69.81447047101886
69.41904552680641
69.08220205934192
68.64284101317705
68.11560775890091
67.9398633328634
67.72018281609058
67.76411891944514
68.71606784789489
71.10326287955236
72.59709043426953
72.36276454410331
71.2936526649619
68.83323079858658
64.7618184268024
60.61717920768114
0.0
575.4604548392575
573.2050681639344
572.0920201646126
571.9016304086479
573.4247486106001
577.964812806183
586.6055801357604
592.9909606778435
589.1831649556317
587.1181680362732
585.9465385293564
581.6554456113545
579.9858736894897
580.9524679548774
581.7872539859167
583.5154074293979
585.8586663170388
587.10352256473
591.8779126785219
592.9616698469283
593.152059743107
590.1497592350406
584.0279953299106
579.8101292648544
0.0
1005.4924029618737
976.5531552178742
965.1737041153333
968.3956850700655
998.5651437164053
1073.4762023756573
1186.0112120463882
1233.755112553345
1226.0809395452409
1218.9779360153511
1213.1490793397256
1205.3870342454961
1196.160452190503
1192.982407383994
1189.1746116197182
1189.9508161431622
1206.8369256926524
1248.737324290804
1274.981824227785
1270.7053765990483
1251.9007238641339
1208.696887524717
1137.2567810837568
1064.5425277184256
0.0
122.52315081688508
122.03985367157208
121.80552777860153
121.76159166543201
122.08378977072019
123.05038407536766
124.8957004849641
126.2577197226069
125.43757911403581
124.99821805525167
124.74924680290916
123.8412339694011
123.48974512153254
123.69478028734615
123.87052469796012
124.23665890239644
124.73460143232
124.99821805525167
126.02339384225564
126.24307435201776
126.28701046518731
125.65725962379791
124.33917648530328
123.44580902238438
0.0
56.12105114910412
54.217153279585354
53.36772191721675
53.27984971050761
54.48076991233198
58.44966470541575
64.46891106269248
66.9293329290678
66.35816355881785
65.81628493395257
65.47944146648808
65.23047020433057
65.20117947296728
65.53802294183392
66.06525619470791
66.87075145372197
68.20347996561001
70.44422130259328
72.26024696540291
71.82088591923804
70.5174481499304
67.79340965080843
63.66341580367844
59.386968274493476
0.0
11.49661407973302
11.35016039739763
11.306224292781142
11.364805765603124
11.599131658573631
12.21423712418596
13.195476797880184
13.590901740690507
13.57625637248501
13.473738795046538
13.371221216346141
13.210122166085682
13.019732379414235
13.005087011208737
12.946505538386756
12.946505538386756
13.063668484030725
13.371221216346141
13.605547108896001
13.605547108896001
13.473738795046538
13.078313852236219
12.477853753146817
11.935975128281536
0.0
230.66454998670733
222.84392332879727
219.35832575113346
218.9775460989904
223.9276806374177
240.2572662643645
264.964002485786
275.06930652374183
272.78462914369607
270.52924245435145
269.12328702922576
268.11275658757245
268.01023902990414
269.4015489975081
271.55441812918434
274.834980717704
280.35628453804657
289.5682211495391
297.0080681693275
295.2359786897944
289.84648311782144
278.6427764399159
261.6687946640868
244.10899802262827
0.0
138.5598290685049
133.05317059351302
129.6261544238924
128.1762629739319
129.17214801975763
135.83579056657865
149.13378488118468
152.42899282907638
152.50221968202206
156.7054403877063
161.02582399640943
165.0825909821809
168.53889786914343
172.27346672438824
174.77782480348503
175.8762273312635
176.11055326349387
175.01215060952285
175.90551814815726
174.2213007547493
171.26293640892746
165.4633705081315
156.3978876025302
145.98503077939824
0.0
93.12989673044495
89.42461855889071
87.12529574656163
86.14405607412934
86.8177430090583
91.2992256970462
100.2329003388544
102.45899631786776
102.50293242122234
105.31484312705342
108.22927140036776
110.95330990089187
113.26727808521221
115.78628142693334
117.47049876706005
118.2174125549347
118.36386623698967
117.61695244911502
118.23205792552383
117.10436456823228
115.11259447938515
111.2022811616472
105.10980796965264
98.10932193994358
0.0
615.6180546205345
597.9118043853557
590.9406090898142
592.9030884655259
611.3855432241489
657.2548365817331
726.1466488795019
755.3788038109418
750.6922860356601
746.327966250691
742.7691418200816
738.0240425231834
732.3709303423002
730.4230963119392
728.0798374242984
728.5631346200885
738.9027645902748
764.546804400404
780.6127734044192
778.0058977676541
766.4946384167438
740.0304579349469
696.2993883636885
651.7774688114639
0.0
180.81171651031875
177.92657890527144
176.93069393516126
177.32611880646246
180.0794480369477
187.66574877664883
201.7692384049523
208.63791614282547
206.55827386409487
204.40540474643998
201.3738135476725
198.89874627144812
197.1852381873389
196.98020307200227
197.12665666572244
197.97608804211242
200.61225436957875
203.71707243531336
207.87635697875314
207.53951348885442
206.2507210789188
201.73994771425106
193.743576645727
185.98153149541196
0.0
120.12131043426844
118.2027671969648
117.54372561439716
117.8073422471438
119.63801327633615
124.67601994856136
134.04905562671945
138.60376516765302
137.2271005453997
135.79185445340912
133.7854390037878
132.145157760005
131.0028190321243
130.85636535006935
130.95888293297617
131.5300523032261
133.27285111729648
135.3378480366551
138.1058226377295
137.87149675737822
137.02206539360748
134.01976489816045
128.71814158898223
123.56297197588032
0.0
186.01082218611316
179.69866851099715
176.90140311826747
176.57920511393334
180.59203593746037
193.7582219910776
213.67592287954906
221.83339301333646
219.97343119529307
218.1720508988662
217.02971220884328
216.22421686850512
216.13634467020887
217.2493926555091
218.99219158455492
221.6430031311793
226.08054976909395
233.5203967748609
239.52499779099344
238.08975166114507
233.7400773617407
224.7038851468406
211.02511119271068
196.84839469744017
0.0
194.768752432731
188.16369131778941
185.23461767669025
184.89777418679154
189.0863495471251
202.88228640427394
223.73729086743168
232.27554054119108
230.34235185618067
228.43845400208542
227.25217927601065
226.4027478996206
226.31487568730293
227.48650506802707
229.302530723826
232.07050542585446
236.72773251043486
244.5190683514512
250.80193133586604
249.29345846524316
244.738748938331
235.29248638058655
220.95467082005268
206.1189128305492
0.0
253.8481680061767
243.77215465892206
237.48929168852862
234.8238346563397
236.65450565748927
248.8833881364202
273.23863552259235
279.2871725747768
279.4189809493388
287.10779923268683
295.0309434482652
302.4561452488955
308.78294425534074
315.6223313025127
320.22097687949815
322.24203776280484
322.65210796543533
320.6456925676931
322.28597379885673
319.21044643784484
313.7916601751706
303.1444775460007
286.53662995077167
267.45371509333955
0.0
480.93924809073144
479.06464105353
478.1273374648224
477.96623839955896
479.25503080949466
483.0335358269839
490.26834773143565
495.59926178179217
492.4065715177612
490.6930634196306
489.7118236686785
486.1237085473678
484.7177531082207
485.537893779888
486.24087143636535
487.67611756621375
489.63859681573285
490.67841807428
494.66195820710584
495.5846164364415
495.7310700301617
493.2267120772575
488.1008332544087
484.5712995145005
0.0
1311.6831170940568
1273.9273576519302
1259.0769542609905
1263.2801748965676
1302.6469248651354
1400.3754672230427
1547.180638828344
1609.4527447078842
1599.449958129447
1590.1647947351155
1582.5638485799568
1572.4585441634235
1560.4054065718342
1556.2607664062687
1551.2959866206406
1552.3065176932566
1574.333151873652
1628.9896659722556
1663.2305366833114
1657.650651832101
1633.1196593903308
1576.7496366607836
1483.5611593537642
1388.7031086386123
0.0
73.24148663783521
72.06985717999339
71.65978687781106
71.82088591923804
72.93393391435328
76.00946124171386
81.72115486148728
84.50377482473795
83.66898883436062
82.7902667406287
81.56005580744105
80.56417077563674
79.86119309672522
79.78796624798596
79.84654772473395
80.18339119219844
81.25250308395911
82.51200474851005
84.19622210125601
84.06441377857307
83.53718052429691
81.70650948949601
78.46988310808918
75.33577430538276
0.0
1365.0361935775882
1318.712893785022
1298.1654421771477
1295.8368284806218
1325.1861466375726
1421.801640940073
1568.0356425764103
1627.8326813059193
1614.256425414228
1600.973076569763
1592.6398618851476
1586.6791963722542
1586.034800055115
1594.2654980233458
1606.9776775578528
1626.4413720954708
1659.0712521538926
1713.6106027886224
1757.6638710091988
1747.148496221778
1715.2215934412554
1648.965947737359
1548.5133669378179
1444.5751888971258
0.0
236.4787612468753
232.7002562153647
231.4114638194505
231.92405170594174
235.51216696746633
245.44172659480833
263.8948905365376
272.8725013560138
270.1631081615804
267.3365520641281
263.3823026360249
260.1310309765701
257.8902896465976
257.6120275521228
257.81706277963053
258.9301107789522
262.38641766591473
266.42853930633555
271.87661625971106
271.4372552261654
269.7530379449285
263.85095448646433
253.40880697263108
243.24492130088763
0.0
43.028091927400475
41.32922921528251
40.260117336141086
39.80611091798493
40.113663654086125
42.19330593702314
46.323299784153136
47.34847557255925
47.36312093193127
48.66655871245604
50.013932585118255
51.27343426228847
52.34254614142988
53.499530239899684
54.27573475493119
54.627223594386955
54.70045042910479
54.34896158964904
54.627223594386955
54.11463570088495
53.19197750379849
51.390597212980126
48.57868650574691
45.34206011172084
0.0
342.97987919675114
329.3596866380451
320.86537314055147
317.2772578790269
319.75232514122985
336.2576551928121
369.1657975980942
377.3379130772323
377.5136574878463
387.8972236202769
398.61763311641374
408.64971041359524
417.1879600733333
426.44383286109166
432.65346897853937
435.3775075183235
435.934031454888
433.2099930412965
435.43608889972586
431.29144971565813
423.95412025353806
409.5723686429308
387.1356644562046
361.35981627151335
0.0
348.471892312371
336.6530800500919
331.3953928667024
330.8095781132441
338.29336129527684
362.9708068259971
400.2872051644712
415.5623241875203
412.0913719552071
408.70829192119027
406.570068148886
405.06159515207065
404.8858507414567
406.99478383708094
410.23141013716383
415.2108353522709
423.5294045653431
437.4571497830326
448.7047926372039
446.0246901474933
437.867220125877
420.95181974547177
395.3077799493641
368.77037260060047
0.0
285.5700355591916
281.0006806729074
279.4336262946895
280.048731738849
284.39840617846744
296.3783173657959
318.6685678466308
329.5061403579578
326.2402232269599
322.81320704472006
318.05346240247127
314.12850365104794
311.4191105968285
311.08226710692975
311.3312383845108
312.6786121758489
316.8378968454813
321.7294498622922
328.31986550569053
327.76334156912594
325.7276353404686
318.6099863250144
306.0003243341543
293.74215103832955
0.0
112.35926524749776
110.86543769418272
110.455367377979
111.02653673560971
113.41373176726717
119.31581516964583
128.89388601361756
132.78955397198348
132.65774566051766
131.72044208442924
130.6220394697181
129.1282119065881
127.28289549699161
127.09250571578853
126.5799178292972
126.46275488842053
127.66367507341923
130.6073940851076
132.9799437531866
132.99458912377574
131.6032791309333
127.8101287554742
121.95198146065653
116.62106741731071
0.0
26.639924861563436
25.731912023848984
25.321841709047387
25.27790560569284
25.849074974540656
27.738327472068157
30.594174282655928
31.76580374049775
31.502187120370365
31.238570486221604
31.077471432175372
30.960308494102954
30.94566312211168
31.106762176157915
31.355733436913276
31.73651300913446
32.36626384070887
33.43537571985029
34.29945245421017
34.094417296809375
33.464666463832835
32.17587405529934
30.213394710434745
28.192333890224305
0.0
325.59582709209906
316.2227914013217
312.5321585821287
313.57197972850474
323.34044027656194
347.60781546443775
384.0454917498421
399.4963553096976
397.0212880334733
394.7219651959057
392.83271267313967
390.31370937488487
387.3260542121692
386.30087842516525
385.07066753684603
385.31963880040564
390.7823610991318
404.3586174955933
412.8529311192795
411.4616211516755
405.38379328259725
391.3828211979407
368.2577848262803
344.7080326402323
0.0
60.93937730315436
58.52289155275285
57.01441861342516
56.37002240985948
56.80938345602436
59.753102485940516
65.59660441717975
67.04649586714022
67.07578661112277
68.92110300529569
70.8250008874337
72.61173580626082
74.12020874418637
75.77513535294977
76.87353797607375
77.3568351255932
77.4593527042936
76.9760555421549
77.3714804849652
76.62456671391625
75.32112893339149
72.77283486030703
68.789294695232
64.20529442854372
0.0
205.2255452919148
199.63101461862666
196.48226053086162
196.10148087871843
200.2021840267344
211.25943712494112
226.30023021575977
231.4700453270455
233.98904862530028
238.25085072640843
242.67375201897246
245.8664422830033
247.55065955021877
250.50902402223315
251.91497933518772
252.58866628694236
251.98820618813338
253.27699859806904
252.14930525339673
249.84998240180772
245.64676169612352
237.78219900216158
226.0219682474775
213.70521357025032
0.0
120.2970548448824
116.84074793408351
115.47872869083217
115.85950826305337
119.4622688517008
128.4252342248723
141.89897302720993
147.61066666521117
146.6880084358755
145.83857705948552
145.1355994030082
144.21294117367256
143.0998932248279
142.73375900637015
142.26510723164628
142.36762480193386
144.38868558428655
149.39740163030888
152.53151037272332
152.01892248623204
149.77818114223808
144.60836615714493
136.05547108896002
127.35612235133944
0.0
56.648284414597384
55.740271576882925
55.432718840781746
55.54988179147341
56.41395851321404
58.78650817288023
63.209409384120136
65.36227852701353
64.70323695145657
64.02955001512547
63.092246446047724
62.301396560427094
61.77416329353169
61.70093645881384
61.75951793415966
62.023134554287054
62.84327518529237
63.8098694857334
65.12795262563019
65.01078968755778
64.61536474474745
63.19476402474813
60.690406042399
58.25927492000622
0.0
334.70524615994475
325.08323919158636
321.2900888287465
322.3592006518023
332.4059233083558
357.3469854620077
394.80983739420196
410.7000619876032
408.1517678724545
405.779218280091
403.8313842637514
401.25379944388004
398.1782720688469
397.1238055911416
395.8643038719072
396.1132751494883
401.7370966396702
415.6794872167317
424.422771977785
423.0021713194798
416.73395369443693
402.3522020838298
378.5681239795728
354.3739756446426
0.0
58.2885656513695
56.31144093451365
55.432718840781746
55.33020126208134
56.589702939251545
60.70505141439027
66.9586236604311
69.50691773491766
68.92110300529569
68.36457901965626
67.99844480820923
67.74947354745387
67.72018281609058
68.07167164292709
68.61355026919449
69.4483362581697
70.83964624680573
73.16825980311737
75.05751230064486
74.60350589370582
73.24148663783521
70.41493057122999
66.12383767005375
61.68629108682256
0.0
11.84810291904856
11.540550184349506
11.379451133948837
11.394096502154332
11.657713131395614
12.448563016735825
13.620192477101499
14.074198892874017
14.088844261079512
14.000972051846535
13.957035947230045
13.839873000183937
13.737355422745466
13.737355422745466
13.752000790950962
13.708064686334474
13.795936895567452
14.191361839779908
14.425687733591696
14.39639698960915
14.279234049012885
13.854518368389435
13.239412902496674
12.419272280324833
0.0
202.92622256651836
196.0282541519653
192.98201746763326
192.63052864640534
196.9948484173529
211.36195468260945
233.09568108666588
241.98541970784578
239.96435882453906
238.0018794488274
236.7570232151576
235.86365578869427
235.77578359039805
237.00599447871718
238.88060164211115
241.78038446631663
246.62800144707566
254.7415354186186
261.28801501194374
259.7209606477472
254.97586135084902
245.13417380963224
230.19589826246047
214.7450347026049
0.0
99.74960318933495
95.78070838363197
93.32028651725663
92.26582001010648
92.98344304839
97.78712384447036
107.36519467862716
109.73774433969545
109.79632580242206
112.81327166705606
115.93273511039048
118.84716338230267
121.32223061926712
124.0169783800151
125.81835867644203
126.62385392844536
126.78495298108945
125.99410310107739
126.63849929903452
125.42293374344668
123.29935534032943
119.1107800178536
112.59359114888112
105.09516259766136
0.0
939.0024310733622
907.1341096742422
893.001329341216
891.4049841461043
911.5863016575074
978.0469828553175
1078.6460173607506
1119.7702114214364
1110.4411117667112
1101.302402008164
1095.5614177411558
1091.4753599384906
1091.0213535595944
1096.6891110858278
1105.4323958468813
1118.8182624873782
1141.2696120334765
1178.7764001279152
1209.0923124100398
1201.8575005336306
1179.889448127237
1134.3130620832858
1065.2015693388512
993.7175268758604
0.0
30.506302075946802
30.02300492502522
29.861905870978983
29.920487346324823
30.38913912525513
31.663286161797352
34.050481193454814
35.20746527930537
34.855976452468866
34.4898422396197
33.97725434611771
33.56718404393537
33.27427667842331
33.24498593444076
33.25963130643204
33.406084988486995
33.86009140804529
34.372679288928026
35.07565696924168
35.017075493895845
34.79739497712303
34.03583582146354
32.68846195020347
31.38502416827657
0.0
186.37695636671316
178.96640003762604
174.35310911528995
172.40527509895034
173.752649016481
182.715614364414
200.59760902422812
205.04980088130085
205.1376730936185
210.77613992915113
216.60499652064826
222.05307347402368
226.6956552132535
231.71901647843399
235.102096624622
236.5812787905222
236.88883158971962
235.4096492836055
236.61056949524487
234.3551828059003
230.37164267307443
222.56566136051495
210.3660695863067
196.3650975016501
0.0
1081.9705159993437
1077.7233591173936
1075.6437168526843
1075.2775826861057
1078.1480748055885
1086.6716791199758
1102.9280378939773
1114.92259456687
1107.746364043821
1103.894632173386
1101.6685361747427
1093.613583724816
1090.4648294968372
1092.295500610158
1093.8772003337263
1097.09918130248
1101.5220825810227
1103.8506961233127
1112.8283068306177
1114.8786584046259
1115.2301472258537
1109.5916805165136
1098.06577569406
1090.1279860069383
0.0
238.55840351158452
229.0828502631388
223.180766818696
220.69105419712096
222.4045622952516
233.8865310816534
256.7772416472759
262.45964453288184
262.59145278125135
269.8116193403525
277.25146647231196
284.2373070991826
290.1833266077202
296.6126432980263
300.9330269067294
302.8369247608247
303.21770441296786
301.3284519042232
302.866215451526
299.9810779726711
294.88448985454505
284.8817032480649
269.2697407491386
251.3438100532725
0.0
323.91160968466966
312.9129381080793
308.0360305628117
307.49415184540516
314.45070179559605
337.38534852346294
372.0802258938428
386.271587734464
383.04960665353923
379.90085255175285
377.9237278306906
376.5031270461929
376.3566734524727
378.30450735664124
381.32145321005805
385.93474425858665
393.6821440495297
406.62864965648106
417.07079717031434
414.58108456276074
407.0094291824316
391.2803036542938
367.437644154613
342.78948931459394
0.0
641.3206759382587
638.8016725138112
637.5714616114708
637.3517810386123
639.0652891367429
644.1179412188171
653.7545935185049
660.8575971886082
656.6104403066585
654.3257629266126
653.007679699783
648.2186443668331
646.3586825487897
647.4570852027607
648.3797434320965
650.2982866315423
652.9198075014868
654.2964721097187
659.6127408147246
660.8429517030438
661.0333415992224
657.7088429606293
650.86945603965
646.1682927928251
0.0
113.60412155267672
110.55788495667939
109.13728423808223
109.23980181678262
111.71486904252994
119.33046054023497
130.56345798595942
134.86919626193122
135.04494067254515
134.2540907925331
133.74150290463967
132.599164176759
131.61792450152242
131.66186061469196
131.82295966733602
131.39824397914103
132.17444850118324
136.05547108896002
138.28156706236484
138.01795043943318
136.8756117115525
132.84813544172079
126.93140666314444
119.09613464726446
0.0
437.22282386482357
424.6424525646648
419.67767268088676
421.0836281200339
434.20587801140675
466.7771770670041
515.7219977715788
536.4744845648971
533.1353405809535
530.0451678745909
527.5115192169642
524.1430844161267
520.1302535925996
518.7389436249956
517.084016922289
517.4208603981663
524.7728353318295
542.9916734675209
554.400415260763
552.5404535689122
544.3683380897742
525.5783305459751
494.515504487193
462.89615449184663
0.0
148.25506281409344
143.231701548913
140.99096017968054
140.74198892874014
143.9346792053903
154.4207628814679
170.31098747486914
176.79888556059913
175.33434874004956
173.88445726485054
172.97644450705806
172.33204823198326
172.2588213790376
173.15218891767202
174.54349888527597
176.65243184068643
180.19661106615916
186.11333974378147
190.90237520292405
189.7600365129011
186.28908415439548
179.09820841218814
168.1874090479155
156.89583015769227
0.0
556.3628946364747
541.190293171094
532.6666888567065
531.6122222528088
542.7573475493118
572.7364162994734
613.4944761935808
627.4954482782374
634.3641260020893
645.9046761698936
657.8845873712434
666.5400000601928
671.094709587105
679.1350167057024
682.9574578994574
684.7734835412349
683.1332023100713
686.6334452330857
683.5579178720737
677.3629270999768
665.9248946160333
644.6158837599579
612.7622078464022
579.3268320690643
0.0
621.124713081505
612.8940160807505
610.6386294054273
613.7727381618631
626.9389242154804
659.5688047786728
712.5557471376898
734.0990837857817
733.3375246217093
728.1970003273174
722.0752364221872
713.8298940620607
703.5927816635641
702.6115420388046
699.7117590884067
699.0966536302255
705.7163600905178
722.0459457174645
735.1681956088374
735.1974864257313
727.5526041784351
706.5657914669079
674.1263007858726
644.6891106269248
0.0
2067.1058570812643
2058.9923225769085
2055.0234282381175
2054.3058053344394
2059.797817833118
2076.083467942805
2107.146294225929
2130.051650389287
2116.37287525736
2108.9916106846003
2104.74445380265
2089.3375258161404
2083.347570313615
2086.8478130403305
2089.850114165338
2096.0158142327123
2104.466191119277
2108.9183839578473
2126.053463677228
2129.993067886173
2130.6374642033124
2119.8877634696396
2097.861130691384
2082.7031741366904
0.0
362.57538182850334
352.1478796600207
348.04717662417596
349.2041606595495
360.0856693471423
387.09172829396016
427.6740437634322
444.89699680282104
442.1290222269851
439.5660827524645
437.4571497830326
434.65988439030303
431.3353858779026
430.1930470616871
428.81638245345516
429.09464454793
435.1871176361663
450.28649236077257
459.7474002638675
458.20963657635093
451.42883105079545
435.84615924257025
410.09960188879427
383.8697473252067
0.0
665.661277866909
643.0634747270906
633.0460427752598
631.9183494305876
646.2268743004203
693.3410239056956
764.6493219440508
793.8082501487376
787.1885436884454
780.7152909620876
776.6438784907513
773.744095666546
773.4218975360193
777.4493738310896
783.6443646031868
793.1345631969828
809.0394331357347
835.6354218659009
857.1201771325902
851.994298183549
836.4262717206744
804.1185894282227
755.1298325333609
704.4422130259327
0.0
462.4275026273857
449.8178406365257
442.7294823257941
441.8654056040534
451.12127839181187
476.03304972856995
509.9077865254323
521.5508542509049
527.2479025940324
536.8552640908476
546.7994691897327
553.99034493194
557.7834954209725
564.4764286080177
567.6398281813473
569.1483011641413
567.78628190126
570.7007101970086
568.15241608186
562.9826010967669
553.4924025029705
535.7715069084198
509.3073264266234
481.51041749883916
0.0
612.9818882930682
595.3488649108351
588.4069603200163
590.3694396817066
608.7640222420333
654.4429258296315
723.0418306875749
752.142177510859
747.470304940714
743.1352759866604
739.5764515560508
734.8606429498539
729.2221761143213
727.2889875695248
724.9750193725852
725.4436710968322
735.739365016945
761.280887269406
777.2736294204753
774.666753909903
763.2140758142025
736.8670583616173
693.311733200973
648.9802035309054
0.0
616.3063869316611
595.3928010730796
586.1222829399704
585.0678164622652
598.3218747282001
641.9357813964397
707.9571014345117
734.9631605075223
728.8267512430201
722.8367955862597
719.072935914121
716.3781881912308
716.0852808775978
719.8052043874918
725.546188780693
734.3334097039905
749.0666501358256
773.6855141589509
793.5739242305285
788.8288249336305
774.4177826323221
744.497295263563
699.1405898064914
652.2168298450096
0.0
87.47678458601739
84.00583231584649
81.83831781217896
80.91565960387537
81.54541044806902
85.76327650190815
94.15507250623183
96.2347148017881
96.27865090654481
98.92946255832963
101.668146430845
104.23108587592073
106.39860036556684
108.75650466726316
110.35284979927862
111.04118210760099
111.18763578965594
110.48465810934229
111.05582747959227
110.00136095982285
108.12675382166739
104.46541176468482
98.73907277292012
92.16330243140607
0.0
16.271004127764627
16.00738750763725
15.91951528690673
15.963451404282688
16.21242265241879
16.886109599967014
18.160256637911374
18.775362097494508
18.584972312084986
18.39458252667546
18.13096589392883
17.896640003762602
17.750186321707645
17.72089559034435
17.735540962335627
17.823413169044752
18.057739059210974
18.336001051329628
18.70213526277665
18.67284451879411
18.555681580721693
18.160256637911374
17.44263358560645
16.73965591791205
0.0
994.2008239454578
967.1068926601298
951.8757096871542
950.0011026499527
969.9188034122313
1023.4769151793562
1096.2936860883342
1121.3372657996542
1133.5954390814577
1154.2307628455644
1175.6276458999364
1191.0931548051426
1199.250624910887
1213.6177312041866
1220.4424728359006
1223.6644538887826
1220.750025621077
1227.01824314797
1221.5262301445212
1210.42504088407
1190.009397496522
1151.9167947748176
1095.0048936783987
1035.2664366107201
0.0
1397.6221380346217
1359.529535200746
1338.1180067168953
1335.4818403613863
1363.4837845306993
1438.7756224635168
1541.1467465886967
1576.3395661496825
1593.5771649690848
1622.5896400988433
1652.6712262804806
1674.4049522919383
1685.8722759292884
1706.0682391365776
1715.6609552039133
1720.2010189928762
1716.1003155644319
1724.9168274869016
1717.1840735040155
1701.586756448589
1672.8818338516223
1619.3383675420193
1539.3160757558041
1455.3395338544376
0.0
938.7388144504306
913.1533560357253
898.7716044251182
896.9995148193925
915.8041677085423
966.3746243129515
1035.1346282501795
1058.7722526345235
1070.342093493029
1089.8350786933056
1110.0310415500594
1124.6324736073325
1132.3359373762448
1145.9121937727064
1152.3415104630126
1155.4023923524812
1152.6344177766455
1158.5657919258108
1153.366686123824
1142.8952479192897
1123.607297946521
1087.652918870928
1033.9044173478387
977.505104137911
0.0
377.93837317604124
371.90448148322884
369.8394845498489
370.6449797639944
376.4006095025459
392.2468979196814
421.74266961426673
436.10977586550194
431.7747469114482
427.2493280752372
420.9371744001212
415.75271406967755
412.1645988081528
411.7252377746072
412.0474359191553
413.81952539868826
419.34082920500947
425.8140820715814
434.52807614193335
433.7958076685623
431.1010599456722
421.68408821884293
404.98836829912494
388.76130034201753
0.0
181.99799123639357
174.77782480348503
170.2670513126247
168.36315345852947
169.66659121381574
178.43916680578414
195.89644577740324
200.23147473145704
200.33399240129643
205.8406508622669
211.52305374787278
216.85396779822926
221.37938650824762
226.28558487040917
229.58079281830086
231.0306841673073
231.32359160713278
229.88834547728442
231.0599749842011
228.86316969028044
224.96750176977227
217.33726486782678
205.43058053344393
191.75180657931406
0.0
260.6875549131347
250.33327961161916
243.889317561941
241.165279022157
243.039886185551
255.5909667950086
280.6052558016062
286.81489191905393
286.9467001674235
294.8405536923006
302.98337848073743
310.61361525649033
317.1015134684129
324.1312902715495
328.8470987375324
330.92674114245557
331.3514568306506
329.28645989727056
330.9706771785074
327.82192307672096
322.24203776280484
311.3165930391602
294.2547389388423
274.6738816524406
0.0
352.5579500028651
338.55697791820853
329.8283384884845
326.13770568331296
328.68599979846164
345.6453362289401
379.49078220890846
387.8825782749263
388.07296803089093
398.7347961316039
409.74811306756624
420.0730976783806
428.845673270349
438.35051720949593
444.7358977375576
447.54780847563796
448.1189778837457
445.32171249101594
447.6063899972544
443.3299424246031
435.8022232065185
421.0250466124388
397.9439462768304
371.46512043566173
0.0
52.57687203019396
51.74208603981662
51.449178675706705
51.56634162639837
52.37183688541242
54.568642119041115
58.66934523480781
60.67576068302699
60.07530058141373
59.445549749839316
58.56682765610741
57.83455924443047
57.33661672291975
57.27803524757392
57.321971350928486
57.57094261168385
58.34714712671534
59.240514592438515
60.456080153634915
60.35356257493451
59.97278300271333
58.66934523480781
56.34073167849618
54.08534496952166
0.0
20.737841454978362
20.459579450240458
20.386352615522604
20.488870194223004
20.928231240387888
22.0266338508926
23.784078050975655
24.501701090661328
24.48705571867006
24.31131130525181
24.10627614644887
23.828014154330216
23.49117068686574
23.461879942883193
23.359362364182793
23.344717004810775
23.564397521583594
24.10627614644887
24.54563719401589
24.54563719401589
24.296665933260535
23.593688252946883
22.509931001814184
21.528691329381882
0.0
510.1567578030132
495.46745340723004
489.69717832332793
491.32281422316225
506.6418694084557
544.6466000580565
601.74889091044
625.9723299360714
622.0766620155633
618.4592560633374
615.5155370768875
611.5759329801136
606.8894150786393
605.2784246643696
603.3452359793591
603.740660976853
612.3082013272921
633.5586306757725
646.8859157946531
644.7184013176261
635.1696212162349
613.2455049159998
577.0128638721246
540.1065358624735
0.0
65.52337756984265
64.48355642206451
64.1174222218346
64.26387590388956
65.25976094831313
68.0130901802005
73.1243236997628
75.61403629750141
74.86712251523534
74.07627262821256
72.97787001770783
72.08450255198466
71.45475171900813
71.38152487167102
71.44010634701687
71.74765908452018
72.69960801296993
73.82730136745721
75.33577430538276
75.21861135469109
74.74995957716293
73.10967832777153
70.20989541382919
67.39798470659598
0.0
165.91737701322032
161.14298689942837
159.26837973603438
159.79561298189768
164.77503819700482
177.13572905049787
195.70605600741723
203.58526406075123
202.31111712235875
201.13948761544202
200.1875386813837
198.89874627144812
197.3756279433035
196.86304004279077
196.23328925328056
196.3504521562995
199.14771754902915
206.06033132295414
210.38071493165734
209.67773727518
206.5729192234669
199.44062486266205
187.66574877664883
175.65654687057625
0.0
152.37041130745996
147.2005963223668
144.9012734707778
144.63765686186755
147.9182193241947
158.6972104541192
175.02679595487348
181.69043857741002
180.181965594616
178.70278342871578
177.76547984000808
177.10643834577522
177.03321149282957
177.95586972216523
179.3764703804704
181.54398485749732
185.19068162661694
191.26850938352402
196.18935309103614
195.017723710312
191.44425379413798
184.06298816977355
172.844636132496
161.24550445709664
0.0
80.95959571984918
77.73761469641224
75.7311992495952
74.89641325921788
75.46758261544645
79.36325057381237
87.13994111855291
89.07312973205421
89.1024204634175
91.56284232979283
94.08184567151399
96.45439533258231
98.47545615279276
100.65761601443016
102.1221528363819
102.76654904134972
102.89835736403265
102.25396115906484
102.781194413341
101.79995474090869
100.07180128480817
96.67407584935512
91.37245254438332
85.29462471176072
0.0
650.4008041892106
633.0167520845586
624.8446365913992
625.4304513448575
639.5925223685848
683.2357198677397
747.5142411169799
772.1916866477
773.2022169631607
768.6475075484198
765.6891430904268
759.1573088284309
753.5774235145147
753.8263947780745
754.7636983667821
752.2886311045794
756.7408230878444
779.0017828639568
791.6993170671345
790.1908441965118
783.7029461107818
760.6218456489806
726.7324635067678
681.8883459361876
0.0
703.4609734151946
683.2064290368245
675.2539941305448
677.4947354745387
698.6133564344356
751.0291295115375
829.74798387898
863.1540688394239
857.7938640843448
852.8144388692375
848.7283810665723
843.3095948038981
836.8509874088694
834.6248914242476
831.9594343920585
832.5159584548155
844.3201252455514
873.6255071701511
891.9907988995626
889.0031438770607
875.8516031547729
845.6235630008377
795.6389211498872
744.7609118864945
0.0
1205.5334879513875
1164.6143289779955
1146.468717709271
1144.4183661212414
1170.3406680258456
1255.6645835082295
1384.8074407882111
1437.618639059106
1425.6240820777423
1413.893142139952
1406.5411671642248
1401.268834579399
1400.6976652554197
1407.9764132379876
1419.1947653313507
1436.3884276660165
1465.2105124649331
1513.3791284778067
1552.2772265819135
1542.9920630473684
1514.785084575959
1456.2768383405144
1367.5551968337786
1275.7726739844088
0.0
1283.241811793048
1248.2540270529498
1228.5999429416454
1226.183457144973
1251.8860784907404
1321.0122166085685
1415.020835428539
1447.3285173283912
1463.1455158260026
1489.8000861478918
1517.4066051794975
1537.3682413188228
1547.8836162464574
1566.4392975495555
1575.2411638462465
1579.4150940014433
1575.6365887315694
1583.735477610146
1576.647119944399
1562.3239498974724
1535.9622864825953
1486.812430508449
1413.3366180491523
1336.2287542782576
0.0
102.8544212606781
98.76836351690264
96.22006942979684
95.1509575506554
95.88322596233235
100.83336044046767
110.7043386401365
113.15011513452056
113.2086966098664
116.32816005320079
119.53549569342933
122.55244155946548
125.10073562413709
127.88335560982198
129.74331737738834
130.56345798595942
130.7245570386035
129.90441643003243
130.57810335654855
129.33324705978248
127.13644181493666
122.81605819501638
116.09383415181745
108.36107972305071
0.0
1441.1335274115995
1401.8400040435924
1379.769434009423
1377.045395427575
1405.9114163466718
1483.5611593537642
1589.1249735326542
1625.401551033223
1643.1663827058896
1673.101515293807
1704.1057592140312
1726.513172513757
1738.346629925087
1759.1723438237357
1769.0579680600101
1773.7444853024788
1769.5119740463072
1778.606747250011
1770.6250218353082
1754.5444076822414
1724.9607642240235
1669.747724898887
1587.2357203368615
1500.6376578319566
0.0
2.313968184600784
2.2407413435733043
2.2114506070220976
2.226095975367808
2.2846774481897922
2.4604218669361724
2.7240384949155296
2.8265560737561417
2.8119107042887195
2.797265336083224
2.7826199678777277
2.7679745996722316
2.73868386326124
2.73868386326124
2.7240384949155296
2.7240384949155296
2.7679745996722316
2.8704921785128437
2.929073651334827
2.9144282831293316
2.8704921785128437
2.7679745996722316
2.6068755491313476
2.4457764987306763
0.0
122.87463966475366
118.71535507083685
116.85539330607479
116.65035814867399
119.28652444108683
127.98587317870742
141.15205924634603
146.5415547159628
145.3113438136222
144.12506896135486
143.36350979728257
142.836276589277
142.77769511953971
143.50996351719527
144.65230220721816
146.40974646759324
149.3534654540431
154.25966381620458
158.22855860367977
157.27660966962145
154.40611753611728
148.44545257005802
139.3946150476651
130.03622474149824
0.0
1927.5062066055857
1874.9732702468873
1845.4335624040787
1841.8015118496357
1880.4067030467304
1984.257008734891
2125.438358611646
2173.973109379997
2197.7425420407535
2237.7683335596394
2279.2440167920886
2309.208439369637
2325.025437867248
2352.8955726945223
2366.1056949524486
2372.3885584836976
2366.7208012799556
2378.8764567096414
2368.2146283285006
2346.715228263295
2307.128797104928
2233.2722053860875
2122.9193558462043
2007.1037837972747
0.0
390.63590750541147
379.9887247640706
374.0134144386393
373.26650074611007
381.10177274937087
402.1471668563221
430.7495711244443
440.5912585394685
445.4095847033337
453.52311880106913
461.92956008624515
467.9927426099727
471.20007821935417
476.85319040023734
479.5332927777769
480.80743984236193
479.6504556807959
482.11087759764825
479.958008465972
475.59368869502435
467.58267226712826
452.61510590306267
430.2369832239315
406.77510325020125
0.0
467.2165381005497
451.3702496693929
444.32582752090576
443.53497766613225
453.5817001824717
486.65094177920975
536.7088104971275
557.1683898506202
552.525808097369
547.9710985704569
545.1298971276541
543.0795456798385
542.8598650929588
545.6864211904111
550.0360954898155
556.6997381123521
567.8595087682271
586.5323532828147
601.6170825358779
598.0143219290026
587.0742318740288
564.403201755072
530.0158771698683
494.44227762022604
0.0
121.71765556628387
118.39315697816795
116.53319519798232
116.29886930921822
118.7446458120151
125.29112541936162
134.21015467936357
137.27103665856927
138.779509578267
141.31315829899012
143.92003386003964
145.82393171413486
146.8198168104376
148.57726094462012
149.41204697565948
149.8074718329393
149.44133766636074
150.21754217578368
149.54385522402904
148.1818359471264
145.6921233395728
141.02025093488018
134.04905562671945
126.7410168819413
0.0
93.14454210243623
90.46443970666884
89.40997319951872
89.7175259356199
92.51479127086182
99.44205045323376
109.86955264975917
114.29245386099907
113.58947618068542
112.93043461774774
112.3885559914803
111.67093293917542
110.82150159082818
110.51394885332482
110.16246001386907
110.23568684858694
111.80274126326049
115.68376384823297
118.11489497202788
117.71947002781543
115.97667121374504
111.9784856766787
105.35877923040798
98.62190983484771
0.0
137.31497275771738
135.118167526893
134.35660836141852
134.66416111013896
136.74380340008668
142.5140784839888
153.21984268384998
158.44823917653815
156.8665393267771
155.2262580956135
152.92693537021705
151.0523282068231
149.73424497999366
149.58779138627347
149.70495428929243
150.34935055034578
152.35576596210933
154.6990248497502
157.86242442307983
157.59880780014817
156.61756806321742
153.20519733849932
147.14201481477176
141.2399314446423
0.0
134.50306204347348
130.84171999209946
128.77672307274088
128.5277518077791
131.2224995685271
138.45731148559804
148.31364432168846
151.6967243557053
153.3662964037627
156.14891632494917
159.04869927534713
161.14298689942837
162.24138955339942
164.1892234435465
165.11188167288216
165.5512427064278
165.15581784914798
166.00524922553797
165.2583353927949
163.76450788154403
160.99653317951564
155.8413635397731
148.13789991107447
140.05365661761348
0.0
768.3399547632438
747.397078213961
735.6368474592769
734.1869559840777
749.5645926909876
790.9670487199559
847.2491988866507
866.5957303670144
876.0712836154601
892.0200897164563
908.5547104587399
920.5053309693885
926.8028392851324
937.9186737647417
943.1763609621526
945.6807189150567
943.4253322257122
948.2729490802787
944.0257923385428
935.4436065025388
919.670544938349
890.2333547653799
846.2386684449975
800.0764677878017
0.0
429.8562037120023
417.49551285850936
412.61860518704896
413.9952698093024
426.89783923998795
458.92725957817873
507.0372943919281
527.4382923640184
524.1577298876698
521.1261385627098
518.6364259551563
515.3119274427557
511.3723233459819
510.01030408310055
508.38466819728757
508.72151167316485
515.941678232266
533.8529635827815
545.0713157462515
543.2406446189093
535.200337500312
516.7325280870396
486.1822899287704
455.1048185246377
0.0
516.717882741689
502.9073005532108
496.41940234128833
496.8880541917277
508.1356969197066
542.8012835853638
593.8696827449348
613.4798308342089
614.2853260483544
610.6679200961286
608.310015863137
603.1255555326933
598.6880088947787
598.8930439960939
599.6253124834863
597.6628331077746
601.2070121930335
618.8986170968831
628.9746304441377
627.7737102324984
622.6331859521279
604.2825395680668
577.3643526933525
541.7321717623079
0.0
322.59352658403276
313.3083631055731
309.6616663224321
310.6868421234574
320.36743059941085
344.4151252004069
380.51595799591246
395.8350131812059
393.3745912643536
391.08991388430775
389.21530672091376
386.72559411336033
383.76722978155976
382.7566993399064
381.5264884375658
381.77545971514684
387.1942459637997
400.6386939997205
409.0597807564396
407.6831161341864
401.6492244413739
387.79470607662995
364.8747046800923
341.54463306690275
0.0
850.5151160176489
827.3314981243719
814.2971203191239
812.6861297786619
829.7333385336291
875.5440503695969
937.845446911796
959.271620656869
969.7577043469682
987.4200184199025
1005.7120834225608
1018.9368509837733
1025.9226916246653
1038.2101556111913
1044.0390122026884
1046.806986778524
1044.3172741709707
1049.6774789120284
1044.9763157913962
1035.4861170714073
1018.0141927544375
985.4282483534895
936.7323989124744
885.634709062202
0.0
643.3856728716387
624.8739272821005
617.5805339962461
619.6455309156048
638.948126233724
686.8824165106666
758.8936922195209
789.4439303777898
784.5377320156286
779.9830224887163
776.2630989788221
771.2983190950443
765.381590417422
763.3605295341151
760.914753088806
761.4126955177754
772.2209773384014
799.0220012960751
815.8202386612903
813.0815547761558
801.0577073985398
773.4072521906686
727.6990578983479
681.1707229343597
0.0
451.1798597872358
438.20406361577574
433.092830012085
434.5427214872841
448.0750417215012
481.70080725480386
532.1980370062672
553.6095654059894
550.1679038643775
546.9752136003467
544.3683380897742
540.8827403859179
536.7381011878286
535.317500403331
533.6039923052003
533.9554812666422
541.541781992322
560.3317894099285
572.1066655099631
570.1881223105173
561.7523901944262
542.3619225518181
510.3178568682766
477.6733309597336
0.0
156.66150422546187
150.4518681080141
146.5708455328566
144.93056430169298
146.0582576323439
153.60062220980055
168.64141542681176
172.36133893670592
172.44921126119476
177.1943105580929
182.08586357490378
186.66986380653861
190.56553172704676
194.79804312343217
197.62459922088453
198.88410092609746
199.13307220367855
197.88821582979475
198.89874627144812
197.00949376270347
193.65570443340928
187.09457949473358
176.84282173686495
165.06794563683027
0.0
1466.2210424158377
1424.042382284067
1407.4345346467735
1412.1210525342265
1456.1303836250825
1565.3701864976765
1729.471536901643
1799.080973000459
1787.9065562701207
1777.5229905723531
1769.0286768084532
1757.7224521101732
1744.263358560645
1739.6354224191507
1734.0848286792836
1735.212522094063
1759.8313856264397
1820.931862475791
1859.200208626612
1852.9612818324842
1825.5451529915067
1762.5407785825091
1658.3682747357793
1552.321163319035
0.0
470.8046533480528
457.9753106581419
450.7551440990408
449.8764220179282
459.308039230322
484.6738170581475
519.1490138416475
531.0117621399785
536.8113280547958
546.5944339482037
556.7290288030533
564.037067574472
567.9034448042789
574.7135410205358
577.9355221014603
579.473285788977
578.0819756951806
581.0549855125456
578.448110001973
573.2050681639344
563.5391250333313
545.4960314344465
518.5339083974878
490.253702386085
0.0
1102.3129324498175
1072.2606368326888
1055.3745271429848
1053.2948848642545
1075.3801002297525
1134.7524231168316
1215.506983783038
1243.2599565205348
1256.85085829039
1279.7415688279696
1303.4524199951525
1320.6021462236597
1329.6383384525814
1345.5724991521413
1353.1441545605132
1356.7176243925587
1353.4809979662834
1360.4375479304958
1354.3450748422597
1342.0429654402758
1319.4012260821273
1277.1786294515987
1214.057092195668
1147.8307369721522
0.0
93.33493188924791
90.64018413270634
89.58571761293696
89.87862497704685
92.69053568428008
99.63244023864328
110.08923316653195
114.51213439039114
113.80915671147963
113.15011513452056
112.60823650825313
111.87596809797832
111.02653673560971
110.73362937149979
110.38214054326116
110.455367377979
112.0224217800333
115.90344436640792
118.33457549440925
117.93915055860964
116.19635173051785
112.18352083407952
105.56381437659165
98.81229962025724
0.0
746.6648097405897
721.3136772440936
710.0806798614653
708.8065328109017
724.8578564695663
777.7129904540211
857.691346540698
890.4090991759942
882.9838975155777
875.7051494348602
871.1504399079482
867.8991681223007
867.5476793010729
872.0438073203898
879.0003572565593
889.6475400119216
907.4855985094914
937.3182136659328
961.4244897885454
955.6688600499939
938.196935733024
901.964294689149
847.0148729684416
790.1615535058105
0.0
875.3097244513879
850.1343364916981
840.2194220975354
843.0166874902653
869.2904780899047
934.5063029278524
1032.4691712179904
1074.0327263122222
1067.3544384705274
1061.15944769843
1056.0921502710055
1049.340635436151
1041.3003283175535
1038.5323537417178
1035.2225004484753
1035.8961874142517
1050.6001371553855
1087.0671041174696
1109.913878520848
1106.193955024975
1089.8204333479548
1052.2111276958478
990.0268940566675
926.7149670868364
0.0
138.00330506884404
134.31267226227035
132.56987344819998
132.7016817596658
135.7039822551128
144.95985499239427
158.6093382418015
163.83773462231855
164.05741519517693
163.090820915768
162.46107000006523
161.06976003246132
159.89813065173718
159.94206670181038
160.14710192931815
159.61986855726232
160.55717214597
165.28762609751752
167.9823739325789
167.66017580205218
166.28351119382026
161.37731283165874
154.20108230860953
144.68159302411198
0.0
93.37886799260245
90.84521929010715
89.40997319951872
89.2342287734812
91.10883591023452
96.13219722308767
102.97158419875049
105.32948848642542
106.47182721290396
108.41966118577729
110.42607664661571
111.87596809797832
112.65217261160768
113.99954649688914
114.62929732846355
114.93685006596688
114.65858807244611
115.25904816144009
114.731814907164
113.69199375938582
111.77345051927793
108.19998066900447
102.8544212606781
97.24524521820294
0.0
853.5759980333098
819.671970531725
798.5533494456358
789.6196747884039
795.7707295244493
836.8509874088694
918.7625320543642
939.0903032716587
939.5443096645762
965.3787392166486
992.033309468431
1017.0329531296779
1038.2687371187865
1061.3059012921506
1076.7421195066554
1083.5375703775615
1084.9288803311438
1078.1480748055885
1083.669378625931
1073.359039346446
1055.1109105200533
1019.3322758550743
963.4748413625533
899.3281284878752
0.0
253.74565032231587
243.66963697506125
237.38677400466779
234.7359624580434
236.56663344517162
248.7808705787519
273.1214726195734
279.1700096717578
279.3018180463199
286.9906363296679
294.91378054524625
302.338982219684
308.6511360069712
315.5051682733012
320.0891686311286
322.1102293882428
322.5202997310871
320.5138843193236
322.15416555048716
319.0786381894752
313.659851926801
303.0273145308107
286.41946693558157
267.35119753567125
0.0
1715.075139987749
1665.7202494591215
1646.3004903966998
1651.7925042975173
1703.2563283424113
1831.0371656303992
2022.9940077597128
2104.4076100183024
2091.3292957283184
2079.202931409975
2069.258726072727
2056.048603814801
2040.2901876800902
2034.8714019081647
2028.3835036822209
2029.701586165916
2058.5090253390545
2129.963778036756
2174.7200224135204
2167.4412744169313
2135.3679183231166
2061.6724255433464
1939.82296125477
1815.776692359321
0.0
223.07824926102768
216.6635779020508
214.14457460379592
214.8475522602732
221.5551309188616
238.16297851409072
263.1333314846364
273.7219327324038
272.0230699796238
270.45601560140585
269.1525778461196
267.439069747989
265.388718173981
264.6857405175037
263.8363091411137
264.01205355172766
267.7612677523231
277.0464312448041
282.87528783630137
281.923338902243
277.7494088872601
268.1713380951674
252.32504966401066
236.18585380704985
0.0
1101.1413029429007
1071.1329434880165
1054.2614791436633
1052.181836878954
1074.23776153973
1133.5515029192136
1214.2181912749525
1241.9418734058765
1255.518129802338
1278.379549733345
1302.075755400942
1319.1961908826624
1328.2323831115839
1344.151898451772
1351.7089084867503
1355.2823783187957
1352.045752018713
1359.0023018427116
1352.9098286282826
1340.6223647399065
1318.0099161145233
1275.8166102307816
1212.7682998277965
1146.6151714291836
0.0
1072.2313460017735
1041.3882005298715
1029.2471902632583
1032.6742064454982
1064.8500805036017
1144.7405642657895
1264.7447117171173
1315.6520117974037
1307.4798963182654
1299.8935956767145
1293.6693139895735
1285.4093262840966
1275.5676389251578
1272.1699134195978
1268.113146489912
1268.9479324929084
1286.9470899575915
1331.6301086171438
1359.6027620536915
1355.048052512758
1334.9985433899385
1288.9242147627824
1212.7390090810097
1135.2064295097491
0.0
489.96079494625957
470.4971005628768
458.3853809869649
453.2448567065943
456.7743904465026
480.3534333372732
527.379710842402
539.0520693847684
539.3010406623492
554.1367986518528
569.4412084917956
583.7790240523294
595.9786157003454
609.1887379302283
618.0638310658437
621.9594989863518
622.7503489813392
618.8693264061818
622.0327258533189
616.1159971756965
605.6445588309481
585.1117524983171
553.0383959978817
516.2199402005483
0.0
40.875222797126355
40.216181232786525
39.99650070339445
40.084372910103575
40.699478383708104
42.412986466415205
45.60567674446746
47.15808578714972
46.68943399560016
46.20613684608072
45.51780453775834
44.96128054090179
44.56585559668933
44.521919493334764
44.56585559668933
44.756245382098854
45.34206011172084
46.045037792034485
46.99698673310349
46.909114526394376
46.616207160882304
45.60567674446746
43.78965108305996
42.04685225496818
0.0
137.2271005453997
135.4110748910029
134.91313236107933
135.601464672206
138.51589295533535
145.72141415646658
157.42306338953418
162.18280803178297
162.0217089665196
160.87937027649667
159.53199635896604
157.70132535781644
155.44593866847188
155.2262580956135
154.58186196075263
154.45005358619056
155.91459040674016
159.51735101361538
162.41713396401337
162.431779309364
160.73291655658394
156.1049802888973
148.92874976584807
142.44085164226027
0.0
11.086543769418274
10.94009008582096
10.89615398120447
10.954735454026455
11.18906134699696
11.774876077179792
12.712179644434752
13.10760458864721
13.092959220441717
13.005087011208737
12.887924065564771
12.741470380845746
12.56572596237979
12.5364352259688
12.492499121352314
12.477853753146817
12.595016698790783
12.887924065564771
13.122249956852707
13.122249956852707
12.990441643003242
12.609662066996279
12.038492705720008
11.511259447938516
0.0
15.934160658898003
15.72912550149721
15.670544038770627
15.743770873488483
16.080614342355105
16.930045703321575
18.277419588603045
18.83394357284034
18.819298213468322
18.68748989078538
18.526390836739147
18.321355691957606
18.057739059210974
18.028448327847688
17.955221479108438
17.940576107117167
18.10167516256554
18.526390836739147
18.863234316822886
18.863234316822886
18.67284451879411
18.13096589392883
17.29617990355149
16.549266132502527
0.0
4.466837317538972
4.349674371754791
4.291092898932806
4.291092898932806
4.393610476511492
4.701163210509477
5.1405242572352146
5.301623307635885
5.316268675981595
5.286977939430389
5.257687203019397
5.213751098402908
5.184460361851702
5.184460361851702
5.184460361851702
5.169814993646206
5.199105730057198
5.360204781860008
5.433431623027703
5.433431623027703
5.3894955182710005
5.228396466608404
4.994070575040039
4.686517841042055
