200.14 194.90 210.00 206.68 244.10 309.21 293.04 326.16 295.71 316.43 299.47 218.36 195.22 170.19 185.36 201.51 208.93 238.08 321.80 357.72 313.83 284.87 229.29 212.56
178.59 172.08 169.43 169.51 174.00 181.41 216.80 220.27 215.70 221.41 225.45 229.58 235.79 213.18 217.06 219.35 223.25 251.90 266.91 275.56 285.62 270.08 265.36 262.00
473.84 470.57 469.65 469.69 471.19 470.01 472.46 474.98 478.28 486.72 496.55 499.15 501.01 495.46 499.24 504.54 507.67 512.27 516.43 518.50 517.09 512.37 505.97 502.37
483.38 469.65 455.07 467.99 517.55 546.55 496.18 510.52 531.89 565.33 551.05 530.30 532.25 552.44 532.50 562.35 583.75 605.11 656.30 597.57 594.80 569.99 562.94 547.35
131.08 127.26 127.27 124.03 137.78 138.07 122.83 125.80 128.80 125.19 127.25 136.33 120.46 112.89 110.00 105.39 105.95 114.85 143.27 131.44 129.84 130.55 136.89 119.11
933.05 911.53 897.98 896.59 904.73 975.93 1244.44 1358.35 1341.02 1325.49 1279.43 1248.51 1203.18 1171.94 1182.81 1246.34 1302.79 1492.92 1556.74 1577.49 1587.02 1532.25 1366.44 1415.00
65.57 64.06 63.10 63.01 63.58 68.58 87.45 95.46 94.24 93.15 89.91 87.74 84.55 82.36 83.12 87.58 91.55 104.91 109.40 110.85 111.52 107.68 96.02 99.44
327.85 320.58 303.68 297.31 280.22 294.45 372.34 412.75 404.85 370.50 325.29 295.72 318.23 324.87 320.44 308.69 311.21 339.27 328.57 328.27 334.85 314.81 332.56 334.74
426.77 415.59 447.78 440.72 520.52 659.34 624.87 695.48 630.56 674.73 638.59 465.63 416.28 362.90 395.25 429.70 445.51 507.68 686.19 762.80 669.20 607.45 488.93 453.25
1656.27 1618.08 1594.01 1591.56 1606.00 1732.39 2209.03 2411.24 2380.46 2352.90 2271.14 2216.26 2135.79 2080.34 2099.63 2212.40 2312.61 2650.11 2763.39 2800.23 2817.15 2719.92 2425.58 2511.79
69.82 68.21 67.19 67.09 67.70 73.02 93.11 101.64 100.34 99.18 95.73 93.42 90.03 87.69 88.50 93.26 97.48 111.71 116.48 118.04 118.75 114.65 102.24 105.88
1148.68 1140.76 1138.53 1138.62 1142.26 1139.41 1145.34 1151.44 1159.44 1179.90 1203.72 1210.03 1214.55 1201.09 1210.25 1223.11 1230.69 1241.85 1251.92 1256.93 1253.53 1242.08 1226.58 1217.83
1226.03 1197.76 1179.94 1178.13 1188.81 1282.38 1635.20 1784.88 1762.10 1741.70 1681.18 1640.55 1580.98 1539.94 1554.22 1637.69 1711.87 1961.70 2045.56 2072.83 2085.35 2013.38 1795.50 1859.31
244.57 242.88 242.41 242.42 243.20 242.59 243.86 245.16 246.86 251.21 256.29 257.63 258.59 255.73 257.68 260.41 262.03 264.40 266.55 267.61 266.89 264.45 261.15 259.29
83.83 81.97 77.65 76.02 71.65 75.29 95.21 105.54 103.52 94.74 83.18 75.62 81.37 83.07 81.94 78.93 79.58 86.75 84.01 83.94 85.62 80.50 85.03 85.59
16.43 15.83 15.59 15.59 16.01 16.69 19.94 20.26 19.84 20.37 20.74 21.12 21.69 19.61 19.97 20.18 20.54 23.17 24.55 25.35 26.28 24.85 24.41 24.10
344.58 336.93 319.16 312.47 294.51 309.47 391.33 433.80 425.50 389.40 341.89 310.81 334.46 341.44 336.78 324.43 327.08 356.58 345.33 345.01 351.92 330.86 349.52 351.81
453.93 440.70 440.72 429.51 477.12 478.13 425.34 435.63 446.02 433.52 440.67 472.11 417.13 390.92 380.91 364.97 366.90 397.71 496.12 455.15 449.64 452.07 474.04 412.48
305.09 296.20 296.21 288.68 320.68 321.36 285.88 292.79 299.77 291.37 296.18 317.31 280.36 262.75 256.01 245.30 246.60 267.30 333.45 305.91 302.21 303.84 318.61 277.23
750.65 733.34 722.44 721.32 727.87 785.15 1001.17 1092.81 1078.87 1066.38 1029.32 1004.45 967.98 942.85 951.59 1002.70 1048.11 1201.08 1252.42 1269.11 1276.78 1232.72 1099.32 1138.39
299.29 296.81 288.96 286.78 282.12 288.72 303.52 329.03 325.11 317.73 331.22 334.27 336.21 320.72 345.66 345.00 342.88 376.26 385.68 366.02 379.63 363.69 354.94 346.49
198.83 197.19 191.97 190.52 187.43 191.81 201.64 218.59 215.99 211.08 220.05 222.07 223.36 213.07 229.64 229.20 227.79 249.97 256.23 243.16 252.21 241.62 235.80 230.19
277.88 271.71 257.38 251.99 237.50 249.56 315.58 349.83 343.13 314.02 275.71 250.64 269.72 275.35 271.59 261.63 263.77 287.56 278.48 278.23 283.80 266.82 281.86 283.71
290.96 284.51 269.50 263.85 248.69 261.31 330.44 366.30 359.29 328.81 288.69 262.45 282.42 288.31 284.38 273.95 276.19 301.10 291.60 291.33 297.17 279.38 295.14 297.07
831.68 807.43 807.46 786.93 874.16 876.01 779.29 798.14 817.18 794.27 807.38 864.98 764.24 716.24 697.88 668.68 672.22 728.67 908.97 833.90 823.81 828.26 868.52 755.73
960.02 953.40 951.53 951.61 954.66 952.27 957.22 962.33 969.01 986.11 1006.02 1011.29 1015.07 1003.82 1011.48 1022.23 1028.56 1037.89 1046.30 1050.49 1047.65 1038.08 1025.12 1017.81
1599.37 1562.49 1539.25 1536.88 1550.82 1672.88 2133.14 2328.40 2298.68 2272.07 2193.12 2140.12 2062.41 2008.87 2027.50 2136.39 2233.16 2559.07 2668.46 2704.03 2720.37 2626.48 2342.26 2425.50
121.22 120.22 117.04 116.16 114.27 116.94 122.94 133.27 131.68 128.69 134.16 135.39 136.18 129.90 140.00 139.74 138.88 152.40 156.21 148.25 153.76 147.31 143.76 140.34
2039.13 1993.91 1888.76 1849.15 1742.85 1831.36 2315.83 2567.15 2518.01 2304.39 2023.21 1839.30 1979.30 2020.58 1993.01 1919.92 1935.60 2110.16 2043.58 2041.72 2082.62 1957.98 2068.40 2081.94
391.43 388.19 377.93 375.08 368.98 377.62 396.97 430.33 425.21 415.55 433.20 437.19 439.73 419.47 452.09 451.22 448.45 492.11 504.43 478.71 496.51 475.67 464.22 453.17
140.98 136.87 136.88 133.40 148.18 148.50 132.10 135.30 138.52 134.64 136.86 146.63 129.55 121.41 118.30 113.35 113.95 123.52 154.08 141.36 139.65 140.40 147.23 128.11
1123.68 1090.92 1090.96 1063.22 1181.07 1183.57 1052.90 1078.36 1104.09 1073.14 1090.84 1168.67 1032.57 967.70 942.90 903.45 908.24 984.50 1228.11 1126.68 1113.05 1119.06 1173.45 1021.06
520.56 509.01 482.17 472.06 444.92 467.52 591.20 655.35 642.81 588.28 516.49 469.54 505.28 515.82 508.79 490.12 494.13 538.69 521.69 521.22 531.66 499.84 528.03 531.49
472.68 468.77 456.37 452.93 445.56 455.99 479.36 519.65 513.46 501.80 523.11 527.93 531.00 506.53 545.92 544.88 541.53 594.25 609.12 578.07 599.57 574.39 560.57 547.22
160.55 154.70 152.31 152.39 156.42 163.08 194.89 198.01 193.91 199.04 202.68 206.38 211.97 191.64 195.13 197.19 200.69 226.46 239.94 247.72 256.77 242.79 238.55 235.53
39.79 38.90 36.85 36.08 34.01 35.73 45.18 50.09 49.13 44.96 39.48 35.89 38.62 39.42 38.89 37.46 37.77 41.17 39.87 39.84 40.63 38.20 40.36 40.62
397.00 387.85 382.08 381.49 384.95 415.25 529.50 577.96 570.59 563.98 544.38 531.23 511.94 498.65 503.27 530.30 554.32 635.22 662.37 671.21 675.26 651.96 581.40 602.07
199.65 193.83 193.84 188.91 209.85 210.30 187.08 191.60 196.17 190.67 193.82 207.65 183.47 171.94 167.53 160.53 161.38 174.93 218.21 200.19 197.77 198.83 208.50 181.42
348.65 338.75 328.23 337.55 373.30 394.22 357.88 368.23 383.64 407.76 397.46 382.49 383.90 398.46 384.08 405.61 421.05 436.45 473.37 431.01 429.02 411.12 406.03 394.79
146.68 143.30 141.17 140.95 142.23 153.42 195.63 213.54 210.81 208.37 201.13 196.27 189.15 184.24 185.94 195.93 204.81 234.70 244.73 247.99 249.49 240.88 214.81 222.45
93.76 92.98 90.52 89.84 88.38 90.45 95.08 103.07 101.85 99.53 103.76 104.71 105.32 100.47 108.28 108.08 107.41 117.87 120.82 114.66 118.92 113.93 111.19 108.54
408.13 398.71 392.78 392.18 395.74 426.88 544.33 594.16 586.58 579.78 559.64 546.11 526.28 512.62 517.37 545.16 569.86 653.02 680.93 690.01 694.18 670.22 597.69 618.94
87.07 85.14 80.65 78.96 74.42 78.20 98.88 109.62 107.52 98.40 86.39 78.54 84.51 86.28 85.10 81.98 82.65 90.10 87.26 87.18 88.93 83.60 88.32 88.90
19.06 18.56 20.00 19.68 23.25 29.45 27.91 31.06 28.16 30.13 28.52 20.80 18.59 16.21 17.65 19.19 19.90 22.67 30.65 34.07 29.89 27.13 21.84 20.24
303.13 296.41 280.78 274.89 259.09 272.24 344.26 381.62 374.32 342.56 300.76 273.42 294.24 300.37 296.27 285.41 287.74 313.69 303.79 303.52 309.59 291.07 307.48 309.49
326.79 317.27 317.28 309.21 343.49 344.21 306.21 313.61 321.10 312.10 317.25 339.88 300.30 281.43 274.22 262.75 264.14 286.32 357.16 327.67 323.70 325.45 341.27 296.95
1402.71 1371.60 1299.26 1272.02 1198.90 1259.78 1593.05 1765.92 1732.12 1585.18 1391.75 1265.24 1361.55 1389.94 1370.98 1320.70 1331.49 1451.57 1405.77 1404.49 1432.62 1346.88 1422.84 1432.16
50.50 50.08 48.76 48.39 47.61 48.72 51.22 55.52 54.86 53.61 55.89 56.41 56.73 54.12 58.33 58.22 57.86 63.49 65.08 61.76 64.06 61.37 59.89 58.47
610.60 592.79 592.82 577.74 641.78 643.14 572.14 585.97 599.95 583.13 592.75 635.04 561.09 525.84 512.37 490.93 493.53 534.97 667.34 612.23 604.82 608.09 637.64 554.84
2159.72 2144.82 2140.63 2140.80 2147.66 2142.28 2153.44 2164.91 2179.96 2218.42 2263.21 2275.07 2283.57 2258.26 2275.48 2299.67 2313.91 2334.90 2353.83 2363.25 2356.86 2335.34 2306.18 2289.74
781.58 758.79 758.82 739.53 821.50 823.24 732.35 750.06 767.95 746.43 758.74 812.87 718.21 673.09 655.84 628.40 631.73 684.77 854.21 783.67 774.18 778.36 816.20 710.20
483.86 473.13 448.18 438.78 413.56 434.56 549.52 609.16 597.50 546.81 480.09 436.45 469.67 479.46 472.92 455.58 459.30 500.72 484.92 484.48 494.18 464.61 490.81 494.02
1280.15 1271.32 1268.84 1268.94 1273.00 1269.82 1276.43 1283.23 1292.15 1314.94 1341.49 1348.53 1353.57 1338.56 1348.77 1363.11 1371.55 1383.99 1395.21 1400.79 1397.00 1384.25 1366.97 1357.22
182.69 177.90 191.68 188.66 222.82 282.24 267.48 297.71 269.92 288.83 273.36 199.32 178.20 155.34 169.19 183.94 190.71 217.32 293.73 326.53 286.46 260.03 209.29 194.02
533.11 520.82 513.07 512.28 516.93 557.61 711.03 776.12 766.21 757.34 731.02 713.36 687.46 669.61 675.82 712.12 744.37 853.01 889.47 901.33 906.77 875.48 780.74 808.48
221.48 216.56 205.14 200.84 189.30 198.91 251.53 278.82 273.49 250.29 219.75 199.77 214.98 219.46 216.47 208.53 210.23 229.19 221.96 221.76 226.20 212.66 224.65 226.13
945.19 918.35 889.83 915.10 1012.00 1068.71 970.22 998.27 1040.05 1105.44 1077.51 1036.93 1040.74 1080.23 1041.23 1099.60 1141.46 1183.21 1283.30 1168.47 1163.06 1114.55 1100.75 1070.28
887.54 855.19 842.00 842.42 864.70 901.53 1077.40 1094.64 1071.93 1100.31 1120.41 1140.91 1171.78 1059.42 1078.70 1090.09 1109.45 1251.87 1326.43 1369.43 1419.44 1342.19 1318.75 1302.02
4126.15 4097.69 4089.68 4090.00 4103.11 4092.83 4114.14 4136.07 4164.81 4238.29 4323.87 4346.53 4362.77 4314.41 4347.32 4393.52 4420.73 4460.83 4496.99 4515.00 4502.78 4461.67 4405.97 4374.55
442.11 431.91 425.49 424.83 428.68 462.42 589.65 643.63 635.41 628.06 606.23 591.58 570.10 555.30 560.45 590.55 617.30 707.39 737.63 747.46 751.98 726.02 647.46 670.47
994.38 972.32 921.05 901.73 849.90 893.06 1129.31 1251.86 1227.90 1123.73 986.61 896.93 965.20 985.33 971.89 936.24 943.89 1029.02 996.55 995.64 1015.58 954.80 1008.65 1015.25
785.60 763.29 739.59 760.59 841.13 888.27 806.41 829.72 864.44 918.79 895.58 861.85 865.02 897.84 865.42 913.94 948.73 983.43 1066.63 971.18 966.68 926.36 914.90 889.57
747.44 730.20 719.34 718.23 724.75 781.79 996.88 1088.13 1074.25 1061.81 1024.91 1000.14 963.83 938.81 947.51 998.40 1043.63 1195.93 1247.05 1263.68 1271.31 1227.44 1094.61 1133.51
920.66 900.24 852.77 834.88 786.89 826.85 1045.59 1159.05 1136.87 1040.42 913.47 830.43 893.65 912.28 899.84 866.83 873.92 952.73 922.67 921.83 940.29 884.02 933.87 939.99
286.59 278.24 278.25 271.17 301.23 301.87 268.54 275.03 281.59 273.70 278.22 298.07 263.35 246.81 240.49 230.42 231.64 251.09 313.23 287.36 283.88 285.41 299.29 260.42
26.94 26.71 26.01 25.81 25.39 25.99 27.32 29.61 29.26 28.60 29.81 30.08 30.26 28.87 31.11 31.05 30.86 33.86 34.71 32.94 34.17 32.73 31.94 31.18
1689.04 1641.09 1590.12 1635.27 1808.44 1909.78 1733.78 1783.89 1858.56 1975.41 1925.51 1852.98 1859.79 1930.36 1860.67 1964.98 2039.77 2114.39 2293.25 2088.04 2078.37 1991.68 1967.04 1912.58
2374.41 2306.99 2235.35 2298.82 2542.26 2684.72 2437.29 2507.75 2612.71 2776.97 2706.83 2604.87 2614.45 2713.65 2615.67 2762.32 2867.45 2972.34 3223.79 2935.31 2921.72 2799.85 2765.20 2688.65
1594.80 1549.52 1501.40 1544.04 1707.54 1803.23 1637.04 1684.36 1754.86 1865.19 1818.08 1749.59 1756.03 1822.66 1756.85 1855.35 1925.96 1996.41 2165.30 1971.54 1962.41 1880.56 1857.29 1805.87
625.59 620.41 604.00 599.45 589.70 603.50 634.43 687.76 679.57 664.13 692.33 698.71 702.77 670.39 722.52 721.14 716.71 786.49 806.17 765.07 793.52 760.20 741.91 724.25
596.28 578.89 578.91 564.20 626.73 628.06 558.72 572.23 585.88 569.46 578.85 620.15 547.93 513.51 500.35 479.42 481.95 522.42 651.69 597.87 590.64 593.83 622.69 541.82
854.09 829.19 829.22 808.14 897.72 899.62 800.30 819.65 839.20 815.68 829.14 888.29 784.84 735.54 716.69 686.70 690.34 748.30 933.47 856.38 846.01 850.58 891.92 776.10
1155.07 1121.39 1121.44 1092.93 1214.07 1216.64 1082.32 1108.49 1134.93 1103.12 1121.32 1201.32 1061.42 994.74 969.25 928.70 933.61 1012.00 1262.42 1158.16 1144.14 1150.32 1206.23 1049.59
87.04 86.32 84.03 83.40 82.04 83.96 88.27 95.69 94.55 92.40 96.32 97.21 97.77 93.27 100.52 100.33 99.71 109.42 112.16 106.44 110.40 105.76 103.22 100.76
29.63 28.55 28.11 28.12 28.87 30.10 35.97 36.55 35.79 36.73 37.41 38.09 39.12 35.37 36.01 36.39 37.04 41.79 44.28 45.72 47.39 44.81 44.03 43.47
622.05 607.70 598.66 597.74 603.16 650.64 829.65 905.59 894.03 883.68 852.97 832.36 802.14 781.31 788.56 830.91 868.55 995.30 1037.85 1051.68 1058.04 1021.52 910.98 943.35
108.46 107.57 104.72 103.93 102.24 104.63 110.00 119.24 117.82 115.15 120.04 121.14 121.85 116.23 125.27 125.03 124.26 136.36 139.77 132.65 137.58 131.80 128.63 125.57
202.31 197.64 194.70 194.40 196.17 211.61 269.83 294.53 290.77 287.40 277.41 270.71 260.88 254.11 256.46 270.24 282.48 323.70 337.54 342.04 344.11 332.23 296.28 306.81
227.61 222.56 210.82 206.40 194.54 204.42 258.49 286.54 281.06 257.22 225.83 205.30 220.93 225.54 222.46 214.30 216.05 235.54 228.10 227.90 232.46 218.55 230.87 232.39
265.23 257.50 257.51 250.96 278.78 279.37 248.52 254.53 260.61 253.30 257.48 275.85 243.73 228.42 222.56 213.25 214.38 232.38 289.88 265.94 262.72 264.14 276.98 241.01
1045.95 1018.54 1097.46 1080.15 1275.72 1615.95 1531.46 1704.53 1545.41 1653.67 1565.08 1141.18 1020.25 889.41 968.70 1053.13 1091.88 1244.24 1681.74 1869.50 1640.12 1488.76 1198.29 1110.86
857.75 837.97 825.51 824.23 831.71 897.17 1144.01 1248.73 1232.79 1218.52 1176.17 1147.75 1106.08 1077.36 1087.35 1145.75 1197.65 1372.44 1431.10 1450.18 1458.94 1408.59 1256.16 1300.80
1800.85 1760.91 1668.05 1633.07 1539.20 1617.36 2045.22 2267.17 2223.78 2035.12 1786.80 1624.37 1748.02 1784.47 1760.12 1695.57 1709.42 1863.59 1804.79 1803.14 1839.26 1729.18 1826.70 1838.66
2180.08 2118.18 2052.40 2110.68 2334.19 2464.99 2237.82 2302.50 2398.87 2549.69 2485.29 2391.68 2400.47 2491.55 2401.60 2536.24 2632.77 2729.07 2959.94 2695.08 2682.60 2570.70 2538.89 2468.60
336.96 327.14 327.15 318.83 354.18 354.92 315.74 323.37 331.09 321.81 327.12 350.46 309.64 290.19 282.75 270.92 272.36 295.23 368.28 337.87 333.78 335.58 351.89 306.19
2448.31 2378.80 2304.93 2370.38 2621.39 2768.29 2513.16 2585.80 2694.03 2863.41 2791.08 2685.95 2695.82 2798.11 2697.09 2848.30 2956.71 3064.86 3324.13 3026.68 3012.66 2887.00 2851.27 2772.34
2.81 2.75 2.71 2.70 2.73 2.94 3.75 4.10 4.04 4.00 3.86 3.76 3.63 3.53 3.57 3.76 3.93 4.50 4.69 4.76 4.79 4.62 4.12 4.27
183.56 179.49 170.02 166.46 156.89 164.86 208.47 231.09 226.67 207.44 182.13 165.57 178.18 181.89 179.41 172.83 174.24 189.96 183.96 183.79 187.48 176.26 186.20 187.41
3274.62 3181.64 3082.83 3170.37 3506.10 3702.58 3361.34 3458.50 3603.26 3829.80 3733.06 3592.45 3605.66 3742.47 3607.35 3809.59 3954.59 4099.25 4446.02 4048.18 4029.43 3861.36 3813.57 3708.00
663.65 644.81 624.79 642.53 710.57 750.39 681.23 700.92 730.26 776.17 756.57 728.07 730.75 758.47 731.09 772.08 801.46 830.78 901.06 820.43 816.63 782.57 772.88 751.49
697.95 682.47 646.48 632.92 596.54 626.83 792.66 878.68 861.86 788.74 692.50 629.55 677.47 691.60 682.16 657.14 662.51 722.26 699.47 698.84 712.83 670.17 707.97 712.60
206.78 200.91 194.67 200.20 221.40 233.80 212.26 218.39 227.53 241.84 235.73 226.85 227.68 236.32 227.79 240.56 249.72 258.85 280.75 255.63 254.44 243.83 240.81 234.14
113.58 110.96 109.31 109.14 110.13 118.80 151.49 165.35 163.24 161.35 155.75 151.98 146.46 142.66 143.99 151.72 158.59 181.74 189.50 192.03 193.19 186.52 166.34 172.25
227.28 225.40 219.44 217.78 214.24 219.26 230.50 249.87 246.89 241.28 251.53 253.85 255.32 243.56 262.50 262.00 260.39 285.74 292.89 277.96 288.29 276.19 269.54 263.13
228.51 222.02 215.13 221.23 244.66 258.37 234.56 241.34 251.44 267.25 260.50 250.69 251.61 261.16 251.73 265.84 275.96 286.05 310.25 282.49 281.18 269.45 266.12 258.75
1305.33 1268.27 1228.88 1263.78 1397.61 1475.92 1339.90 1378.63 1436.33 1526.64 1488.08 1432.03 1437.29 1491.83 1437.97 1518.58 1576.38 1634.05 1772.28 1613.69 1606.22 1539.22 1520.17 1478.09
524.14 512.05 504.44 503.66 508.23 548.23 699.06 763.05 753.32 744.60 718.72 701.35 675.89 658.34 664.44 700.13 731.84 838.65 874.50 886.16 891.51 860.74 767.60 794.88
830.97 809.19 871.89 858.14 1013.51 1283.82 1216.69 1354.19 1227.77 1313.78 1243.40 906.63 810.55 706.60 769.60 836.68 867.46 988.50 1336.08 1485.25 1303.01 1182.77 952.00 882.53
393.35 384.28 378.57 377.98 381.41 411.43 524.63 572.65 565.34 558.80 539.38 526.34 507.23 494.07 498.65 525.43 549.23 629.38 656.29 665.03 669.05 645.96 576.06 596.53
1444.92 1403.90 1360.30 1398.93 1547.07 1633.76 1483.19 1526.06 1589.94 1689.90 1647.21 1585.17 1590.99 1651.36 1591.74 1680.98 1744.96 1808.79 1961.80 1786.25 1777.98 1703.82 1682.74 1636.15
784.50 766.41 755.01 753.85 760.69 820.56 1046.31 1142.09 1127.52 1114.46 1075.73 1049.74 1011.62 985.36 994.50 1047.91 1095.38 1255.24 1308.89 1326.34 1334.35 1288.30 1148.89 1189.72
550.15 537.46 529.47 528.65 533.45 575.43 733.75 800.91 790.69 781.54 754.38 736.15 709.42 691.00 697.41 734.87 768.15 880.26 917.89 930.12 935.74 903.45 805.68 834.31
513.29 498.32 498.34 485.67 539.50 540.64 480.96 492.59 504.34 490.20 498.29 533.84 471.67 442.04 430.71 412.69 414.87 449.71 560.99 514.66 508.43 511.18 536.02 466.41
1787.82 1746.59 1720.62 1717.97 1733.55 1869.99 2384.48 2602.75 2569.53 2539.78 2451.52 2392.28 2305.42 2245.57 2266.39 2388.11 2496.29 2860.60 2982.87 3022.64 3040.90 2935.95 2618.24 2711.28
799.85 777.14 753.01 774.39 856.39 904.38 821.03 844.77 880.12 935.46 911.83 877.48 880.71 914.13 881.12 930.52 965.94 1001.27 1085.98 988.80 984.22 943.17 931.49 905.71
1872.69 1819.52 1763.02 1813.08 2005.08 2117.44 1922.29 1977.86 2060.64 2190.20 2134.87 2054.46 2062.01 2140.25 2062.98 2178.64 2261.56 2344.29 2542.60 2315.08 2304.36 2208.24 2180.91 2120.54
113.80 111.17 109.52 109.35 110.34 119.03 151.78 165.67 163.56 161.66 156.04 152.27 146.74 142.94 144.26 152.01 158.89 182.08 189.87 192.40 193.56 186.88 166.66 172.58
1115.38 1090.64 1033.13 1011.46 953.32 1001.73 1266.73 1404.20 1377.32 1260.48 1106.67 1006.07 1082.65 1105.23 1090.15 1050.17 1058.75 1154.23 1117.81 1116.80 1139.17 1070.99 1131.39 1138.80
1067.30 1042.69 1027.18 1025.60 1034.90 1116.35 1423.50 1553.80 1533.97 1516.21 1463.52 1428.16 1376.30 1340.57 1353.00 1425.67 1490.25 1707.73 1780.73 1804.47 1815.37 1752.72 1563.05 1618.60
221.93 216.11 232.85 229.18 270.68 342.87 324.94 361.66 327.90 350.87 332.07 242.13 216.47 188.71 205.53 223.45 231.67 264.00 356.83 396.66 347.99 315.88 254.25 235.70
158.65 154.15 149.36 153.60 169.87 179.39 162.85 167.56 174.57 185.55 180.86 174.05 174.69 181.32 174.77 184.57 191.59 198.60 215.40 196.13 195.22 187.08 184.76 179.65
2796.53 2714.99 2715.10 2646.06 2939.36 2945.58 2620.38 2683.74 2747.76 2670.75 2714.81 2908.49 2569.78 2408.35 2346.63 2248.45 2260.35 2450.15 3056.42 2804.01 2770.07 2785.03 2920.39 2541.14
831.34 807.10 807.13 786.61 873.80 875.65 778.97 797.81 816.84 793.95 807.05 864.62 763.93 715.94 697.60 668.41 671.95 728.37 908.60 833.56 823.47 827.92 868.16 755.42
2091.24 2043.01 2012.63 2009.53 2027.76 2187.35 2789.16 3044.47 3005.62 2970.82 2867.58 2798.29 2696.68 2626.67 2651.03 2793.41 2919.94 3346.08 3489.11 3535.63 3556.98 3434.23 3062.59 3171.43
272.02 265.74 261.79 261.39 263.76 284.52 362.80 396.01 390.95 386.43 373.00 363.98 350.77 341.66 344.83 363.35 379.81 435.24 453.84 459.89 462.67 446.70 398.36 412.52
1870.71 1817.60 1761.15 1811.16 2002.96 2115.20 1920.26 1975.77 2058.46 2187.88 2132.62 2052.28 2059.83 2137.99 2060.80 2176.33 2259.17 2341.81 2539.91 2312.63 2301.92 2205.91 2178.61 2118.29
1307.41 1277.26 1258.27 1256.33 1267.73 1367.50 1743.74 1903.36 1879.07 1857.31 1792.77 1749.45 1685.93 1642.16 1657.39 1746.40 1825.51 2091.92 2181.34 2210.42 2223.78 2147.03 1914.69 1982.73
1605.23 1558.43 1558.49 1518.86 1687.22 1690.79 1504.12 1540.49 1577.24 1533.03 1558.33 1669.50 1475.07 1382.41 1346.99 1290.63 1297.46 1406.41 1754.41 1609.53 1590.04 1598.63 1676.33 1458.64
67.65 67.09 65.32 64.83 63.77 65.26 68.61 74.38 73.49 71.82 74.87 75.56 76.00 72.50 78.13 77.99 77.51 85.05 87.18 82.74 85.81 82.21 80.23 78.32
196.09 188.94 186.02 186.12 191.04 199.18 238.03 241.84 236.82 243.09 247.53 252.06 258.88 234.06 238.32 240.84 245.11 276.58 293.05 302.55 313.60 296.53 291.35 287.66
15.84 15.26 15.03 15.04 15.43 16.09 19.23 19.54 19.13 19.64 20.00 20.37 20.92 18.91 19.25 19.46 19.80 22.35 23.68 24.44 25.34 23.96 23.54 23.24
22.77 21.94 21.60 21.62 22.19 23.13 27.64 28.09 27.50 28.23 28.75 29.27 30.07 27.18 27.68 27.97 28.47 32.12 34.03 35.14 36.42 34.44 33.84 33.41
7.19 7.00 7.54 7.42 8.77 11.10 10.52 11.71 10.62 11.36 10.75 7.84 7.01 6.11 6.66 7.24 7.50 8.55 11.56 12.85 11.27 10.23 8.23 7.63
