0.0
191.01861684
181.53398629999998
173.83578132000002
168.12658629999999
163.15406154
161.66230412
161.6807209
164.53531842
176.9482135
193.04446022
209.65637615999998
225.42112128000002
239.85985974
251.99650341999998
259.52895756000004
265.03556832
267.5954977
266.08532349999996
259.76837544
248.22106802000002
241.84886966
230.68831411999997
214.68415116
198.67998826000002
0.0
190.68711514
182.2890734
176.32204372
171.44160278
168.69750582
168.36600412
168.78958957999998
170.74176598
181.82865448
196.1937259
210.8534655
224.83178498
237.55776496
248.9393216
257.19002932
263.08339192
266.93249442
266.8404106
261.27854964
251.64658504
242.03303724
231.68281910000002
217.17041356000001
203.04475996
0.0
301.1876648
296.17830658
292.45812142
289.54827356
287.7250145
286.17800682
285.22033536000004
284.17058018
288.27751723999995
296.58347526
304.57634831999997
311.18796456
318.20474942
324.70586512
329.6415563
332.77240526
334.19049564
332.99340636
329.43897204
324.65061486
319.75175714
315.71848712
309.29103846
305.73660409999997
0.0
479.90388706
457.12235712
440.10527244
427.65554386
420.34409086
418.57608203999996
419.2759189
422.81193648
452.2234994
495.8159662
538.9848476
576.92336968
605.37726118
624.9358585
636.98041842
645.10220876
647.0728019400001
640.9952717
625.06477578
604.4932567999999
588.72851172
568.21224298
538.08242648
506.11093414
0.0
67.0001666
63.44573225
60.756885546
58.657375106
57.239284712
56.723615484
56.797282515999996
56.557864656
60.517467685999996
67.09225039
73.68544985
79.541978982
84.440836684
88.179438612
90.610450706
91.899623784
92.120624884
90.88670207999999
88.25310565000001
84.974922674
82.949079262
80.297066074
75.895460842
71.10710369399999
0.0
1278.3440254
1201.1409748
1143.1097694
1101.285311
1077.03044032
1072.9971703600002
1078.89053308
1095.79711744
1174.8418436
1287.3314036000002
1407.8138362
1527.0070956
1633.7137934000002
1724.1584928
1797.512441
1847.863858
1875.5994958
1872.9474828
1826.6477525999999
1749.5736188
1680.3450248
1604.0996458
1496.1221916
1379.6361958
0.0
89.836946856
84.404003168
80.33389959
77.387218264
75.692876504
75.398208372
75.82179381
77.000466346
82.56232734
90.463116642
98.934825476
107.314450472
114.81007108
121.1638527
126.32054498
129.85656262
131.80873896
131.62457138
128.3648052
122.95027820000001
118.08825404000001
112.728977396
105.14127296
96.945815544
0.0
374.33902867999996
349.77107314
331.09648026
317.76274728
309.76987412
307.65194698
309.5672898
313.76631072
333.47224206
364.13614462
398.0782301
431.32047876
462.0580483
488.87284836
511.24920968
527.86112568
538.7454298199999
541.80261164
533.01781796
515.44823056
497.08672257999996
475.02344612
441.76278071999997
406.08951994
0.0
407.32344274
387.10184214
370.65567704
358.50061658
347.91098056
344.72488136
344.76171488
350.85766184
377.34096026
411.61454738
447.04839031999995
480.67739094
511.47021078
537.34575616
553.4235861
565.17347794
570.62483836
567.3834889
553.93925538
529.2976328
515.70606516
491.91161345999996
457.80377713999997
423.64069056
0.0
2269.202454
2132.1449392
2029.1584264
1954.902057
1911.8436764
1904.6795574
1915.1586928000002
1945.178009
2085.4768734
2285.1697832
2499.0251806
2710.6153160000003
2900.0316754
3060.6073904
3190.7770382
3280.190399
3329.4183940000003
3324.6852873999997
3242.5097118000003
3105.6916148
2982.7965864
2847.488664
2655.8070436
2449.0236818000003
0.0
95.656642472
89.873780372
85.527425424
82.396576518
80.59173420600001
80.278649316
80.720651512
81.99140783200001
87.903187238
96.319645744
105.343857304
114.25756834
122.2504414
129.0093917
134.49758568
138.27302114
140.33569804
140.13311371999998
136.67076312
130.90631779999998
125.73120874
120.02201366
111.95547353999999
103.22593014399999
0.0
730.11396498
718.01415482
708.98994326
701.93632482
697.51630286
693.7592841799999
691.43877258
688.86042646
698.86072622
718.99024302
738.34625592
754.3688356600001
771.40433706
787.15066536
799.10314146
806.7092626799999
810.13477972
807.24334864
798.62430576
787.0033312999999
775.12452222
765.34522356
749.80147958
741.14560318
0.0
1679.7372718000001
1578.2977676
1502.0523876
1447.0783644
1415.2173728
1409.9133462
1417.6668015999999
1439.895829
1543.7479286
1691.5608304
1849.8712845999999
2006.4873968000002
2146.6941778
2265.5559358
2361.9308318
2428.1022445999997
2464.5490090000003
2461.0498251999998
2400.2192723999997
2298.9455186
2207.9667326
2107.7979842
1965.9152788000001
1812.8536008
0.0
155.45585656
152.87751043999998
150.94375078
149.4519934
148.51273872000002
147.70240131999998
147.22356562
146.67106288
148.78899012
153.08009479999998
157.20544864
160.61254894
164.24065028
167.59250028
170.13401294
171.75468764
172.49135796000002
171.86518824
170.04192912000002
167.55566678
165.0325709
162.95147717999998
159.63646074000002
157.79478490000002
0.0
95.711892768
89.431778176
84.661837784
81.25473750399999
79.210477338
78.657974584
79.15522706
80.22339904200001
85.269590808
93.11512986
101.78942296
110.27954854000001
118.14350429999999
124.99453842
130.72215022
134.97642138
137.75735192000002
138.5308557
136.28401122
131.80873896
127.09404882
121.45852078
112.96839528000001
103.833683124
0.0
17.532753874
16.777666786
16.225164038
15.764745078
15.525327224
15.488493708
15.525327224
15.709494803999998
16.722416508
18.048423108
19.39284646
20.682019538
21.860692068
22.89203053
23.66553438
24.199620372
24.549538778
24.549538778
24.03386955
23.149865152
22.265860754000002
21.308189323999997
19.98218273
18.674592888
0.0
393.43720698
367.59849512
347.9846476
333.9694945
325.57145275999994
323.34302502
325.35045166
329.77047368
350.47090993999996
382.70023696
418.37349768
453.31008814
485.63149892
513.80913906
537.32733938
554.78642624
566.22323312
569.4461658399999
560.20095314
541.7473614
522.42818196
499.24148327999995
464.30489282
426.7899562
0.0
231.99590396
219.71192622
210.37462974
203.118427
198.20115254
196.39631021999998
196.65414482
195.86222426
209.58270918
232.3274056
255.18260261999998
275.42262002
292.38445434
305.33143542
313.76631072
318.22316620000004
318.99667004
314.76081566
305.60768682
294.24454692
287.26459552
278.0377997
262.84397409999997
246.26889162
0.0
155.91627558
147.66556786
141.38545326000002
136.52342905999998
133.22682936
132.01132328
132.17707412000001
131.64298812
140.86978404
156.15569336
171.51526982000001
185.12525418
196.50681076
205.21793746
210.89029902000001
213.87381385999998
214.40789982
211.55330229999998
205.40210503999998
197.75915035999998
193.08129378
186.87484622
176.65354536
165.51140662
0.0
1028.4470324000001
966.32730676
919.6408243999999
885.9934069999999
866.49006002
863.23029378
867.98181744
881.59180182
945.18486784
1035.68481828
1132.5938006
1228.4898604
1314.3487876
1387.1133998
1446.1206928000001
1486.6375613999999
1508.9586722
1506.8039118000002
1469.5652266
1407.5560014
1351.8637244000001
1290.5359196
1203.6640704000001
1109.94118776
0.0
267.4297469
255.45885402
246.61881003999997
239.62044185999997
234.9241685
232.8614916
233.5797452
235.2556702
246.60039326
263.78322878
281.66590104
300.34049394
318.84933598
336.17950556
349.07123634000004
357.2851105
362.49705308
363.65730886
357.69027918
345.90355392
333.14074042
319.54917278000005
301.02191396
282.19998699999996
0.0
177.66646708000002
169.71042748000002
163.83548156
159.1944585
156.0636096
154.70076949999998
155.17960522
156.28461074
163.81706488
175.23545498000001
187.13268082000002
199.52715912
211.8295537
223.34002756
231.90382019999998
237.35518059999998
240.83594793999998
241.59103504
237.63143200000002
229.80430974
221.33260092
212.28997262
199.9875781
187.46418242
0.0
317.28391152
296.45455792
280.6345626
269.32667299999997
262.54930592
260.74446364
262.38355512
265.93798948
282.64198924
308.62803512
337.39501157999996
365.57265173999997
391.63236470000004
414.34022766
433.30948867999996
447.39830875999996
456.62510462
459.22186758
451.76308042
436.88233978000005
421.30176228
402.6087526
374.4311125
344.17237862
0.0
332.21990252
310.41446072
293.83937824
281.99740264
274.90695073999996
273.02844138
274.72278316
278.46138506
295.9388887
323.15885744
353.28867393999997
382.77390393999997
410.06753976
433.86199142
453.71525682000004
468.46708018
478.1358783
480.84314173999996
473.03443626
457.45385876
441.13661093999997
421.55959688
392.05595015999995
360.37912594
0.0
425.04036422
402.55350236000004
385.42591714
372.14743446
363.14163964
359.8266231
360.30545886000004
358.85053496
384.0078268
425.66653394
467.54624228
504.63759344
535.6882479
559.40903252
574.87910952
583.03773342
584.45582382
576.6839517999999
559.9062850600001
539.0953482
526.3325347
509.40753384000004
481.56139532000003
451.19216094
0.0
610.2024519199999
600.09165156
592.5407807
586.64741804
582.94564962
579.81480076
577.8810411
575.7262803799999
584.08748866
600.90198896
617.07190272
630.4793027200001
644.69704014
657.8650222599999
667.86532202
674.21910364
677.0737011599999
674.66110584
667.46015334
657.75452172
647.8094722599999
639.6508484000001
626.64861702
619.4108309999999
0.0
2191.2443160000003
2058.9014914
1959.4509968000002
1887.7361396000001
1846.169516
1839.2448153999999
1849.3740326
1878.3620098000001
2013.8356835999998
2206.6775598
2413.1662534
2617.4817696
2800.397013
2955.4477005999997
3081.160493
3167.4982552
3215.0503252
3210.4645524
3131.1067408
2999.003334
2880.3257436
2749.6588434
2564.570423
2364.8959299999997
0.0
108.30895543599999
103.46534796
99.892496852
97.056316132
95.15939002
94.312219108
94.606887276
95.288307312
99.874080088
106.835614724
114.09181754
121.64268836
129.15672576
136.1550939
141.38545326000002
144.71888647999998
146.81839694
147.2972327
144.88463738
140.0962802
134.93958788
129.43297716
121.91893975999999
114.29440186
0.0
2328.2834144
2175.4243212
2059.3434934
1976.3575802
1926.6691666
1913.4275174
1925.3799938
1951.4765402
2074.0584834
2264.7640155999998
2475.8753150000002
2682.6218434
2873.8430445999998
3040.606791
3179.8006498000004
3283.1002468
3350.8555011999997
3369.8615956
3315.1638232
3205.9156132
3091.6580448
2954.4163622
2747.6514171999997
2525.6742294
0.0
349.75265636
334.11682862
322.5511044
313.39797552
307.26519504
304.55793153999997
305.49718622
307.68878044
322.51427088
345.00113276
368.39041574
392.81103722
417.02907438
439.68168704
456.53302085999997
467.28840772
474.12102500000003
475.61278242000003
467.82249368
452.40766698
435.722084
417.9314955
393.69504159999997
369.07183580000003
0.0
72.04635837000001
68.234089404
65.342658352
63.077397086
61.567222906
60.996303404
61.069970436
60.830552578
65.10324049799999
72.156858918
79.247310854
85.545842182
90.813035048
94.827888328
97.443067996
98.82432489199999
99.082159528
97.756152928
94.919972148
91.38395455599999
89.229193838
86.356179548
81.64148942599999
76.484797108
0.0
574.28977326
543.88370532
520.7522569
502.81433438000005
490.64085717999995
486.16558492
486.81017142
484.83957829999997
518.81849734
575.1185274
631.6948087999999
681.8068080400001
723.77860014
755.8237595200001
776.7267802
787.7400016199999
789.6553445
779.1577923
756.48676286
728.364373
711.12628718
688.2710902
650.6456530400001
609.6131156199999
0.0
594.38245654
555.3573457599999
525.7247816600001
504.5270929
491.83794648
488.46767969999996
491.52486156
498.19172805999995
529.48180038
578.15729244
632.0631439599999
684.82715644
733.64998256
776.21111092
811.75545442
838.12825224
855.4215882999999
860.2836124600001
846.30529298
818.4223208999999
789.25017582
754.2215016
701.4390723399999
644.77070716
0.0
422.35151745999997
403.47434025999996
389.49602072
378.44596574
371.0240122
367.7826627
368.90608496000004
371.53968142
389.45918726
416.60548892
444.83837932
474.3420261
503.58783822
530.93672424
551.28724218
564.2710567199999
572.52176444
574.32660678
564.91564328
546.29630064
526.14836712
504.67442696
475.41019806
445.68555024
0.0
171.42318600000002
163.87231512
158.51303847999998
154.11143320000002
151.64358758
151.3489195
151.7356714
153.48526348000001
163.4671464
176.37729402
189.56369288
202.10550528
213.56072890000002
223.80044654
231.20398334
236.50800973999998
239.95194356000002
239.87827652000001
234.86891826
226.23145864
217.57558224000002
208.27511934
195.23605444
182.52849128
0.0
45.434142664
42.450627822
40.18536655
38.564691824
37.588603636
37.330769024
37.570186878
38.067439348
40.46161793
44.181803095999996
48.307156948
52.34042701
56.079028944
59.320378398
62.046058624
64.053485278
65.379491872
65.747827032
64.679655054
62.543311093999996
60.314883344
57.644453397999996
53.611183336
49.283245136
0.0
543.92053884
511.0650421
486.38658602
468.57758078
458.26419616
456.5514376
459.05611672
466.25706922
499.88606984
547.7512246
599.0050628199999
649.7248151399999
695.12212428
733.6131491
764.81113756
786.2482442
798.05338628
796.91154724
777.22403264
744.42378616
714.97538968
682.52506162
636.5936664799999
587.0157532
0.0
102.0472576
96.632730676
92.525793566
89.339694386
87.184933668
86.374596306
86.503513612
86.153595206
92.175875158
102.194591652
112.23172494399999
121.14543592000001
128.60422302
134.29500131999998
138.01518648
139.96736288
140.29886452
138.43877194
134.40550186000002
129.41456038
126.35737850000001
122.28727491999999
115.6019917
108.30895543599999
0.0
346.14297174
329.71522338
317.43124564
308.46228432
303.17667472
301.90591833999997
302.40317088
304.96310026
326.1792058
357.61661214000003
388.7593504
416.12665316
436.6429219
450.75015876
459.44286862
465.29939776000003
466.7174882
462.3342997
450.84224252
436.01675212
424.6351955
409.84653862
388.11476386000004
365.05698252
0.0
200.9636663
188.82702256
179.71072723999998
173.13594452
169.3052588
168.67908904
169.59992694
172.27035686
184.68325194
202.38175668
221.31418417999998
240.04402732
256.82169416
271.03943152
282.56832216
290.48752823999996
294.85229996
294.42871449999996
287.15409502
275.03586808
264.15156394
252.180671
235.20041989999999
216.89416222
0.0
83.777833386
80.020814694
77.258300958
75.066706724
73.59336606
72.94877952600001
73.16978062199999
73.703866608
77.2398842
82.635994372
88.23468889200001
94.091218
99.892496852
105.307023836
109.340293868
111.918640012
113.55773154
113.9260667
112.04755736000001
108.36420566800001
104.36776916400001
100.095081196
94.293802344
88.400439714
0.0
559.16961474
525.3932800599999
500.01498712
481.70872944
471.10067664
469.33266788
471.92943077999996
479.31455079999995
513.8828061
563.09238422
615.7827296600001
667.92057232
714.60705452
754.1662513
786.2482442
808.2746870799999
820.41133082
819.2510750399999
798.99264096
765.28997332
734.99440592
701.6600734799999
654.4210885
603.48033508
0.0
99.41366116399999
92.89412873
87.94002075399999
84.38558641
82.267659208
81.6967397
82.212408934
83.33583119000001
88.56619054000001
96.70639767200001
105.712192468
114.55223645999999
122.71086037999999
129.83814584
135.76834200000002
140.18836402
143.079795
143.8901324
141.55120405999998
136.89176422
132.01132328
126.15479414
117.31475022000001
107.84853645199999
0.0
18.195757176
17.293336019999998
16.556665686
16.004162942
15.543743981999999
15.396409918
15.396409918
15.672661288
16.851333824
18.379924756
19.963765972
21.473940145999997
22.836780256
23.997036034
24.7152896
25.249375596
25.48879345
25.341459386
24.733706358
23.647117622
23.039364604
21.971192622
20.442601684
18.914010748
0.0
346.12455502
323.39827532000004
306.14177278
293.80254478
286.41742466
284.44683152000005
286.21484034
290.1007763
308.31495026
336.676758
368.05891414
398.79648368
427.21354166000003
452.00249829999996
472.70293462
488.06251102
498.11806101999997
500.95424180000003
492.81403462000003
476.58887062
459.59020274
439.20285128
408.46528174
375.4624509
0.0
167.02158076
158.18153684
151.44100332
146.22906068
142.6930431
141.38545326000002
141.56962084
140.99870132
150.88850058
167.26099864000003
183.7071638
198.29323636
210.48513034
219.80400998
225.88154026
229.08605619999997
229.65697568
226.5997938
220.00659434
211.8295537
206.82019538
200.17174568000001
189.23219124
177.29813192
0.0
1601.6133836
1496.4721102
1416.6170465999999
1359.5250958
1325.3435924
1316.2457138
1324.4595878
1342.4159272
1426.7278468
1557.910416
1703.1449718
1845.3591787999999
1976.8916662000001
2091.6096542
2187.3583802
2258.4286504
2305.0230484000003
2318.1173638
2280.4919266
2205.333136
2126.7304122
2032.3261089999999
1890.0934849999999
1737.400142
0.0
45.121057768
43.113631118
41.621873698
40.424784414
39.651280564
39.301362158
39.411862706
39.706530838
41.60345694
44.51330475
47.533653108
50.682918772
53.813767678000005
56.723615484
58.89679296
60.296466586
61.162054226
61.364638568000004
60.351716859999996
58.362706968
56.20794625
53.924268225999995
50.79341932
47.625736898
0.0
312.05355216
295.53371998
282.97349084
273.23102574
266.6194095
264.1883974
264.51989910000003
263.45172708
281.92373566000003
312.51397113999997
343.25154072
370.4899262
393.28987292
410.71212626
422.05684938
428.0422958
429.09205102
423.38285596000003
411.06204464
395.79455206
386.42042212
373.98911026
353.54650856
331.26223106
0.0
1372.7667446
1349.9852152
1333.0417974
1319.7633145999998
1311.4389397999998
1304.3853218
1300.0389668
1295.1953588
1313.9804524
1351.8268910000002
1388.2184048
1418.348222
1450.3565474000002
1479.989112
1502.4575568
1516.748961
1523.1764096
1517.7802996
1501.5551356
1479.7128602
1457.3733324
1438.9934074
1409.7475954000001
1393.485598
0.0
399.44107018
378.29863167999997
362.20238496
349.73423958
341.28094754
338.15009864
338.61051766
337.22926074
360.87637838
400.03040644
439.36860212
474.23152555999997
503.42208742
525.7063649199999
540.25560392
547.9169754
549.24298202
541.9315289799999
526.18520068
506.60818658
494.61887695999997
478.7252146
452.55500104
424.00902572
0.0
552.48433142
516.2033176599999
488.67026406
468.96433272
457.17760736
454.04675846
456.88293924
463.07097002
492.15103134000003
537.4010064199999
587.49458896
636.5568329600001
681.93572536
721.51333888
754.5345864599999
779.0472917
795.1251217399999
799.63722752
786.6534129199999
760.74103402
733.6131491
701.05232044
651.9900764
599.31814778
0.0
813.6892140799999
800.18973026
790.1341802
782.27022442
777.35294996
773.1539290999999
770.57558288
767.70256864
778.84470738
801.27631896
822.84234292
840.72501514
859.6942762000001
877.24544684
890.56076308
899.0324719
902.84474082
899.64022488
890.02667712
877.07969604
863.83804682
852.95374268
835.62357316
825.97319182
0.0
174.35145054
165.6955742
158.66037254000003
153.46684670000002
148.93632417999999
147.57348403999998
147.57348403999998
150.18866372
161.51497006
176.19312644000001
191.36853526
205.7704402
218.93842238000002
230.02531088
236.89476168
241.92253668
244.26146502
242.8802081
237.11576277999998
226.58137706
220.76168144000002
210.5772141
195.9727248
181.34981872
0.0
730.40863316
686.2820803
653.13191544
629.22696318
615.37756094
613.07546616
616.4457328999999
626.11453106
671.27242232
735.54690866
804.37033434
872.47550644
933.4533931999999
985.13081652
1027.02894212
1055.8143348400001
1071.65274724
1070.1425728
1043.67769164
999.64322216
960.0840256800001
916.52839222
854.8322519999999
788.2925044000001
0.0
252.88050786000002
236.28700864
223.6715292
214.66573442
209.25120748
207.81470036000002
209.1222902
211.95847098000002
225.27378721999997
245.97422354
268.92150428
291.37153262000004
312.12721924000004
330.24930934
345.36946792000003
356.5852737
363.95197698000004
366.01465394
360.06604098
348.20564864
335.79275362
320.89359614
298.42515105999996
274.31761444
0.0
938.38908444
893.8573627799999
860.55986386
836.23132614
821.92150502
818.49598794
819.82199456
826.74669566
884.28064848
969.51340568
1053.9174088
1128.11852804
1183.7371377999998
1221.988745
1245.5253622
1261.4190246
1265.2681269999998
1253.4077344
1222.2465797999998
1182.0243793999998
1151.1947264
1111.06460992
1052.16781708
989.64292284
0.0
947.65271376
905.9203394799999
876.26935864
851.97765448
838.34925338
836.69174512
838.8280890999999
848.49688716
903.6366614399999
975.0015998399999
1047.89512924
1117.307891
1180.5326218
1237.1457369999998
1278.1230246
1307.4240869999999
1326.5222648
1326.1170962
1298.4182918
1250.5899706
1202.8168992
1151.3420602
1079.25886836
1009.01735252
0.0
2622.6568788000004
2579.156496
2546.761418
2521.4015414
2505.526296
2492.026812
2483.7208542
2474.4572248
2510.3699036
2582.6740962
2652.1789419999996
2709.7681451999997
2770.9301998
2827.506481
2870.4359448
2897.7664139999997
2910.0503916
2899.7001732
2868.7231858
2826.9908114
2784.3191828
2749.1984248
2693.340397
2662.2344922
0.0
605.70876288
569.1330809399999
541.6368608
521.82042892
510.32837174
508.4130289
511.21237612000004
519.22366602
556.66493556
609.9814507799999
667.05498466
723.53918226
774.09318378
816.967397
851.70140314
875.56952184
888.7190872799999
887.4483309
865.51397182
828.9935401800001
796.1932936999999
760.07803068
708.91627622
653.7212517
0.0
1135.3931475999998
1060.8421102
1004.22899504
963.76737732
939.5309236
933.08505792
938.90475348
951.6307335199999
1011.4115306799999
1104.39774336
1207.365839
1308.1791738
1401.4232206000001
1482.7516254
1550.6173792
1601.0056302
1634.0268776
1643.308924
1616.6414582
1563.3617764
1507.632666
1440.7245828
1339.8928310000001
1231.6391266
0.0
779.9497129199999
742.9320287800001
715.2700578
695.0484572400001
683.15123144
680.29663388
681.40163936
687.14766794
734.9759891799999
805.80684152
875.97469056
937.6339969200001
983.87847752
1015.6658021600001
1035.22439948
1048.42921524
1051.63373112
1041.780765
1015.86838616
982.4419702800001
956.82425956
923.4715101
874.5197666
822.5476747399999
0.0
1024.04542716
962.18353572
915.71805488
882.1995548
862.7698748600001
859.54694214
864.26163228
877.8163663600001
941.13318152
1031.24637972
1127.7501927600001
1223.2410848
1308.7132597999998
1381.1832038
1439.932662
1480.2653632000001
1502.4943902
1500.3580462
1463.2666949999998
1401.533721
1346.0624458
1284.9924752
1198.5073782
1105.1896641600001
0.0
1051.2101456
982.2025524000001
929.7884579199999
892.3103551
869.87874354
863.91171386
869.30782402
881.0945493199999
936.41849124
1022.53525272
1117.841977
1211.1965243999998
1297.5342876
1372.821995
1435.6599744
1482.3096234
1512.8998586
1521.4820682
1496.785195
1447.4651165999999
1395.8613598000002
1333.907385
1240.5528374
1140.328839
0.0
146.46847856
138.71502328
132.82166068
128.23588786
125.14187248
124.00003348
124.16578428000001
123.65011505999999
132.32440818
146.68947966000002
161.10980138000002
173.89103162
184.59116818
192.76820881999998
198.10906878
200.908416
201.40566848
198.71682176000002
192.93395966
185.76984074
181.36823546
175.54853988
165.9534088
155.47427334
0.0
24.070703066
22.98411433
22.192193722
21.566023936
21.142438498
20.958270918
21.013521192
21.179272014
22.192193722
23.739201412
25.341459386
27.03580115
28.693309388000003
30.258733846000002
31.418989613999997
32.155659948
32.63449566
32.726579449999996
32.192493464
31.124321486
29.982482466
28.76697642
27.091051424
25.39670966
0.0
1676.882674
1597.3222786000001
1537.8177326
1494.3357661999999
1468.7548894000001
1462.640525
1465.0162868
1477.373932
1580.1946934
1732.5012846
1883.3529512
2015.9351946
2115.3304382
2183.6750286
2225.7389042
2254.1375454
2261.0069966
2239.8093076
2184.1354476
2112.2548396
2057.188733
1985.4738757999999
1880.2221026
1768.4876298
0.0
2357.326642
2245.4632524
2161.8327532
2100.7075322
2064.739604
2056.120561
2059.4908274
2076.8578308
2221.3925492
2435.5057808
2647.5563358
2833.93393
2973.6802914
3069.760519
3128.8783134
3168.8058454
3178.4746436
3148.6763286
3070.386689
2969.3523534
2891.9283014000002
2791.1149666
2643.1547308
2486.078199
0.0
1583.325542
1508.2035854
1452.0140558
1410.9631018
1386.8187316
1381.017453
1383.2827138
1394.9589385999998
1492.0152544
1635.83172
1778.2669288
1903.4456346000002
1997.2974347999998
2061.8481726
2101.5547034
2128.3695032
2134.8522021999997
2114.8516032
2062.2717578
1994.406004
1942.3970786
1874.6970752
1775.3018306
1669.810639
0.0
558.9854471599999
533.9939061599999
515.5034808
500.86215803999994
491.04602586
486.75492118
488.2466786
491.74586266
515.42981382
551.36090916
588.7469285
627.77203928
666.48406514
702.6914119200001
729.63512928
746.79954796
757.72068566
760.1332809800001
747.66513566
723.02351304
696.3744638200001
667.9389891000001
629.2085464
589.85193398
0.0
304.74209915999995
288.60901888
276.34345792
266.82199385999996
260.35771174
257.98194994
258.33186832
257.28211308
275.31211942
305.18410136
335.20341736
361.79721628000004
384.06307704
401.08016172
412.16705012
418.00516252
419.03650102
413.45622328
401.4300801
386.51250588
377.35937704
365.22273332
345.25896736000004
323.49035907999996
0.0
436.49558784
413.40097298
395.81296884000005
382.18456768
372.93935508000004
369.53225478
370.01109048
368.51933306
394.35804487999997
437.14017437999996
480.14330494
518.22916108
550.1269864
574.4923575800001
590.3676032000001
598.74722826
600.20215216
592.22769578
574.98961006
553.62617046
540.51343858
523.14643554
494.54520992
463.34722142
0.0
590.3307697399999
559.0775309200001
535.301496
516.86632094
504.3613421
499.75715249999996
500.40173906
498.37589564
533.3124861
591.1963573400001
649.3380632000001
700.84973608
744.0002007400001
776.92936456
798.42172144
809.74802778
811.7186208999999
800.9264005800001
777.62920136
748.7148908400001
730.99796942
707.49818584
668.82299348
626.63020024
0.0
77.773970186
74.293202878
71.714856716
69.689013304
68.326173194
67.71842017
67.921004514
68.418256984
71.714856716
76.705798208
81.91774079999999
87.332267736
92.728377908
97.756152928
101.51317162000001
103.90735018000001
105.41752436
105.749025996
104.017850704
100.592333712
96.890565252
92.930962276
87.534852074
82.065074864
0.0
31.639990714
30.240317087999998
29.245812142
28.435474776
27.993472574000002
27.9382223
28.011889332
28.324974228000002
30.166650056
32.54241187
34.991840716
37.293935508
39.411862706
41.308788812
42.671628922
43.64771711
44.292303644
44.273886886
43.353048978000004
41.750791008
40.148533033999996
38.435774518
36.023179182
33.684250884
0.0
852.2539058799999
800.77906646
762.08545738
734.2024853
718.0325716
715.3437248800001
719.2849111400001
730.55596722
783.24631262
858.2393523000001
938.55483516
1018.023147
1089.16708412
1149.463551
1198.3600438
1231.9522112
1250.4426362000002
1248.6562107999998
1217.7897244
1166.4069684
1120.25457208
1069.4243192
997.451628
919.78815846
0.0
96.908982016
92.581043844
89.37652790199999
86.83501526
85.140673502
84.38558641
84.643421026
85.25117405
89.35811114399999
95.60139218
102.084091128
108.843041416
115.5467414
121.82685594
126.50471261999999
129.48822746
131.36673678
131.79032218
129.63556148
125.36287358000001
120.74026724000001
115.80457606
109.100875996
102.26825870799999
0.0
277.172212
260.43137872
247.85273286
238.79168778
233.52449489999998
232.6589073
233.92966362
237.59459848
254.74060044
279.12438840000004
305.23935166
331.09648026
354.22792862
373.8417762
389.7354386
400.65657625999995
406.6788562
406.10793672
396.0708034
379.3483869
364.33872887999996
347.8188968
324.39278019999995
299.14340463999997
0.0
259.87887598
242.8249578
229.85955998
220.5959306
215.05248632
213.57914568
214.9051523
217.81500011999998
231.49865152
252.78842404
276.3618747
299.43807276
320.78309564
339.38402144
354.92776548
366.45665612
374.02594378000003
376.14387096
370.02950722
357.83761324
345.09321652
329.77047368
306.69427556
281.92373566000003
0.0
135.54734086
128.38322188
122.91344473999999
118.67759029999999
115.80457606
114.75482077999999
114.90215484000001
114.44173592
122.4714425
135.74992522
149.10207498
160.9256338
170.83384974
178.4031374
183.33882858
185.93559154000002
186.39601046
183.9097481
178.56888823999998
171.92043848
167.8503349
162.45422474
153.57734724
143.8901324
0.0
998.28038208
948.7208857200001
908.44343534
878.6267037
852.67749134
844.88720254
844.94245284
859.89686052
924.79751668
1008.8331848800001
1095.64978308
1178.0647766
1253.5366518
1316.9455502
1356.3574132
1385.1428065999999
1398.4949563999999
1390.5573332000001
1357.6097525999999
1297.2396194
1263.9237032
1205.6162466
1122.00416436
1038.281581
0.0
1175.1733451999999
1104.1951587600001
1050.86022728
1012.40603604
990.10334168
986.40157308
991.81610008
1007.37826068
1080.03237224
1183.4424695999999
1294.1824372
1403.7621490000001
1501.8682208
1585.0198844000001
1652.443636
1698.7433667999999
1724.2321598
1721.782731
1679.2216028
1608.3723338
1544.7240172
1474.6482514
1375.3819242
1268.3068922
0.0
2056.2310614
1921.2178062
1818.7101294
1745.4114316
1701.5242972
1689.848072
1700.4008748
1723.440239
1831.6939444
2000.1151988000001
2186.5664594
2369.1502012
2538.031874
2685.3106904
2808.2425518
2899.4791724
2959.2968032
2976.0928866
2927.7857298
2831.3003334
2730.3949142
2609.1942282
2426.59207
2230.5456782
0.0
2164.3926824
2061.7008388
1984.9029568
1928.7686772
1895.7474292000002
1887.84664
1890.9406556
1906.8895684
2039.5823118
2236.1627896
2430.8831746
2601.9932758
2730.3028308000003
2818.5191028
2872.7932896
2909.4610552
2918.337933
2890.9706298
2819.1084392
2726.324811
2655.2361241999997
2562.6734972000004
2426.8314878
2282.6098536
0.0
172.21510662000003
163.09881124
156.15569336
150.77799998
147.13148186
145.7870585
145.98964286
145.38188982000003
155.58477388
172.47294122
189.4347756
204.46285036
217.04149628
226.6550441
232.91674186
236.21334166
236.80267786000002
233.65341222
226.8576284
218.42275310000002
213.24764404
206.39660998
195.10713716
182.80474262
0.0
2430.6990072
2315.3548504
2229.127588
2166.0870244000002
2129.0140896000003
2120.1187958
2123.5995626
2141.500652
2290.5290598
2511.3091581999997
2729.9713296
2922.150202
3066.2245018
3165.3066612000002
3226.2661313999997
3267.4460028000003
3277.4094686
3246.671899
3165.9696646
3061.7860634
2981.9494162
2877.9868158
2725.4223898
2563.4654179999998
0.0
3.8491024792
3.62810138
3.4439337972
3.3150164894
3.2413494564
3.2413494564
3.2597662144
3.2965997307999997
3.5360175886
3.8859359955999997
4.2358544032
4.6041895682
4.9172744588
5.193525833
5.4145269322
5.580277756999999
5.6539447898
5.6539447898
5.5066107236
5.267192866399999
5.064608525600001
4.8436074264
4.5121057768
4.1621873698
0.0
209.58270918
195.82539074
185.3830888
177.9058849
173.43061264
172.25194014
173.3201121
175.67745716000002
186.70909541999998
203.8735141
222.87960864
241.48053444
258.70020348
273.7098615
286.25167386
295.53371998
301.64808378
303.36084230000006
298.42515105999996
288.59060214
278.31405104
265.95640622
247.33706358
227.3548809
0.0
3251.055088
3096.7963206
2981.4521636
2897.140244
2847.543914
2835.6651044
2840.3061276
2864.2663304
3063.5724882
3358.8667907999998
3651.324912
3908.3676074
4101.0805658
4233.5891418
4315.1201304
4370.2046544
4383.519970599999
4342.4137662
4234.473145999999
4095.1135362
3988.3515884
3849.3050633999997
3645.2473816
3428.6294708
0.0
658.87794398
627.60628848
604.23542218
587.1446704800001
577.1075372600001
574.69494194
575.63419662
580.49622078
620.8841717
680.7386360200001
740.00376418
792.0863566
831.1483009000001
857.99993442
874.53818338
885.6987389200001
888.38758558
880.06321088
858.1841019999999
829.9512116000001
808.3115206
780.1338805
738.76984138
694.8642896599999
0.0
796.91154724
744.60795378
704.8645894199999
676.46594812
659.4488635
654.91834094
659.02527804
667.95740584
709.9107811599999
775.1797724800001
847.44713198
918.20431722
983.657476
1040.73100996
1088.37516392
1123.73533972
1146.9220384
1153.4231538
1134.7117276
1097.30729124
1058.2085136
1011.22736304
940.4517612
864.4826333799999
0.0
205.29160444
195.54913934
188.27451982000002
182.9520767
179.802811
179.06614068000002
179.36080886
180.87098302
193.44962894000003
212.10580504
230.55939684
246.80297761999998
258.95803808
267.33766314
272.47593864
275.95670598
276.80387684
274.20711394
267.39291334
258.58970292
251.84916936
243.06437568
230.19106168000002
216.50741028
0.0
155.62160740000002
146.2106439
139.15702552
134.05558344
131.10890215999999
130.61164968
131.32990325999998
133.3925802
143.00612802
156.70819613999998
171.3679357
185.88034124
198.88257262000002
209.87737729999998
218.80950504
224.94228558
228.31255232
227.99946740000001
222.36393936000002
212.97139264
204.55493411999998
195.27288800000002
182.12332256000002
167.94241872
0.0
203.08159347999998
194.00213168
187.28001484
181.9759885
178.4031374
176.83771294000002
177.39021567999998
178.66097200000002
187.26159816
200.31907974
213.8922306
228.07313448
242.14353778
255.29310318
265.09081862
271.31568286
275.29370268
276.15929034
271.62876778
262.67822323999997
252.9910084
242.65920699999998
228.58880366
214.29739926
0.0
226.8576284
216.1022416
208.05411823999998
202.16075558
198.69840504
197.86965089999998
198.20115254
199.87707754
213.78173004
234.39008254
254.79585068
272.7337733
286.17800682
295.42321948
301.11399782
304.96310026
305.88393815999996
303.02934059999995
295.49688646
285.7728381
278.31405104
268.60841942
254.37226528000002
239.25210669999998
0.0
1295.9320296
1234.4384734
1188.470245
1154.859661
1135.0984798
1130.3469562
1132.2070484
1141.7469292
1221.1968242
1338.9167434
1455.4948232
1557.9472494000001
1634.7819650000001
1687.6012276
1720.106806
1742.0595818000002
1747.3636084
1730.972693
1687.9511458
1632.4062032000002
1589.8450750000002
1534.4106322
1453.0822278
1366.7260482
0.0
718.1062385800001
674.73477282
642.1371107
618.63732718
605.0273428
602.74366476
606.07709804
615.5617285200001
659.96453272
723.15243036
790.834017
857.7973501
917.7438983
968.5557342
1009.75402248
1038.04216312
1053.62274068
1052.1309832
1026.12652084
982.82872192
943.93252884
901.1135655200001
840.4487638
775.0140216799999
0.0
793.09927826
753.7242491
721.7159232399999
698.0319720800001
677.4236195799999
671.2355888
671.27242232
683.15123144
734.71815458
801.47890332
870.4680797999999
935.93965548
995.8862039200001
1046.27445436
1077.58294324
1100.43814056
1111.06460992
1104.74766168
1078.57744804
1030.60179328
1004.13691152
957.8187643599999
891.38951716
824.8681863
0.0
538.9295974
506.36876874000006
481.91131376
464.26805932
454.04675846
452.35241672
454.83867908
461.96596453999996
495.28188024
542.70503276
593.4984521599999
643.7577854599999
688.73150918
726.87261552
757.7943527
779.0288749599999
790.7235164599999
789.58167746
770.0783304400001
737.57275208
708.400607
676.2633638
630.73713734
581.61964304
0.0
1434.5181356
1366.449797
1315.5642940000002
1278.3624424
1256.4833336
1251.234557
1253.278817
1263.8500368
1351.808474
1482.107039
1611.1532642000002
1724.5636614
1809.5938344
1868.0670418
1904.053388
1928.3450916
1934.2200376
1916.0979474
1868.453794
1806.9602378
1759.8501704
1698.5039486
1608.4644171999998
1512.8814416
0.0
1074.82042984
1009.9013568400001
961.11536376
925.93935572
905.5520043199999
902.1633208000001
907.1358455000001
921.33516618
987.80124704
1082.38971708
1183.6818874
1283.8874698
1373.6139157999999
1449.656711
1511.3344339999999
1553.6745614000001
1576.9901774
1574.743333
1535.8287224
1471.0201502
1412.8231946
1348.7144588
1257.9382572
1159.9979368
0.0
753.74266584
708.2164394199999
673.9981025
649.3380632000001
635.02824202
632.6524802199999
636.1332475
646.1151305200001
692.70952896
759.0466922400001
830.0801288800001
900.3584785200001
963.2701246
1016.60505672
1059.8476054
1089.55383636
1105.90791776
1104.32407616
1077.03044032
1031.57788112
990.76634504
945.81103796
882.14430456
813.46821294
0.0
262.32830481999997
248.44206909999997
237.87084988
229.6753924
224.13194818
222.08768801999997
222.36393936000002
221.46151823999998
236.98684544000002
262.71505676000004
288.55376864
311.44579912
330.6176445
345.25896736000004
354.79884814
359.8266231
360.71062754
355.90385362
345.55363550000004
332.71715496
324.83478244
314.3924805
297.20964498
278.46138506
0.0
2449.4472674
2301.5054476
2190.3234784
2110.173746
2063.6898484
2055.9548096000003
2067.2811162
2099.6761942
2251.1171972
2466.6669359999996
2697.5025846
2925.888804
3130.351654
3303.6901828
3444.2100484
3540.7138622
3593.8646266
3588.7447678
3500.0496598
3352.3656748000003
3219.7097654
3073.6464554
2866.7341762
2643.541483
0.0
794.09378324
756.41309582
728.23545562
707.6455199
695.527293
692.63586192
693.7592841799999
699.6158133199999
748.30972216
820.4297475999999
891.86835292
954.6510817599999
1001.72431584
1034.08256032
1054.00949292
1067.45372656
1070.71349268
1060.67635952
1034.3035612400001
1000.26939224
974.19126212
940.23076028
890.3765955
837.4652490000001
0.0
1859.226998
1770.992309
1705.041898
1656.8268246
1628.4650168
1621.669233
1624.3212466
1638.0233144
1752.0046316
1920.886305
2088.1288864
2235.131451
2345.3373326
2421.1222926
2467.735108
2499.2461814
2506.8523028
2483.352519
2421.6195456
2341.9302322
2280.8602622
2201.3551162
2084.6481196
1960.777003
0.0
155.91627558
146.48689530000001
139.41486014
134.3134181
131.36673678
130.86948428
131.58773786
133.65041476
143.28237936
157.00286428
171.69943740000002
186.24867644
199.25090777999998
210.28254597999998
219.2330905
225.36587098
228.7545545
228.42305285999998
222.78752482
213.37656132
204.94168606
195.64122315999998
182.47324098
168.27392036
0.0
1273.5372514
1189.9251686
1126.44260292
1081.04529396
1053.8621585600001
1046.6243727199999
1053.16232188
1067.4353096
1134.4907263999999
1238.8032454
1354.2763192
1467.3552152
1571.9624024
1663.1806062
1739.3154848
1795.8180996
1832.8726168
1843.2780852
1813.3508534
1753.6068896
1691.1004118
1616.0337052
1502.9363928
1381.514705
0.0
1462.2721904
1373.9638340000001
1307.5898374
1259.7430996
1231.9890448
1227.384855
1234.1253888
1253.4814013999999
1343.8892678
1472.5671578
1610.37976
1746.7190214
1868.7852956
1972.2506434
2056.1389774
2113.7650142
2145.4786718
2142.4214902
2089.4733096
2001.3122882
1922.1202278
1834.9168774
1711.3956796
1578.1504332
0.0
211.81113692
201.29516794
192.74979208
186.41442724
180.90781648
179.26872504
179.26872504
182.45482420000002
196.21214264
214.03956466
232.47473972
249.95224326
265.974823
279.41905651999997
287.7802648
293.89462854
296.73080932
295.03646754
288.05651614
275.23845238
268.16641722
255.80877239999998
238.05501746000002
220.30126246
0.0
157.5185335
150.04132966
144.44263514
140.35411482
137.95993622
137.3890167
137.6100178
138.77027358
148.42065496
162.73047608
176.91137998
189.36110856
198.69840504
205.10743686
209.0670399
211.73746988
212.38205643999999
210.39304651999998
205.16268716000002
198.40373685999998
193.22862784
186.48809427999998
176.61671184
166.1191596
0.0
1429.2325254
1353.5764828000001
1296.0056966000002
1251.3634744
1221.0863238
1209.9441846
1211.5280262
1206.6107522
1291.2173389999998
1431.332036
1572.1097364000002
1696.8280236
1801.26946
1881.0324398
1933.0413652
1960.4455014
1965.2522754000001
1939.0820615999999
1882.6899478
1812.68785
1769.7952196
1712.9058532
1619.2750542
1517.1357131999998
0.0
424.87461338
402.38775155999997
385.27858308
372.0001004
362.99430557999995
359.67928908
360.1581248
358.70320088
383.8420759
425.50078313999995
467.34365792
504.43500908
535.4672468
559.18803148
574.6396916399999
582.7983156
584.21640594
576.44453398
559.68528392
538.8743471
526.1115336
509.20494952
481.37722773999997
451.00799336
0.0
2865.1503346
2692.0880576
2562.0473267999996
2468.287611
2413.9213402
2404.8787119999997
2418.1203613999996
2456.0220498
2633.1728476
2885.2982686
3155.3063614000002
3422.459857
3661.61988
3864.369972
4028.7395396
4141.6342678
4203.7908268
4197.8053804
4094.0453642
3921.3145883999996
3766.1349828
3595.2827168000003
3353.268096
3092.1921308
0.0
372.68152041999997
350.17624182
333.25124096
321.05934698
313.98731182
312.80863926
314.53981456
319.45708902
342.5148704
375.2967001
410.41745814
445.16988096
476.27578572000004
502.64858354
524.03043992
538.70859626
546.81196992
546.0200493
532.52056548
510.0521204
489.8673533
467.65674288
436.16408618
402.22200066
0.0
1857.2564048
1769.1322162000001
1703.2370556
1655.0772326000001
1626.7338414
1619.9564746
1622.6084876
1636.2921390000001
1750.1445388
1918.8420444
2085.9188754
2232.7556892
2342.8510704
2418.5623634
2465.1383453999997
2496.5941684
2504.2002898
2480.718923
2419.059616
2339.4439700000003
2278.4476664
2199.0161884
2082.4565246
1958.695909
0.0
1791.2507428
1683.0522888
1601.7607174
1543.1401756
1509.161257
1503.5073118
1511.7764366000001
1535.4788042
1646.2187718
1803.8478056000001
1972.6558126
2139.6773932
2289.203053
2415.9471838
2518.7126948
2589.2857126
2628.1450728
2624.4064706
2559.5426482000003
2451.5467774
2354.5457116
2247.7285137999997
2096.4164282
1933.1886995999998
0.0
820.3929140800001
776.9661980200001
743.92653372
718.29040616
700.92340316
694.51437124
695.43520918
692.59902836
741.16401996
821.59000332
902.4027386800001
973.9886781199999
1033.95364292
1079.71928716
1109.5912693999999
1125.31918072
1128.0632778
1113.05361952
1080.67695868
1040.5100090399999
1015.86838616
983.21547416
929.47537348
870.85483174
0.0
60.443800654
57.754953946
55.747527296
54.163686080000005
53.095514101999996
52.635095148
52.80084597
53.169181134
55.747527296
59.633463288
63.666733349999994
67.884170998
72.083191886
75.987544638
78.897392442
80.757485028
81.93615755799999
82.193992176
80.84956881800001
78.19755563
75.306124582
72.23052595
68.049921824
63.795650662
0.0
209.36170808
200.15332894
193.596963
188.21926952
185.21733794
184.84900277999998
185.32783849999998
187.46418242
199.63765972
215.4024048
231.5170683
246.83981114
260.81813066
273.32310956
282.38415458
288.84843676
293.0658744
292.97379060000003
286.8594269
276.28820762
265.73540512
254.37226528000002
238.4417694
222.91644209999998
0.0
16.906584098
16.169913764
15.635827772
15.212242334
14.97282448
14.93599096
14.97282448
15.138575302
16.133080248
17.403836568
18.711426404
19.945349214
21.068771466
22.081693173999998
22.818363498
23.334032731999997
23.683951138
23.66553438
23.168281909999997
22.321111027999997
21.473940145999997
20.553102232
19.263929154
18.011589592
0.0
24.310120924
23.241948942
22.486861849999997
21.860692068
21.510773662000002
21.473940145999997
21.52919042
21.768608278
23.186698668
25.009957738
26.888467075999998
28.67489263
30.295567362
31.750491261999997
32.800246486
33.555333574
34.034169286
34.034169286
33.31591572
32.081992910000004
30.866486864
29.54048027
27.698804442
25.89396213
0.0
6.8510340778
6.5195324288
6.243281054600001
6.0406967134
5.8565291306
5.8012788562
5.8012788562
5.911779406
6.353781604
6.9247011108
7.532454134
8.103373640200001
8.6190428722
9.0426283126
9.3188796856
9.5214640252
9.6135478164
9.5582975416
9.3372964436
8.9137110042
8.692709905000001
8.287541223
7.7166217168
7.127285452
