0.0
190.44769732
179.50814288
172.6571088
168.6606723
168.69750582
174.35145054
183.55982968
189.06644044
199.76657699999998
215.31032098
231.99590396
247.63173176
261.38905014
273.45202684
281.0213145
284.35474776
283.19449198
281.40806643999997
273.58094412
262.49405565999996
254.44593229999998
240.87278146
222.9716924
205.69677316000002
0.0
194.5730512
185.89875802
179.48972614000002
175.41962256
173.98311538000002
177.13238112
184.38858385999998
187.8141009
196.85672918
209.71162646
224.37136606
238.93902183999998
252.14383754
263.98581308
272.144437
277.08012823999996
278.848137
275.45945348
269.47400706
259.41845706
249.51024112000002
238.5522699
222.67702432
207.05961326
0.0
297.0807277
292.01611918
287.87234856
284.94408402
283.24974228
283.89432878
286.21484034
286.96992744
290.81902988
298.36990076
305.69977057999995
312.75338896
319.9543415
327.13687722
332.36723658
335.2586676
336.5110072
334.89033240000003
331.64898300000004
326.86062582
321.18826432000003
316.58407472
309.1437044
303.78442770000004
0.0
473.86319034
452.8128357
438.3740972
431.08106094
432.72015242
445.85130104
461.70812992
468.7801651
491.89319672
527.21653908
565.19189468
599.26289748
626.96170188
650.12998382
664.0530530399999
669.90958218
667.8469052800001
655.7655118600001
633.24181648
611.67579256
596.4819669999999
573.77410404
540.1082698600001
505.13484594
0.0
66.208245992
62.7643122
60.204382796000004
58.473207516
57.754953946
58.878376202
61.604056422
61.917141318000006
64.845405882
70.296766332
76.263796012
81.78882349
86.503513612
90.444699884
93.02304604
94.054384532
94.20171858399999
92.783628182
89.855363614
86.485096854
84.532920478
81.659906184
76.650547934
71.199187488
0.0
1293.7036016000002
1215.413962
1160.292605
1125.7243492799998
1119.31531752
1152.6128165999999
1214.6957088
1242.4129296
1301.530724
1400.502383
1522.1266546000002
1639.3493211999998
1744.9694296
1837.3294722
1902.5984638
1941.3104896
1961.9740924
1951.8632918
1901.7144592
1819.1889654000001
1746.2401863999999
1661.6151816000001
1534.060714
1404.8487380000001
0.0
90.905118838
85.41692487200001
81.530988878
79.099976786
78.657974584
80.996902886
85.36167459800001
87.313850978
91.457621588
98.4191562
106.964532072
115.19682302
122.61877656
129.1198923
133.70566506
136.41292856
137.86785246
137.16801566
133.63199808
127.83071914
122.71086037999999
116.76224742
107.811702924
98.713824364
0.0
372.22110144
347.2295605
329.73364012
318.86775276000003
315.93948816
326.49229066
344.22762892000003
350.89449536
363.65730886
388.81460066
419.9205054
451.65257992
482.1875651
511.17554266
534.1780737400001
549.2245652400001
557.38318914
558.9486136
550.2927372
529.9422192999999
508.87344787999996
483.2189036
445.6118832
406.1816037
0.0
406.08951994
382.79232072
368.18783141999995
359.6608723
359.69770582
371.7790993
391.42978034
403.17967211999996
425.9796189
459.11136698
494.69254398
528.04529326
557.38318914
583.11140046
599.2444806999999
606.33493264
603.88550376
600.0548180999999
583.38765186
559.72211748
542.55769874
513.62497148
475.44703158000004
438.61351502
0.0
2296.4776727999997
2157.4863982
2059.6565782
1998.3103563999998
1986.9288
2046.0097608
2156.2340584
2205.42522
2310.3639083999997
2486.0413656
2701.9778564
2910.0135582000003
3097.5145738
3261.4973898
3377.3387992
3446.0517241999996
3482.7379068
3464.7815674000003
3375.7549582
3229.2864796
3099.7798352
2949.5543382
2723.1387114
2493.7764044
0.0
96.798481492
90.941952354
86.816598502
84.238252346
83.759416628
86.24567899600001
90.88670207999999
92.967795744
97.387817764
104.79135456
113.88923317999999
122.65561008
130.57481616
137.48110051999998
142.36154145999998
145.25297254
146.7999802
146.0448931
142.28787438
136.11826038
130.66689992
124.33153508
114.79165434000001
105.122856256
0.0
720.16891552
707.90335456
697.8478044999999
690.7573525600001
686.66883224
688.2342567000001
693.8329512199999
695.6930438
704.9935067
723.29976448
741.09035294
758.16268786
775.6401914
793.0624448
805.69634092
812.7499594000001
815.7703077599999
811.8291214999999
803.96516566
792.38102472
778.64212302
767.48156754
749.4147276399999
736.44932982
0.0
1699.9404556
1597.0460268
1524.6129168
1479.2156082
1470.799149
1514.5205336
1596.1251892
1632.53512
1710.2170072000001
1840.257737
2000.0967821999998
2154.0977144
2292.8864046
2414.2712584
2500.0196852
2550.8867716
2578.0330736
2564.7545908
2498.8594292000002
2390.4215569999997
2294.5623299999997
2183.3619438
2015.7694432
1845.9669322
0.0
153.33792935999998
150.72274968
148.58640576
147.0762316
146.19222722
146.52372882
147.7208181
148.12598678
150.09657995999999
154.00093270000002
157.79478490000002
161.42288624
165.1430714
168.84483988
171.55210327999998
173.0438607
173.6884473
172.84127638
171.16535138
168.69750582
165.78765796
163.41189616
159.56279366
156.80027996
0.0
95.177806784
88.787191636
84.311919378
81.530988878
80.77590178599999
83.483165254
88.01368778599999
89.72644630799999
92.986212508
99.41366116399999
107.369700764
115.4914911
123.30019668
130.70373347999998
136.57867936
140.4277818
142.52729226
142.91404419999998
140.70403324
135.51050734
130.11439718
123.55803124
113.94448342
103.852099888
0.0
17.901089044
17.109168436
16.51983217
16.133080248
16.004162942
16.298831074
16.961834372000002
17.274919262
18.103673386
19.300762669999997
20.645186022
21.971192622
23.186698668
24.291704162000002
25.028374495999998
25.48879345
25.654544276
25.341459386
24.788956635999998
23.868118722
22.94728081
21.952775864000003
20.479435199999998
19.042928058
0.0
391.20877924
364.94648192
346.54814042
335.12975028
332.05415168
343.14104011999996
361.77879954
368.79558446
382.20298442
408.64944932000003
441.33919526
474.69194448
506.77393742
537.23525562
561.41645922
577.23645454
585.81866396
587.43933866
578.3598768
556.97802046
534.8410770200001
507.86052612000003
468.3381629
426.90045680000003
0.0
229.28864046
217.37299792
208.45928691999998
202.47384044
199.9875781
203.89193084000001
213.33972786
214.38948308
224.55553364000002
243.4142941
264.0778969
283.2313255
299.5669901
313.1953912
322.10910222
325.70037004000005
326.19762254
321.28034808
311.13271426
299.49332302
292.6975392
282.75248974
265.440737
246.56355974000002
0.0
154.11143320000002
146.10014339999998
140.11469694
136.08142686
134.40550186000002
137.03909828
143.39287990000003
144.09271676
150.92533404
163.59606374
177.50071628
190.3556135
201.33200146000001
210.50354708
216.50741028
218.90158886
219.2330905
215.93649076
209.1222902
201.29516794
196.72781186
190.04252864
178.4031374
165.71399092000001
0.0
1040.80467716
977.8193635199999
933.47180956
905.66250486
900.50581254
927.2837790799999
977.24844424
999.53272168
1047.10320844
1126.71885468
1224.5855076
1318.8793104000001
1403.8542327999999
1478.1658522
1530.6720301999999
1561.8147684
1578.445101
1570.304894
1529.9537768
1463.5613632
1404.8671544
1336.7803993999999
1234.1806391999999
1130.2180388
0.0
266.7299101
255.09051886
246.83981114
240.48602956
237.53934818
240.02561057999998
249.71282544
254.07759714
262.27305458
277.3932131
295.09171784
314.70556536
332.84607224
349.95524072
363.23372340000003
371.96326688
376.751624
374.0627773
365.83048629999996
352.82825502000003
339.1630204
324.76111535999996
304.13434612000003
283.65491096
0.0
177.20604809999998
169.4710096
163.98281568
159.76537801999999
157.81320168000002
159.45229316
165.89815850000002
168.78958957999998
174.24095004
184.27808326000002
196.04639183999998
209.08545668
221.1300166
232.49315644
241.31478364
247.11606248
250.30216168
248.49731939999998
243.04595894
234.39008254
225.32903751999999
215.75232318000002
202.05025504
188.44027061999998
0.0
315.47906924
294.29979722
279.47430682
270.2475109
267.77966528
276.71179308
291.75828456
297.41222934
308.2228665
329.54947254
355.90385362
382.81073746000004
408.68628284
433.25423838
452.75758540000004
465.50198212
472.42668322
473.73427306
466.40440328
449.16631752
431.30206198
409.55187048000005
377.69087864
344.26446238
0.0
330.34139316
308.1676162
292.62387222
282.97349084
280.37672794
289.75085792000004
305.49718622
311.40896566000004
322.73527198
345.07479978000003
372.66310368
400.82232706
427.93179524000004
453.66000656
474.0657747
487.41792446
494.67412726
496.03696734
488.37559588
470.30875602000003
451.61574636
428.83421642
395.46305036
360.47120970000003
0.0
420.0862562
398.26239768000005
381.94514986
370.9687619
366.40140582000004
373.5655248
390.87727759999996
392.77420370000004
411.41196306
445.98021836
483.84507336
518.92899788
548.85623008
573.8293542399999
590.16501884
596.73980156
597.64222278
588.65484468
570.0355021
548.72731274
536.2775842
518.0634102399999
486.33133571999997
451.72624696
0.0
601.87807716
591.63835958
583.2403177399999
577.31012162
573.88460454
575.19219438
579.870051
581.4170586800001
589.20734742
604.4932567999999
619.3739975
633.62856842
648.2514745000001
662.8007135
673.37193278
679.26529538
681.7883913000001
678.4917915399999
671.91700888
662.2297939800001
650.75615358
641.41885716
626.33553216
615.4880614799999
0.0
2217.5802802
2083.3773628
1988.8993925999998
1929.6526814
1918.6762939999999
1975.7129938
2082.1618568
2129.6586764
2230.9876808
2400.642858
2609.1389778
2810.047394
2991.1025448
3149.4498324
3261.3132219999998
3327.6688022
3363.0842284
3345.7540584
3259.7846314
3118.3439276
2993.2757222
2848.2253338
2629.5999964000002
2408.1016446
0.0
108.032704032
103.318013908
99.98458067199999
97.406234528
96.20914522
97.222066948
101.14483645600001
102.912845216
106.227861744
112.360642232
119.52476122
127.46238398
134.81067054000002
141.75378841999998
147.13148186
150.66749944
152.60125904
151.51467029999998
148.18123708000002
142.89562741999998
137.37059998
131.55090436
123.18969608
114.88373809999999
0.0
2315.0785986
2159.6779922
2050.8165344
1983.1901978
1964.9944412
2030.650184
2140.9481496
2182.4411056
2261.8541678
2418.3229456
2611.7357414
2809.1265564
2999.003334
3179.3033978
3322.3831926000003
3415.977158
3466.7521606
3476.4025422
3422.6624414000003
3296.0472284
3165.0488264
3005.412366
2771.5563692
2526.3188164
0.0
348.8502352
333.63799286
322.84577254
314.53981456
310.67229534
313.93206152
326.60279126
332.31198628
343.03053962
362.79172126000003
385.94158636
411.59613064
435.33533206000004
457.71169338000004
475.07869642
486.49708655999996
492.75878438
489.2227668
478.46737994
461.45029532
443.60445656
424.76411282
397.78356196000004
370.98717868
0.0
71.21760424600001
67.51583582800001
64.753322092
62.893229506000004
62.119725656
63.316814944
66.26349627
66.576581156
69.744263578
75.60079271000001
82.00982459
87.958437512
93.041462804
97.27731718000001
100.039830964
101.16325322
101.31058727199999
99.781996328
96.632730676
93.02304604
90.905118838
87.811103448
82.433410034
76.576880902
0.0
567.5860732599999
538.08242648
516.03756686
501.23049319999996
495.06087914
504.71126047999996
528.10054346
530.67888968
555.8545982
602.55949718
653.7212517
701.10757074
741.5507718599999
775.3086897999999
797.37196622
806.2488437
807.46434974
795.30928932
770.18883104
741.38502106
724.55210402
699.94731496
657.09151848
610.3313691999999
0.0
591.01218976
551.32407564
523.53318748
506.27668497999997
501.63566182
518.39491188
546.5541353
557.14377126
577.42062212
617.36657084
666.74189976
717.13015038
765.60305818
811.62653714
848.14696878
872.05192098
885.0173188
887.46674768
873.74626276
841.424852
807.98001896
767.24214966
707.53501936
644.93645796
0.0
421.26492876
402.885004
389.8459391
379.80880588
375.14936604
379.0905523
394.37646166
401.28274598
414.22972705999996
438.09784579999996
466.03606808
497.03147228
525.68794814
552.70533256
573.6820202199999
587.47617218
595.02704304
590.7727718799999
577.77054054
557.21743834
535.6698311600001
512.92513468
480.32747251999996
447.98764496
0.0
174.92237006
167.11366458
161.367636
157.70270108
156.41352802
159.23129202
165.76924122
168.84483988
176.96663022
188.53235444
201.70033662
214.79465176
226.67346082
237.31834714000001
244.64821692
249.08665566
250.67049684
247.63173176
242.25403831999998
233.21141004
224.31611576
214.44473334
200.19016246
186.1381759
0.0
45.176308042
42.137542926
40.019615728000005
38.693609134
38.343690728
39.614447048
41.769207766
42.579545128
44.126552822
47.183734696
50.959170142000005
54.808272624
58.510041032000004
62.027641865999996
64.82698912400001
66.650248188
67.644753138
67.828920724
66.779165504
64.31131989
61.751390492000006
58.638958344
54.07160229
49.283245136
0.0
550.45848804
517.14257234
493.69803906000004
478.98304916
476.25736897999997
490.41985603999996
516.84790416
528.63462946
553.79192126
595.8926306999999
647.64372146
697.51630286
742.47160976
781.77297198
809.5270266800001
826.01002534
834.79481902
830.50371434
809.15869152
774.05635026
743.00569576
707.0009333400001
652.72674676
597.75272328
0.0
100.85016828799999
95.60139218
91.697039446
89.06344301
87.958437512
89.671196034
93.83338342
94.293802344
98.769074596
107.05661583199999
116.15449444
124.57095296
131.75348872
137.75735192000002
141.68012144
143.24554584
143.46654694
141.31178624
136.8549307
131.73507194
128.73314036000002
124.36836864
116.74383073999999
108.437872724
0.0
341.79661681999994
326.60279126
316.19732278000004
310.93012994
312.10880246
321.5750162
333.01182308
338.11326512
354.78043135999997
380.26922479999996
407.65494434000004
432.24131666
452.20508266
468.92749916
478.96463242000004
483.18207008
481.70872944
472.99760274000005
456.73560518
441.19186124
430.21547324000005
413.84297512
389.56968775999997
364.33872887999996
0.0
203.37626162
191.07386708
182.3995739
176.96663022
175.97212530000002
181.20248465999998
190.96336654
195.30972151999998
204.61018442
220.17234514
239.28894022000003
257.70569854
274.31761444
288.84843676
299.10657112
305.18410136
308.42545082000004
306.84160958
298.95923705999996
285.99383924
274.5201988
261.20488256
241.16744957999998
220.8537652
0.0
83.556832286
79.91031414599999
77.33196799000001
75.342958098
74.40370342599999
75.195624034
78.234389146
79.59722925599999
82.15715866
86.89026553400001
92.433709776
98.584907016
104.27568534400001
109.634961976
113.79714936
116.5228296
118.0330038
117.18583288
114.60748672
110.518966416
106.246278508
101.734172728
95.269890548
88.860858668
0.0
565.8733147
531.63656104
507.52902452
492.408866
489.60951874
504.15875774
531.32347618
543.44170318
569.29883178
612.59663046
665.80264508
717.07490014
763.26412988
803.67049754
832.2164728600001
849.15989044
858.1841019999999
853.76408004
831.82972096
795.73287472
763.81663268
726.7989485
671.01458766
614.49355656
0.0
98.86115842000001
92.212708674
87.57168558999999
84.680254542
83.906750692
86.70609795
91.420788072
93.188796856
96.577480384
103.262763616
111.51347132000001
119.94834662000001
128.05172028
135.74992522
141.86428902
145.86072552000002
148.03390302
148.4390717
146.13697692
140.74086676
135.14217218
128.32797168
118.34608865999999
107.86695321600001
0.0
18.140506902
17.090751678
16.446165137999998
16.059413216
16.059413216
16.61191596
17.477503600000002
18.011589592
19.0245113
20.497851958000002
22.100109932000002
23.591867348
24.899457184
26.041296199999998
26.75954977
27.072634666
26.962134108
26.796383286
26.059712958
24.991540980000003
24.236453888
22.94728081
21.234522292
19.595430802
0.0
344.15396183999997
321.0409302
304.8710165
294.81546644
292.108203
301.86908488
318.25999972
324.42961372
336.2347558
359.4951215
388.24368118
417.59999384
445.81446752
472.62926758000003
493.90062342
507.80527592
515.35614674
516.79265392
508.7997808
489.9778539
470.51134034
446.77213898
412.0197161
375.55453472
0.0
165.06940442
156.48719506
150.07816318
145.76864176
143.98221616
146.78156342
153.57734724
154.33243434
161.66230412
175.23545498000001
190.11619562
203.91034762
215.66023936
225.47637154
231.90382019999998
234.48216636
234.83208474
231.29606716
223.98461412
215.6049891
210.72454812
203.5604292
191.09228382
177.50071628
0.0
1592.5339214
1485.6246397999998
1410.7421006
1364.2213689999999
1351.71639
1396.8742818
1472.7513251999999
1501.2973008000001
1555.9214058
1663.5489414
1796.5916034
1932.3783617999998
2062.9900116
2187.0268784
2285.446035
2349.8310220000003
2384.7676122000003
2391.397645
2354.4167942000004
2267.3239448000004
2177.2107459999997
2067.4100336
1906.5396501999999
1737.8237272000001
0.0
45.01055722
43.039964082
41.658707214
40.572118478
40.074866002
40.498451446000004
42.137542926
42.874213260000005
44.255470128
46.815399532
49.798914374
53.113930859999996
56.171112734
59.044127024
61.290971532
62.7643122
63.574649560000005
63.114230602
61.732973734
59.541379494
57.239284712
54.808272624
51.327505306
47.865154752
0.0
308.42545082000004
292.38445434
280.41356146
272.3654381
269.01358814
274.26236424
286.96992744
288.369601
302.05325245999995
327.41312856
355.22243356
380.96906165999997
402.9402543
421.30176228
433.2910719
438.11626258
438.76084914
432.16764964
418.50241502
402.86658722000004
393.71345838
380.34289184
357.04569261999995
331.64898300000004
0.0
1354.0369014
1330.9791202
1312.0835262
1298.7497936
1291.0700056
1293.9982694
1304.5142392
1308.013423
1325.5093428
1359.9302644
1393.3750976
1425.4755074
1458.3494210000001
1491.0944168
1514.8520348000002
1528.1121010000002
1533.8028792
1526.3993426
1511.5922688
1489.8052434
1463.9665318
1442.9898441999999
1409.0477586
1384.6455541999999
0.0
394.78163034
374.26536165999994
358.94261872000004
348.62923409999996
344.33812942000003
351.0602462
367.32224378
369.12708610000004
386.62300644000004
419.11016800000004
454.69134501999997
487.65734234
515.7797322
539.261099
554.6206754
560.79028944
561.6374602999999
553.18416828
535.70666468
515.6692317
503.97459016
486.84700494
457.0302733
424.52469499999995
0.0
549.35348256
512.46471572
486.64442062
470.58500742
466.27548596
481.85606346
508.02627696
517.87924266
536.71958634
573.84777102
619.7423327
666.57614896
711.6419564600001
754.42408596
788.36617144
810.5767819
822.62134182
824.9234366000001
812.1606231000001
782.1228903599999
751.0354024000001
713.15213066
657.66243796
599.4654817999999
0.0
802.5839088
788.9186741799999
777.72128512
769.82049588
765.27155654
767.00273184
773.24601286
775.3086897999999
785.67732472
806.08309286
825.91794152
844.94245284
864.4089663
883.83864634
897.9274663599999
905.7730054199999
909.1432722
904.7600837
895.97529002
883.0651424600001
867.7608163
855.32950454
835.1999877000001
820.74283246
0.0
173.83578132000002
163.85389834
157.61061732000002
153.96409918
153.98251592
159.13920825999998
167.55566678
172.58344178
182.34432366
196.52522754
211.75588662
226.04729106
238.58910342000001
249.60232488
256.5086092
259.54737434
258.49761916
256.85852761999996
249.73124216
239.60202518
232.25373862
219.85926028
203.52359568
187.75885060000002
0.0
739.17501006
694.4407042
662.9480475600001
643.20528272
639.5403478000001
658.56485912
694.03553558
709.87394764
743.65028232
800.18973026
869.6945759600001
936.65790908
997.00962612
1049.79205532
1087.0859904400002
1109.20451716
1121.0096595999998
1115.22679732
1086.5703214
1039.42342012
997.74629608
949.38388912
876.5087765200001
802.6759925599999
0.0
251.44400068
234.57425012
222.75069130000003
215.4024048
213.43181162
220.55909708000002
232.52998996
237.04209574
245.66113858
262.65980651999996
283.67332769999996
305.11043431999997
325.73720356
345.31421762
360.85796159999995
371.0240122
376.53062286
377.58037814
371.74226574
357.9849473
343.76720994
326.41862368
301.02191396
274.39128152
0.0
926.60235906
885.40407074
857.1895971199999
842.9350262
846.1211253600001
871.79408642
902.8079073
916.63889282
961.81520104
1030.91487772
1105.15283028
1171.8030784
1225.9299314
1271.2351564
1298.4735418
1309.9103492
1305.8954954
1282.2667948
1238.213909
1196.0579494
1166.3333014
1121.94891416
1056.10900296
987.72757988
0.0
966.9718932000001
923.85826204
891.9972702
871.79408642
864.62996744
880.28421198
916.34422464
933.37972604
978.26136596
1042.20435052
1115.0057964
1187.402073
1253.0946497999998
1311.9361924
1352.4162274
1377.0210161999998
1385.7505595999999
1368.9176422
1339.2114116
1289.1914958000002
1240.0003348
1185.5235632
1106.6445877600001
1028.9995347200002
0.0
2586.8731174
2542.8386486
2506.7233853999996
2481.2714253999998
2466.5748525999998
2472.1735467999997
2492.3030638
2498.9515136
2532.3779298
2598.1441734
2662.0503244
2723.3781295999997
2786.1608586
2848.7410034
2894.1383124000004
2919.4429384
2930.3272424
2916.183172
2887.8950316
2846.2731576
2796.9162452
2756.8597962
2691.9775572
2645.3831588
0.0
613.00179914
575.89203118
549.77706798
533.40456986
530.36580476
546.13054984
575.5605295400001
588.6916782000001
616.70356756
663.59263412
721.23708754
776.7636136599999
826.8203627
870.5785803399999
901.5003174599999
919.84340876
929.64112416
924.8527669800001
901.07673206
861.9779542399999
827.40969894
787.3164161999999
726.89103226
665.65531106
0.0
1128.94728212
1053.16232188
1000.0852246
967.1008105999999
958.22393292
990.2506754
1044.02760996
1064.267627
1102.99807
1179.2802824
1273.6109182
1369.8568968
1462.4563582
1550.3779614
1620.159059
1665.7957858
1690.5479088
1695.2625990000001
1669.0555522
1607.3041618
1543.4348438000002
1465.5872067999999
1351.5506392
1231.9522112
0.0
770.1519974800001
735.91524382
712.47071054
700.61031826
703.2623314
724.60735428
750.3723990999999
761.88287302
799.41622638
856.8396786999999
918.5542356400001
973.95184484
1018.94398524
1056.60625564
1079.24045144
1088.7434986
1085.41006532
1065.77780144
1029.16528604
994.0997783600001
969.40290524
932.51413864
877.79794962
820.96383356
0.0
1036.34782168
973.62034284
929.47537348
901.79498564
896.65671004
923.32417604
973.0494235599999
995.26003384
1042.60951968
1121.89366392
1219.3367314
1313.2253655999998
1397.8319529999999
1471.8304876
1524.1156642
1555.1294856
1571.6861512
1563.5827771999998
1523.3974108
1457.2996654
1398.844875
1331.0527871999998
1228.8950296
1125.3744309600002
0.0
1045.24311568
975.07526704
925.93935572
895.4043704999999
887.19049634
916.8230604
966.62197484
985.3702344
1021.2276629200001
1091.85593096
1179.188199
1268.3068922
1354.0369014
1435.4389732
1500.0449614
1542.2930044
1565.2218692
1569.5866406
1545.3133536
1488.1477354
1429.0115246
1356.9283328000001
1251.3450578000002
1140.6235072
0.0
144.75572
137.24168264
131.6061546
127.83071914
126.26529474
128.73314036000002
134.70017004
135.34475654
141.7722052
153.6878478
166.72691264
178.80830608
189.12169074000002
197.74073362000001
203.37626162
205.62310614
205.936191
202.8421756
196.43314378
189.08485722
184.79375254
178.51363794
167.59250028
155.65844092
0.0
24.015452791999998
22.965697568000003
22.21061048
21.639690972
21.381856356
21.602857452000002
22.468445092
22.873613772
23.610284105999998
24.973124216000002
26.556965432
28.324974228000002
29.964065708
31.492656649999997
32.689745934
33.481666542
33.905251979999996
33.665834122
32.929163792000004
31.750491261999997
30.516568458000002
29.227395383999998
27.367302794
25.525626966
0.0
1655.813903
1582.2205370000001
1531.7954525999999
1506.3066592
1512.0158544
1557.891999
1613.2896077999999
1638.0417314
1718.7623828
1842.2283302
1974.9210736
2093.985416
2190.728647
2271.7071332
2320.3826252
2340.8068098
2333.642691
2291.4130643999997
2212.6998392
2137.3384644000002
2084.224534
2004.9035558
1887.275721
1765.062113
0.0
2327.7124949999998
2224.22873
2153.3610446000002
2117.5404492
2125.5333228
2190.0472272
2267.9316976
2302.702537
2416.1866016
2589.7461318
2776.2894762
2943.679392
3079.6687354
3193.4843012
3261.9209754
3290.6327014
3280.5587342
3221.2015226000003
3110.5352218
3004.6020288
2929.9404908
2818.4270188
2653.0813632
2481.2714253999998
0.0
1563.4354434
1493.9305976
1446.3416946000002
1422.2709914
1427.6486844
1470.9833168
1523.28691
1546.6393594
1622.8663224000002
1739.4444022
1864.7336088000002
1977.1679179999999
2068.496622
2144.9445858
2190.9128144
2210.1951606
2203.4362097999997
2163.5639286
2089.2338918
2018.0899545999998
1967.9411220000002
1893.0401662
1781.9686968
1666.5877065999998
0.0
557.54893994
533.22040228
515.96389978
502.6854171
496.51580306
501.7093289
521.96776298
531.0840583
548.2300603
579.83321744
616.81406806
657.8281888
695.74829404
731.49522186
759.26769334
777.51870076
787.51900052
781.8834724799999
764.6822202799999
737.48066832
708.95310974
678.8601267
635.72807882
592.9091158599999
0.0
301.1876648
285.53342028000003
273.83877878
265.974823
262.69663998
267.83491558000003
280.22939388
281.61065080000003
294.96280049999996
319.75175714
346.89805880000006
372.03693386
393.49245728
411.41196306
423.12502134
427.83971148
428.48429798
422.03843259999996
408.70469962
393.4187902
384.48666246000005
371.42918088
348.6844844
323.87711098
0.0
431.41256258
408.98095096
392.24011773999996
380.96906165999997
376.29120508
383.62107486
401.41166336000003
403.36383969999997
422.49885152
457.98794472
496.88413822
532.90731742
563.64488696
589.29943124
606.07709804
612.8176315600001
613.7384695000001
604.51167358
585.41349524
563.51596962
550.7163226600001
532.02331298
499.4440676
463.89972416
0.0
583.4429021
553.11050124
530.45788858
515.22722946
508.89186462000004
518.81849734
542.85236688
545.50438008
571.3983421800001
619.3924142799999
671.97225912
720.70300148
762.2696249600001
796.96679754
819.65624372
828.7725390400001
830.02487864
817.53831652
791.69960466
762.10387412
744.79212136
719.50591224
675.43460968
627.38528734
0.0
77.571385848
74.182702326
71.78852374799999
69.928431168
69.081260286
69.799513852
72.617277872
73.88803419199999
76.28221277
80.665401238
85.822093552
91.512871862
96.798481492
101.771006196
105.638525472
108.180038088
109.56129498
108.787791124
106.393612564
102.599760344
98.640157308
94.44113639999999
88.43727323
82.488660308
0.0
32.284577254
30.848070106
29.779898128
29.098478074
28.859060214
29.393146205999997
30.590235494
31.161155001999997
32.652912418
34.789256378
37.220268472
39.651280564
41.842874798
43.795051174
45.157891284
45.96822865
46.262896782
45.710394034000004
44.715889088
43.039964082
41.400872602
39.577613532
36.944017095999996
34.347254182
0.0
862.49362346
810.2821137799999
773.54068104
750.50131644
746.22862848
768.42082222
809.8216948
828.29370338
867.7055660999999
933.6928110800001
1014.7817978400001
1092.92410292
1163.3313702
1224.9170098
1268.4358096
1294.2376876
1308.013423
1301.2728892
1267.8280565999999
1212.8171994
1164.1785404
1107.76800992
1022.7378373199999
936.58424192
0.0
96.669564204
92.452126534
89.450194938
87.148100146
86.07992816800001
86.982349324
90.49995015799999
92.083791364
95.048889436
100.537083416
106.946115308
114.05498398
120.6297667
126.83621425999999
131.64298812
134.81067054000002
136.54184583999998
135.56575764000002
132.58224280000002
127.86755266
122.91344473999999
117.7015021
110.224298248
102.802344688
0.0
280.50564522
263.52539412
251.57291801999997
244.09571418000002
242.69604052
249.91540980000002
263.3780601
269.3819233
282.19998699999996
303.65551042
330.04672502
355.4434347
378.35388198
398.37289822
412.53538528
420.93342712
425.40869938000003
423.21710516
412.33280102
394.4501287
378.63013332
360.28704212
332.6250712
304.61318184
0.0
258.40553534
241.05694904
228.9203053
221.36943448
219.32517432
226.6550441
238.97585536
243.59846168
252.47533918000002
269.93442604
291.51886674
313.54530958
334.74299838
354.87251518
370.83984462
381.28214651999997
386.95450808
388.04109682
382.03723362000005
367.91158002000003
353.28867393999997
335.46125192
309.3647055
281.97898596000005
0.0
133.96349968
127.00196506
121.80843926
118.30925514
116.85433124
119.13800928
124.64461998
125.27078976
131.20098592
142.23262418000002
154.29560078
165.49298988
175.03287066000001
183.00732693999998
188.21926952
190.3003632
190.59503138
187.72201708
181.79182092
174.9960371
171.01801732
165.21673848
155.10593818
144.05588319999998
0.0
995.26003384
938.16808292
902.36590516
881.48130122
881.57338504
911.18753236
959.32893876
988.13274844
1043.99077608
1125.1902633200002
1212.4304478
1294.1824372
1366.0630448
1429.122025
1468.662805
1486.0298084
1480.0259449999999
1470.6333986
1429.7850284
1371.790657
1329.7267808000001
1258.8406784000001
1165.2467124
1074.96776356
0.0
1189.2989992
1117.3263079600001
1066.6433888
1034.87448112
1028.9811184
1059.5897706
1116.66330456
1142.1336808
1196.4815346
1287.4787374
1399.2868766
1507.0433294
1604.1364792
1689.0561518
1749.0579498000002
1784.6391273999998
1803.6268048000002
1794.3447584
1748.229196
1672.3705685999998
1605.2967352
1527.504348
1410.263265
1291.4751738
0.0
2044.5548365999998
1907.313154
1811.1776754000002
1751.4521286
1735.3927154
1793.3686704000002
1890.7749048
1927.424254
1997.5552696
2135.7362068
2306.55164
2480.8846734
2648.5692578
2807.8005495999996
2934.1579284
3016.8123394
3061.657146
3070.1841046
3022.705702
2910.8975624
2795.2034868
2654.2232026
2447.697675
2231.0981812
0.0
2137.1911306
2042.1974914000002
1977.112668
1944.2203374
1951.5686236000001
2010.8153354
2082.3091908
2114.2438498
2218.4458683999997
2377.7876606
2549.0635128
2702.7513602
2827.6169814
2932.1320847999996
2994.9516472000005
3021.3060284
3012.0792324
2957.5656282
2855.9603726
2758.701472
2690.1542974
2587.7571215999997
2435.9293663999997
2278.1898322
0.0
170.20767991999998
161.34921925999998
154.75601976
150.29916428
148.45748842
151.3489195
158.36570442
159.13920825999998
166.69007912
180.68681544
196.02797506
210.24571246
222.36393936000002
232.49315644
239.10477264000002
241.77520262000002
242.14353778
238.4970196
230.96456552
222.3271059
217.28091416
209.89579404
197.04089676
183.02574371999998
0.0
2400.164022
2293.4573246
2220.3796276
2183.4540272
2191.7047352
2258.2260662
2338.5231323999997
2374.3805608000002
2491.4006426
2670.3562822
2862.7009064
3035.3027644000003
3175.5279622
3292.8979628
3363.4525636
3393.0667112
3382.6796587999997
3321.4623543999996
3207.3705368
3098.1223268
3021.1402774
2906.1644558
2735.6621074
2558.5113096
0.0
3.904352754
3.6649348964
3.4991840716000002
3.3886835222
3.3702667642
3.4807673136
3.6649348964
3.7386019298
3.922769512
4.2174376445999995
4.5857728102
4.9356912172000005
5.267192866399999
5.5434442399999995
5.7460285812
5.8565291306
5.911779406
5.8933626476
5.7276118228
5.488193965600001
5.267192866399999
5.0093582502
4.6226063266
4.2358544032
0.0
208.40403662
194.4073003
184.60958496
178.53205468
176.89296324
182.80474262
192.73137530000002
196.46997724
203.61567944
217.68608278
235.10833608000002
252.88050786000002
269.97125956
286.19642355999997
299.08815434
307.50461286
312.07196894000003
312.93755654
308.1123659
296.71239254
284.9072505
270.54217908
249.49182434
227.4101312
0.0
3210.2067182
3067.4952576
2969.757522
2920.3637766
2931.3954144
3020.3667735999998
3127.7733078
3175.7305466
3332.2361584
3571.5987656
3828.8440453999997
4059.716527
4247.2727926
4404.238824
4498.6062928
4538.2023232
4524.316088
4442.4535972
4289.8339212
4143.7337778
4040.784099
3886.9857506
3658.9310334
3421.999438
0.0
650.60881952
621.67609226
601.87807716
591.85936062
594.08778836
612.1177947
633.88640302
643.61045134
675.32410912
723.83385044
775.9716931
822.76867584
860.7808649599999
892.5866065
911.7216183200001
919.7329081600001
916.9335609
900.34006174
869.39990784
839.80417724
818.93799018
787.7584184
741.53235512
693.5198663
0.0
792.39944146
739.2118436200001
701.95474156
678.8048764600001
672.58001216
695.0484572400001
732.8028117
747.00213232
774.18526754
827.74120064
893.9310298600001
961.50211596
1026.49485612
1088.20941264
1137.1795734000002
1169.2063158
1186.5917352000001
1189.8883352
1171.4899936000002
1128.1553613199999
1083.32897164
1028.6864502800001
948.64721856
864.70363448
0.0
202.71325832000002
193.70746350000002
187.51943272
184.4070006
185.10683740000002
190.72394866000002
197.50131574
200.54008084
210.41146326
225.53162184
241.77520262000002
256.36127514
268.20325074
278.11146668
284.06007958
286.56475872
285.69917112
280.524062
270.89209746
261.66530154
255.1641859
245.44013747999998
231.03823254
216.08382482
0.0
157.48169998
147.96023598
141.2381192
137.03909828
136.26559444
140.3172813
147.86815222
151.23841896
158.43937140000003
170.48393132
185.29100498
199.56399264
212.4188899
223.65311251999998
231.60915205999999
236.32384216
238.82852129999998
237.59459848
231.49865152
221.46151823999998
212.56622402
202.27125614
186.74592888
171.01801732
0.0
202.56592426
193.72588028
187.44576574
182.62057504
180.39214726
182.27065662
189.63735996
192.9523764
199.17724074
210.65088114
224.09511465999998
238.99427214
252.7700073
265.7538219
275.84620542
282.4762384
286.1043398
284.06007958
277.81679856
267.92699934
257.57678122
246.63722678
230.96456552
215.4024048
0.0
224.02144768
214.05798144
207.24378084
203.78143028
204.55493411999998
210.76138168
218.2570023
221.60885226
232.52998996
249.23398972
267.19032902
283.28657580000004
296.3808909
307.33886206
313.91364474
316.67615854
315.71848712
310.009292
299.34598900000003
289.16152162000003
281.97898596000005
271.24201588
255.32993674000002
238.79168778
0.0
1279.6516152
1222.7622488
1183.8108048
1164.1232903999999
1168.5064790000001
1203.9771556
1246.7961186
1265.9127134
1328.3086902
1423.707498
1526.2520082
1618.2805492
1693.052588
1755.6143161999998
1793.239753
1809.0229148
1803.4978873999999
1770.8633915999999
1710.0144224
1651.7806332
1610.7480956
1549.4387068
1458.5335884
1364.0740352
0.0
726.74369824
682.7644795
651.78749208
632.37622882
628.78496094
647.47797062
682.35931082
697.9214715400001
731.1268866999999
786.7270799
855.0532531
920.89316394
980.2319592000001
1032.13038404
1068.77973272
1090.5299242
1102.132482
1096.4601208
1068.2824806400001
1021.9274996
980.9502128
933.41655932
861.7569530999999
789.17650878
0.0
790.70509972
745.3446240999999
716.89073256
700.29723334
700.38931716
723.90751742
762.1407076200001
785.03273816
829.41712564
893.9310298600001
963.23329132
1028.17078064
1085.29956484
1135.3747309999999
1166.812137
1180.5878722
1175.8363485999998
1168.359145
1135.908817
1089.84850448
1056.422088
1000.10364156
925.7367713599999
854.0219147
0.0
545.39387952
512.39104868
489.14909976
474.58144398
471.87418047999995
485.90775025999994
512.0963805600001
523.77260526
548.69047928
590.4228535
641.69510856
691.1072709800001
735.63899248
774.57201944
802.0866563
818.4223208999999
827.1334476
822.86075966
801.71832114
766.9290648
736.17307848
700.4998177
646.72288356
592.24611256
0.0
1416.5065462
1353.5396494
1310.4076012
1288.6021594
1293.4826004000001
1332.7287126
1380.1334477999999
1401.2943032
1470.3571474
1575.9588388
1689.4797368
1791.3428272
1874.1077382
1943.3731662
1985.0134572000002
2002.4725439999997
1996.3581801999999
1960.2245006
1892.8928317999998
1828.4157614
1782.9816184000001
1715.1342811999998
1614.5051142
1509.9531778
0.0
1087.73057688
1021.90908324
975.55410276
946.51087464
941.1147646
969.10823712
1021.30133008
1044.5985292399998
1094.30535996
1177.5306906
1279.798949
1378.3470224
1467.1526314
1544.8161006
1599.6980404
1632.2404522
1649.6074552
1641.1173296000002
1598.9429530000002
1529.5670252
1468.2208034
1397.0584491999998
1289.8360822
1181.1772082
0.0
762.80371092
716.63289794
684.12731958
663.75838492
659.9829495
679.59679708
716.20931248
732.54497708
767.4079004600001
825.7706074600001
897.48546418
966.58514096
1028.87061792
1083.32897164
1121.8199967199998
1144.63836
1156.8302542
1150.8632242
1121.28591076
1072.62883568
1029.62570484
979.7162901600001
904.52066582
828.3305369
0.0
259.271123
245.79005596
235.71608912
228.95713886000001
226.13937482
230.54098006
241.24111661999999
242.41978912000002
253.9118463
275.23845238
298.60931863999997
320.26742636
338.73943494
354.15426160000004
364.22822838
368.27991518
368.83241792
363.28897370000004
351.8153333
338.64735112
330.96756292
319.73334036
300.15632636
278.79288676
0.0
2478.8772472
2328.8543338
2223.234225
2157.0259792
2144.7420016
2208.5192356000002
2327.4914935999996
2380.587008
2493.8684878000004
2683.505848
2916.5699236
3141.1438746
3343.525631
3520.5290948
3645.5788838
3719.7615862000002
3759.3576166000003
3739.983186
3643.8845418
3485.776672
3345.9750602
3183.8155036
2939.4251209999998
2691.8302228000002
0.0
784.11190022
749.26739358
725.3808581000001
713.31788146
716.0067281199999
737.73850294
763.98238348
775.6954417
813.92863186
872.38342268
935.22140184
991.6135154799999
1037.43441056
1075.77810132
1098.81746568
1108.48626356
1105.09758004
1085.09698088
1047.82146208
1012.14820124
986.9909092800001
949.4207223999999
893.7284455
835.8445742
0.0
1835.8561316
1754.251476
1698.3566146
1670.1053072
1676.4038384
1727.2893414
1788.7092306
1816.1502002
1905.6556456
2042.528993
2189.642058
2321.6717980000003
2428.9309984
2518.7126948
2572.6737970000004
2595.3264096000003
2587.3887864
2540.5549702
2453.2779528
2369.7211206
2310.842744
2222.9027238
2092.4752414
1956.9831505999998
0.0
157.79478490000002
148.23648738
141.51437054000002
137.29693294
136.52342905999998
140.57511585999998
148.14440356
151.53308708
158.73403958
170.81543296
185.6409234
199.9323278
212.82405857999998
224.09511465999998
232.05115425999998
236.7658444
239.28894022000003
238.05501746000002
231.94065365999998
221.8851037
212.97139264
202.65800802
187.09584726000003
171.34951896
0.0
1266.317882
1181.3061256
1121.76474648
1084.7838958
1074.83884616
1110.73310796
1171.084825
1193.7742716
1237.2194044
1322.7836628
1428.587939
1536.5653932
1640.4174932
1739.0392336
1817.3104561999999
1868.5090444
1896.2815152
1901.5487084000001
1872.1555620000001
1802.8901346
1731.2489448000001
1643.9166770000002
1516.0122912000002
1381.8646232
0.0
1479.8601945999999
1390.2810823999998
1327.2405181999998
1287.7181552
1280.388285
1318.4557247999999
1389.4707446
1421.1659854
1488.7923224
1602.0185522
1741.1571606
1875.2127442
1996.045095
2101.7020374
2176.3635758
2220.6374624
2244.28458
2232.7188558000003
2175.3322368
2080.946351
1997.5000192
1900.6831206
1754.785562
1606.9910765999998
0.0
211.16655036
199.04832342
191.46061902
187.02218028
187.0590138
193.33912834
203.54201246000002
209.65637615999998
221.5167685
238.73643748
257.24527952
274.59386588
289.84294174
303.23192496
311.61155002
315.29490166
314.02414534
312.03513542
303.36084230000006
291.05844776
282.12632002
267.09824526
247.24497981999997
228.07313448
0.0
155.52952363999998
148.62323928
143.8901324
141.49595386
142.03003982
146.33956124
151.53308708
153.85359864
161.44130302000002
173.0438607
185.51200608
196.69097834000002
205.7704402
213.37656132
217.9439174
219.87767706
219.19625694
215.2366539
207.83311713999998
200.76108198
195.77014044
188.31135333999998
177.27971514
165.78765796
0.0
1412.5469428000001
1339.1377442
1284.2742214
1247.403871
1232.0442951999999
1256.0965814
1314.3119542
1320.7209862
1383.3932148
1499.5845424
1626.9180092
1744.8773456
1845.5065132
1929.523764
1984.4425372
2006.5426478000002
2009.544579
1979.3226784
1916.7793678
1845.101344
1803.2216362
1741.9674977999998
1635.2976344
1518.9405550000001
0.0
419.9205054
398.09664682
381.779399
370.82142783999996
366.25407176
373.399774
390.7115268
392.62686964
411.24621222
445.79605078
483.642489
518.70799674
548.6168121999999
573.6083532
589.9256010199999
596.5003837400001
597.38438812
588.39701008
569.814501
548.5063117
536.05658306
517.84240914
486.12875140000006
451.54207932
0.0
2899.5712558
2724.096383
2600.5567688
2523.0958837999997
2508.7308116
2583.3370996
2722.512542
2784.5954346
2917.1040096
3138.9338636
3411.5571360000004
3674.2537762
3910.982787
4118.0239836
4264.2898774
4351.0512262
4397.3693728
4374.6983438
4262.3008682
4077.3597812
3913.8373848
3724.1631912
3438.2982694
3148.6763286
0.0
377.15679267999997
354.33842918
338.26059918
328.18663244
326.32653986
336.03217143999996
354.11742808
362.20238496
379.44047072
408.29953093999995
443.75179058000003
477.91487720000003
508.70769703999997
535.65141438
554.6759257
565.96539846
571.9876784400001
569.0409971199999
554.4180910800001
530.36580476
509.09444898
484.41599283999994
447.23255789999996
409.55187048000005
0.0
1833.9223717999998
1752.3913831999998
1696.5517718
1668.3372984
1674.6358296
1725.4660826
1786.8307214000001
1814.2164406
1903.6298024
2040.3742320000001
2187.3399632
2319.2223692
2426.3710692
2516.0422648
2569.9481166
2592.5823126
2584.6446894
2537.8845402
2450.6811897999996
2367.2164414
2308.4117321999997
2220.5453784
2090.2652304
1954.902057
0.0
1812.7799334
1703.0713048
1625.8314202
1577.413763
1568.4263848
1615.0576166
1702.0767992
1740.8993258
1823.7379048
1962.4160946
2132.8631926
2297.0854262000003
2445.0824954
2574.5338892
2665.9730942
2720.2104476
2749.1800077999997
2734.999104
2664.7207544
2549.1003458
2446.8689208
2328.2834144
2149.5671926
1968.5120413999998
0.0
810.81619974
768.67865684
737.1860002
716.0251449
707.2035177
721.01608644
754.42408596
758.10743756
794.0753664599999
860.7808649599999
933.8585618
1001.5769820800001
1059.33193576
1107.5654259599999
1139.0949156
1151.7656454
1153.4968208
1136.1482348
1100.25397292
1059.09251792
1035.05864876
999.90105696
938.68375256
871.88617018
0.0
60.296466586
57.662870156
55.80277757
54.366270422
53.703267126
54.255769874
56.447364108
57.441869054
59.283544882
62.709061926000004
66.705498466
71.14393721
75.23245755
79.099976786
82.101908386
84.090918276
85.15909026
84.551337236
82.691244646
79.744563324
76.668964692
73.40919848
68.749758632
64.12715231
0.0
213.63439598
204.11293198
197.07773027999997
192.60245802
191.01861684
194.48096738
202.45542372
206.2124424
216.12065834
230.26472866
246.34255869999998
262.32830481999997
276.84071036
289.84294174
298.79348622
304.22642994
306.16018956
302.44000434
295.8836384
284.81516668
273.94927928000004
261.92313614
244.5008828
227.33646412000002
0.0
17.256502504
16.482998654
15.930495910000001
15.56216074
15.433243434
15.709494803999998
16.354081348
16.667166234
17.459086841999998
18.600925855999996
19.908515698
21.197688776
22.376361302
23.426116526
24.144370098000003
24.586372294
24.733706358
24.43903823
23.904952238
23.020947846
22.136943448
21.160855255999998
19.761181624000002
18.361507998
0.0
24.807373394000003
23.702367896
22.89203053
22.376361302
22.192193722
22.578945644
23.518200316
23.941785754
25.102041528
26.741133012
28.601225598
30.461318184
32.155659948
33.665834122
34.697172588
35.341759128
35.562760228
35.120758026000004
34.36567094
33.076497856
31.824158294
30.424484668
28.398641259999998
26.409631364
0.0
6.8326173194
6.4458653958
6.206447538200001
6.0591134718
6.0591134718
6.2616978126
6.593199462199999
6.795783803
7.1825357264
7.7350384748000005
8.32437474
8.8952942458
9.3925467184
9.816132161999999
10.0923835344
10.2028840836
10.1660505672
10.1108002928
9.816132161999999
9.4293802344
9.134712104
8.6558763886
8.011289849399999
7.385120067599999
