154.74
155.27
149.71
154.06
157.84
162.6
165.59
172.68
187.38
189.13
186.11
180.98
187.96
196.56
196.75
194.43
203.91
211.51
227.26
247.39
236.31
218.89
203.7
192.26
108.91
111.47
107.41
107.91
106.93
108.36
110.3
115.06
125.25
130.5
128.84
127.54
129.23
130.04
127.47
129.19
130.91
140.81
153.56
157.74
153.68
141.27
128.8
114.85
687.63
700.95
673.94
676.6
678.59
670.34
671.36
673.47
692.28
701.63
700.16
702.72
711.23
708.87
711.03
713.17
710.8
712.51
715.93
719.81
715.69
717.14
703.46
680.17
405.65
413.92
396.42
396.73
396.3
389.95
387.25
397.7
405.57
419.54
425.96
431.71
449.44
455.2
456.43
455.64
454.87
469.86
492.88
494.06
494.22
477.54
451.86
430.74
162.29
172.93
169.0
170.01
169.14
161.76
151.09
148.64
155.79
156.65
153.92
151.36
148.08
143.66
141.64
142.63
141.32
144.34
151.53
153.24
154.58
158.72
157.53
159.24
779.37
778.71
748.85
755.1
771.13
796.9
836.0
896.19
963.58
986.52
995.39
999.18
995.17
992.25
997.1
1012.31
1041.56
1115.18
1226.31
1288.87
1240.28
1116.01
978.11
909.82
54.77
54.72
52.62
53.06
54.19
56.0
58.75
62.98
67.71
69.33
69.95
70.21
69.93
69.73
70.07
71.14
73.19
78.37
86.18
90.57
87.16
78.43
68.73
63.94
298.33
306.09
285.37
282.84
286.62
285.41
290.31
304.59
321.67
328.86
329.8
331.57
333.87
331.93
327.12
324.27
330.07
357.48
401.83
424.25
421.69
402.11
359.66
332.13
329.95
331.09
319.23
328.52
336.57
346.73
353.1
368.22
399.57
403.29
396.86
385.91
400.79
419.13
419.55
414.6
434.82
451.01
484.61
527.52
503.9
466.76
434.36
409.97
1383.48
1382.31
1329.31
1340.4
1368.85
1414.6
1484.0
1590.84
1710.47
1751.18
1766.94
1773.66
1766.55
1761.37
1769.97
1796.97
1848.9
1979.58
2176.85
2287.89
2201.64
1981.06
1736.26
1615.04
58.32
58.27
56.03
56.5
57.7
59.63
62.55
67.06
72.1
73.82
74.48
74.76
74.46
74.25
74.61
75.75
77.93
83.44
91.76
96.44
92.8
83.51
73.19
68.08
1666.95
1699.23
1633.77
1640.22
1645.03
1625.03
1627.5
1632.62
1678.22
1700.88
1697.33
1703.53
1724.17
1718.44
1723.68
1728.86
1723.1
1727.27
1735.56
1744.95
1734.96
1738.49
1705.33
1648.86
1024.1
1023.23
984.0
992.21
1013.27
1047.13
1098.51
1177.6
1266.15
1296.28
1307.95
1312.92
1307.66
1303.83
1310.19
1330.18
1368.62
1465.36
1611.38
1693.57
1629.73
1466.44
1285.24
1195.51
354.91
361.79
347.85
349.22
350.24
345.99
346.51
347.6
357.31
362.14
361.38
362.7
367.09
365.87
366.99
368.09
366.87
367.76
369.52
371.52
369.39
370.14
363.08
351.06
76.28
78.27
72.97
72.32
73.29
72.98
74.23
77.88
82.25
84.09
84.33
84.78
85.37
84.87
83.64
82.92
84.4
91.41
102.75
108.48
107.83
102.82
91.96
84.92
10.02
10.25
9.88
9.93
9.84
9.97
10.15
10.58
11.52
12.0
11.85
11.73
11.89
11.96
11.73
11.88
12.04
12.95
14.13
14.51
14.14
13.0
11.85
10.57
313.55
321.7
299.92
297.27
301.24
299.97
305.12
320.13
338.08
345.63
346.62
348.48
350.9
348.85
343.8
340.81
346.9
375.71
422.33
445.89
443.2
422.62
378.0
349.07
561.99
598.82
585.22
588.71
585.73
560.16
523.21
514.73
539.49
542.46
533.02
524.14
512.78
497.49
490.49
493.9
489.38
499.83
524.74
530.66
535.29
549.63
545.5
551.42
377.72
402.48
393.34
395.68
393.67
376.49
351.66
345.96
362.6
364.59
358.25
352.28
344.65
334.37
329.66
331.96
328.92
335.94
352.68
356.67
359.78
369.41
366.64
370.62
627.02
626.49
602.46
607.49
620.39
641.12
672.58
721.0
775.21
793.67
800.81
803.85
800.63
798.28
802.18
814.42
837.95
897.18
986.59
1036.91
997.82
897.85
786.9
731.96
342.43
339.54
326.36
330.05
338.61
362.98
363.7
377.81
409.32
412.82
401.72
389.06
393.97
397.21
391.53
398.04
408.54
437.26
485.58
487.65
465.62
446.1
394.92
357.61
227.49
225.57
216.81
219.27
224.95
241.15
241.63
251.0
271.93
274.25
266.88
258.47
261.73
263.89
260.11
264.43
271.41
290.49
322.6
323.97
309.33
296.37
262.36
237.58
252.85
259.43
241.87
239.73
242.93
241.91
246.06
258.16
272.64
278.73
279.53
281.03
282.98
281.33
277.25
274.84
279.75
302.98
340.58
359.58
357.41
340.81
304.83
281.5
264.76
271.65
253.26
251.01
254.37
253.3
257.64
270.32
285.47
291.85
292.69
294.26
296.3
294.57
290.31
287.78
292.93
317.25
356.62
376.51
374.24
356.86
319.19
294.75
1029.66
1097.14
1072.22
1078.62
1073.15
1026.29
958.6
943.07
988.43
993.87
976.57
960.3
939.5
911.49
898.65
904.91
896.62
915.76
961.4
972.26
980.74
1007.01
999.44
1010.3
1393.16
1420.15
1365.43
1370.82
1374.84
1358.13
1360.19
1364.48
1402.59
1421.52
1418.56
1423.74
1440.99
1436.2
1440.58
1444.91
1440.1
1443.58
1450.51
1458.35
1450.01
1452.95
1425.24
1378.04
1335.95
1334.82
1283.64
1294.35
1321.83
1366.0
1433.02
1536.19
1651.71
1691.02
1706.24
1712.73
1705.86
1700.86
1709.16
1735.24
1785.38
1911.58
2102.07
2209.29
2126.01
1913.0
1676.61
1559.55
138.7
137.53
132.19
133.68
137.15
147.02
147.31
153.03
165.79
167.2
162.71
157.58
159.57
160.89
158.58
161.22
165.47
177.1
196.68
197.51
188.59
180.69
159.95
144.84
1855.51
1903.77
1774.88
1759.17
1782.67
1775.17
1805.64
1894.47
2000.68
2045.38
2051.23
2062.27
2076.55
2064.45
2034.56
2016.84
2052.91
2223.37
2499.25
2638.68
2622.77
2500.98
2236.93
2065.7
447.86
444.08
426.84
431.67
442.86
474.74
475.68
494.13
535.34
539.92
525.4
508.85
515.27
519.51
512.07
520.59
534.33
571.88
635.09
637.79
608.98
583.45
516.51
467.71
174.54
185.98
181.76
182.84
181.92
173.97
162.5
159.87
167.55
168.48
165.54
162.79
159.26
154.51
152.34
153.4
151.99
155.24
162.97
164.81
166.25
170.7
169.42
171.26
1391.16
1482.34
1448.68
1457.31
1449.92
1386.62
1295.17
1274.18
1335.46
1342.82
1319.44
1297.46
1269.35
1231.51
1214.17
1222.62
1211.43
1237.28
1298.94
1313.62
1325.08
1360.57
1350.34
1365.01
473.68
486.0
453.1
449.09
455.09
453.17
460.95
483.63
510.74
522.15
523.65
526.47
530.11
527.02
519.39
514.87
524.08
567.59
638.02
673.62
669.55
638.46
571.05
527.34
540.82
536.25
515.43
521.27
534.78
573.27
574.41
596.69
646.46
651.98
634.45
614.46
622.21
627.34
618.36
628.64
645.23
690.58
766.9
770.16
735.38
704.55
623.71
564.78
97.91
100.21
96.55
97.0
96.13
97.41
99.16
103.44
112.6
117.31
115.83
114.65
116.17
116.9
114.6
116.13
117.68
126.59
138.05
141.81
138.16
127.0
115.79
103.25
36.2
37.14
34.63
34.32
34.78
34.64
35.23
36.96
39.04
39.91
40.02
40.24
40.52
40.28
39.7
39.35
40.05
43.38
48.76
51.48
51.17
48.8
43.65
40.3
331.61
331.33
318.63
321.29
328.11
339.07
355.71
381.32
409.99
419.75
423.53
425.14
423.43
422.19
424.25
430.73
443.17
474.5
521.78
548.4
527.73
474.85
416.17
387.12
247.18
263.38
257.4
258.93
257.62
246.37
230.12
226.4
237.28
238.59
234.44
230.53
225.54
218.81
215.73
217.23
215.25
219.84
230.8
233.4
235.44
241.75
239.93
242.53
292.58
298.55
285.93
286.15
285.84
281.26
279.31
286.85
292.53
302.6
307.23
311.38
324.17
328.33
329.22
328.64
328.08
338.9
355.5
356.35
356.47
344.44
325.91
310.68
122.52
122.42
117.72
118.71
121.23
125.28
131.42
140.89
151.48
155.09
156.48
157.08
156.45
155.99
156.75
159.14
163.74
175.31
192.78
202.62
194.98
175.44
153.76
143.03
107.27
106.37
102.23
103.39
106.07
113.71
113.94
118.35
128.22
129.32
125.84
121.88
123.42
124.43
122.65
124.69
127.98
136.98
152.12
152.76
145.86
139.75
123.71
112.03
340.91
340.62
327.56
330.29
337.3
348.57
365.68
392.0
421.48
431.51
435.4
437.05
435.3
434.02
436.14
442.8
455.59
487.79
536.4
563.76
542.51
488.16
427.84
397.97
79.23
81.29
75.79
75.12
76.12
75.8
77.1
80.89
85.43
87.34
87.59
88.06
88.67
88.15
86.87
86.12
87.66
94.94
106.72
112.67
111.99
106.79
95.52
88.2
14.74
14.79
14.26
14.67
15.03
15.49
15.77
16.44
17.85
18.01
17.72
17.24
17.9
18.72
18.74
18.52
19.42
20.14
21.64
23.56
22.5
20.85
19.4
18.31
275.83
283.01
263.85
261.51
265.01
263.89
268.42
281.63
297.41
304.06
304.93
306.57
308.69
306.9
302.45
299.82
305.18
330.52
371.53
392.26
389.89
371.79
332.53
307.08
404.59
431.1
421.31
423.82
421.67
403.27
376.67
370.56
388.39
390.53
383.73
377.34
369.16
358.15
353.11
355.57
352.31
359.83
377.77
382.03
385.37
395.69
392.71
396.98
1276.39
1309.59
1220.93
1210.12
1226.28
1221.13
1242.09
1303.19
1376.25
1407.0
1411.03
1418.62
1428.45
1420.13
1399.56
1387.37
1412.19
1529.45
1719.22
1815.13
1804.19
1720.41
1538.77
1420.98
57.78
57.3
55.07
55.69
57.14
61.25
61.37
63.75
69.07
69.66
67.79
65.65
66.48
67.03
66.07
67.17
68.94
73.78
81.94
82.29
78.57
75.28
66.64
60.34
755.95
805.49
787.2
791.89
787.88
753.48
703.78
692.38
725.68
729.68
716.97
705.03
689.75
669.19
659.77
664.36
658.28
672.33
705.83
713.81
720.03
739.32
733.76
741.73
3134.15
3194.86
3071.77
3083.89
3092.94
3055.35
3059.98
3069.62
3155.35
3197.95
3191.27
3202.94
3241.73
3230.96
3240.81
3250.56
3239.74
3247.57
3263.16
3280.81
3262.03
3268.66
3206.32
3100.14
967.63
1031.05
1007.63
1013.64
1008.5
964.47
900.86
886.26
928.88
934.0
917.74
902.46
882.9
856.58
844.52
850.39
842.61
860.59
903.48
913.69
921.66
946.35
939.23
949.44
440.29
451.75
421.16
417.43
423.01
421.23
428.46
449.54
474.74
485.35
486.74
489.36
492.75
489.87
482.78
478.58
487.14
527.58
593.05
626.13
622.36
593.46
530.8
490.17
1857.74
1893.72
1820.76
1827.95
1833.31
1811.03
1813.77
1819.49
1870.3
1895.55
1891.6
1898.51
1921.51
1915.12
1920.96
1926.74
1920.32
1924.97
1934.2
1944.67
1933.54
1937.47
1900.51
1837.58
141.24
141.73
136.65
140.63
144.08
148.42
151.15
157.62
171.04
172.63
169.88
165.19
171.57
179.42
179.59
177.47
186.13
193.06
207.44
225.81
215.7
199.8
185.93
175.49
445.31
444.93
427.87
431.44
440.6
455.32
477.66
512.05
550.56
563.66
568.73
570.9
568.61
566.94
569.71
578.4
595.11
637.18
700.68
736.42
708.66
637.65
558.86
519.84
201.53
206.77
192.77
191.07
193.62
192.81
196.11
205.76
217.3
222.15
222.79
223.99
225.54
224.23
220.98
219.05
222.97
241.49
271.45
286.59
284.87
271.64
242.96
224.36
793.19
809.36
775.15
775.75
774.91
762.5
757.21
777.64
793.03
820.36
832.91
844.15
878.82
890.09
892.5
890.94
889.43
918.76
963.76
966.07
966.39
933.78
883.55
842.25
541.24
553.96
533.76
536.25
531.4
538.5
548.15
571.82
622.47
648.52
640.29
633.81
642.22
646.25
633.5
642.0
650.55
699.79
763.14
783.93
763.74
702.07
640.08
570.76
5987.81
6103.79
5868.62
5891.79
5909.06
5837.25
5846.1
5864.51
6028.3
6109.69
6096.94
6119.22
6193.34
6172.76
6191.58
6210.21
6189.53
6204.5
6234.27
6267.99
6232.12
6244.78
6125.68
5922.82
369.29
368.98
354.83
357.79
365.38
377.6
396.12
424.64
456.57
467.44
471.65
473.44
471.54
470.16
472.45
479.66
493.52
528.41
581.06
610.7
587.68
528.8
463.45
431.1
904.83
928.37
865.51
857.86
869.31
865.66
880.51
923.83
975.63
997.42
1000.28
1005.66
1012.63
1006.73
992.15
983.51
1001.1
1084.22
1218.76
1286.75
1278.99
1219.6
1090.83
1007.34
659.27
672.71
644.27
644.77
644.07
633.76
629.36
646.35
659.14
681.84
692.28
701.62
730.44
739.81
741.81
740.52
739.26
763.64
801.04
802.95
803.22
776.11
734.37
700.04
624.33
623.8
599.88
604.89
617.73
638.37
669.7
717.91
771.89
790.27
797.38
800.41
797.2
794.86
798.74
810.93
834.36
893.34
982.36
1032.47
993.55
894.0
783.53
728.83
837.75
859.54
801.35
794.26
804.87
801.48
815.24
855.34
903.3
923.48
926.12
931.1
937.56
932.09
918.6
910.6
926.88
1003.84
1128.4
1191.35
1184.17
1129.18
1009.96
932.66
354.81
378.07
369.48
371.68
369.8
353.65
330.33
324.98
340.61
342.48
336.52
330.91
323.74
314.09
309.67
311.83
308.97
315.56
331.29
335.03
337.96
347.01
344.4
348.14
30.82
30.56
29.37
29.7
30.48
32.67
32.73
34.0
36.84
37.15
36.16
35.02
35.46
35.75
35.24
35.82
36.77
39.35
43.7
43.89
41.91
40.15
35.54
32.18
1417.42
1446.32
1385.19
1386.27
1384.75
1362.58
1353.13
1389.64
1417.14
1465.97
1488.4
1508.49
1570.45
1590.59
1594.89
1592.11
1589.41
1641.82
1722.24
1726.36
1726.94
1668.65
1578.89
1505.09
1992.58
2033.2
1947.27
1948.77
1946.65
1915.48
1902.2
1953.52
1992.18
2060.82
2092.35
2120.59
2207.69
2236.0
2242.06
2238.14
2234.35
2308.02
2421.07
2426.86
2427.68
2345.74
2219.56
2115.82
1338.34
1365.63
1307.91
1308.92
1307.49
1286.56
1277.64
1312.11
1338.08
1384.18
1405.35
1424.33
1482.82
1501.84
1505.91
1503.28
1500.73
1550.21
1626.14
1630.03
1630.58
1575.55
1490.8
1421.12
715.77
709.73
682.17
689.89
707.78
758.73
760.23
789.72
855.58
862.89
839.7
813.24
823.5
830.28
818.39
832.0
853.96
913.98
1014.99
1019.31
973.27
932.46
825.48
747.49
738.22
786.6
768.74
773.32
769.4
735.81
687.28
676.14
708.66
712.56
700.16
688.5
673.58
653.5
644.3
648.78
642.84
656.56
689.28
697.07
703.15
721.98
716.55
724.34
1057.41
1126.71
1101.12
1107.69
1102.07
1053.95
984.44
968.49
1015.06
1020.66
1002.89
986.19
964.82
936.05
922.87
929.29
920.79
940.44
987.31
998.46
1007.17
1034.15
1026.38
1037.52
1430.03
1523.76
1489.15
1498.03
1490.43
1425.36
1331.35
1309.78
1372.77
1380.34
1356.3
1333.71
1304.81
1265.92
1248.09
1256.77
1245.27
1271.85
1335.23
1350.32
1362.1
1398.58
1388.06
1403.14
99.58
98.74
94.91
95.98
98.47
105.56
105.77
109.87
119.03
120.05
116.82
113.14
114.57
115.51
113.86
115.75
118.81
127.16
141.21
141.81
135.41
129.73
114.85
104.0
18.07
18.49
17.82
17.9
17.74
17.98
18.3
19.09
20.78
21.65
21.38
21.16
21.44
21.58
21.15
21.43
21.72
23.36
25.48
26.17
25.5
23.44
21.37
19.06
519.59
519.15
499.25
503.41
514.1
531.28
557.35
597.47
642.4
657.69
663.61
666.13
663.46
661.52
664.75
674.89
694.39
743.47
817.56
859.26
826.87
744.03
652.09
606.56
124.1
123.05
118.27
119.61
122.71
131.55
131.81
136.92
148.34
149.61
145.59
141.0
142.78
143.95
141.89
144.25
148.06
158.46
175.98
176.73
168.74
161.67
143.12
129.6
168.99
168.84
162.37
163.73
167.2
172.79
181.27
194.32
208.93
213.9
215.83
216.65
215.78
215.15
216.2
219.49
225.84
241.8
265.9
279.46
268.92
241.98
212.08
197.27
207.11
212.5
198.11
196.36
198.98
198.14
201.54
211.46
223.31
228.3
228.96
230.19
231.78
230.43
227.1
225.12
229.14
248.17
278.97
294.53
292.75
279.16
249.69
230.57
328.37
349.89
341.94
343.98
342.24
327.3
305.71
300.75
315.22
316.96
311.44
306.25
299.62
290.68
286.59
288.58
285.94
292.05
306.6
310.06
312.77
321.15
318.73
322.19
808.66
811.46
782.37
805.15
824.89
849.78
865.39
902.44
979.28
988.4
972.64
945.81
982.29
1027.23
1028.25
1016.11
1065.67
1105.36
1187.7
1292.88
1234.98
1143.96
1064.55
1004.77
716.47
715.87
688.42
694.16
708.9
732.59
768.53
823.86
885.82
906.9
915.06
918.54
914.86
912.18
916.63
930.61
957.5
1025.18
1127.35
1184.85
1140.18
1025.95
899.17
836.39
1638.69
1681.31
1567.48
1553.61
1574.36
1567.74
1594.64
1673.09
1766.9
1806.37
1811.54
1821.29
1833.91
1823.22
1796.82
1781.17
1813.03
1963.57
2207.21
2330.35
2316.29
2208.73
1975.54
1824.32
1829.5
1866.8
1787.89
1789.28
1787.33
1758.71
1746.51
1793.64
1829.13
1892.15
1921.1
1947.04
2027.0
2053.0
2058.56
2054.97
2051.48
2119.13
2222.92
2228.24
2228.99
2153.76
2037.91
1942.65
417.18
444.52
434.42
437.01
434.8
415.81
388.39
382.1
400.47
402.68
395.67
389.08
380.65
369.3
364.1
366.63
363.28
371.03
389.52
393.92
397.36
408.0
404.93
409.33
2054.6
2096.49
2007.88
2009.43
2007.24
1975.1
1961.4
2014.33
2054.19
2124.96
2157.48
2186.6
2276.41
2305.6
2311.84
2307.81
2303.89
2379.86
2496.43
2502.4
2503.24
2418.76
2288.65
2181.67
2.35
2.35
2.26
2.28
2.33
2.4
2.52
2.7
2.91
2.97
3.0
3.01
3.0
2.99
3.01
3.05
3.14
3.36
3.7
3.89
3.74
3.37
2.95
2.74
167.03
171.38
159.77
158.36
160.47
159.8
162.54
170.54
180.1
184.12
184.65
185.64
186.93
185.84
183.15
181.55
184.8
200.15
224.98
237.53
236.1
225.14
201.37
185.95
2748.02
2804.05
2685.53
2687.61
2684.68
2641.7
2623.37
2694.16
2747.48
2842.14
2885.62
2924.57
3044.69
3083.73
3092.08
3086.69
3081.45
3183.06
3338.97
3346.96
3348.08
3235.08
3061.06
2917.98
556.93
568.29
544.27
544.69
544.09
535.38
531.67
546.02
556.82
576.0
584.82
592.71
617.06
624.97
626.66
625.57
624.51
645.1
676.7
678.32
678.54
655.64
620.37
591.38
635.1
651.62
607.5
602.12
610.17
607.6
618.03
648.43
684.79
700.09
702.09
705.87
710.76
706.62
696.39
690.32
702.67
761.01
855.44
903.16
897.72
856.03
765.65
707.04
173.53
177.06
169.58
169.71
169.53
166.81
165.66
170.13
173.49
179.47
182.22
184.67
192.26
194.73
195.25
194.91
194.58
201.0
210.84
211.35
211.42
204.28
193.29
184.26
94.87
94.79
91.16
91.92
93.87
97.01
101.77
109.09
117.3
120.09
121.17
121.63
121.14
120.79
121.38
123.23
126.79
135.75
149.28
156.9
150.98
135.85
119.07
110.75
260.05
257.85
247.84
250.65
257.14
275.65
276.2
286.91
310.84
313.5
305.07
295.46
299.18
301.65
297.33
302.27
310.25
332.06
368.76
370.32
353.6
338.77
299.9
271.57
191.76
195.67
187.4
187.55
187.34
184.34
183.06
188.0
191.72
198.33
201.36
204.08
212.46
215.19
215.77
215.39
215.03
222.12
233.0
233.56
233.63
225.75
213.61
203.62
1095.42
1117.75
1070.51
1071.34
1070.17
1053.04
1045.73
1073.95
1095.2
1132.93
1150.27
1165.8
1213.68
1229.24
1232.57
1230.42
1228.33
1268.84
1330.98
1334.17
1334.62
1289.57
1220.2
1163.17
437.81
437.44
420.67
424.18
433.18
447.66
469.62
503.44
541.29
554.18
559.16
561.29
559.04
557.4
560.12
568.67
585.1
626.46
688.88
724.02
696.73
626.92
549.45
511.09
642.45
644.67
621.57
639.67
655.35
675.12
687.52
716.96
778.0
785.25
772.73
751.41
780.39
816.1
816.91
807.26
846.64
878.17
943.59
1027.14
981.15
908.83
845.74
798.25
328.57
328.29
315.7
318.33
325.09
335.96
352.44
377.81
406.22
415.89
419.64
421.23
419.54
418.31
420.35
426.77
439.1
470.14
516.99
543.36
522.87
470.49
412.35
383.56
1212.56
1237.28
1184.99
1185.91
1184.61
1165.65
1157.56
1188.8
1212.32
1254.09
1273.28
1290.47
1343.47
1360.69
1364.38
1362.0
1359.69
1404.52
1473.32
1476.84
1477.34
1427.48
1350.69
1287.56
655.29
654.74
629.63
634.88
648.36
670.03
702.9
753.51
810.17
829.45
836.92
840.1
836.73
834.28
838.35
851.14
875.74
937.64
1031.08
1083.67
1042.82
938.34
822.39
764.97
459.54
459.15
441.54
445.23
454.68
469.87
492.93
528.41
568.15
581.67
586.91
589.14
586.77
585.06
587.91
596.88
614.13
657.54
723.06
759.94
731.3
658.03
576.71
536.45
635.47
677.12
661.74
665.69
662.31
633.4
591.62
582.03
610.03
613.39
602.71
592.67
579.83
562.54
554.62
558.48
553.37
565.18
593.35
600.05
605.28
621.5
616.82
623.52
1493.36
1492.1
1434.88
1446.86
1477.57
1526.95
1601.87
1717.19
1846.32
1890.27
1907.28
1914.53
1906.85
1901.27
1910.54
1939.69
1995.74
2136.81
2349.75
2469.6
2376.51
2138.4
1874.16
1743.31
671.23
684.91
655.96
656.47
655.75
645.25
640.78
658.07
671.09
694.21
704.84
714.35
743.69
753.23
755.27
753.95
752.67
777.49
815.57
817.52
817.79
790.19
747.69
712.74
1571.54
1603.58
1535.81
1537.0
1535.32
1510.74
1500.26
1540.74
1571.23
1625.37
1650.24
1672.51
1741.2
1763.53
1768.31
1765.22
1762.23
1820.34
1909.5
1914.07
1914.71
1850.08
1750.57
1668.74
95.06
94.98
91.33
92.1
94.05
97.19
101.96
109.3
117.52
120.32
121.4
121.86
121.38
121.02
121.61
123.47
127.03
136.01
149.57
157.2
151.27
136.11
119.29
110.97
1014.94
1041.34
970.84
962.25
975.1
971.0
987.66
1036.25
1094.35
1118.8
1122.0
1128.04
1135.85
1129.23
1112.88
1103.19
1122.92
1216.16
1367.06
1443.33
1434.62
1368.0
1223.57
1129.91
891.51
890.76
856.6
863.75
882.09
911.57
956.29
1025.14
1102.23
1128.46
1138.62
1142.95
1138.36
1135.03
1140.57
1157.97
1191.43
1275.64
1402.76
1474.32
1418.74
1276.59
1118.84
1040.73
171.58
172.17
166.0
170.83
175.02
180.3
183.61
191.48
207.78
209.71
206.37
200.68
208.42
217.95
218.17
215.59
226.11
234.53
252.0
274.32
262.03
242.72
225.87
213.19
133.14
135.85
130.11
130.21
130.07
127.99
127.1
130.53
133.11
137.7
139.8
141.69
147.51
149.4
149.81
149.55
149.29
154.22
161.77
162.16
162.21
156.74
148.3
141.37
3462.22
3689.15
3605.36
3626.85
3608.46
3450.92
3223.32
3171.08
3323.59
3341.91
3283.72
3229.03
3159.07
3064.89
3021.73
3042.76
3014.91
3079.25
3232.71
3269.23
3297.75
3386.09
3360.62
3397.13
1029.23
1096.69
1071.79
1078.17
1072.71
1025.88
958.21
942.68
988.02
993.47
976.17
959.91
939.11
911.12
898.29
904.54
896.26
915.39
961.01
971.86
980.34
1006.6
999.03
1009.88
1746.81
1745.33
1678.41
1692.41
1728.34
1786.1
1873.73
2008.63
2159.67
2211.07
2230.97
2239.46
2230.47
2223.94
2234.79
2268.89
2334.45
2499.46
2748.53
2888.73
2779.84
2501.32
2192.23
2039.18
227.21
227.02
218.32
220.14
224.81
232.32
243.72
261.27
280.92
287.6
290.19
291.29
290.13
289.28
290.69
295.12
303.65
325.11
357.51
375.75
361.58
325.36
285.15
265.24
1569.88
1601.89
1534.18
1535.37
1533.7
1509.14
1498.67
1539.11
1569.57
1623.65
1648.49
1670.74
1739.36
1761.67
1766.44
1763.36
1760.36
1818.41
1907.48
1912.04
1912.68
1848.13
1748.72
1666.98
1092.08
1091.15
1049.32
1058.07
1080.53
1116.64
1171.43
1255.77
1350.19
1382.33
1394.77
1400.08
1394.46
1390.37
1397.16
1418.47
1459.47
1562.63
1718.34
1805.99
1737.91
1563.79
1370.55
1274.86
1987.35
2117.6
2069.51
2081.85
2071.29
1980.86
1850.21
1820.23
1907.77
1918.29
1884.88
1853.49
1813.33
1759.27
1734.5
1746.57
1730.58
1767.51
1855.6
1876.57
1892.94
1943.64
1929.03
1949.98
77.41
76.75
73.77
74.61
76.54
82.05
82.21
85.4
92.52
93.32
90.81
87.95
89.05
89.79
88.5
89.97
92.35
98.84
109.76
110.23
105.25
100.84
89.27
80.84
119.58
122.39
117.93
118.47
117.4
118.97
121.1
126.33
137.52
143.28
141.46
140.03
141.89
142.78
139.96
141.84
143.73
154.61
168.6
173.2
168.73
155.11
141.41
126.1
9.66
9.89
9.53
9.57
9.49
9.61
9.78
10.21
11.11
11.58
11.43
11.31
11.46
11.54
11.31
11.46
11.61
12.49
13.62
13.99
13.63
12.53
11.43
10.19
13.89
14.21
13.7
13.76
13.64
13.82
14.07
14.67
15.97
16.64
16.43
16.26
16.48
16.58
16.25
16.47
16.69
17.96
19.58
20.11
19.6
18.01
16.42
14.65
5.56
5.58
5.38
5.53
5.67
5.84
5.95
6.2
6.73
6.79
6.68
6.5
6.75
7.06
7.07
6.98
7.32
7.6
8.16
8.88
8.49
7.86
7.31
6.9
