0.0
124.45633943112931
121.13184083796084
119.56478643267667
119.66730401321072
122.39134251201898
130.73920246964465
143.0413117186867
147.75712037656126
147.9475101267359
147.08343339764303
146.51226403038734
145.26740769718367
144.1982958225869
144.24223189184295
144.4179763634201
143.9493246337674
144.79875596753098
149.0605580576184
151.49168928538091
151.19878191057353
149.95392556439964
145.54566967666173
139.05777162104755
130.47558575579382
0.0
124.98357269281237
123.32864607508598
122.87463965645624
123.5043904999704
126.15520214275513
132.71632712962005
143.37815526651173
147.7131842035436
147.5667305096548
146.52690942571667
145.29669847487204
143.64177186363077
141.57677496138166
141.38638510744542
140.80057035783065
140.66876205927116
142.00149063474854
145.29669847487204
147.93286473140657
147.93286473140657
146.3951011401273
142.17723498959387
135.645400760962
129.7286719999703
0.0
237.38677399368007
236.44947053437465
235.99546407034921
235.90759184104573
236.5373426469463
238.4119497990208
241.98541961862233
244.60694059655944
243.03988621462162
242.19045488085803
241.70715763914424
239.93506812467277
239.2467358671571
239.6568061322245
239.99364957628788
240.6966272291328
241.67786697818775
242.19045488085803
244.1529341455042
244.60694059655944
244.68016744350388
243.44995649265925
240.91630775699582
239.1735090202127
0.0
284.5302144507649
276.76816927128834
272.41849495189746
271.8766162585685
277.5736645487661
292.9073650537829
313.7477240988226
320.90930914632526
324.4241976440138
330.3262809500133
336.4480449135778
340.87094619664487
343.21420506540187
347.31490819597326
349.2773874606195
350.20004575805916
349.365259689923
351.15199461269395
349.58494023075605
346.4068952808926
340.56339342650824
329.6672394701859
313.36694461144356
296.27579974085074
0.0
40.01114607702381
38.4148009342589
37.43356126561927
37.008845584470265
37.30175294630744
39.22029618968728
43.07202803286566
44.023976975697714
44.0386223450866
45.25418791357213
46.49904420656819
47.670673669481126
48.666558706212626
49.750315956683345
50.46793901134269
50.79013711195763
50.8487185869191
50.541165844019865
50.79013711195763
50.30683995584715
49.45740859354915
47.773191250015195
45.166315701129925
42.14936983918749
0.0
765.2058459775883
743.1938574203488
734.5237994554934
736.9842213442125
759.9335133477872
816.9479319558536
902.5940455790949
938.9292042183695
933.0857022342832
927.6815613188929
923.2440147701984
917.3419313344968
910.3121545855538
907.8956688698523
904.9958859124372
905.5963460573813
918.4403339867819
950.3233006820328
970.2995829979798
967.048311214142
952.739786514466
919.8609346878013
865.4826824530012
810.1524811301026
0.0
53.77779223641931
52.225383199227
51.61027772510171
51.78602214998613
53.39701266084292
57.40984356081384
63.42908991530982
65.97738398923363
65.5673136774735
65.1865341018971
64.87898137067104
64.4689110589109
63.97096853341157
63.79522412149734
63.590188959132185
63.634125064704776
64.54213790196425
66.78287924595902
68.18883459574766
67.95450870757494
66.95862365787323
64.64465548379535
60.82221436512752
56.92654640470335
0.0
219.47548868374386
212.02099626143382
208.72578842131037
208.34500880422925
213.060817345372
228.59955311262445
252.10536919188712
261.727376141079
259.5452162188679
257.40699248264457
256.0596185118379
255.1076696701735
255.00515203257046
256.3232352256888
258.37358671963835
261.5076956002459
266.7507374393883
275.52331292511445
282.5970258470753
280.9128084451755
275.772284243636
265.1251014891035
248.9712603112797
232.26089517449978
0.0
265.374072807625
258.28571449033495
254.9465705809554
255.19554189947695
260.9658169198871
278.77458470895215
305.00443928702305
315.0658072919409
315.4758775699785
313.6305611955924
312.41499564007705
309.7495386058541
307.4795064543395
307.5820240789723
307.96280369605336
306.95227327307174
308.7682989735311
317.8484272293941
323.03288761692136
322.417782076648
319.7669704377543
310.3499987507982
296.5247710593723
278.21806074999597
0.0
1358.3432603256363
1319.2547724747162
1303.8771352649032
1308.2268106867616
1348.9848703886096
1450.199009609967
1602.2179329715595
1666.7014893972653
1656.3472136932853
1646.7398524117968
1638.8606440696865
1628.3892051511907
1615.925997033424
1611.6349039970357
1606.4797343612563
1607.5342012166598
1630.351684908705
1686.9413883362718
1722.39782457875
1716.627548780128
1691.2178355493143
1632.8560427499476
1536.3430666484637
1438.1019363105813
0.0
57.26338987341016
55.60846326735695
54.96406705575092
55.13981147933833
56.8679649297419
61.129767096353554
67.52979302642595
70.25383151356098
69.8144704759933
69.41904553232504
69.08220206361827
68.64284101308039
68.1156077513973
67.93986333818606
67.72018280772905
67.76411891459865
68.71606785743073
71.103262875859
72.59709043808984
72.36276454991713
71.29365266883528
68.8332307956805
64.76181842074809
60.61717920405937
0.0
575.4604548445724
573.205068088387
572.0920201575044
571.9016304073299
573.42474861625
577.9648128025474
586.605580106446
592.9909606671296
589.1831649113655
587.1181680220866
585.946538522857
581.6554456550813
579.9858736355404
580.9524678855045
581.7872539406706
583.5154074118265
585.8586662805834
587.1035226267574
591.8779126195152
592.9616698764709
593.1520597433774
590.1497591483593
584.0279953144967
579.8101291639632
0.0
1005.4924029157132
976.5531552471335
965.1737040620677
968.3956851849489
998.5651436746709
1073.476202314076
1186.0112119952157
1233.7551125972443
1226.0809395303397
1218.977935934452
1213.1490793456949
1205.3870342829503
1196.160452229437
1192.9824072925437
1189.1746115367796
1189.950816036569
1206.836925644926
1248.7373242758388
1274.981824119537
1270.7053766470904
1251.9007238303727
1208.6968874016711
1137.2567810869368
1064.542527752102
0.0
122.52315081965762
122.03985366354713
121.80552777537442
121.76159166980183
122.08378976911972
123.05038408134067
124.89570048037017
126.2577197245862
125.43757909976894
124.99821806220126
124.74924679296647
123.84123396867719
123.48974513058155
123.69478028127351
123.87052470615795
124.23665891234548
124.73460142487463
124.99821806220126
126.02339383641349
126.24307435519734
126.28701046206693
125.65725963022595
124.33917648120637
123.44580902500893
0.0
56.12105114797795
54.21715328566017
53.36772192336216
53.27984971091996
54.48076991131363
58.44966470441496
64.4689110589109
66.92933292039253
66.35816356481003
65.81628493373809
65.47944146503129
65.2304702087667
65.20117947128597
65.53802293999277
66.06525620167584
66.87075145710422
68.20347996383953
70.44422130653727
72.26024696938303
71.82088591884518
70.51744815088762
67.79340965207939
63.663415802185504
59.38696827785814
0.0
11.496614079606118
11.350160397131106
11.30622429337434
11.364805765871475
11.59913165832436
12.21423712440812
13.195476802515996
13.590901746184263
13.576256376795383
13.473738796261314
13.371221215727237
13.210122171904874
13.019732377631572
13.005087009539714
12.946505538080192
12.946505538080192
13.06366848450119
13.371221215727237
13.605547102602939
13.605547102602939
13.473738796261314
13.07831385259305
12.477853753044723
11.935975128198466
0.0
230.66455000190334
222.84392337081175
219.35832578051367
218.9775461634326
223.92768062776756
240.25726627716847
264.96400241285556
275.0693065907911
272.78462916067895
270.5292424044937
269.1232870988037
268.1127566887923
268.01023905118933
269.40154909125204
271.5544182098344
274.8349806675988
280.35628448621924
289.56822114440337
297.0080681713841
295.23597865691255
289.84648313685165
278.6427764233629
261.6687945727321
244.1089980892184
0.0
138.55982910073627
133.05317056071326
129.62615442203025
128.17626296666901
129.17214800599456
135.83579061489823
149.1337848915926
152.42899274468633
152.50221957866052
156.70544033386471
161.0258239922991
165.0825909368827
168.53889785325404
172.2734667620737
174.77782472004876
175.87622737233386
176.11055329552616
175.01215064324103
175.90551816299245
174.22130076109258
171.26293635206227
165.46337054099354
156.39788756372806
145.98503074535793
0.0
93.12989673244822
89.42461856500034
87.12529574734114
86.14405607740447
86.81774301481806
91.29922570151061
100.2329003374149
102.45899631202082
102.50293241759343
105.3148431171707
108.22927141025221
110.95330989738727
113.26727808313835
115.78628142087845
117.47049877608556
118.21741255784949
118.36386623228299
117.61695245181608
118.23205792594133
117.10436456989804
115.11259448346485
111.20228116532502
105.1098079664787
98.10932194334309
0.0
615.61805462197
597.911804340806
590.9406090434778
592.9030884248558
611.3855432058093
657.2548365520021
726.1466488524757
755.3788038958627
750.6922860156764
746.3279663139263
742.7691417599522
738.0240424281506
732.3709303239408
730.4230963249221
728.0798374561653
728.5631345681769
738.902764552573
764.5468043810289
780.6127733165793
778.005897850703
766.4946383670778
740.0304578787847
696.2993882817855
651.7774687896675
0.0
180.81171644133957
177.92657887925373
176.93069385160135
177.32611885104149
180.07944801080623
187.6657488354374
201.76923840257976
208.63791617903667
206.5582738944285
204.40540476287592
201.37381350690126
198.89874622285288
197.18523814702633
196.98020301449264
197.1266566954112
197.976088042145
200.61225440244115
203.71707238862842
207.87635695784473
207.53951352675153
206.25072112429186
201.739947728653
193.74357662598428
185.98153143353753
0.0
120.12131043184046
118.20276718846063
117.5437256191389
117.80734224479234
119.63801327572999
124.67601994991313
134.0490555883656
138.60376516999227
137.22710052525886
135.7918544418806
133.7854390042168
132.14515777533458
131.00281905379344
130.85636537287488
130.9588828807758
131.5300523517931
133.27285108857623
135.33784799082534
138.10582264968102
137.87149672648874
137.02206539272518
134.01976491443887
128.71814160163206
123.5629719632587
0.0
186.01082222419615
179.698668510457
176.9014031776746
176.57920502517882
180.59203591347662
193.7582220083433
213.67592288564532
221.83339294783013
219.97343119108493
218.17205088595486
217.0297121773839
216.22421689990614
216.1363446576325
217.2493927052469
218.99219155876187
221.6430031976555
226.08054975932012
233.5203967863009
239.52499784663516
238.08975175028664
233.74007731416387
224.70388512755693
211.0251112337815
196.84839471593313
0.0
194.76875243132494
188.16369135574865
185.23461772440677
184.89777417658172
189.08634953645662
202.88228643722394
223.73729087759298
232.2755405568588
230.34235196613946
228.43845403637658
227.25217925854963
226.40274780805422
226.31487568251237
227.48650506501005
229.30253076546947
232.07050542432515
236.72773251385274
244.519068367256
250.80193140706837
249.29345847674566
244.73874889511893
235.29248643047438
220.95467082340798
206.1189128387025
0.0
253.84816792867025
243.77215465812517
237.48929161831282
234.82383458408992
236.65450566690836
248.8833880819762
273.2386355079726
279.2871726116225
279.41898091018203
287.1077992556843
295.0309435114087
302.45614515603035
308.7829442521285
315.6223312508971
320.2209768888096
322.24203772180266
322.6521079998402
320.64569256217646
322.2859737780885
319.21044646582794
313.79166028481046
303.14447753027787
286.5366299013989
267.45371509223315
0.0
480.9392481109721
479.0646409588976
478.1273373828604
477.9662384233443
479.255030825804
483.0335357909096
490.26834767238637
495.5992617538025
492.40657142157977
490.6930633457532
489.7118237134302
486.1237084984993
484.71775319280937
485.5378937488845
486.2408714017295
487.6761174851079
489.6385968664857
490.6784180671558
494.6619581777652
495.58461635847306
495.73107003939174
493.2267120814166
488.10083315847476
484.5712994989206
0.0
1311.6831165655167
1273.9273576402693
1259.0769542602345
1263.280174898707
1302.6469251441517
1400.37546671036
1547.1806380507035
1609.452744541752
1599.4499578328066
1590.164794937278
1582.5638485487043
1572.4585443188887
1560.405406284606
1556.2607672015106
1551.2959866544256
1552.306517077407
1574.3331513412609
1628.9896654906881
1663.2305363981438
1657.6506508555346
1633.119660047458
1576.7496374849788
1483.561159262005
1388.7031081504867
0.0
73.24148663802268
72.06985718807995
71.6597868750228
71.82088591884518
72.93393390679663
76.00946124370053
81.72115486697045
84.50377482906698
83.66898883486083
82.79026674805229
81.56005581017789
80.56417077344639
79.86119309855208
79.78796625420173
79.84654772916319
80.18339119786998
81.25250307895182
82.51200475430697
84.19622209784093
84.0644137785291
83.53718052851919
81.70650949758158
78.46988310518212
75.33577430628695
0.0
1365.0361938120986
1318.7128942612846
1298.165442188976
1295.8368285469357
1325.186146882659
1421.8016405050143
1568.0356431525531
1627.8326811144134
1614.256425182496
1600.973075730442
1592.6398621694452
1586.6791971524265
1586.034800380508
1594.2654977176537
1606.9776771798824
1626.441371217023
1659.071252529319
1713.6106033345286
1757.663871732534
1747.148496251915
1715.2215940970075
1648.9659482995023
1548.5133668596445
1444.575188931956
0.0
236.4787611953312
232.70025623022573
231.411463827766
231.92405174340655
235.51216695833742
245.4417265479639
263.8948905382588
272.8725012862208
270.1631081827419
267.3365520722711
263.3823027523203
260.13103096848266
257.8902896076266
257.61202761517836
257.8170627606822
258.93011080829655
262.38641760793615
266.4285392868925
271.8766162585685
271.4372552028426
269.75303790470434
263.850954481973
253.40880687294433
243.24492136012557
0.0
43.028091938966234
41.32922921437023
40.26011733328839
39.80611091465865
40.1136636458847
42.1933059447601
46.32329979465398
47.348475568866206
47.36312093825508
48.666558706212626
50.01393259400997
51.27343425639492
52.34254614914995
53.49953023100081
54.27573474894846
54.627223587044135
54.70045043009747
54.3489615920018
54.627223587044135
54.114635705126105
53.191977499774765
51.39059720631787
48.57868650674061
45.34206011434116
0.0
342.9798791422096
329.35968671301947
320.86537309003944
317.2772578751086
319.75232515915684
336.2576551634031
369.1657976639947
377.3379131215088
377.51365747635407
387.8972236337677
398.6176331185128
408.6497104495039
417.18796012876976
426.44383285620995
432.65346893234613
435.377507534916
435.9340314938721
433.2099930080342
435.43608898653105
431.2914496829419
423.9541202935642
409.572368630212
387.1356644125758
361.3598162985304
0.0
348.47189229987356
336.6530800461114
331.39539282461004
330.8095781917271
338.29336127499363
362.97080685348584
400.28720512508346
415.5623241784851
412.09137198351624
408.70829190111897
406.5700681648959
405.0615952345731
404.885850762996
406.9947838382627
410.2314102267711
415.21083535206265
423.5294046201973
437.45714981952403
448.7047926022689
446.02469017271676
437.86722009756176
420.95181969854605
395.30777999979193
368.77037265158435
0.0
285.5700356514349
281.0006806874491
279.4336263055113
280.04873171608256
284.3984061522054
296.3783173654835
318.66856790220106
329.50614039393804
326.24022321477116
322.81320707608813
318.05346236192776
314.12850371590366
311.4191106124248
311.08226706459965
311.3312383831212
312.67861223719603
316.8378968064124
321.7294498191323
328.3198655123495
327.76334154042314
325.72763531210074
318.60998633385407
306.0003243146754
293.74215112191916
0.0
112.35926524717588
110.86543768494504
110.45536738356108
111.0265367404406
113.41373177054203
119.31581517641209
128.89388601484328
132.78955397656446
132.65774567800494
131.7204421019677
130.6220394496826
129.128211903016
127.28289549879842
127.09250571749534
126.57991782390413
126.46275488695139
127.66367507437484
130.60739405435334
132.97994371376885
132.99458910909814
131.60327908200566
127.81012876177853
121.9519814627781
116.62106741378756
0.0
26.639924861296574
25.731912024037094
25.321841712276978
25.277905606704373
25.84907497396004
27.73832747985915
30.594174286306025
31.765803747921947
31.5021871105953
31.23857048623887
31.077471442416506
30.960308492493557
30.945663123104676
31.106762178600224
31.355733436161824
31.736513010441204
32.36626384228219
33.43537572336403
34.2994524537539
34.09441730306191
33.464666460844775
32.175874059682066
30.213394710729624
28.192333886815707
0.0
325.5958270135413
316.2227913958411
312.5321585433073
313.5719797439773
323.34044037408773
347.6078155707807
384.045491704986
399.49635524293495
397.0212880626483
394.7219652501772
392.83271270277334
390.3137093624393
387.3260542794822
386.3008784741416
385.070667523297
385.3196388418184
390.7823612088238
404.3586174649963
412.85293108797634
411.46162117761565
405.383793270337
391.38282122406576
368.257784748914
344.7080326133655
0.0
60.939377303377285
58.52289154746828
57.01441861714557
56.37002241721274
56.8093834664536
59.75310248404568
65.59660441495423
67.04649587031545
67.0757866077962
68.9211030081227
70.82500088211368
72.6117358061817
74.12020873780142
75.7751353555278
76.8735379740904
77.35683511852768
77.45935269906174
76.97605554295127
77.37148048661955
76.62456670615262
75.32112893689808
72.77283486297426
68.78929468881088
64.20529443325746
0.0
205.22554531895108
199.63101465338625
196.48226050715155
196.1014808900705
200.20218400767175
211.25943704024192
226.30023028718315
231.47004527938108
233.98904863268544
238.2508507227729
242.67375200584004
245.8664422213308
247.55065962323064
250.50902403226092
251.9149793249807
252.58866631686914
251.9882061719251
253.2769985743848
252.149305248173
249.8499824357018
245.64676168049763
237.78219899312023
226.02196830770504
213.70521354660184
0.0
120.2970548450517
116.84074793257143
115.47872868965239
115.85950826393177
119.46226885084556
128.42523422682467
141.89897301011578
147.6106666956427
146.6880083852327
145.83857705146912
145.13559939862415
144.2129412179162
143.0998931703018
142.73375896152024
142.26510723186755
142.3676248565003
144.38868557276155
149.39740160544346
152.5315103693191
152.01892246664872
149.77818109282248
144.60836610062452
136.05547102602938
127.35612234314878
0.0
56.64828441095805
55.74027157369858
55.43271884247252
55.54988179239547
56.413958522785336
58.78650817312174
63.20940938485278
65.36227852678151
64.70323694578663
64.02955000837304
63.09224644660301
62.3013965592665
61.774163297583435
61.70093645323307
61.759517928194555
62.02313456552118
62.84327517866527
63.8098694895892
65.12795262693562
65.01078968998289
64.61536474631461
63.19476401546391
60.690406047112695
58.25927492181483
0.0
334.7052460600628
325.0832391108709
321.2900887634063
322.3592006250328
332.40592323462135
357.3469854102326
394.8098373627488
410.70006195642384
408.1517679421629
405.7792182697771
403.8313842837285
401.25379947880896
398.17827216654854
397.1238055705492
395.86430395874817
396.1132751605379
401.737096603791
415.67948719844713
424.42277202321685
423.0021713221977
416.73395367771457
402.35220201436243
378.56812407235344
354.373975605873
0.0
58.288565659295564
56.31144094225127
55.43271884247252
55.33020127361163
56.58970293599658
60.705051416501576
66.95862365787323
69.50691773309408
68.9211030081227
68.36457901933507
67.99844481314754
67.74947354520978
67.72018280772905
68.07167164582471
68.61355027559964
69.4483362698058
70.83964625020553
73.16825980664254
75.05751231124462
74.60350589391189
73.24148663802268
70.41493056905654
66.12383767663732
61.68629108514122
0.0
11.848102918220594
11.540550184530204
11.379451134611843
11.394096502184896
11.657713130821499
12.448563016861005
13.620192471991814
14.074198890621554
14.088844258713413
14.000972046271203
13.95703595237179
13.839873002448838
13.737355421914767
13.737355421914767
13.752000790006628
13.70806468443403
13.79593689687624
14.191361840544506
14.425687727420204
14.396396989939463
14.279234052986718
13.854518371837719
13.23941289641541
12.419272280547585
0.0
202.92622250647997
196.02825404312614
192.9820175215242
192.63052869510167
196.99484840982197
211.36195466487473
233.09568111293405
241.98541961862233
239.9643589023611
238.00187952098318
236.75702317480926
235.8636557847599
235.7757835424862
237.00599449333083
238.8806016454053
241.78038448608865
246.62800142955254
254.7415354484217
261.28801507238285
259.72096069044505
254.975861371614
245.1341738945591
230.19589827225067
214.74503474727186
0.0
99.74960318130444
95.78070838820312
93.32028652542449
92.26582000205838
92.98344304504454
97.78712384402516
107.36519467856533
109.73774434057489
109.79632580386321
112.81327166580563
115.93273510828212
118.84716338839347
121.32223061926395
124.01697838059144
125.81835867404834
126.62385393077375
126.78495298626927
125.99410309893277
126.6384992988656
125.42293373038005
123.29935533760525
119.11078001404692
112.59359114572477
105.09516259838682
0.0
939.0024310653138
907.1341097653923
893.0013293038298
891.4049842609354
911.5863017094159
978.0469827950974
1078.6460173062742
1119.7702114503677
1110.441111875983
1101.3024020517732
1095.5614177052898
1091.4753599700475
1091.0213535189926
1096.6891110315016
1105.432395843301
1118.818262479001
1141.2696119752345
1178.7764001007686
1209.0923124011113
1201.8575005196344
1179.8894481483828
1134.3130620602658
1065.201569348661
993.7175268479389
0.0
30.506302073863814
30.023004917753344
29.86190587393098
29.920487348892454
30.38913912394087
31.663286167387874
34.05048119748932
35.20746529101337
34.85597644124452
34.48984223505699
33.97725435313896
33.56718404137884
33.27427667824465
33.24498594076391
33.25963131015279
33.40608498588329
33.860091404513035
34.37267929680723
35.07565697170154
35.01707549674006
34.79739497795622
34.03583582810044
32.6884619416001
31.38502417364256
0.0
186.37695643297764
178.9664000799237
174.35310904668188
172.40527506063327
173.75264903143992
182.71561437110242
200.59760902008207
205.04980096410574
205.13767320637942
210.77613992823012
216.6049965040171
222.0530734756931
226.69565518286166
231.7190164811708
235.102096563568
236.58127881996393
236.88883147336884
235.40964933370466
236.61056949389072
234.35518285443717
230.371642627096
222.5656613913337
210.36606965019254
196.36509760392133
0.0
1081.9705159370562
1077.7233591255663
1075.643716840958
1075.2775826192062
1078.148074798933
1086.6716791996014
1102.9280378853261
1114.9225944939335
1107.7463640511016
1103.894632252022
1101.668536273525
1093.6135837192412
1090.4648295600362
1092.2955005261226
1093.87720030339
1097.0991813095393
1101.5220825926065
1103.8506960790044
1112.828306813996
1114.8786584376478
1115.2301472640702
1109.5916804254875
1098.0657756632647
1090.1279860122113
0.0
238.55840347993936
229.08285022463625
223.18076680190498
220.69105423925916
222.4045623021156
233.88653100805269
256.7772415600122
262.45964445488056
262.59145287017185
269.8116193563194
277.2514663833001
284.2373070759575
290.18332656794485
296.6126432886758
300.9330269471102
302.83692476014124
303.2177043772222
301.3284518298185
302.8662155507998
299.9810779757437
294.8844898304901
284.88170327718734
269.2697407926925
251.34380997069522
0.0
323.9116097283732
312.9129381603883
308.03603054299776
307.4941518496688
314.4507017516676
337.385348489615
372.0802258870372
386.271587683483
383.0496066903039
379.900852531099
377.92372787112356
376.5031270533725
376.3566733724539
378.3045073585025
381.32145321914794
385.9347442523897
393.68214404950714
406.62864961651087
417.0707971088077
414.581084546162
407.00942922062177
391.28030371616484
367.4376441928389
342.78948940500527
0.0
641.3206759020412
638.801672548737
637.5714615978924
637.3517810700293
639.0652891458559
644.1179412348238
653.7545935663748
660.8575971622623
656.6104403507723
654.32576292066
653.0076797405121
648.2186443524248
646.3586825956797
647.457085131233
648.3797434286728
650.2982866370332
652.9198074982384
654.2964721300017
659.6127408160884
660.842951766933
661.0333415041373
657.7088430030573
650.8694559913185
646.1682927287734
0.0
113.60412155314215
110.55788495371898
109.13728423454148
109.23980181637259
111.71486904724306
119.33046054450394
130.56345799806752
134.86919626117262
135.04494073274978
134.2540908376311
133.74150293496078
132.59916422638983
131.61792447733495
131.6618606503526
131.82295960986863
131.39824394947198
132.17444855302296
136.05547102602938
138.28156700452632
138.01795042037753
136.8756116988364
132.84813542817957
126.93140666199977
119.09613464465804
0.0
437.2228238963319
424.6424525510799
419.6776726914156
421.0836281138373
434.20587803568645
466.77717698845294
515.7219977506679
536.4744845664042
533.1353405532631
530.0451678456732
527.5115192137714
524.1430845267035
520.1302535216739
518.7389436113133
517.0840170000721
517.4208604311652
524.7728353455743
542.991673412677
554.4004152716697
552.5404535149244
544.3683380444402
525.578330623052
494.5155044838764
462.8961543857445
0.0
148.25506289687252
143.23170158559316
140.99096022473708
140.74198890621557
143.93467923843812
154.42076290375263
170.31098738069576
176.79888555304183
175.33434879573676
173.88445731702916
172.97644441491872
172.3320482136888
172.25882136674446
173.15218888649585
174.5434989135883
176.65243187212326
180.1966110307683
186.11333973209705
190.90237523691596
189.76003651537482
186.28908420367424
179.09820837848318
168.18740902683157
156.89583008403932
0.0
556.3628946530475
541.190293107547
532.6666888236102
531.6122223443429
542.7573474894847
572.7364163587343
613.4944761643442
627.4954482106153
634.3641259870725
645.9046761446245
657.8845873579028
666.5400000571306
671.0947095090552
679.13501668098
682.9574578191031
684.7734835195625
683.1332022906803
686.6334452763076
683.5579179640472
677.3629271535384
665.9248945168572
644.6158837421649
612.7622078375725
579.3268320519514
0.0
621.1247130452612
612.894016136132
610.6386293799467
613.7727381438223
626.9389242386891
659.5688047598026
712.5557470842418
734.0990837821266
733.3375246776665
728.1970003593954
722.0752363958309
713.8298940913722
703.5927817316092
702.6115419825544
699.711759141871
699.0966536015975
705.7163600725032
722.0459457219041
735.1681956567234
735.1974864344118
727.5526041581654
706.5657914192369
674.1263007650299
644.6891105891092
0.0
2067.105856971622
2058.992322978693
2055.0234283282643
2054.305804514848
2059.797818489635
2076.083467304538
2107.1462941570744
2130.051649546645
2116.372875964154
2108.9916105703714
2104.744453836702
2089.337526147516
2083.3475705214223
2086.847812962301
2089.85011362217
2096.0158136809305
2104.466191883165
2108.918383528874
2126.05346428714
2129.9930684581955
2130.637464062796
2119.8877642283787
2097.8611300942275
2082.7031737495026
0.0
362.5753818540457
352.147879627376
348.0471766265067
349.20416061367507
360.08566929139994
387.09172835628993
427.67404380705455
444.89699684650486
442.129022304381
439.56608277805896
437.45714981952403
434.65988448674176
431.33538586892985
430.1930471473887
428.81638251562555
429.09464449510364
435.1871176680095
450.2864923665657
459.7474002395099
458.2096366352603
451.42883108810696
435.8461592645686
410.0996019282115
383.86974736311083
0.0
665.6612779327085
643.0634747555563
633.0460428069242
631.9183494936826
646.2268742971203
693.3410239765168
764.6493220056616
793.8082502021043
787.1885437311989
780.7152909541821
776.643878614269
773.7440956568538
773.421897491388
777.449373775015
783.6443645725539
793.134563223186
809.0394330824884
835.635421882311
857.1201771285806
851.9942981926683
836.4262717644594
804.118589408812
755.1298325773412
704.4422130653726
0.0
462.427502669062
449.81784053315147
442.7294823325932
441.86540559053026
451.1212783179703
476.03304970292277
509.90778655724
521.550854339425
527.2479025128907
536.8552641834852
546.7994691554708
553.990344993632
557.7834953410966
564.4764286589466
567.6398282134807
569.1483011438035
567.7862818943994
570.700710130412
568.1524161161511
562.9826011239531
553.4924024733208
535.7715069135592
509.30732642526624
481.51041746525755
0.0
612.9818882487037
595.3488649312158
588.406960411576
590.3694396891924
608.7640222278721
654.4429258238904
723.0418307495565
752.1421774943839
747.4703050224973
743.1352759687335
739.5764515444614
734.8606428865868
729.222176164736
727.2889875610466
724.9750193532459
725.4436711996304
735.7393650110089
761.2808873185937
777.2736294201696
774.6667538375619
763.2140759222837
736.8670583242506
693.3117331988284
648.980203456885
0.0
616.3063868794858
595.3928009875016
586.1222829944342
585.067816398435
598.3218747355753
641.9357813126126
707.9571014463295
734.9631605112194
728.826751165296
722.8367956170227
719.0729359305146
716.3781882223651
716.0852808475578
719.8052043610479
725.5461887075315
734.3334097053189
749.0666501821235
773.6855142052389
793.573924278912
788.8288249600811
774.4177826357721
744.4972952181377
699.1405897875854
652.2168298453934
0.0
87.47678458413978
84.0058323152408
81.83831780392319
80.91565961024503
81.54541044208602
85.76327650312511
94.1550725079575
96.23471480683287
96.27865091240547
98.92946256816035
101.6681464246843
104.23108586799697
106.39860036764138
108.75650466026211
110.352849803027
111.04118210982948
111.18763579593616
110.48465812104183
111.05582747792133
110.00136096622836
108.12675382842112
104.46541176654586
98.73907277518407
92.16330243319749
0.0
16.271004127746714
16.00738750209326
15.919515289651047
15.963451396520664
16.21242265278524
16.886109601872
18.160256633645822
18.77536210777111
18.584972313497808
18.394582532194704
18.130965896165087
17.896640007992367
17.75018632058868
17.720895583107943
17.735540952496823
17.823413164939033
18.057739063487915
18.336001057233226
18.702135263420754
18.672844525940015
18.555681577314086
18.160256633645822
17.44263358936263
16.739655914468308
0.0
994.2008239729208
967.1068926657572
951.8757097853731
950.0011026332987
969.9188033938689
1023.4769151893256
1096.2936861487933
1121.3372658323055
1133.5954390250618
1154.2307629245975
1175.6276459415635
1191.0931548618719
1199.2506249370265
1213.6177311920794
1220.442472808489
1223.664453801668
1220.7500255786256
1227.0182431063768
1221.5262300654447
1210.4250408598568
1190.0093976049159
1151.916794716797
1095.0048937463337
1035.2664365356973
0.0
1397.6221373949527
1359.5295351812845
1338.1180072099758
1335.4818402011697
1363.4837840083674
1438.7756225242579
1541.146747289208
1576.3395662341761
1593.5771656806312
1622.589639910811
1652.671225782124
1674.4049520096894
1685.8722755278209
1706.0682392017236
1715.6609546598659
1720.2010193001202
1716.1003165197444
1724.9168282433393
1717.1840726872033
1701.5867557796203
1672.881834112054
1619.338367776778
1539.3160756616408
1455.3395345897188
0.0
938.7388143514629
913.1533560913538
898.7716044409717
896.99951491353
915.8041677432176
966.3746243389853
1035.1346282371378
1058.77225261496
1070.3420935502004
1089.8350787541358
1110.0310414812136
1124.632473672429
1132.3359374002903
1145.9121937861648
1152.341510390164
1155.402392423827
1152.6344177649712
1158.5657918616294
1153.3666861955044
1142.8952479255192
1123.607297854118
1087.6529188319246
1033.9044172862932
977.5051042185
0.0
377.9383731497211
371.90448141546
369.839484526181
370.6449798036588
376.4006095454716
392.2468979531587
421.74266959366474
436.10977584871756
431.77474692465574
427.2493281336876
420.9371744329189
415.7527140453915
412.16459883046065
411.7252377617645
412.04743581049865
413.8195254417019
419.3408292603224
425.8140820503095
434.5280760844206
433.79580775764884
431.1010599457376
421.6840881420496
404.98836838762867
388.76130036286054
0.0
181.99799133589838
174.77782472004876
170.26705132440995
168.36315349840874
169.66659117946588
178.43916678192403
195.89644575753678
200.23147479833028
200.33399230623127
205.84065084625425
211.52305375409279
216.85396770580675
221.37938649677488
226.28558490482405
229.58079274494753
231.03068422365516
231.32359159846249
229.8883455150842
231.05997500134347
228.8631696967733
224.96750171170578
217.33726494752057
205.43058045148481
191.75180657067958
0.0
260.68755494040903
250.3332795606838
243.8893175613554
241.16527906254717
243.03988621462162
255.59096678218526
280.6052558047408
286.814891880877
286.9467001794364
294.8405536574725
302.98337845403
310.613615334947
317.10151352026327
324.13129026920643
328.8470987973789
330.9267410949573
331.351456755354
329.2864598660751
330.97067715124314
327.82192299203825
322.24203772180266
311.316592987792
294.2547390245895
274.67388159135095
0.0
352.55795002214546
338.5569779758743
329.8283384426722
326.1377057068702
328.68599972113105
345.6453361764325
379.49078225306135
387.8825782384384
388.07296798861313
398.7347961384749
409.7481129850573
420.0730976908557
428.84567329331384
438.3505172225437
444.735897770257
447.5478084983687
448.11897785265415
445.32171251987177
447.6063899499837
443.3299424645671
435.8022232082828
421.02504654549045
397.9439462433562
371.46512047646587
0.0
52.57687203602565
51.74208604311652
51.449178679982325
51.56634162990527
52.3718368749575
54.56864212375584
58.66934523487196
60.67576067902085
60.075300584660596
59.445549741146436
58.56682765433791
57.83455924196284
57.33661671646349
57.278035241502025
57.32197134837163
57.570942616309395
58.347147122583856
59.24051459175148
60.45608015893998
60.35356257840592
59.97278300412654
58.66934523487196
56.340731679732
54.08534496764537
0.0
20.737841445050364
20.459579451305054
20.3863526069547
20.48887018878579
20.92823123802665
22.026633856589232
23.78407804447353
24.5017010874597
24.48705571936785
24.3113113061566
24.106276143791444
23.828014150046126
23.491170681339337
23.461879943858595
23.35936236332453
23.344716993935656
23.564397525689692
24.106276143791444
24.545637194329323
24.545637194329323
24.296665936767724
23.593688261873407
22.50993101269971
21.5286913323869
0.0
510.15675775902974
495.46745345524295
489.6971783181009
491.32281426838557
506.64186939104343
544.6466000368885
601.7488908742583
625.9723300016954
622.0766620166278
618.4592560110383
615.5155369973373
611.575932955984
606.8894150757977
605.2784246375742
603.3452360338845
603.7406609295631
612.3082013865173
633.5586307095946
646.8859157769476
644.7184013667976
635.1696212775203
613.2455049625545
577.0128638311809
540.106535850591
0.0
65.52337757060388
64.48355642700277
64.11742222081526
64.26387590821894
65.25976094624744
68.01309017086324
73.1243236997729
75.61403630003225
74.86712251826833
74.0762726309318
72.97787001236922
72.0845025561718
71.45475171265764
71.3815248696043
71.44010634456578
71.74765907579183
72.6996080186239
73.82730137466723
75.33577430628695
75.218611356364
74.74995956834539
73.10967833168104
70.20989541966158
67.39798470841113
0.0
165.91737700501898
161.14298689552933
159.26837974345486
159.79561304145452
164.77503828347787
177.13572898413503
195.7060560073622
203.5852640900689
202.3111170829385
201.13948758370896
200.18753862531264
198.89874622285288
197.37562801393278
196.8630401112624
196.23328930536184
196.35045220859206
199.1477175413745
206.06033138708744
210.38071503255162
209.6777372629748
206.57291928975778
199.4406249161819
187.6657488354374
175.65654684447094
0.0
152.37041129307121
147.20059630087323
144.9012734754319
144.6376568912831
147.9182193360773
158.69721038916938
175.02679603857032
181.69043856576167
180.18196563543898
178.70278348280468
177.76547991973766
177.10643832317848
177.0332114762341
177.95586965694207
179.37647035796127
181.54398488484313
185.1906815513891
191.2685094456976
196.1893531323442
195.0177236331147
191.44425380054287
184.06298822517724
172.84463611635923
161.2455045201621
0.0
80.95959571711465
77.73761469280707
75.73119924995521
74.89641325574907
75.46758261262858
79.36325057305272
87.13994111543298
89.07312972690471
89.10242046438543
91.56284232716403
94.0818456752803
96.45439532561669
98.47545614953064
100.65761601856393
102.12215284331401
102.76654904324685
102.89835736126169
102.25396116132885
102.78119441133873
101.79995474269909
100.07180128062235
96.67407585607373
91.37245254586097
85.2946247164035
0.0
650.4008041449341
633.0167521459678
624.8446365587515
625.4304513083663
639.5925224308854
683.2357197985813
747.514241078783
772.1916866572751
773.2022170802569
768.64750749863
765.6891430896001
759.1573088609681
753.5774235907325
753.826394779552
754.7636983555893
752.2886311882727
756.7408231322967
779.0017828783555
791.6993171398078
790.1908442094851
783.7029460241688
760.621845735005
726.7324636020902
681.8883459574765
0.0
703.4609734330496
683.2064291376247
675.2539940912419
677.4947354520979
698.613356489586
751.0291294597397
829.7479838419388
863.1540688498715
857.7938641074987
852.8144388654757
848.7283811302334
843.3095948195138
836.8509874378263
834.6248914593293
831.9594344251066
832.5159585007947
844.3201252424954
873.6255071328269
891.9907988938182
889.0031438108614
875.8516030983537
845.6235630402846
795.6389211811612
744.7609119319885
0.0
1205.5334878601072
1164.6143289782494
1146.468717745121
1144.4183661214693
1170.3406680461353
1255.664583400149
1384.8074404118524
1437.6186381479833
1425.6240823694689
1413.8931415538277
1406.541166639419
1401.2688348267404
1400.697665096319
1407.976412969231
1419.1947651429002
1436.3884280272318
1465.2105120013987
1513.3791290031259
1552.2772265980336
1542.9920637025048
1514.785083556544
1456.2768381009048
1367.555197476688
1275.7726740146554
0.0
1283.241811845265
1248.2540271508565
1228.599942883644
1226.1834571549723
1251.8860784350436
1321.0122171904875
1415.0208353210264
1447.3285182473633
1463.145515890332
1489.8000863622635
1517.4066048717066
1537.368241727473
1547.8836159110717
1566.4392983431226
1575.2411642433715
1579.4150939355425
1575.636589541126
1583.735477581007
1576.6471199641073
1562.323949609698
1535.9622860067368
1486.81243022872
1413.3366176467523
1336.2287544939593
0.0
102.85442125568909
98.7683635126648
96.220069437444
95.15095755636213
95.88322596873721
100.83336043047814
110.70433864112267
113.1501151345124
113.20869660947389
116.32816005195039
119.53549569519592
122.55244155584134
125.10073563106215
127.88335560483188
129.74331737195322
130.56345799806752
130.72455707431536
129.90441640150834
130.5781033933968
129.33324705889606
127.13644182436492
122.81605818149477
116.0938341521045
108.36107971659385
0.0
1441.133526412208
1401.8400035195457
1379.769434120291
1377.0453954139593
1405.911416858164
1483.561159262005
1589.124972737902
1625.401550314668
1643.1663818918041
1673.1015149771424
1704.1057595739117
1726.5131731824722
1738.3466303516661
1759.1723438068232
1769.0579670418495
1773.744485505695
1769.5119735577555
1778.6067472348886
1770.6250215016082
1754.5444075987457
1724.9607635084426
1669.7477253222382
1587.235721189204
1500.637657764503
0.0
2.313968184454069
2.2407413432165635
2.2114506069031443
2.226095974476195
2.2846774481406498
2.46042186692908
2.724038495565681
2.826556072986904
2.8119107055435557
2.797265336803187
2.782619968062818
2.767974600489768
2.7386838643060503
2.7386838643060503
2.724038495565681
2.724038495565681
2.767974600489768
2.8704921780406916
2.929073650537829
2.9144282829647787
2.8704921780406916
2.767974600489768
2.6068755494040894
2.445776498188711
0.0
122.87463965645624
118.71535507037866
116.85539330196028
116.65035815126829
119.28652443893132
127.98587318147489
141.15205930098497
146.54155470431408
145.3113438702013
144.12506898861275
143.36350988415265
142.836276586153
142.7776951345379
143.50996356507125
144.65230228661238
146.4097464057546
149.35346543242582
154.25966382750477
158.22855865951672
157.2766096881502
154.40611752139358
148.445452634077
139.39461505214072
130.03622470006786
0.0
1927.506206462693
1874.9732706800996
1845.4335628925166
1841.8015112840746
1880.4067022694169
1984.2570084995805
2125.438359161913
2173.973108647385
2197.742541673962
2237.768333036068
2279.2440165513326
2309.2084401160446
2325.0254378887157
2352.8955725283504
2366.1056949389067
2372.388558341885
2366.72080110175
2378.8764567866056
2368.214628520011
2346.715227813562
2307.128797014314
2233.2722048282353
2122.919355497324
2007.103782800701
0.0
390.63590751493507
379.98872476040236
374.0134144907267
373.26650066486405
381.10177269128496
402.1471668818285
430.74957111931514
440.59125858339974
445.40958474917517
453.52311876804436
461.92956014875074
467.99274254396835
471.2000782715201
476.8531903757299
479.5332928052821
480.80743981241255
479.6504557085123
482.11087761020156
479.958008478649
475.5936887639287
467.5826722659307
452.6151059696955
430.2369832166448
406.7751032974295
0.0
467.2165380441789
451.3702496364919
444.32582749221945
443.53497761007094
453.5817002196595
486.6509417964989
536.7088104895964
557.1683899305252
552.5258081195951
547.9710986547004
545.1298971489002
543.0795456419804
542.8598651141175
545.6864212375584
550.0360955569494
556.6997380841408
567.8595087413437
586.5323532724718
601.6170825756989
598.0143219654387
587.0742318360988
564.4032018249723
530.0158771717465
494.44227764990217
0.0
121.71765556293221
118.3931569697637
116.53319520134534
116.29886931446966
118.74464580785937
125.29112542403846
134.21015466461347
137.27103671124672
138.77950964156943
141.313158260501
143.92003384310883
145.82393165613985
146.81981680052402
148.57726093263645
149.41204700077273
149.80747188348104
149.44133766172928
150.21754216151862
149.54385528636203
148.1818360499281
145.69212337055055
141.02025088569363
134.0490555883656
126.74101688069666
0.0
93.14454210183712
90.46443970860147
89.40997319561149
89.71752592683752
92.51479126999612
99.44205045007838
109.86955264691652
114.29245385864759
113.58947618375329
112.93043461443156
112.38855598465665
111.67093294037343
110.8215015897486
110.51394884684939
110.16246001005072
110.23568685310407
111.80274125968526
115.68376385201756
118.11489497601842
117.71947003235016
115.97667121385471
111.97848567159949
105.35877922404029
98.62190982526113
0.0
137.31497276753254
135.1181675796942
134.35660835850229
134.6641611156687
136.7438034132471
142.5140785374189
153.21984262683478
158.44823918737967
156.86653941011258
155.22625819420057
152.92693536875922
151.05232821668474
149.73424503653666
149.58779135561807
149.7049542588483
150.34935044710795
152.35576601447374
154.69902489620094
157.86242443776493
157.5988078536161
156.61756810456123
153.2051973482373
147.14201484925815
141.23993141355663
0.0
134.50306203942085
130.84171997754558
128.77672306492033
128.52775180476468
131.2224995946266
138.45731147610348
148.3136443355174
151.69672441791462
153.36629632072356
156.1489163749085
159.0486992155919
161.14298689552933
162.24138954781444
164.1892235338631
165.11188171457107
165.5512427832672
165.1558177838271
166.00524911759067
165.25833540845983
163.76450787346644
160.99653320164055
155.84136360477186
148.1378998769105
140.05365664869987
0.0
768.3399547414638
747.3970781755528
735.6368475031079
734.1869560114303
749.5645927024347
790.9670486963043
847.2491988738374
866.5957303838837
876.0712836391866
892.0200896715068
908.5547104664115
920.5053308890309
926.8028393241729
937.9186737953878
943.1763610298594
945.6807189878344
943.4253322186789
948.2729491751129
944.0257923636229
935.4436065113396
919.6705449376267
890.233354761706
846.2386685675876
800.0764677428258
0.0
429.8562035995637
417.4955128989065
412.61860516478396
413.9952697965473
426.89783930726514
458.9272596834346
507.03729439048345
527.4382923797972
524.157729805301
521.1261386660582
518.6364259866805
515.3119274726304
511.3723233145451
510.0103040781111
508.3846682445582
508.72151167565147
515.941678291501
533.8529635884671
545.0713156972852
543.2406447311986
535.2003375592737
516.7325281736495
486.1822899501144
455.10481854531145
0.0
516.7178827783202
502.90730048222366
496.4194024266094
496.888054143292
508.13569692603676
542.8012836625023
593.8696827785815
613.4798308857468
614.2853260464926
610.6679201576351
608.3100158935488
603.1255555060216
598.688008944357
598.8930440898608
599.6253124036623
597.6628331390162
601.2070121809295
618.8986170797344
628.9746304670115
627.7737103068254
622.633185975584
604.2825396099217
577.3643526576034
541.7321718008758
0.0
322.59352654822516
313.3083630430967
309.66166637655067
310.68684218189134
320.3674305697281
344.4151252385581
380.51595794167025
395.8350131810597
393.37459127937046
391.0899138492585
389.2153067101542
386.7255941345382
383.7672297255079
382.7566993154964
381.5264883646518
381.7754596831735
387.194245864191
400.6386939515059
409.0597807275415
407.6831160957784
401.64922437448763
387.7947060091349
364.8747046665169
341.54463305883127
0.0
850.5151160400342
827.3314981132673
814.29712031696
812.6861298787363
829.7333384466094
875.5440503411874
937.8454469484433
959.2716207560682
969.7577044213826
987.4200185295292
1005.7120834435763
1018.9368510030282
1025.9226915789536
1038.2101555493982
1044.0390121381554
1046.8069867970112
1044.3172741176334
1049.6774789767378
1044.9763157141927
1035.4861170635602
1018.0141928223201
985.4282483704627
936.7323989137993
885.6347091237933
0.0
643.3856727913202
624.8739273494101
617.5805338866162
619.6455309055971
638.9481262426258
686.8824164780974
758.8936922638488
789.4439303836225
784.5377320923052
779.9830225106783
776.263098997188
771.2983191504941
765.3815903324336
763.3605296032022
760.9147531098123
761.4126956171533
772.220977331202
799.0220012635584
815.820238642612
813.0815547614446
801.0577074918808
773.4072522257608
727.6990578390839
681.1707229093023
0.0
451.17985988631716
438.2040635286549
433.092829988072
434.54272146677965
448.0750417963684
481.70080733216383
532.1980369772257
553.6095653765509
550.1679038425386
546.9752136270481
544.3683380444402
540.8827403374102
536.7381011635232
535.3175004625039
533.6039923996476
533.9554812260701
541.5417819339694
560.3317894850595
572.1066655528338
570.1881222277416
561.7523901731086
542.3619226067764
510.31785683527767
477.67333104853697
0.0
156.66150427757887
150.45186808471092
146.57084548200245
144.93056426609047
146.05825757933212
153.6006222439158
168.641415490857
172.36133900434743
172.44921123365089
177.194310552482
182.0858635652018
186.66986380778505
190.56553167612077
194.79804320901334
197.62459921572247
198.88410094425547
199.13307214604518
197.88821579987132
198.89874622285288
197.00949379218096
193.65570438371054
187.09457948115198
176.84282172605947
165.06794565828525
0.0
1466.2210424243804
1424.042382216066
1407.4345348855013
1412.121052182029
1456.1303841476117
1565.370185534671
1729.4715375396213
1799.0809729920309
1787.9065560834651
1777.5229899001113
1769.0286765624755
1757.7224528209836
1744.263358936263
1739.6354227281852
1734.084827794651
1735.2125215618498
1759.8313852347699
1820.931861526198
1859.2002093398507
1852.9612823692944
1825.5451529485458
1762.5407792850735
1658.3682745392484
1552.3211630304552
0.0
470.8046532591098
457.9753107120681
450.75514409621854
449.87642210149835
459.30803917081363
484.6738170197918
519.149013889351
531.0117621993988
536.8113279974973
546.5944340229371
556.7290288747994
564.0370676032206
567.9034447976295
574.7135410187097
577.9355221415909
579.4732857328701
578.0819757057776
581.0549855101372
578.4481099275293
573.205068088387
563.5391250829093
545.496031370652
518.5339084787796
490.2537022900273
0.0
1102.312932474755
1072.2606367585608
1055.3745271502037
1053.2948848655953
1075.3801002438388
1134.752423128962
1215.5069837394833
1243.2599565135042
1256.8508582817376
1279.741568820727
1303.452420525391
1320.602145939685
1329.6383385283682
1345.5724996452564
1353.1441542574355
1356.717624777428
1353.4809985964425
1360.4375480833949
1354.3450750661316
1342.0429655576854
1319.4012262983067
1277.1786294241072
1214.0570922607758
1147.830736994525
0.0
93.33493189481341
90.64018413348589
89.5857176204959
89.8786249836301
92.69053568320737
99.63244024305465
110.08923317737357
114.51213438910463
113.80915671421029
113.1501151345124
112.60823651511365
111.8759681027386
111.0265367404406
110.73362937860341
110.38214054050776
110.45536738356108
112.02242177846911
115.9034443708014
118.33457549480225
117.93915055113399
116.19635173263856
112.18352083396465
105.56381438510844
98.8122996182374
0.0
746.6648097450194
721.3136772913708
710.0806797872234
708.806532780093
724.8578564500159
777.7129904758957
857.691346482866
890.4090991165511
882.9838974848996
875.705149417435
871.1504399525401
867.8991681687027
867.54767934228
872.0438073555596
879.0003572575586
889.6475400120911
907.4855985918148
937.318213663414
961.4244898876206
955.668860145808
938.1969357748659
901.9642947731942
847.014873067377
790.1615534188265
0.0
875.3097245347267
850.1343364359234
840.2194221248941
843.0166874576769
869.2904781957951
934.5063029353024
1032.4691712029148
1074.0327264027344
1067.3544384802137
1061.1594476697048
1056.0921501854077
1049.340635428913
1041.3003282569882
1038.5323537148643
1035.2225004794113
1035.8961874583297
1050.600137157446
1087.0671040823097
1109.9138785779833
1106.1939550644931
1089.8204333588062
1052.2111275956695
990.026893995405
926.7149670818991
0.0
138.00330502504826
134.31267228924622
132.56987343573127
132.7016817342908
135.7039822125771
144.959854927047
158.6093381468957
163.83773470744063
164.0574152482738
163.090820881578
162.46107007567744
161.06976004858495
159.89813054935544
159.9420667223731
160.14710186787698
159.61986856987738
160.5571721459146
165.28762606941635
167.9823738942979
167.66017574180214
166.28351121380055
161.3773128187216
154.20108237588965
144.6815929475689
0.0
93.3788679887128
90.84521928288083
89.40997319561149
89.23422878369726
91.10883590853432
96.13219722500176
102.97158420431504
105.32948848655954
106.47182721069473
108.41966119155532
110.42607664608035
111.8759681027386
112.65217262068624
113.99954649551343
114.6292973273544
114.93685007025363
114.65858806483513
115.25904817086854
114.73181490788845
113.69199376428736
111.77345052220453
108.19998067277147
102.85442125568909
97.24524521295325
0.0
853.5759979699355
819.6719704416915
798.5533494171738
789.6196748422296
795.7707294797208
836.8509874378263
918.7625321522479
939.0903032946173
939.5443096289408
965.3787393243034
992.0333094460391
1017.0329530732655
1038.2687371177453
1061.3059013635936
1076.742119493243
1083.537570318994
1084.9288803460863
1078.148074798933
1083.6693786175533
1073.359039410846
1055.1109105530848
1019.3322758857365
963.4748413815702
899.3281283999278
0.0
253.74565042076938
243.6696370205222
237.38677399368007
234.73596234181622
236.56663343760485
248.78087056110505
273.1214726047424
279.1700097083923
279.3018180069518
286.9906363524541
294.9137804914467
302.3389822528001
308.65113595356905
315.5051683476669
320.08916859025004
322.11022942324314
322.52029970128075
320.513884263617
322.15416549249915
319.07863818023867
313.6598518695191
303.0273145103158
286.4194669981686
267.3511974676004
0.0
1715.075140143715
1665.7202494536577
1646.3004906816204
1651.792504526705
1703.2563277602505
1831.037165626312
2022.994007485168
2104.407609627397
2091.3292963844037
2079.2029314383262
2069.25872581783
2056.0486034072737
2040.2901880200723
2034.8714010867832
2028.3835038093812
2029.7015867949763
2058.5090259834137
2129.963777849119
2174.7200229401747
2167.4412749375606
2135.3679188293604
2061.6724253823054
1939.8229617944849
1815.7766918904183
0.0
223.078249294004
216.66357795563215
214.14457461529804
214.8475522551728
221.55513096835205
238.16297859723105
263.1333314337988
273.72193273671627
272.02306993948713
270.4560155575493
269.1525777727305
267.43906969690386
265.38871820295424
264.6857404333775
263.8363090866437
264.0120535582209
267.76126786236983
277.04643125076643
282.8752878395236
281.9233388681571
277.7494089036114
268.17133814040744
252.32504960301827
236.1858538205238
0.0
1101.1413029755254
1071.1329434453191
1054.261479219321
1052.181836934713
1074.237761535268
1133.5515029558057
1214.2181913370237
1241.941873450088
1255.5181297062602
1278.3795495972631
1302.0757552840282
1319.1961912565646
1328.2323828076317
1344.1518981011734
1351.708907927623
1355.2823785773176
1352.0457522666304
1359.0023017535827
1352.9098287363192
1340.622365051219
1318.0099164009164
1275.8166101876732
1212.768299858316
1146.6151714390098
0.0
1072.2313460976043
1041.3882004862917
1029.2471901967656
1032.6742063354486
1064.8500804055068
1144.7405642869355
1264.7447117597737
1315.6520113456477
1307.4798963939718
1299.8935958287448
1293.6693139811434
1285.4093262813556
1275.5676388691516
1272.169913521127
1268.1131464598118
1268.947932398246
1286.947090015307
1331.6301088949579
1359.6027622227818
1355.0480529264994
1334.9985432058897
1288.9242146623121
1212.7390090806275
1135.2064295800171
0.0
489.9607950319517
470.4971006186752
458.3853809901057
453.2448567885664
456.77439055188205
480.35343336135736
527.3797108114503
539.0520693713236
539.3010405731134
554.1367986745506
569.4412085186108
583.7790239959753
595.9786157371163
609.1887379012392
618.06383112833
621.9594989966657
622.7503488788141
618.8693264058078
622.03272584361
616.1159971422813
605.6445588593259
585.1117525714527
553.0383960222655
516.2199402709792
0.0
40.87522279574049
40.21618122771579
39.996500708931954
40.084372908403964
40.69947838382627
42.41298646484095
45.605676750370776
47.158085775889916
46.6894340008415
46.20613684473101
45.517804537928555
44.96128053876476
44.565855595096494
44.521919501197075
44.565855595096494
44.75624538807278
45.34206011434116
46.045037789235465
46.99698673206755
46.909114519625334
46.61620715649116
45.605676750370776
43.78965107714885
42.046852258653416
0.0
137.22710052525886
135.41107483776972
134.91313231745843
135.60146469170596
138.51589292771862
145.7214141482389
157.42306338203895
162.18280809619935
162.02170901995146
160.87937029841032
159.5319964443355
157.70132536151706
155.44593860533172
155.22625819420057
154.58186199297072
154.45005357767937
155.91459045171626
159.5173510619764
162.41713390265977
162.43177929798907
160.73291661749175
156.10498018892068
148.92874975905892
142.4408517034447
0.0
11.086543768494506
10.940090086019495
10.896153982133024
10.954735454759861
11.189061347083046
11.774876076983087
12.712179645497606
13.107604590073784
13.092959221981923
13.005087009539714
12.887924064286036
12.741470381811027
12.565725963022597
12.536435226838877
12.492499121785091
12.477853753044723
12.595016699336014
12.887924064286036
13.122249959462662
13.122249959462662
12.990441640150832
12.609662068076384
12.038492705749391
11.511259448346483
0.0
15.934160659039923
15.729125508347947
15.670544033386468
15.743770876439807
16.080614345146593
16.9300457074446
18.277419582271754
18.833943571059404
18.819298201670524
18.6874898953289
18.52639083983335
18.321355689141367
18.057739063487915
18.02844832600718
17.955221482953846
17.940576113564962
18.101675158684348
18.52639083983335
18.86323430854014
18.86323430854014
18.672844525940015
18.130965896165087
17.29617991363212
16.549266133165215
0.0
4.466837317563056
4.349674371401465
4.291092898904328
4.291092898904328
4.393610476455254
4.701163210015941
5.140524257440973
5.301623308656352
5.316268676229404
5.2869779399159835
5.257687203602565
5.213751098678478
5.184460362365059
5.184460362365059
5.184460362365059
5.169814993754392
5.199105729938109
5.360204781153489
5.433431622390994
5.433431622390994
5.389495517466908
5.228396467418848
4.994070574965962
4.686517841275572
