0.0
113.952755837669
108.2946697130364
103.7022814015908
100.2964431177737
97.33006787189002
96.44015529812494
96.45114186674817
98.15406099350137
105.55901255979447
115.1612790934761
125.07116975068008
134.4756779481076
143.08915269948278
150.32930561518435
154.82281485953854
158.10780074704994
159.6349346444848
158.7340355122
154.96564030215862
148.0770577844724
144.2757028180434
137.61783839299892
128.07050475295134
118.52317101186811
0.0
113.75499750141483
108.74511927917878
105.18546902453264
102.27402657124735
100.63702694716577
100.43926859070449
100.6919598205927
101.85653676149255
108.47045491204403
117.03998338892625
125.78529706481612
134.12410755009228
141.71583086380915
148.50553421336826
153.4275197855827
156.9432237657358
159.23941797197645
159.18448507834236
155.86653943444338
150.1205607608248
144.38556860531156
138.2111134017614
129.55369237589318
121.12698934163105
0.0
179.6744474323934
176.68609904926322
174.46681087390317
172.73093202107307
171.64326117167522
170.72038880110827
170.1490869295923
169.52285216444224
171.97285833140836
176.92780366001037
181.69597727149926
185.64015768054836
189.82604270034452
193.70430369765404
196.64870580629125
198.51642358363597
199.36238982228667
198.64826250815065
196.52785350091764
193.67134394126646
190.74891507091147
188.34285507740267
184.50854045562178
182.38813144838883
0.0
286.2881711862338
272.6977779690101
262.5461826000233
255.1192579672087
250.75758764736915
249.70287645332323
250.120366263078
252.22978875220554
269.7753489976194
295.7805720336829
321.5331037388226
344.1654482373531
361.13970661125086
372.8074492585315
379.9926692805989
384.8377489229684
386.0133124223879
382.38774265496664
372.8843552894121
360.61235101422795
351.2078428168005
338.9687982980039
320.9947616236942
301.92206737980985
0.0
39.969159828963335
37.84875085204106
36.24471090351851
34.99224135301127
34.146275084049876
33.838650980734684
33.88259728553838
33.739771802504045
36.101885430587735
40.02409270239028
43.95728655291963
47.451017395826284
50.37344634700983
52.603721070786
54.05394896765096
54.82300921583535
54.95484812014288
54.218747598035364
52.64766736548613
50.69205701894826
49.48353377324473
47.90146697207225
45.275675545477064
42.41916604644729
0.0
762.6001435101018
716.5444210669887
681.9257232795499
656.9752114375323
642.5058922252703
640.0998323327973
643.6155363129503
653.7012121691619
700.8555919797785
767.9615920293177
839.8357656903456
910.9408790425678
974.5970945236934
1028.5521639999033
1072.3116922367756
1102.3489887360527
1118.8947704789832
1117.3127033848073
1089.6924540033588
1043.7136377931974
1002.4151024434676
956.9306819729061
892.5163928021159
823.0263058963144
0.0
53.59251282278175
50.35147319965977
47.92344011942232
46.16558811924217
45.15482321989636
44.9790380208887
45.23172925077694
45.93487004680757
49.252815700810125
53.96605636814712
59.0198808648762
64.01877248817831
68.49030851445745
72.28067688195247
75.35691788479362
77.46634028298907
78.63091723399248
78.52105147703503
76.57642770922395
73.34637465472525
70.44591886099533
67.24882553257348
62.722356642970944
57.83333076652272
0.0
223.31312336389243
208.65703223244606
197.51664528322408
189.56236495235086
184.79419144189762
183.53073529245643
184.67333903548834
187.17827819712426
198.9339133933908
217.22656081036394
237.4748184526321
257.3055863861811
275.64217997661154
291.63863318734406
304.9873217938206
314.89721245102464
321.3902782962025
323.2140496980186
317.97345348417645
307.49226095545646
296.538645622312
283.37672883398415
263.5349743823297
242.2539785822264
0.0
242.99007913464465
230.92681981485575
221.11580832577886
213.86466879093624
207.5473882458017
205.64671071206936
205.6686838493158
209.30524023587824
225.1039350093209
245.54995108887888
266.6881214463622
286.74960737151724
305.11916071833525
320.5552985756572
330.14657859123344
337.1560134142933
340.4080396464528
338.47440245736857
330.4542026137201
315.7541653088164
307.64607301721765
293.4514180710547
273.1042811596238
252.72418459284097
0.0
1353.6998510890774
1271.937759807056
1210.5008331075046
1166.2029625534324
1140.5163500579608
1136.242572388143
1142.4939334205021
1160.402050885144
1244.0977790531424
1363.2252114908426
1490.8013207062659
1617.026080819119
1730.0230050350115
1825.8149523802224
1903.4680642691849
1956.8078860035284
1986.1750007559128
1983.351450750578
1934.3293531626166
1852.7100879294294
1779.3966724147742
1698.678305909729
1584.3300336016234
1460.972769970669
0.0
57.06427051833833
53.61448597013181
51.021654269613514
49.153936522579485
48.07725217107991
47.89048039334543
48.154158201960485
48.912231871418065
52.43892245050516
57.45978722115734
62.843208968551664
68.16071126379222
72.92888480455615
76.96095783331616
80.23495718251503
82.48720505364128
83.71770145679844
83.59684913121772
81.53137302772241
78.0925750582427
75.0053474867783
71.59950923327193
66.78738938770427
61.57975283931761
0.0
435.5517790892668
428.33359931081173
422.9501775533139
418.74231929523546
416.10554131012066
413.8642799975141
412.4799715426994
410.94185102612335
416.9075612742783
428.9158878014688
440.46277804234006
450.0210983015287
460.18368018862094
469.57720176690736
476.70748899637647
481.244944414188
483.2884473905403
481.5635551568514
476.4218380101006
469.48930921792135
462.40296836398096
456.5690970403407
447.2964277674279
442.1327374834307
0.0
1002.0525454263112
941.5384903900771
896.0540699195153
863.2591435338928
844.2523688027836
841.0882352206457
845.713583288479
858.9743793459694
920.9276757306525
1009.1059266248997
1103.5465251706473
1196.9763595040918
1280.617154576385
1351.524509592353
1409.0172561859624
1448.4920201338757
1470.2344525234053
1468.1470029694533
1431.8583454378165
1371.4431702769593
1317.1694889466937
1257.4135079032312
1172.7729345305265
1081.4635096084578
0.0
92.73767952003018
91.19955902366137
90.0459686513848
89.1560560776197
88.59574075451984
88.11233145219701
87.82668049623189
87.4970832556702
88.76053937480069
91.32041134924208
93.78140414545288
95.81392052287131
97.97827579449371
99.97783244583528
101.49397974433617
102.4607983893961
102.90026143743309
102.5267178011356
101.43904695173774
99.95585929848521
98.45069851808972
97.20921554630931
95.23163204231784
94.13297454346817
0.0
57.097230244415215
53.35080817162032
50.50528525131736
48.472768873898914
47.253259049468575
46.923661798803316
47.22029932339168
47.85752067737212
50.86784221795592
55.54812316931962
60.72279999162938
65.78761106708527
70.4788785870722
74.56588447915559
77.98270930128524
80.52060812837658
82.17958095032608
82.64101710529884
81.30065495528778
78.63091723399248
75.81835402966283
72.45646208096015
67.39165101560782
61.94230981605974
0.0
10.45921939147345
10.008769819268917
9.679172569614023
9.404508194396437
9.261682719444947
9.239709570074167
9.261682719444947
9.37154846932991
9.975810094202393
10.766843494788633
11.568863469049907
12.3379237172343
13.041064513264931
13.656312719895297
14.117748864764508
14.436359546806509
14.64510446178748
14.64510446178748
14.337480368575862
13.81012477155289
13.282769164426352
12.71146727270325
11.920433867065222
11.140387040154014
0.0
234.70620154300258
219.2920369239628
207.59133452029462
199.230550897772
194.22067277657163
192.89129721539092
194.08883385205695
196.72561183717184
209.0745221432365
228.3010283478463
249.58202414794962
270.42355690001597
289.70499599825985
306.51445579229113
320.5443120575518
330.9595850734966
337.7822481794433
339.7048988504221
334.1896381684096
323.18109004266665
311.65617283800617
297.82407490899965
276.9825421569334
254.60288888829112
0.0
138.39788521991014
131.06983965418692
125.49964617957598
121.17093561612403
118.23752012662794
117.16083569429983
117.314647756061
116.8422250526721
125.0272234761871
138.5956435561643
152.22998314891666
164.30422898681093
174.42286459941016
182.14642683764168
187.17827819712426
189.8370293194856
190.29846550476907
187.7715532058867
182.31122541750824
175.5325086870902
171.3685967035048
165.86432264063336
156.80039832311576
146.91248080315825
0.0
93.01234389726845
88.09035830484694
84.34393623205204
81.44348042821856
79.47688350295388
78.75176955957318
78.85064872770027
78.53203805576184
84.03631212873685
93.15516937019925
102.31797294677604
110.43705185751585
117.226755207075
122.42340514642413
125.80727030309832
127.58709543042137
127.90570607204911
126.2027869756066
122.53327093369231
117.97384227759864
115.1832522307226
111.48077643242073
105.38322736078679
98.73634947405485
0.0
613.5233074252176
576.4655898878824
548.6146223127564
528.5421497684601
516.9073668775671
514.9627430693419
517.7972794917465
525.9163584024865
563.8530018338242
617.8410313695285
675.6523890089082
732.8594849193489
784.0788975454237
827.4868553842811
862.6878416623769
886.8583066774833
900.1740355275721
898.8886062408845
876.6737516531444
839.6819536285844
806.4585508140659
769.8732560811553
718.049581827177
662.1389017215295
0.0
159.5360554763577
152.39478172878324
147.12122575855352
142.9463272568627
140.14475059084566
138.91425419779205
139.3427306266879
140.34250892709977
147.11023913941244
157.3607136765263
168.02867792235935
179.16906497261692
190.21057285474743
200.54893994084728
208.23954242269122
213.1395548576591
216.24875564719852
216.94090982408807
213.3812595694419
206.3498515081
198.7361550571366
190.6280627655379
179.57556826426628
168.34728866502275
0.0
105.98748898869033
101.2412886154836
97.73657114333228
94.96795424380633
93.1002364967723
92.28722994378421
92.57288089974932
93.23207540107983
97.72558457470905
104.53726102110042
111.63458849418187
119.02855347164457
126.36758555547318
133.2341949359129
138.34295232627608
141.59497855843557
143.67144119013983
144.12189075628226
141.7597771383021
137.09048279597596
132.03665829924688
126.64224992260792
119.3032178387793
111.83234683043604
0.0
189.27671396607508
176.85089762912978
167.41342977635037
160.6676727012842
156.62461312410812
155.54792879281564
156.52573395598102
158.64614286217832
168.6109664130164
184.11302378311345
201.27405387412443
218.08351366815572
233.62951721171012
247.1759642554765
258.4921365047417
266.8968663007217
272.4011403635932
273.9502474993102
269.50068463048467
260.6235320300801
251.32888951888512
240.17751595052215
223.3680561564908
205.31711345130054
0.0
198.18682632286718
185.17872149526482
175.29080407634302
168.2264362586135
163.9966049643243
162.87597425750317
163.8867391770561
166.1170138705216
176.5432736066431
192.78143142812277
210.75546810243247
228.3449746223393
244.62707881934762
258.8217336644749
270.6652615107631
279.465508080287
285.2334599921879
286.8484865396443
282.1901787154236
272.8955363052642
263.1614308470679
251.48270158064622
233.88220844159838
214.98529949775735
0.0
253.55916431338625
240.1445561941345
229.92704151444386
222.00572093995822
216.63328570056578
214.65570223698853
214.9413532232644
214.07341374633148
229.08107517475753
253.93270784864805
278.9161793460176
301.04314138477156
319.5665068943864
333.7172154650207
342.94593846344054
347.81299114202085
348.65895738067155
344.022622794733
334.0138529694019
321.5990232515978
313.9853266995988
303.8886643252817
287.2769629685402
269.1601007505747
0.0
364.0181893081486
357.9865596482541
353.48206388579456
349.9663598046057
347.7580582483868
345.8903405720778
344.73675010886905
343.451320923217
348.4392259071709
358.46996886974847
368.11618177895883
376.1144083843251
384.5960442111856
392.4514453739318
398.4171556220867
402.2075239693746
403.9104430658171
402.4712017173683
398.1754509103039
392.38552586115657
386.45277536938926
381.58572269080895
373.82920069618984
369.511476751879
0.0
1307.1936791808573
1228.24415128503
1168.9166463673564
1126.1349231926133
1101.3382238164997
1097.2072711851592
1103.2498874641947
1120.542756277649
1201.3600023549636
1316.4004296482449
1439.581908383298
1561.4669711114864
1670.5856339259274
1763.0816086634495
1838.0759698341935
1889.5810332444732
1917.9483696964455
1915.212712644239
1867.871560712367
1789.0648588653737
1718.2673690304598
1640.3176194350442
1529.9025406137393
1410.7860947951797
0.0
64.61204753735505
61.72257831224839
59.591182766702865
57.899250218676485
56.76763299374997
56.26225054407706
56.43803574308472
56.84453901452699
59.58019618797606
63.733121542316766
68.06183208556158
72.56632783791761
77.04885043281999
81.2237489244072
84.34393623205204
86.3325063046668
87.58497585517404
87.87062680103557
86.43138547279386
83.5748759737641
80.49863498102651
77.21364905310085
72.73112645819845
68.18268441114228
0.0
1388.9447838437372
1297.7562117322207
1228.5078291340592
1179.0023223246035
1149.3605431040492
1141.4611952626672
1148.591482795243
1164.1594594760443
1237.2861024653014
1351.0520869899997
1476.9911960155414
1600.326486408213
1714.4000952585054
1813.8835314797698
1896.920065530373
1958.5437647553229
1998.9633739079432
2010.30151939549
1977.671391892841
1912.4990288303152
1844.3383174856942
1762.4663600122624
1639.1200830004493
1506.6988949509428
0.0
208.6460457143406
199.3184435477937
192.41887441096637
186.9585466225879
183.3000171998147
181.6849906523582
182.24530600576875
183.55270842970293
192.3969012737199
205.81150939297157
219.76445962735173
234.33265800774075
248.7800041837919
262.29349137013503
272.34620757099475
278.7623672842564
282.8383866178201
283.7282992319995
279.0809780269198
269.88521468385187
259.9313777521549
249.31834629892032
234.8600136047637
220.1709629190011
0.0
42.97948137965071
40.70526035107084
38.980368076967586
37.62901935833327
36.72812020584135
36.38753637644928
36.43148268125299
36.288657208322206
38.837542604036805
43.04540082170091
47.27523219681863
51.03264084834033
54.17480129323167
56.56987464739225
58.12996829111109
58.953961412722435
59.107773464380024
58.31674006884556
56.62480752081919
54.51538512262373
53.229955846039616
51.51605015066317
48.70348694633353
45.62724595359596
0.0
342.5943680654253
324.4555327102132
310.6563945375943
299.95547043433805
292.69334438139003
290.02360663988765
290.4081367942905
289.232573294871
309.5028041754213
343.0887639060606
376.83952231760213
406.73399286908074
431.77239726008423
450.8890377784616
463.35880038989984
469.9287721649227
471.0713760089903
464.80902825645416
451.2845544509699
434.50805441332625
424.2246202208605
410.590280628108
388.1447079477263
363.66661891013325
0.0
354.5807213543335
331.30016895340646
313.622769783478
300.9772219730321
293.4074717965617
291.39692857659696
293.220699978413
297.1978401438496
315.86403109608455
344.9015487897713
377.05925379110283
408.53579113365026
437.66120147735865
463.0511762663775
484.25526603560024
499.9880413973035
510.3044353461568
513.2048910792653
504.8660806950249
488.23240610000124
470.82967139824314
449.9332057525428
418.4456817908543
384.63999048567854
0.0
251.95512428403515
240.693884928404
232.3550745441635
225.76312953085855
221.33553979927953
219.40190261019526
220.07208375087401
221.64316392280185
232.33310140691705
248.52731295390367
265.3697324032869
282.97022554233484
300.41690661962156
316.73197047198175
328.8721358226513
336.6176711981292
341.53965687137924
342.6163412026717
337.0022013525321
325.8947740586621
313.8754610133662
301.06511452201806
283.60744692662587
265.87511486306335
0.0
102.26304005314195
97.75854429068235
94.56145097236409
91.9356595457689
90.46345850155387
90.28767330254624
90.51839137498081
91.56211600040352
97.5168396496245
105.21842867988455
113.08481646177181
120.56667398822049
127.40032361227262
133.50885930304767
137.92546251652124
141.0895960986591
143.1440855931169
143.1001393186239
140.1117909354937
134.95908727063755
129.79539698664033
124.24717664927587
116.46868151741029
108.88794472179885
0.0
27.103880514706056
25.324055357072286
23.972706638437973
23.005888033792292
22.42359956334237
22.26978751168478
22.412612984615553
22.709250509203926
24.137505258718814
26.35679341387173
28.8177862100825
31.223846132866324
33.45412085664249
35.38775805583029
37.013771151702905
38.21130782878319
39.002341224317654
39.222072728129
38.58485137414856
37.310408676291274
35.98103310500702
34.38797973521129
31.9819198023239
29.40007468053242
0.0
324.4775058474598
304.87745610758816
290.15544556440227
279.53142759306223
273.37894552675857
272.35719408910023
273.8513683311831
278.14711913824743
298.20860506340256
326.76271343455926
357.33835164482196
387.59537921345685
414.67728658081285
437.6392283401121
456.2504862976773
469.038859651779
476.0812542312264
475.40008657244215
463.65543789428114
444.08834780976144
426.520814427101
407.16246929797666
379.7619511879572
350.1860913791421
0.0
60.876612043286976
57.64655898878826
55.1965527713043
53.29587529819338
52.010446021609276
51.52703671928642
51.60394275016701
51.39519782508246
54.98780784621976
60.96450464279081
66.95218800798511
72.26969031332922
76.71925318215474
80.11410485693433
82.33339300198368
83.49796995298706
83.6957282993448
82.58608423187191
80.18002430908808
77.20266248447759
75.37889103214368
72.95085796200979
68.9627312380535
64.61204753735505
0.0
206.49267705175572
196.69265208078423
189.3646066160967
184.0141446149864
180.86099755095398
180.10292386128927
180.39956136567054
181.92669536414104
194.58322969269233
213.33731319391327
231.91561149612653
248.24166196762786
260.48070648642437
268.8964230025811
274.08208632278917
277.5758172667315
278.42178350538217
275.8069786575138
268.9513558962152
260.1071629511626
253.31745960160342
244.49523989483296
231.5310814427593
217.7758895446334
0.0
119.88550632943637
112.64535341373484
107.20699876260286
103.28479149080032
100.99958391380434
100.62604036843895
101.17536910270843
102.76842251291845
110.17337400848653
120.73147256808706
132.0256716801058
143.19901848675096
153.20778831208204
161.68942413894257
168.5670201385234
173.29124737448365
175.89506560321092
175.64237447435832
171.30267729176532
164.07351099520488
157.58044515002695
150.4391714024525
140.30954927174787
129.38889369499094
0.0
49.97792964419083
47.7366683517914
46.088682098465156
44.78127967453098
43.9023536794927
43.5178235554005
43.649662449604456
43.968273121542886
46.07769551973835
49.29676199551025
52.63668079686288
56.130411639769534
59.591182766702865
62.82123581109803
65.22729573388186
66.7654162403542
67.74322141362313
67.96295290733093
66.84232226113122
64.64500726343194
62.26092048799818
59.712035092283585
56.25126396535025
52.73555997509353
0.0
333.5743899213649
313.4250114472238
298.28551109428315
287.3648555175262
281.0365883532506
279.9818771592046
281.53098419388596
285.93660078821847
306.55840206678414
335.91453040209853
367.347121470153
398.4501152774386
426.3010829536004
449.9002459961552
469.038859651779
482.1788033028603
489.4189562185619
488.7268020416722
476.6415694836013
456.5361372839531
438.4632214415163
418.5775207153689
390.396955879474
360.00808938632446
0.0
59.30553182084131
55.41628426501209
52.46089559785523
50.34048662093295
49.077030501802476
48.73644667241041
49.044070775725594
49.714251845679335
52.83443914322061
57.69050529359195
63.06294046225945
68.33649646279987
73.20354918179447
77.45535370426225
80.9930308519726
83.62980885729459
85.35470113139786
85.83811042361714
84.44281540017913
81.66321193202994
78.75176955957318
75.25803870656297
69.98448270602255
64.33738316011674
0.0
10.854736094292463
10.316393918542675
9.876930919002817
9.547333669347925
9.272669295140691
9.184776694626507
9.184776694626507
9.349575319959131
10.05271611902083
10.964601841146356
11.909447288338406
12.810346440830324
13.623352993818418
14.315507221225795
14.743983640018124
15.062594311956556
15.205419794990899
15.117527195487071
14.75497021874494
14.106762296141259
13.744205319399128
13.106983965418696
12.195098244303525
11.283212523188357
0.0
206.4816904326146
192.92425687074285
182.62983616017164
175.26883083806086
170.86321434476403
169.68765074430883
170.74236193835478
173.06052928184192
183.9262519649647
200.84557744522849
219.56670129109753
237.90329488152798
254.85558011817938
269.6435100731047
281.9924203791694
291.15522386481416
297.15389386935664
298.8458264476937
293.98976028721876
284.3105877226565
274.16997897281084
262.0078404848949
243.67124679342876
223.98330440353547
0.0
99.63724861644322
94.36369262600635
90.34260617597316
87.23340544705515
85.12398304885969
84.34393623205204
84.45380197890594
84.11321814951388
90.01300892530791
99.78007408937398
109.59108551782947
118.29245291922635
125.56556559131548
131.124772547821
134.75034231524234
136.66200636708007
137.0025901459543
135.17881874413823
131.24562485319458
126.36758555547318
123.37923717234301
119.41308362604747
112.88705802448197
105.76775751518969
0.0
955.4474943499642
892.7251376564753
845.0873485233288
811.0289660893006
790.6378829033767
785.2105147703502
790.1105272053181
800.8224378266799
851.1189781832235
929.3763519021611
1016.016482077761
1100.8548145950053
1179.3209332693386
1247.7563090821295
1304.8755116352988
1347.2727051608172
1375.0687394381664
1382.8801943264198
1360.434621342931
1315.5984094820155
1268.7077069142142
1212.3905235169175
1127.5412053908888
1036.4515118412849
0.0
26.91710873697159
25.7195720598913
24.829659486126193
24.11553211136875
23.654095966499543
23.445351041414998
23.511270483465196
23.687055682472852
24.818672907399378
26.55455176022945
28.356350055109722
30.235054380870576
32.10277212790461
33.838650980734684
35.135066825942054
35.97004652628021
36.48641555467993
36.60726788026064
36.00300625235709
34.81645615400362
33.5310268774195
32.16869158005837
30.30097383302434
28.41128293864024
0.0
186.1565266584302
176.3015688948603
168.80872474927054
162.99682656287678
159.0526461538277
157.60241828727345
157.80017662352762
157.16295523923645
168.18248998412048
186.4311910255649
204.76778471703108
221.01692915765176
234.61830899401662
245.01160897375053
251.7793390850275
255.34997595881475
255.97621082500044
252.5703725310798
245.22035382811012
236.11248323609948
230.5203165232064
223.10437840849715
210.90928016419363
197.6155244513512
0.0
818.9283134255041
805.3379202082806
795.2302712148223
787.3089506403368
782.3430186925935
778.1351605355509
775.5423288249291
772.6528596099258
783.8591660719231
806.4365776768195
828.1460499058186
846.1200865801284
865.2147539612591
882.892153030152
896.2957745302625
904.8213567326518
908.6556714554682
905.4366049796964
895.7574324151342
882.7273544502855
869.4006389810554
858.4360371298054
840.9893560525188
831.28821035071
0.0
238.28782503593087
225.6752369818726
216.0729704481909
208.63505909519952
203.59222121761155
201.72450344026677
201.99916780740153
201.1751747059973
215.28193700213856
238.63939543394622
262.1067196530219
282.9043061305953
300.3180274514944
313.61178316433694
322.29117742848723
326.86159260268636
327.65262604873874
323.2909557288991
313.89743415061275
302.2187048841911
295.06644461851124
285.58503039020314
269.97310733387354
252.94391606634161
0.0
329.58626323782295
307.9427105215989
291.51778088197045
279.76214568570396
272.730737624362
270.86301994805297
272.55495242535426
276.24644160451516
293.59424351367477
320.5882583320448
350.4717422643822
379.7399780507107
406.81089889996133
430.4210485616571
450.1199774696558
464.74310884471464
474.33438875925526
477.0260996380041
469.2805642625261
453.8224532679577
437.6392283401121
418.2149636982125
388.94672791188407
357.52512346297067
0.0
485.40885639777326
477.355696898773
471.35702699526604
466.66575941465777
463.73234392516173
461.22740486456155
459.6892843479855
457.975378632402
464.6222564383053
478.00390480116954
490.86918418615176
501.53714843198475
512.85332068125
523.3235266918645
531.2668204035967
536.3206449003258
538.59486596932
536.6832019174822
530.9482097619689
523.2246475237374
515.3253000864983
508.8322342413204
498.4938671552205
492.73690186246085
0.0
104.00990542407746
98.84621522090875
94.6493435718679
91.55112942167669
88.8484319743045
88.03542542131642
88.03542542131642
89.59551907513884
96.35226269862109
105.10856299365206
114.16150079306425
122.75300240719295
130.60840356993913
137.2223217204906
141.3203141913008
144.31964909253642
145.71494416649224
144.89095106508805
141.4521530147798
135.16783212499715
131.69607441933698
125.62049848494956
116.90814446441158
108.18480392576822
0.0
435.7275642882744
409.4037306105831
389.6278955706682
375.3673212127657
367.10541685940586
365.73209492269655
367.74263824369706
373.5105900545621
400.44967197929805
438.79281870228516
479.84964944126773
520.4780037513544
556.8545535288698
587.6828829690207
612.6773410855313
629.8493577956833
639.2978122676038
638.396913135319
622.6092048799818
596.3403040959246
572.7411410533697
546.7578911545527
509.95286494814155
470.25836942569157
0.0
150.8566612122073
140.9577571741444
133.43195327216708
128.05951813381026
124.82946503889727
123.97251218110549
124.75255900801669
126.44449158635376
134.38778529808593
146.7366956041506
160.42596809053708
173.8186029715066
186.20047303395887
197.01126282344762
206.03124086647227
212.72206504790432
217.11669502309576
218.34719141614934
214.7985276796086
207.7231734448093
200.31822184820552
191.43008272969558
178.02646122958495
163.64503456630896
0.0
559.798955637507
533.2334173490685
513.3696897601675
498.856424172377
490.31985535084664
488.2763524755299
489.06738582054646
493.19833804774436
527.5203983308019
578.3662674216149
628.7177405707569
672.9826512674058
706.1621077063958
728.981224023075
743.0220668064411
752.503481034749
754.7996752409897
747.7243209051549
729.1350360848362
705.1403562687374
686.7488296836372
662.8090827611726
627.6740159958518
590.3745938477697
0.0
565.3252028376249
540.429623990277
522.7412382012076
508.24994575066336
500.11988032181813
499.1310885395116
500.40553120705835
506.173483118959
539.0672886727089
581.6402667910208
625.1251305597231
666.5335316967208
704.250443654558
738.0231752033462
762.4683045855871
779.9479454192615
791.3410236994074
791.0993189876245
774.5755101798691
746.0433749459588
717.5441994684362
686.8367223336588
643.8352677864509
601.9324708088177
0.0
1564.554198965851
1538.6039086213502
1519.2785233496488
1504.150009413778
1494.679582107718
1486.6264226087173
1481.671476572866
1476.145229372748
1497.5690508175428
1540.7023437840867
1582.16567872404
1616.520698359342
1653.0071140251616
1686.7578726387746
1712.3675788002583
1728.6716559324416
1735.9997015992008
1729.8252458904724
1711.3458272615642
1686.4502483131805
1660.9943538093153
1640.0429549668736
1606.7206734894066
1588.1643485265108
0.0
361.33746494750505
339.51812703227336
323.1151705298915
311.2936159218855
304.43799305955116
303.2953893165192
304.9653486565741
309.7445087861684
332.0802157803177
363.88635038363395
397.93374629955673
431.6295718174641
461.7877201169364
487.36446672410403
508.0851471707968
522.3237483914528
530.1681629350577
529.410089245393
516.3250783869101
494.53870022806603
474.97161014354634
453.42693659544943
422.9062312788208
389.9794659686835
0.0
677.3223483489631
632.8486927979545
599.0759612491667
574.9384559904477
560.480123296291
556.6348220553691
560.1065797610294
567.6983030747461
603.3607255381255
658.8319426967716
720.2578834844318
780.3983949854039
836.0234241047756
884.540139333996
925.0256682014625
955.0849373328077
974.7838663418422
980.3211001611012
964.4125394993546
932.6283780332849
899.3830021825555
859.4687751866048
799.3172770664916
734.7381893158347
0.0
465.28145095984297
443.19843529661773
426.6965996261087
414.6333403063198
407.5360128332384
405.8330937367959
406.49228815729793
409.920099588465
438.45223482237526
480.7066022990595
522.5654530021998
559.3485060713646
586.9357958984971
605.8986243551133
617.5663670023938
625.4437412013507
627.3554052531885
621.4775876550551
606.0194766604868
586.0788430407051
570.7965172451445
550.899829899856
521.6975136263026
490.69339898714406
0.0
610.8975159582083
573.9936105836699
546.2744818320227
526.2789153186071
514.6880787022071
512.765428132264
515.5779913163865
523.6641104707387
561.4359553222099
615.1932667652725
672.7629197939052
729.7283110935986
780.7170056270315
823.9491782668814
858.996352483216
883.0569517110544
896.3177477685448
895.0433049999625
872.9163429612084
836.0893436175508
802.9977797275468
766.5662970563974
714.9733408950608
659.3043654001605
0.0
627.1027140233002
585.9360175980852
554.6682251098973
532.3105449785016
518.9288967166732
515.3692463609913
518.5883128367632
525.6197208981052
558.6233921380874
609.9966168259234
666.8521424393845
722.5430910715312
774.048154582846
818.9612731818917
856.4474670470871
884.2764614849667
902.5251626274469
907.6449065359154
892.9119094746239
863.4898616265344
832.7054784608765
795.746640192704
740.0556915605574
680.2667504576003
0.0
87.37623093008948
82.75088285215276
79.23517885179247
76.49952167834338
74.65377707865943
73.97260942997885
74.0714886082095
73.76386450489431
78.9385413272041
87.50806982429344
96.11055804745966
103.7352410569427
110.11844111485246
114.99648041257386
118.18258723299387
119.85254657304878
120.14918417846569
118.54514414911459
115.0953596817366
110.82158201191876
108.1957905449093
104.72403283924918
99.00002727256633
92.748666098757
0.0
14.359453515925928
13.711245593322246
13.238822869726219
12.865279314257274
12.612588094472601
12.50272234761871
12.535682063592022
12.634561241822668
13.238822869726219
14.161695169568203
15.117527195487071
16.128292094832883
17.11708383672507
18.050942715293868
18.74309694270125
19.18255994022039
19.46821088608194
19.52314375950889
19.204533087570457
18.56731174369359
17.88614408490946
17.161030141528762
16.16125182090977
15.150486911460385
0.0
1000.3496263298688
952.8876223957299
917.3899985122171
891.4506949889288
876.1903423306145
872.5427994259468
873.960067637149
881.3320594773652
942.6701076150036
1033.529083274037
1123.5201189509594
1202.6124718852639
1261.9070169455142
1302.6781969002923
1327.7715339828587
1344.7128330045116
1348.8108257784288
1336.165277664876
1302.9528613684627
1260.0722596318064
1227.2223997463361
1184.440676571593
1121.652400769472
1054.9968501850394
0.0
1406.2706125146149
1339.5381566065519
1289.6481191375149
1253.1836767099778
1231.72689540776
1226.585178867223
1228.5957220871878
1238.9560625126057
1325.1787029794864
1452.9086238525279
1579.4080484335516
1690.5921865533055
1773.958318167785
1831.2752798654935
1866.542185858436
1890.36108017242
1896.129031983285
1878.3527539483364
1831.6488228955768
1771.3764727731973
1725.1889118097117
1665.0484001066682
1576.7822565623992
1483.0777587711411
0.0
944.5378253923484
899.7235859614296
866.20354564253
841.7144699857957
827.3110701852734
823.8502990987542
825.2016477971814
832.1671363457484
890.066386534114
975.8605506731345
1060.830721710751
1135.5064719367606
1191.4940577701816
1230.0020032751065
1253.689059169754
1269.685511976344
1273.5527867586554
1261.6213658582026
1230.2546945049946
1189.769165637528
1158.743078467337
1118.3564281617837
1059.0618831015333
996.1307815536849
0.0
333.46452423513244
318.5557419748335
307.52522061080845
298.79089355405955
292.93504909317284
290.3751770379029
291.2650896520822
293.3525389029277
307.4812743363154
328.9160821981799
351.2188294359416
374.49938183686857
397.59316241964683
419.1927688613779
435.266128102991
445.50561602096377
452.02065500338813
453.4598962508013
446.0219849988456
431.3219476939419
415.4243736513365
398.46110189657975
375.35633469466035
351.8780238564435
0.0
181.79485643962633
172.1706167686982
164.85355782211607
159.17349856023696
155.31721070017392
153.89994248897156
154.1086874443668
153.48245267921678
164.23830957507144
182.05853418762
199.96665145019026
215.83126573640808
229.1140349311451
239.26563019909622
245.87954834964773
249.36229267444898
249.97754082045796
246.64860865845353
239.47437515449147
230.57524941684048
225.11492162846199
217.8747687127604
205.96532145473273
192.97918976437694
0.0
260.3928139374384
246.61564890206597
236.12346975420493
227.99340422432402
222.47814364334715
220.44562728613582
220.73127817137598
219.84136565823232
235.2555303783077
260.77734409184126
286.43099662885385
309.151233777406
328.17998164576164
342.7152203707988
352.1856479799658
357.1845395830608
358.05247905999363
353.29529206764585
343.01185787518006
330.26743089660704
322.4449894902484
312.08464926690215
295.02249834401823
276.4112402854174
0.0
352.16367484271933
333.51945712876653
319.3357888017447
308.3382271941072
300.878342804905
298.131699032522
298.5162291869249
297.30770593111777
318.1492386831841
352.6800439216368
387.36466112081513
418.0941113928389
443.83565657987316
463.47965269527344
476.30098570472705
483.0577292978986
484.2332928983538
477.79515994681
463.8971425050283
446.64821976399566
436.07913468628976
422.06026493913447
398.98845749360265
373.81821417808436
0.0
46.39630620178034
44.319843529661775
42.78172302318941
41.573199777485875
40.76019322449778
40.397636247755656
40.51848857333636
40.81512609792474
42.78172302318941
45.759084847799905
48.86828557671794
52.09833862111309
55.31740509688501
58.31674006884556
60.55800136124497
61.98625611075987
62.8871552632518
63.084913609609515
62.05217556291364
60.008672616871934
57.800371040445846
55.43825742246572
52.2191909466938
48.956178176221755
0.0
18.874935836905205
18.039956136567053
17.446681087390314
16.963271795171043
16.699593986555985
16.666634270582673
16.710580565282804
16.89735234301728
17.996009841866922
19.413278012654995
20.874492488246766
22.24781436433471
23.511270483465196
24.642887708391722
25.45589426137981
26.038182731829732
26.422712855921926
26.411726287298674
25.862397532822076
24.90656550690321
23.95073349108791
22.928982013015275
21.489740684773572
20.094445661335563
0.0
508.41474443156557
477.70726729678836
454.6244732321154
437.9907987381274
428.3445858289171
426.7405459006017
429.0916730004765
435.81545683726034
467.2480479053148
511.9853813053528
559.897834805634
607.3049059471746
649.7460451409718
685.7160916268377
714.8854482450392
734.9249610329477
745.9554823969727
744.8897845837859
726.4762848614391
695.823740620296
668.2913836867974
637.9684367064231
595.0329016719903
548.7025149627781
0.0
57.81135761917267
55.22951249738119
53.317848445543454
51.80170109652473
50.790936197178915
50.34048662093295
50.494298672590546
50.85685564933267
53.306861866816625
57.03131079226144
60.89858519063704
64.93065820929348
68.92977151197661
72.6761935847715
75.46678363164752
77.24660877917773
78.367239435481
78.61993065526566
77.33450137868154
74.78561598296693
72.02798566216781
69.0835835636342
65.08447026095108
61.00845093749094
0.0
165.34795366275145
155.3611569746669
147.85732631097173
142.45193141622735
139.309770971336
138.79340189241844
139.55147558208316
141.73780400105565
151.96630529988732
166.51253064406558
182.0914939440076
197.51664528322408
211.31578345584305
223.0164857584755
232.4978999867836
239.012938969208
242.60554898024176
242.26496520136752
236.2772818159661
226.3014717470226
217.3474131157375
207.4924553521676
193.51753198054095
178.45493765848084
0.0
155.03155971389808
144.85799130870043
137.12344245132786
131.5971952512099
128.290236226452
127.41131023141372
128.20234357643034
129.9382224292604
138.10124771552893
150.80172831857325
164.8645443402215
178.63072285748854
191.36416321692045
202.46060399268504
211.73327326559786
218.61086926517865
223.1263515457437
224.38980769518486
220.74226479051703
213.46915211842793
205.86644218557
196.72561183717184
182.95943342094043
168.18248998412048
0.0
80.86119195776864
76.58741427784722
73.32440150737519
70.79748925901065
69.0835835636342
68.45734878838057
68.5452413878844
68.2705770106461
73.06072370886368
80.98204428334935
88.94731115253516
96.00069230060578
101.91146965512664
106.42695193569165
109.37135404432883
110.92046118004583
111.19512554718057
109.71193792423874
106.52583110381872
102.55967755752317
100.13164449749287
96.91257802172093
91.61704887383046
85.83811042361714
0.0
595.5272975126258
565.962424221916
541.9347847504654
524.1475197932688
508.66743566145385
504.02011445637413
504.05307411172606
512.9741729866236
551.6908633459082
601.8226050215495
653.6133195191403
702.7782426507573
747.8012269360353
785.6280046811407
809.1392751747095
826.3112918848614
834.2765587338401
829.5413448787386
809.8863622452332
773.8723693838384
753.997655276832
719.2141588084911
669.3351083627381
619.3901384042098
0.0
701.0533503160326
658.7110902903623
626.8939691689407
603.954000546888
590.6492582149043
588.4409566586853
591.6710097535984
600.9546655446167
644.2967039717344
705.9863225073881
772.0485979820223
837.4187191787313
895.9442041322473
945.5485903119013
985.7704413303386
1013.3906912169655
1028.5961104764674
1027.1348961928436
1001.7449214038245
959.4795674090349
921.5099642213096
879.7060463107675
820.4884070793265
756.6124601247004
0.0
1226.651097571713
1146.1085169729251
1084.9572403503287
1041.2306719708795
1015.0496636347724
1008.0841750862056
1014.3794828982363
1028.1236878741142
1092.7027755237355
1193.1750044366272
1304.4030890329454
1413.3239937132032
1514.0708860839088
1601.930526740671
1675.2659144832517
1729.6934074711357
1765.3778029707257
1775.3975592131267
1746.5797733970835
1689.0211070886273
1628.8256622898782
1556.5230127051325
1447.5911214057337
1330.6390304647578
0.0
1291.1752531359853
1229.9141113323344
1184.1000933989328
1150.6130126343492
1130.914083322208
1126.2008429074601
1128.0465878506652
1137.5609616332897
1216.7192342824408
1333.9899361681514
1450.1509935620397
1552.2272617970325
1628.7707291941729
1681.396423715416
1713.7738599881766
1735.6481307970428
1740.9436600055546
1724.6176096350887
1681.747994517574
1626.3976295632658
1583.9894494186062
1528.7709238939913
1447.7339464442111
1361.6980774923722
0.0
102.73546275653084
97.29710814581314
93.15516937019925
89.94708947315415
87.77174762280494
86.96972764854367
87.09057997412438
86.72802299738223
92.81458555091075
102.889274818292
113.00791043089123
121.97295558028175
129.47678634501258
135.21177839949013
138.9472139541796
140.91381089965142
141.26538129766672
139.38667690118092
135.3326308058994
130.3007794464168
127.21355189515957
123.12654594245475
116.39177548652971
109.0527434027011
0.0
1450.0411273706286
1381.232208527754
1329.7930638219646
1292.1860180555382
1270.0700426359253
1264.7635268082727
1266.8399897430836
1277.5189401028797
1366.4223055366178
1498.1293663730246
1628.57297105999
1743.2178810745488
1829.165857073259
1888.2736306184677
1924.6391944840918
1949.205175868599
1955.148912575365
1936.8123189849346
1888.66914789719
1826.5180929741812
1778.8912899549978
1716.8720744616821
1625.859287246066
1529.2433464963442
0.0
2.2961941739092158
2.1643552736431158
2.054489523758152
1.9775834989397125
1.9336371991877983
1.9336371991877983
1.9446237738731877
1.9665969242543233
2.1094223992058123
2.3181673232799946
2.5269122483645337
2.7466437481344625
2.9334155238482227
3.0982141481704906
3.2300530484365897
3.3289322226258085
3.372878523388079
3.372878523388079
3.2849859228738945
3.142160447922405
3.0213081233520507
2.889469223085951
2.6917108736971582
2.482965948612619
0.0
125.0272234761871
116.8202519154256
110.59086391927701
106.13031443131042
103.46057668980797
102.75743589377734
103.3946572780685
104.80093887012973
111.38189726429364
121.62138518226644
132.95953056877815
144.05597134454274
154.32841891786742
163.2824775491526
170.76433517663693
176.3015688948603
179.94911179952814
180.97086333822213
178.02646122958495
172.1596301495571
166.02912132153563
158.6571294813194
147.5497021874494
135.6292683102806
0.0
1939.4271242369457
1847.4035721017765
1778.594652248545
1728.2981118920013
1698.7112657671526
1691.6249247111405
1694.3935416207703
1708.6870755329887
1827.5837909894399
2003.742534037537
2178.209344810405
2331.5489718449303
2446.5124928042233
2525.5609002723204
2574.1984672007006
2607.0593126949557
2615.002607012902
2590.480571094602
2526.0882549600224
2442.952842347506
2379.2636668068862
2296.315025709411
2174.5837746388406
2045.359679624752
0.0
393.0557070018353
374.4005026687414
360.45853895246677
350.26299741002265
344.2753140246212
342.83607267617236
343.39638802958297
346.2968437626915
370.3904027469173
406.09677148478954
441.45156982464647
472.5216038755446
495.82412951475374
511.84255576169704
521.708500144408
528.3663645694525
529.9704045988037
525.0044726510606
511.9524215489652
495.11000209958206
482.20077644010684
465.39131674711126
440.7154692722283
414.52347451905166
0.0
475.40008657244215
444.19821359702956
420.4891847672066
403.54788604866076
393.39629078070953
390.69359338385516
393.14359955082136
398.4720884146851
423.49950628758324
462.435928019333
505.547248353809
547.7576694549647
586.8039569739824
620.8513528899052
649.273622437583
670.3678464195375
684.199944348544
688.0782052448179
676.9158450573137
654.6021113014467
631.277612524991
603.2508597508573
561.0294520305606
515.7098302409012
0.0
122.46735142091714
116.65545323452336
112.31575615296602
109.1406359516871
107.26193165623695
106.82246870923562
106.9982539082433
107.89915304052808
115.40298370422326
126.53238423637542
137.54093236211835
147.23109144478602
154.4822309796286
159.4811225827236
162.54637699673435
164.62283972947435
165.1282221892508
163.5791150535338
159.51408233911118
154.26249950612794
150.24141306619833
145.0008167513205
137.3212008886177
129.15817560234922
0.0
92.83655869826082
87.22241887843191
83.01456065066422
79.97127938400355
78.21342738382342
77.91678985923502
78.34526627802735
79.57576268118453
85.31075482659416
93.4847666208645
102.23008029675437
110.88750142365824
118.64402331724166
125.20300867519475
130.53149753905856
134.19002696183176
136.2005701817966
136.0137984646835
132.65190644525586
127.0487532142573
122.02788847391585
116.4906546546568
108.64624011105171
100.18657737091982
0.0
121.14896247887755
115.73258096499208
111.72248114420353
108.55834756206573
106.42695193569165
105.49309304701927
105.8226903077881
106.58076399745282
111.71149452506248
119.50097617503347
127.59808194852677
136.05774473917648
144.45148801705108
152.29590256065617
158.14076050343755
161.8542228198448
164.22732305696601
164.7436920348479
162.0409945369579
156.7015191549887
150.92258072498248
144.7591121405734
136.36536886269883
127.83978666030961
0.0
135.3326308058994
128.91647099160204
124.11533772476123
120.59963374460807
118.5341576310092
118.03976168933812
118.23752012662794
119.23729842703982
127.53216253678728
139.82613994921792
151.9992650562749
162.7001890584955
170.72038880110827
176.23564948312082
179.63050115790037
181.92669536414104
182.4760240984105
180.77310490093234
176.2795957576138
170.4786841903611
166.02912132153563
160.2391962723883
151.74657382638665
142.7265957833621
0.0
773.0923225569272
736.4081486558896
708.9856575096594
688.9351581026098
677.1465631499556
674.3120268285866
675.4216709162666
681.1127166962511
728.5088012186504
798.7349885758344
868.2800083752697
929.3983250394076
975.2343159079845
1006.7438130069196
1026.1351178924315
1039.2311153700557
1042.3952485480506
1032.6171969163972
1006.9525578612792
973.8170476967823
948.4270729077632
915.3574821550058
866.8407670268211
815.3247168963651
0.0
428.3885322044458
402.51514809289694
383.06891031375073
369.05004066763115
360.9309616558557
359.56862643932305
361.5571965220414
367.2152825456384
393.70391490423185
431.39885372482246
471.7745168050209
511.7217034563235
547.4830050878298
577.7949655500989
602.371933755819
619.2473129615897
628.541955371749
627.6520428586053
612.1389989704029
586.309561133347
563.1059147633006
537.5621279125205
501.3723498521182
462.3370488512058
0.0
473.12586550344815
449.63656814712584
430.5419008670307
416.4131654336429
404.1191880212123
400.4276988420515
400.44967197929805
407.5360128332384
438.2984227606141
478.12475710654303
519.2804671146886
558.3377411518115
594.0990427833179
624.1583120156988
642.8354894860391
656.4698290787916
662.8090827611726
659.0406875511311
643.4287644948016
614.8087366108697
599.0210283555325
571.3897922539069
531.7612162442322
492.07770744195886
0.0
321.5001440834707
302.07587944157103
287.4857078228998
276.96056901968683
270.86301994805297
269.8522550285
271.3354426514418
275.58724718401317
295.4619612910195
323.7523919141827
354.05336575731053
384.03572895881075
410.86494499524275
433.61814190018254
452.0646012778812
464.7321222255736
471.7085973932814
471.02742973449733
459.3926467425687
440.00134195809227
422.59860715529857
403.4270337432871
376.26822034505057
346.9670249033702
0.0
855.766299388303
815.1599182154628
784.8040115797364
762.6111300282073
749.5590789261121
746.4279051003617
747.6474148742743
753.9537089013036
806.4255911587139
884.1556091795931
961.1385402309844
1028.7938686106502
1079.5188861033394
1114.4012614367005
1135.8690293580596
1150.360321404461
1153.865038765473
1143.0542489759841
1114.6319794283065
1077.9478056283044
1049.8441470253615
1013.2478651681315
959.5345002016334
902.5141760083058
0.0
641.1875031821951
602.4598264058405
573.3563891993788
552.3720310046923
540.2098924157408
538.1883626776705
541.1547379235542
549.6253872323094
589.2759363792308
645.7029855637957
706.1291480510439
765.9071025348599
819.4336958852807
864.7972640504687
901.5913037387745
926.8494396032788
940.7584435631658
939.4180813828442
916.2034484946921
877.5416910290417
842.8241140734758
804.5798465186158
750.4270184030448
692.0004125166204
0.0
449.6475547662669
422.4887413680304
402.07568504486
387.36466112081513
378.82809240032054
377.41082418911816
379.4872868208224
385.442010550872
413.238045232364
452.8116883484048
495.18690813046265
537.1116783463781
574.6418184860664
606.4589397085238
632.255417789192
649.9767632336135
659.7328418290563
658.7879963212429
642.5058922252703
615.3910251015268
591.0447749884484
564.226545369086
526.2459556632551
485.27701747325864
0.0
156.49277419959344
148.20889670898703
141.9026025809222
137.0135767650954
133.70661763930178
132.48710786538928
132.65190644525586
132.1135643301275
141.37524698389922
156.72349229223516
172.1376570123106
185.79396974230946
197.2309942969483
205.96532145473273
211.6563672347173
214.65570223698853
215.1830578340115
212.31556175625494
206.1411066537404
198.48346382724836
193.78120972853463
187.55182173238606
177.30134729630782
166.1170138705216
0.0
1461.2254612005574
1372.97030427543
1306.6443502445165
1258.8307767206477
1231.100661147788
1226.4862992949534
1233.2430427870893
1252.5684280587905
1342.9110345378706
1471.4979086728467
1609.2036393117246
1745.4481556669784
1867.4211113482957
1970.8267554475767
2054.6543220349117
2112.2239749625087
2143.931230498733
2140.876963512149
2087.965617903594
1999.8642726360852
1920.727973225216
1833.593447411052
1710.1592774461105
1577.0129745540053
0.0
473.7191406132462
451.240608176477
434.43114838244566
422.14815758915614
414.91899119156
413.19409895787095
413.8642799975141
417.35801084042066
446.4065151532485
489.4299428377029
532.0468672305079
569.5001013393157
597.5817871081191
616.8851993436097
628.7726734643908
636.7928732070036
638.7374970152289
632.7498136298274
617.0170382681243
596.7138476311864
581.1568574684909
560.8976132070816
531.1569546163286
499.5925247247951
0.0
1109.1277054664706
1056.4910243260865
1017.1480998078661
988.3852461782069
971.4659206979431
967.4118745016259
968.9939412926949
977.1679530970687
1045.1638654576802
1145.9107588387424
1245.6798461473184
1333.374687516964
1399.1183527541134
1444.3281086554691
1472.1351295519592
1490.9331591256016
1495.4706146444494
1481.4517452004009
1444.6247463619216
1397.0858362958666
1360.654353725753
1313.2253088407517
1243.603383212507
1169.7076799144443
0.0
93.01234389726845
87.38721749871273
83.16837270232183
80.12509142555756
78.367239435481
78.07060191089262
78.49907832968495
79.72957473284212
85.47555345697857
93.66055181987215
102.42783863300853
111.10723289715891
118.86375489177802
125.44471328594189
130.78418876894682
134.44271819172002
136.4642480308259
136.26648969457176
132.9045976751441
127.29045792604015
122.25860656655757
116.71038612815744
108.85498506644693
100.38433571727754
0.0
759.7326474323453
709.8535968855566
671.982872966994
644.9009655996381
628.6847809154049
624.3670568700583
628.2672910046143
636.7818866888982
676.7840062338348
739.0119669856524
807.8977921625147
875.3553626100692
937.7591085608947
992.1756145254948
1037.5941151801742
1071.3009273172229
1093.4059161176947
1099.6133316838464
1081.7601473149102
1046.1196972815278
1008.8312622577649
964.0499825832339
896.5814255165384
824.1469366031355
0.0
872.3230679524461
819.6424408406759
780.0468245873886
751.5037027343373
734.9469341701943
732.2002904988469
736.2213769387765
747.7682671796478
801.7013639227537
878.4645633996087
960.6771040457008
1042.010718898826
1114.8297375624895
1176.552316359709
1226.5961654863645
1260.973158359949
1279.8920407441435
1278.0682690392202
1246.4818663135475
1193.8891316497277
1146.6468592901251
1094.6254268009282
1020.9384682561895
941.450597841091
0.0
126.35659903736776
120.0832646656905
114.98549389446846
111.20611206528599
107.92112617777457
106.9433210146092
106.9433210146092
108.84399844730585
117.05097000806735
127.68597459854844
138.68353610515027
149.10979584127182
158.66811610046048
166.6883158430732
171.67622082702715
175.32376373169495
177.01569631003204
176.00493139047907
171.8410195079294
164.19436330057846
159.97551852439466
152.60352668417846
142.01246836819033
131.42141005220228
0.0
93.96817592318733
89.50762647563499
86.16770767428238
83.72868802542169
82.30043327590678
81.9598494566183
82.09168835082224
82.78384257822964
88.54080787098931
97.0773766420018
105.53703942254795
112.96396405536255
118.5341576310092
122.35748573468464
124.71959935266477
126.31265266183911
126.69718281624199
125.5106326976814
122.39044539003656
118.35837243200152
115.27114488074427
111.25005833977897
105.3612542235403
99.09890644069343
0.0
852.6131524253062
807.48030235276
773.1362689324559
746.5048111312423
728.442881806911
721.7960038999719
722.7408494077853
719.8074339182892
770.2797593728046
853.8656219556063
937.8470012109163
1012.2480868677197
1074.5529534483467
1122.135809990966
1153.161898171514
1169.5099217802615
1172.3774172518044
1156.7654940944387
1123.1246016722366
1081.364630036188
1055.776897112986
1021.8393669843315
965.9836197723182
905.0520748252936
0.0
253.46028514525918
240.04567702600747
229.83914886442224
221.91782828993658
216.54539315157976
214.5678095869669
214.85346057324267
213.9855211973455
228.9821960066305
253.83382868052098
278.795327040644
300.92228907939796
319.4346679698718
333.585376540506
342.80311291978484
347.6701656994008
348.5161319380515
343.8797973521129
333.8820140448873
321.4671843270831
313.85348787611974
303.7678120199081
287.1670971812721
269.0502350643423
0.0
1709.2144312310477
1605.9735864188829
1528.397379853551
1472.4647271158353
1440.032357747369
1434.6379489665871
1442.5372968079691
1465.1476680682174
1570.8275332364924
1721.2337440742722
1882.3079206734196
2041.6791773678394
2184.35084066171
2305.3020448043335
2403.357226599397
2470.704931158648
2507.784621227015
2504.2139841511566
2442.315621468393
2339.272533780055
2246.6996537189016
2144.777197141527
2000.4026149532847
1844.6569284304292
0.0
222.324331581586
208.89873694422886
198.80207446887616
191.5289618978227
187.31011702060323
186.6069762245726
187.63971428137205
190.57312987190383
204.32832177002976
223.8844252354084
244.83582377474286
265.56749073954103
284.1238159045078
299.85659126621096
312.61200486392505
321.368305158956
326.20239818218437
325.72997537775984
317.6768159797952
304.27319447968455
292.2319082971422
278.98209885879277
260.19505560118427
239.94679785788037
0.0
1107.9521422701582
1055.3813808446205
1016.0714151734664
987.3415215022665
970.4331826411438
966.3901230639676
967.9721898550365
976.1352150402693
1044.0542219762142
1144.691248155509
1244.3614569021718
1331.9574197099043
1397.6351642218503
1442.8009746569983
1470.5860223152065
1489.3510930417829
1493.88854856063
1479.880664725366
1443.097612363451
1395.6026487739603
1359.2151116700543
1311.830014271974
1242.2959805865014
1168.4661970032855
0.0
1068.5762568841576
1004.0301289909241
955.53538689895
920.5651187134961
900.2948878329457
896.9220092954126
901.8549814867682
915.994703539297
982.0569790139313
1076.091074065958
1176.794020970456
1276.4312698596957
1365.6312719895298
1441.2408808011048
1502.5459690813198
1544.6465249003854
1567.828198335257
1565.5979227324706
1526.9032057125034
1462.4779307308575
1404.611640096808
1340.8895046987648
1250.6238045536722
1153.2497901142858
0.0
489.4079697004564
463.5016258325199
443.7917103053802
428.4983978906783
418.13805766733196
414.31472956365644
414.8640582979259
413.1721258206245
442.14372400153604
490.1220970145925
538.3311881202906
581.0360051631171
616.8082933127291
644.1099321535858
661.9301567661341
671.3126918263152
672.9496915110183
663.9956328797332
644.6812340251017
620.7195139653904
606.0194766604868
586.5402792259888
554.4814533927843
519.5111852073302
0.0
36.05793912578404
34.45389917726148
33.256362510284774
32.31151705298915
31.674295709112283
31.39963133187398
31.498510510104627
31.718242003812417
33.256362510284774
35.57452983356477
37.980589756348586
40.4965154259863
43.001454527000774
45.330608429007576
47.06648727173408
48.176131349310545
48.879272145341176
49.03308419699877
48.2310642227375
46.648997421565014
44.92410514746175
43.0893471265046
40.59539460421695
38.057495777125595
0.0
124.89538455167244
119.40209700690637
115.49087635424495
112.28279639657843
110.49198475114994
110.27225317661362
110.55790416288943
111.83234683043604
119.09447288338407
128.49898108081157
138.11223423363433
147.25306468306817
155.59187506730865
163.0517594565108
168.4571543512552
172.31344221131826
174.82936789105955
174.77443499742546
171.12689209275763
164.8205980657285
158.52529055680475
151.74657382638665
142.2431864608321
132.98150370602468
0.0
10.085675844087357
9.646212844547499
9.327602169577995
9.074910944741543
8.932085469790055
8.910112320419275
8.932085469790055
9.030964644989629
9.624239694166363
10.382313370696439
11.162360197607647
11.898460719715159
12.568641789668904
13.172903417572458
13.6123664150916
13.919990518406784
14.128735443491324
14.117748864764508
13.82111134017614
13.315728890503234
12.810346440830324
12.261017696457289
11.491957448272897
10.744870347438567
0.0
14.502278988856702
13.865057644979839
13.414608068733877
13.041064513264931
12.83231958818039
12.810346440830324
12.84330616690721
12.986131639837986
13.832097918902956
14.919768839025782
16.040399495329055
17.106097268101816
18.072915862643935
18.94085528905897
19.567090064312588
20.01753964055855
20.3031905864201
20.3031905864201
19.874714167627772
19.138613635416693
18.413499692036
17.622466286397973
16.52380878754833
15.447124446152321
0.0
4.087005898145525
3.8892475477463755
3.724448922413751
3.603596597843397
3.493730847958433
3.4607711228919076
3.4607711228919076
3.5266905730249576
3.7903683725468005
4.1309521978974395
4.493509172618857
4.834092996959139
5.141717097243252
5.394408322079705
5.559206946401974
5.680059271982684
5.734992146419988
5.702032421353463
5.57019352209772
5.317502297261267
5.185663396995168
4.943958746844103
4.6033749225038205
4.251804522467793
