0.0
111.71020058
105.29342668
101.27484092
98.930665968
98.952271272
102.2686847
107.67000954000001
110.9000018
117.17634132
126.29377764
136.08097826
145.25242788
153.3220072
160.3977428
164.8376318
166.79291142
166.11234444
165.06448744
160.4733613
153.97016622
149.24940828
141.2878555
130.78767994
120.65479447999999
0.0
114.12999406
109.04194612
105.282624
102.8952384
102.05263174
103.89988486
108.15612884000001
110.16542168
115.46952268000001
123.00977216
131.60868132000002
140.15357724
147.89907708
154.84518082
159.63075465999998
162.52586476000002
163.56291916
161.5752316
158.06437048
152.16612366
146.35429818
139.9267216
130.61483752
121.45419058
0.0
174.25754232
171.28681364000002
168.85621748
167.13859618
166.14475240000002
166.52284516
167.88397906
168.32688764
170.58464148000002
175.0137278
179.31318242
183.45059722
187.67443326
191.88746664
194.95541916
196.65143519999998
197.3860154
196.43538216
194.53411584
191.7254269
188.39821078
185.69754836
181.33327794
178.18970683999999
0.0
277.95217682
265.60474824
257.13547088
252.85762162
253.81905736
261.52134666
270.82242806
274.97064554
288.52797086
309.24745304000004
331.52251672
351.50741868
367.75460384
381.34433718
389.51114034
392.94638296
391.73648614
384.64994794
371.43830735999995
358.78840458
349.87621854
336.55655146
316.80930778
296.29507606
0.0
38.835525682
36.815430188
35.313861876
34.298412802
33.877109466
34.536071096
36.134863254
36.318508296
38.036129599999995
41.233713912
44.733772414
47.974567326000006
50.740045650000006
53.05181269
54.564183646000004
55.169132026
55.255553225999996
54.423749204
52.7061279
50.729242998
49.584162135999996
47.898948780000005
44.960628064000005
41.763043752
0.0
758.8429310199999
712.92086712
680.58853656
660.31196306
656.55264096
676.0838315799999
712.4995638
728.75755154
763.43405708
821.4874966
892.82819526
961.5870606
1023.5402566
1077.7155447999999
1116.0001356
1138.7073048
1150.8278782
1144.8972236
1115.4816084
1067.074935
1024.2856394
974.64746408
899.82831222
824.03692196
0.0
53.321878932
50.102689316
47.823330232
46.397380473999995
46.138116876
47.51005339
50.070281367999996
51.21536224
53.645958426
57.729360012
62.741789472
67.570573888
71.924041716
75.73737706
78.427236838
80.01522634199999
80.868635676
80.458134982
78.384026238
74.981191586
71.97805496800001
68.48879911
63.238711355999996
57.902202402
0.0
218.33235312
203.6731575
193.41064026
187.03707698
185.31945567999998
191.50937394
201.91232556
205.82288482
213.30912098000002
228.06554054
246.31121584
264.92418134
282.8349745
299.83834512
313.33085461999997
322.1566194
326.94219324
327.86041846
322.7831731
310.84624515999997
298.4880139
283.4399229
261.3809122
238.2524392
0.0
238.19842590000002
224.53307406
215.96657285999999
210.96494606000002
210.98655134
218.07308954
229.59951676
236.49160728
249.86528758
269.29925444
290.16997368
309.73357225999996
326.94219324
342.03349485999996
351.49661602000003
355.65563616000003
354.2188837
351.97193264
342.19553460000003
328.31412972000004
318.24606023999996
301.27509758
278.8812047
257.27590534
0.0
1347.0364048
1265.5088072
1208.1251322
1172.1415056
1165.4654684
1200.1203682
1264.7742272
1293.6281046
1355.1816026
1458.2280784
1584.889146
1706.915877
1816.8976536
1913.0844466
1981.0331134
2021.337799
2042.8566772
2032.3240942
1980.104085
1894.1906122
1818.2263794
1730.1091655999999
1597.3013899999999
1462.765191
0.0
56.778726834000004
53.343484228
50.923690694
49.411319735999996
49.130450842
50.588808556000004
53.31107628
54.5317757
57.124411624
61.467076808
66.803585762
71.94564702000001
76.590786386
80.641780026
83.5044822
85.2004982
86.10792077800001
85.665012136
83.46127159999999
79.84238395199999
76.644799638
72.928688138
67.332915594
61.661524504
0.0
422.42681396
415.23224921999997
409.3340025
405.17498242
402.77679412
403.69501934
406.9790249
408.07009254
413.5254306
424.26326438
434.69862403999997
444.7126803
454.96439485999997
465.18370148
472.59431916
476.73173404
478.50336858000003
476.19160154
471.57887012
464.78400344
456.72522680000003
450.17882104
439.58142172000004
431.97635626
0.0
997.12777808
936.77337428
894.286553
867.6580214200001
862.72121052
888.3667009200001
936.2332417599999
957.59008022
1003.1556566
1079.433166
1173.1893628
1263.5211194
1344.9298882
1416.1301518
1466.4272892000001
1496.2642078000001
1512.187313
1504.3986026
1465.7467222
1402.1407206
1345.9129288
1280.6865304
1182.382418
1082.7819875999999
0.0
89.94286142600001
88.408885164
87.155777798
86.269960524
85.751433336
85.94588103
86.648053262
86.885711556
88.041595072
90.331756814
92.557102646
94.685224644
96.867359876
99.038692464
100.626681968
101.50169664
101.87978934
101.38286744
100.39982634
98.952271272
97.245452616
95.85191082
93.594157022
91.973759562
0.0
55.828093658
52.079574218
49.454530336000005
47.823330232
47.380421592
48.968411104000005
51.625862923999996
52.630509354000004
54.542578344
58.312703096
62.979447766
67.74341628799999
72.323739758
76.666404934
80.11245019399999
82.37020398
83.60170604400001
83.828561694
82.53224372800001
79.48589650999999
76.320720144
72.474976852
66.83599371000001
60.916141672
0.0
10.500175508
10.035661572399999
9.689976783599999
9.4631211392
9.3875025916
9.5603449864
9.949240376
10.132885422
10.619004654
11.321176886
12.109770315999999
12.887561094
13.600535978
14.248694956
14.680800946
14.950867188
15.048091038
14.864445988
14.540366502
14.000234017999999
13.460101526
12.876758442
12.012546472
11.169939789999999
0.0
229.46988496
214.06530654
203.27345946
196.57581661999998
194.77177414
201.27496928
212.20725076
216.32306028
224.18738924000002
239.69999426
258.87469746
278.43829612
297.25651188
315.1240945
329.3079735
338.58744964000005
343.62148438
344.57211754
339.24641128
326.70453494
313.71975
297.89386816
274.71138196
250.4054201
0.0
134.49298882
127.50367446000001
122.27519196
118.76433084
117.30597312
119.59613488
125.13789412
125.75364520000001
131.71670781999998
142.7786211
154.89919412
166.13394979999998
175.71590006
183.7098608
188.93834329999999
191.04485998
191.33653152
188.45222408
182.49996406
175.67268944
171.6865117
165.85308086
155.69859014
144.6258742
0.0
90.39657271
85.697420092
82.186558938
79.820778648
78.83773753
80.382516436
84.10943058000001
84.519931272
88.527714312
95.95993729599999
104.11593782
111.65618728
118.09456654
123.4742861
126.9959499
128.4002944
128.59474208
126.66106774
122.6640874
118.07296126
115.39390412
111.47254228
104.64526766
97.20224202
0.0
610.50094526
573.5558833
547.5431028
531.23110176
528.20635986
543.91341248
573.22100114
586.29220732
614.19545146
660.89530612
718.30058668
773.61015316
823.45357882
867.0422704
897.84062474
916.10790532
925.86269808
921.08792684
897.41932134
858.4757692
824.04772456
784.11032864
723.92876716
662.94780958
0.0
156.4547756
149.62750098
144.78791394
141.06099978
139.33257588
140.7909336
146.47312730000002
149.03335534
153.84053444
162.70950984
173.0908562
184.59567814000002
195.23628807999998
205.27194962
213.06066008000002
218.18111606
220.98980491999998
219.41261808000002
214.5838337
206.95716298
198.94159688
190.49392488
178.3949572
166.3824107
0.0
103.94309548
99.405982556
96.186792944
93.71298617000001
92.567905298
93.52934112
97.310268516
99.00628452400001
102.20386882
108.09131294
114.99420606000001
122.64248205999999
129.70741498
136.37264988
141.54711908000002
144.94995368
146.81881212
145.76015244
142.56256814
137.48532278
132.1704191
126.5530413
118.51586986
110.53271178
0.0
185.04938942
172.62634226
163.93020926
158.51808176
157.07052670000002
162.3098118
171.13557658
174.45199002
180.79314542
193.30261374
208.76120546
224.54387674
239.72159954
254.13233426
265.5723403
273.04777386
277.10957018
277.87655831999996
273.5771037
263.4658236
252.98725340000001
240.2293241
221.54074011999998
201.93393092
0.0
193.76712768000002
180.76073748
171.64330116
165.98271266
164.4595391
169.9580878
179.19435322
182.6620038
189.3056334
202.40924746000002
218.5916167
235.10886812
251.0103685
266.10167014
278.07100602
285.90292702
290.159171
290.9585671
286.4646648
275.86726548
264.90257598
251.53969834
231.96529702
211.44026259999998
0.0
246.40843968
233.60729984
224.03615218
217.59777292
214.91871586
219.12094654
229.27543728
230.38811017999998
241.32039172
261.59696515999997
283.807213
304.38626064
321.94056644
336.5889594
346.17090974
350.02745568
350.55678552
345.2850924
334.3636136
321.86494788
314.56235672
303.87853614
285.26557066
264.96739188000004
0.0
353.0413949
347.03512166
342.10911344
338.63066018
336.62136734
337.3883555
340.13222853999997
341.03965108
345.60917195999997
354.5753712
363.30391216000004
371.665163
380.24246688
388.77656014
394.97728108
398.43412896
399.91409197999997
397.98041770000003
394.12387176
388.44167798
381.7116272
376.23468388
367.38731373999997
361.02455306
0.0
1300.757853
1222.0389446000001
1166.6213516
1131.8692278
1125.4308484
1158.886655
1221.3259698
1249.1860036
1308.6221822
1408.1361915999998
1530.4329883999999
1648.2790942
1754.4799438
1847.3611254
1912.9764198
1951.8983666
1972.671862
1962.5065685999998
1912.0798002
1829.11545
1755.754656
1670.6729870000001
1542.4347328
1412.5112646
0.0
63.368343154
60.602864832
58.647585234000005
57.135214276
56.433042046000004
57.027187782
59.328152167999995
60.365206536
62.309683482000004
65.906965836
70.10919657
74.765138588
79.075395824
83.147994758
86.302368472
88.376477216
89.510755436
88.873399102
86.918119504
83.817759042
80.57696413000001
77.163326826
72.258923862
67.386928846
0.0
1357.947081
1266.7943229999998
1202.9398606
1163.2725308000001
1152.5995124
1191.1109588
1255.8080278
1280.1463973999998
1326.7274228
1418.506735
1531.956162
1647.7389620000001
1759.1142804
1864.8722208
1948.7980066
2003.6970718
2033.4799774
2039.140566
2007.6184342
1933.3502168
1856.5109696
1762.8736022
1625.7015568
1481.8534732
0.0
204.62379066
195.70080204
189.3704493
184.4984543
182.2298978
184.1419668
191.57418984
194.9230112
201.2101534
212.80139649999998
226.38032716
241.42841815999998
255.35303366
268.47825308
278.66515174
285.3627945
289.03569544000004
286.9615867
280.65283924
270.67119091999996
260.2034234
249.15231274
233.3264309
217.60857560000002
0.0
41.773846395999996
39.602513808000005
37.982116356
36.891048735999995
36.437337442
37.139509673999996
38.86793363
39.051578672
40.909634426000004
44.344877026
48.104199126
51.593454976
54.574986298
57.059595728
58.679993182
59.338954812
59.425376012
58.528756086
56.681502992000006
54.564183646000004
53.321878932
51.507033778
48.352660064
44.917417465999996
0.0
332.92686114
315.62101632
302.69024468000003
294.00491428
290.38602664
296.04661506
309.7659802
311.27835116
326.0455733
353.44109296
383.45085386
411.2460715
434.9686903
454.76994718000003
467.7115215
472.91839864
473.63137358
466.50162474
451.76681056
434.87146646
424.99784458
410.56550458
385.42773875999995
357.99981116
0.0
346.66783164000003
323.38812149999995
307.08692306
296.96484028
294.24257258
304.07298384
320.59023524
326.80175878
338.69547608
362.12642336
391.08832718
420.64437674
449.0769508
476.07277242
497.49442676
511.51626604
519.12133148
520.55808386
512.51010982
493.55145958
473.9338477
450.03838656
415.01619626
378.29798994000004
0.0
247.09980926
236.31876486000002
228.67048886
222.7830448
220.04997444
222.36174148
231.32794074
235.37893438
242.97319714
256.97343114
273.36105076
291.54191016000004
308.3508331
324.1983202
336.50253824000004
344.59372282
349.02280922
346.52739716
338.90072644
326.8449694
314.2058692
300.86459684
281.74390686
262.77445402
0.0
102.60356686
98.023243408
94.652816696
92.503089402
91.74690392
93.399709328
97.23464996
99.038692464
103.802661
110.586725
118.31061958
125.99130352
132.95901252
139.20294407999998
143.50239861999998
146.1058372
147.03486508
145.25242788
142.0980542
136.7939532
131.57627336
125.78605313999999
117.42480222
109.18238058
0.0
26.498899723999997
24.716462516
23.474157802
22.696367022
22.491116676
23.236499505999998
24.500409526
24.975726114
25.883148684
27.676388533999997
29.890931722
32.148685518
34.320018106
36.3833242
38.025326956
39.094789272
39.678132356000006
39.78615885
39.170407817999994
37.722852758
36.221284452
34.395636654
31.71657953
28.907890606000002
0.0
322.88039693999997
303.33840364
289.58663054000004
280.95531344
279.35652132
287.66375896
303.16556122000003
310.07925708
324.83567655999997
349.5305338
379.88597946
409.1395548
435.50882274
458.56167722
474.84127032
484.50964184000003
489.66250568
487.14548836
474.62521728
454.03536698
435.82209962
414.70291937999997
382.86751072
350.62160142000005
0.0
59.15530977
56.076554604
53.786392868
52.241613964
51.593454976
52.598101398
55.039500235999995
55.309566478
57.93461035
62.795802724000005
68.132311676
73.069122588
77.28215597399999
80.803819772
83.10478416
84.023009388
84.15264118
82.888731168
80.27448994
77.271353322
75.510521418
72.950293442
68.47799646600001
63.60600145
0.0
200.48637586
191.57418984
185.47069274
182.38113493999998
183.07250452
188.62506642
195.33351194000002
198.32584588
208.10224382
223.05311106
239.1166512
253.53818852
265.24826082
275.05706671999997
280.94451083999996
283.41831756
282.55410564000005
277.44445232
267.90571262000003
258.7882763
252.34989704
242.74634142
228.50844912000002
213.70881904
0.0
119.29366068
112.07749068
106.98944264
103.802661
103.21931785999999
106.2872704
112.01267478
114.56210006
120.0174382
129.1456772
140.35882759999998
151.16147727999999
160.90546727999998
169.42875796
175.4458338
179.01070822
180.91197454000002
179.98294672
175.35941264000002
167.75434726
161.02429648
153.21398076
141.46069784000002
129.54537524
0.0
49.011621704
46.872697054
45.360326098
44.193639929999996
43.642704794
44.107218732
45.889655938
46.689052012000005
48.190620326
50.966901293999996
54.218498858
57.826583856
61.16460261
64.30817368
66.74957251
68.348364666
69.23418194
68.737260056
67.224889098
64.82670085999999
62.320486134
59.673836957999995
55.882106910000005
52.122784816
0.0
331.92221476000003
311.84008894
297.69942047999996
288.83044508
287.18844234
295.72253558
311.65644394000003
318.7645874
333.9315076
359.32853702
390.53739208
420.6119688
447.70501424
471.4060277
488.15013474
498.0885725
503.38187082
500.78923492
487.9232791
466.75008566
448.02909372
426.31576784
393.59454192
360.44121
0.0
57.988623602000004
54.088867058000005
51.366599334
49.670583334
49.216872042
50.858874798
53.624353122
54.66140749
56.649095036
60.570456883999995
65.410043944
70.35765750799999
75.110823378
79.62633095199999
83.21281065400001
85.556985642
86.831698304
87.069356598
85.719025388
82.553849024
79.26984352000001
75.272863124
69.41782699
63.271119303999996
0.0
10.640609958
10.0248589248
9.646766184399999
9.4199105402
9.4199105402
9.7439900324
10.25171457
10.564991412
11.159137138
12.023349116
12.963179642
13.838194271999999
14.605182398
15.27494668
15.696250018
15.87989506
15.815079164
15.717855314000001
15.285749332
14.659195650000001
14.216287008
13.460101526
12.455455105999999
11.494019284
0.0
201.86911502
188.31178962
178.8270632
172.92881646
171.34082694
177.06623126
186.68058948
190.29947719999998
197.22397558
210.86772222
227.73065838000002
244.95008203999998
261.4997413
277.22839930000004
289.70545974
297.86146022
302.29054662
303.13315328
298.44480336
287.40449536
275.9860946
262.0614791
241.67687916
220.28763274
0.0
96.82414928
91.79011452
88.030792428
85.502972398
84.45511537
86.097118126
90.08329586800001
90.52620451
94.825659086
102.78721196000001
111.5157529
119.60693748
126.499028
132.25684026
136.02696504
137.539336
137.74458636
135.67047761999999
131.38182568000002
126.46662006
123.6039179
119.4016872
112.08829328
104.11593782
0.0
934.1267250799999
871.41734352
827.49376986
800.20627672
792.87127752
819.35937464
863.86629136
880.6103984
912.65105742
975.78174236
1053.8200836
1133.4680202000002
1210.080412
1282.836257
1340.5656174
1378.331681
1398.8243069999999
1402.7132614
1381.0215408
1329.9358106
1277.0784454000002
1212.6730478
1118.3119028
1019.3488284
0.0
26.401675872
25.245792356
24.43559363
23.798237294
23.506565748
23.755026696
24.716462516
25.148568506
25.958767232
27.460335544
29.210364796
31.154841742000002
32.948081592
34.633294948
35.95121821
36.815430188
37.290746768
37.020680526
36.2104818
34.924966485999995
33.574635276
32.148685518
30.10698472
28.076086575999998
0.0
180.91197454000002
171.50286667999998
164.48114438000002
159.76038644
157.79430422000001
160.87305934
168.32688764
169.14788902
177.17425777999998
192.04950638
208.3615075
223.4636117
236.3511728
247.12141462
254.15393952
256.98423374
257.36232652
253.4949779
245.4794118
236.30796226
230.93904536000002
223.09632168
209.43096976
194.53411584
0.0
794.2324114200001
780.7074939600001
769.6239754200001
761.80285702
757.2981521199999
759.01577334
765.18408634
767.2365897999999
777.49910706
797.6892593
817.3068711799999
836.13588964
855.41861936
874.6257305
888.5611486
896.33905638
899.67707516
895.33441
886.6490796
873.86954502
858.7134275000001
846.40920948
826.49992608
812.1864151999999
0.0
231.56559906
219.53144728
210.54364266
204.49415888
201.97714145999998
205.92010866
215.4588483
216.51750798
226.78002522
245.8358993
266.70661846
286.04336148
302.53900754
316.3123859
325.32179578
328.9406834
329.4376053
324.47918913999996
314.22747456
302.47419164
295.61450906000005
285.56804486
268.07855502
249.01187826
0.0
322.23223798
300.59453058
285.44921574
276.02930521999997
273.50148514
282.6405268
297.99109202
303.77050962
314.8216203
336.59976208
363.51996512
390.99110334
417.42518716
442.51974244
462.42902584
475.45702132
482.52195426
483.87228548
476.38604921999996
458.76692758
440.53205488
418.31100442
385.76262084
351.62624780000004
0.0
470.76867134
462.75310532000003
456.18509428
451.5507576
448.88250304
449.89795218
453.56005044
454.76994718000003
460.85183892
472.8211748
484.45562854
495.61476572
507.03316639999997
518.4299619
526.6939889
531.29591764
533.2728025399999
530.70177192
525.5489080599999
517.97625056
508.9992487
501.70746014
489.900164
481.42008396
0.0
101.9662105
96.111174408
92.449076152
90.31015151
90.320954162
93.34569607600001
98.282506996
101.23163038
106.9570347
115.275075
124.2088663
132.59172242
139.94832688
146.4083114
150.45930504
152.24174223999998
151.62599124
150.66455539999998
146.48392998
140.54247261999998
136.2322154
128.9620321
119.38008184
110.13301374000001
0.0
433.57514846000004
407.33551231999996
388.8629813
377.28254088
375.13281356
386.29195068
407.09785402
416.38813276
436.20019232000004
469.36432690000004
510.13352688
549.41196124
584.81224432
615.7726383199999
637.64800402
650.62198628
657.54648474
654.15445274
637.3455298
609.69074656
585.24435024
556.87659214
514.13050728
470.82268464
0.0
147.48857636000002
137.5933493
130.65804814
126.34779094
125.19190741999999
129.37253284
136.39425514
139.04090434
144.09654436
154.06739008
166.39321338000002
178.96749757999999
191.06646526
202.54968192
211.66711823999998
217.63018087999998
220.86017314
221.47592422
218.05148427999998
209.98190488
201.6422593
191.46616332000002
176.56930938
160.94867792
0.0
543.51371444
519.34818712
502.79852776
494.43727684000004
496.3061353
511.36502898000003
529.55669106
537.669481
564.1683807200001
604.69992238
648.2454033399999
687.3401926199999
719.0891801
745.6636984
761.6408172800001
768.3492627
765.99428512
752.1344855
726.29454742
701.56728224
684.13180562
658.0974198600001
619.4779472
579.36770886
0.0
567.19312262
541.90411964
523.21553566
511.36502898000003
507.1627982
516.3450505
537.49663858
547.48908958
573.8151468799999
611.32194664
654.02482094
696.49003688
735.02308836
769.53755418
793.28177826
807.7141182400001
812.83457422
802.96095236
785.53627842
756.19628182
727.34240442
695.38816666
649.120418
603.5764468000001
0.0
1517.3725854
1491.5434494
1470.3594538
1455.430192
1446.809677
1450.0936828000001
1461.9009786
1465.8007352
1485.4075444
1523.9838068000001
1561.4690010000002
1597.4418246
1634.2680578
1670.9754614
1697.6039930000002
1712.4468332
1718.8311996
1710.5347642000002
1693.9418942
1669.5279058
1640.5768048
1617.0810418
1579.0233066
1551.692603
0.0
359.56619532
337.79885622
322.48069888
312.87714336000005
311.09470614
320.34177426
337.60440853999995
345.30669774
361.7375279
389.24107408000003
423.05336764000003
455.6233565
484.98495838
510.65205404
528.78970292
539.54914204
545.29615164
542.48746278
528.541242
505.6072167
485.3306432
461.81327476
426.36978106000004
390.45097082
0.0
662.20242678
617.7495232
586.6162868
567.26874118
562.06186404
580.84767186
612.39140898
624.26352102
646.98149328
691.7260684
747.05724014
803.51188746
857.82761024
909.3994599
950.3306996
977.09966548
991.61842672
994.38390516
979.01173456
942.79045012
905.32686098
859.66406066
792.77405368
722.62164656
0.0
451.74520528
431.66307946
417.91130638
410.95439996
412.50998154
425.03025252000003
440.14315949999997
446.89481556
468.91061564
502.59327740000003
538.79295658
571.28732686
597.67820006
619.7696187199999
633.04607518
638.62024244
636.66496282
625.1493383
603.67367064
583.1054256
568.6190724
546.981365
514.88669276
481.54971574
0.0
607.88670408
571.09287918
545.1989278
528.96254532
525.94860602
541.5908428399999
570.75799702
583.78599258
611.5596049400001
658.0650119
715.22183148
770.29373966
819.92111244
863.32615892
893.99488138
912.1865434800001
921.89812562
917.1449597200001
893.57357806
854.8028682600001
820.51525816
780.75070458
720.82840668
660.1067127
0.0
613.10438384
571.9462885
543.12481906
525.2140258999999
520.39604412
537.77750752
566.98787226
577.9849697
599.01772868
640.44589028
691.6720551799999
743.94607708
794.2324114200001
841.98012306
879.87581828
904.65709668
918.10639556
920.66662352
906.42873122
872.89730652
838.20999836
795.92842746
733.9968366400001
669.05130668
0.0
84.908826662
80.501345582
77.195734774
74.981191586
74.06296635800001
75.510521418
79.010579922
79.388672666
83.15879741
90.148111764
97.79638776
104.88292596
110.93240976
115.98804984
119.29366068
120.61158394
120.79522896
118.9803838
115.2210617
110.91080448000001
108.39378708
104.71008354
98.304112288
91.303995288
0.0
14.08665521
13.470904178
13.027995537999999
12.6931134
12.541876304
12.671508104
13.17923264
13.416890926
13.848996916
14.648392998
15.577420870000001
16.614475239999997
17.575911068
18.472530994
19.174703223999998
19.639217162
19.887678100000002
19.747243656
19.315137668000002
18.623768088000002
17.899990554
17.14380508
16.05273746
14.972472492
0.0
971.2446294
928.0772412
898.49958636
883.54871914
886.89754058
913.80694094
946.3013112399999
960.82007248
1008.168086
1080.58905
1158.4221407999999
1228.2612714
1285.0075904
1332.5068406
1361.058244
1373.0383826
1368.8361516
1344.0656758
1297.8951514
1253.6907084
1222.5358668000001
1176.0088544
1107.0123312
1035.3259476
0.0
1365.3576982
1304.6576096
1263.089014
1242.0778602
1246.7662104
1284.6078922
1330.292298
1350.6877
1417.253628
1519.0577988
1628.4778374
1726.6631202
1806.4298856
1873.1902612000001
1913.3329072
1930.174238
1924.2651886
1889.448249
1824.5351264
1762.3982859999999
1718.604344
1653.1943002
1556.2081106
1455.430192
0.0
917.05853856
876.2893386
848.3752917
834.25622858
837.41060228
862.8292370400001
893.50876218
907.20652204
951.9186891200001
1020.2994618
1093.7898876
1159.7400638
1213.3104038
1258.1522029999999
1285.1156164000001
1296.425991
1292.4614184
1269.0736814
1225.4741872
1183.7435518
1154.3279364
1110.3935606
1045.2427796
977.5641794400001
0.0
327.03941707999996
312.76911684000004
302.64703406
294.8583236
291.23943596
294.28578322
306.16869784
311.51600946
321.57327634
340.11062318
361.8023438
385.85984476
408.10250048
429.07044356
445.36083926
456.06626516
461.93210396
458.62649312
448.5368183
432.58130468
415.84800032
398.19647066
372.8966651
347.78050454000004
0.0
176.66653322
167.484281
160.62459844
156.01186701999998
154.08899534
157.10293464
164.37311786
165.18331664
173.01523764
187.55560414
203.47870982
218.2243266
230.80941358
241.32039172
248.1908769
250.9563552
251.33444798
247.55352062
239.7324022
230.76620296000002
225.52691786
217.86783918
204.52656682
189.97539764
0.0
253.05206930000003
239.89444194
230.07483338
223.4636117
220.71973874
225.01919328
235.45455293999999
236.5996338
247.82358680000002
268.64029282
291.455489
312.58547182
330.61509417999997
345.66318518
355.50439902
359.45816888
359.99830132
354.58617380000004
343.38382608
330.5394756
323.03163408
312.06694458
292.95705728
272.10794338
0.0
342.22794253999996
324.4359785
311.14871936
302.21492806
298.49881658
304.32144474
318.41890266
319.97448416000003
335.16300970000003
363.31471482
394.1562797
422.74009084
447.12167118
467.47386318
480.78272768
486.13003921999996
486.86461942
479.5404229
464.38430538
447.02444734
436.86995662
422.03791858
396.18717782
368.00306474
0.0
45.500760547999995
43.513073004
42.108728542
41.017660922
40.520739038
40.942042373999996
42.594847774
43.340230604000006
44.744575066
47.315605696
50.34034761
53.678366374
56.778726834000004
59.695442254
61.963998694
63.454764354
64.26496308
63.811251788
62.406907334
60.181561494
57.858991802
55.395987676000004
51.87432387
48.385068020000006
0.0
18.93704493
18.094438248
17.467884564
17.068186532000002
16.92775208
17.241028922
17.943201154
18.2780833
19.15309792
20.406205288000002
21.832155046
23.258104810000003
24.543620126
25.688700989999997
26.488097072
26.96341366
27.13625605
26.812176564
26.228833482000002
25.245792356
24.284356528
23.214894212
21.670115306
20.146941698
0.0
505.90969084
475.28417892000004
453.73289278
440.218778
437.71256326
450.72975614
475.01411274000003
485.84917036
508.96684075999997
547.67273458
595.23680122
641.07244396
682.37097376
718.49503436
744.02169558
759.1562078200001
767.2365897999999
763.28282002
743.66520814
711.39769348
682.86789566
649.77937964
599.90354594
549.36875062
0.0
56.703108288
54.22930151
52.468469606
51.118138388
50.491584712
51.020914544
53.084220638
54.013248510000004
55.75247511
58.971664726
62.73098682
66.900809606
70.75735555
74.397848502
77.21734007
79.075395824
80.09084489
79.518304458
77.768275206
75.002796882
72.096884116
69.03973424600001
64.65385847
60.300390641999996
0.0
164.5351576
154.57511456
147.56419492
143.17831913999999
142.35731778
146.59195649999998
154.4886934
158.01035718
165.52900138
178.11408828
193.59428534
208.49113928
221.92963548
233.67211574
241.97935336
246.90536158
249.5304055
248.2448902
241.86052415999998
231.37115128
222.09167522
211.33223610000002
195.1066563
178.67582606
0.0
151.57197802
141.39588194
134.27693578
129.84784946
128.6487553
132.94820992
140.17518252
142.88664762
148.09352476
158.33443666
170.99514212
183.91511116
196.34896098
208.15625712
217.52215444
223.6472568
226.9744729
227.61182925999998
224.0901654
215.80453312
207.22722923999999
196.7702643
181.46290972
165.3993696
0.0
78.57847393200001
74.495072346
71.448725128
69.396221688
68.54281236199999
69.882340928
73.11233318800001
73.479623274
76.95807648
83.428863652
90.50459920600001
97.072610212
102.66838276
107.34593008
110.40308
111.62377934
111.79662176000001
110.11140838
106.63295522
102.64677748
100.313405128
96.910570492
90.97991579400001
84.49832597000001
0.0
583.78599258
550.29777852
529.29742748
517.04722266
517.1012359599999
534.47189668
562.7100229800001
579.60536716
612.36980364
659.9986861799999
711.17083786
759.1237998600001
801.28654166
838.27481426
861.46810314
871.65500182
868.13333804
862.62398668
838.66370964
804.64616572
779.9729138399999
738.3935151
683.49444934
630.53986046
0.0
697.60270986
655.38595476
625.65706278
607.0224921
603.5656442
621.5196479800001
654.99705938
669.93712394
701.8157432200001
755.19163536
820.77452176
883.98082512
940.93239434
990.74341204
1025.9384448
1046.809164
1057.9466958
1052.5021606
1025.4523256
980.9562114400001
941.61296132
895.98256896
827.21290092
757.53581034
0.0
1199.2669596
1118.765614
1062.3757825999999
1027.3427894
1017.9228788
1051.9296196
1109.064834
1130.562107
1171.6985972
1252.7508778
1352.9454542
1455.2033364
1553.5614618
1646.9611711999999
1721.0781502
1769.5604423999998
1795.8648948
1800.8665216000002
1773.01729
1707.4344042
1639.5721584
1556.8778754
1435.736961
1308.6869980000001
0.0
1253.6042874
1197.8842198
1159.7076557999999
1140.414124
1144.724381
1179.4765048000002
1221.4123915999999
1240.1441862
1301.265578
1394.7301034
1495.1947453999999
1585.3428572
1658.5848224000001
1719.889859
1756.7376972
1772.1962892000001
1766.7841618
1734.8083187999998
1675.2100996
1618.161307
1577.9538444
1517.8911126
1428.8340681999998
1336.3093734000001
0.0
99.83808854
94.64201404399999
90.77466544800001
88.160424218
87.08015925
88.77617525
92.891984792
93.34569607600001
97.774782448
105.98479626
114.98340346
123.32304904
130.43119252
136.37264988
140.25080108
141.81718526
142.0332383
139.89431366
135.47602994000002
130.40958724
127.44966116
123.11779867999999
115.57754919999999
107.35673274
0.0
1407.8553222
1345.2647698
1302.3998562000002
1280.7405434
1285.5801306
1324.5993012000001
1371.6988538
1392.7316128
1461.3716494
1566.3409962
1679.1638699999999
1780.4063028
1862.6576774
1931.5029638
1972.8879156
1990.2585755999999
1984.1658814
1948.2578736
1881.3354590000001
1817.254141
1772.0990652
1704.6581228
1604.647192
1500.7365046
0.0
2.290161737
2.1497272908
2.0525034434
1.9876875456
1.9768848952
2.041700794
2.1497272908
2.1929378896
2.3009643864
2.473806782
2.6898597756
2.8951101206
3.0895578152
3.2515975604
3.3704267074
3.4352426054
3.4676505548
3.4568479044
3.3596240572
3.219189611
3.0895578152
2.9383207194
2.7114650754
2.4846094316
0.0
122.242784
114.03277022
108.28576063999999
104.72088622
103.75945038
107.22710096
113.04972912000001
115.24266704
119.43409514
127.68731948
137.90662609999998
148.33118308000002
158.35604202
167.87317638000002
175.4350312
180.3718421
183.05089916
183.55862374
180.72832952000002
174.04148936
167.1169909
158.69092416
146.3434955
133.39111852
0.0
1882.9990673999998
1799.2893342
1741.9596721999999
1712.9869661999999
1719.4577528
1771.645354
1834.6464068
1862.7765064
1954.5774242
2094.9794624
2245.8708728
2381.2928899999997
2491.3070746
2583.3780574
2638.7308346
2661.9565318
2653.811334
2605.7935559999996
2516.271998
2430.574578
2370.187766
2279.9748384
2146.2056266
2007.2295388
0.0
381.62520603999997
364.65424336
353.0413949
347.16475343999997
348.47187412
359.04766816
371.81640014
377.52019918
396.12236192
424.57654126
455.15884256
482.60837542
504.90504446
523.5612204800001
534.7851734799999
539.48432616
537.8423234200001
528.1091359999999
509.96068446000004
492.60082642
480.36142428
462.07253834
434.95788762
406.79537982
0.0
464.79480612
433.59675374
411.74299338
398.16406272
394.51276712000003
407.69199976
429.83743164000003
438.16627459999995
454.11098554
485.52509088
524.3498139
563.9847356199999
602.1072864800001
638.30696564
667.03121116
685.8170189800001
696.01472034
697.9483946
687.1565476
661.73791284
635.4442634
603.39280178
556.44448616
507.20600882
0.0
118.90476530000001
113.62226958
109.99257928
108.16693144
108.57743216
111.87224032
115.84761538000001
117.63005258
123.42027288
132.2892483
141.81718526
150.37288386
157.3189876
163.13081316
166.62006902
168.08922934
167.58150484
164.54596028
158.89617444
153.48404694
149.67071162
143.96691256
135.51924056000001
126.74748898
0.0
92.373457604
86.788487704
82.84552057
80.382516436
79.92880515
82.305388086
86.73447446
88.71135935400001
92.93519539200001
100.000128288
108.68545868
117.05751219999999
124.59776168
131.18737798
135.85412262
138.61960094
140.08876134
139.36498382000002
135.78930674
129.90186268000002
124.68418283999999
118.64550164
109.538868
100.313405128
0.0
118.81834406
113.63307225999999
109.94936864
107.11907443999999
105.81195386
106.91382408
111.23488396
113.1793609
116.83065656
123.56070726
131.44664157999998
140.1859852
148.26636718
155.88223522
161.80208724000002
165.69104112000002
167.81916316
166.62006902
162.95797076000002
157.15694786
151.08585872
144.66908482
135.47602994000002
126.34779094
0.0
131.40343094000002
125.55919752
121.5622171
119.531319
119.98503026
123.62552316
128.02220162
129.98828383999998
136.39425514
146.19225844000002
156.72484186
166.16635774
173.84704168
180.27461826
184.1311642
185.75156166
185.18982388
181.84100242
175.58626826
169.61240296
165.3993696
159.10142482
149.76793546000002
140.06715608
0.0
750.60050928
717.23112432
694.3835202
682.8354877200001
685.40651834
706.2124216
731.32858216
742.54173256
779.1411098
835.0988352200001
895.24798876
949.22882938
993.08758708
1029.7841884
1051.8540016000002
1061.1118726
1057.871077
1038.728782
1003.03682748
968.87884904
944.81054564
908.8485247799999
855.5266458
800.11985546
0.0
426.2833599
400.48663244
382.31657562
370.93058279999997
368.8240661
379.7887556
400.24897412
409.37721312
428.85439052000004
461.46759002000005
501.5454204
540.1648930599999
574.9710304
605.4128972999999
626.91017014
639.66809944
646.4737688
643.1465527
626.61849862
599.42822932
575.39233372
547.5106948399999
505.47758484
462.90434238
0.0
463.80096232
437.1940361
420.50394228
410.77075496000003
410.82476818000004
424.61975187999997
447.04605262
460.47374622
486.508132
524.3498139
565.00018476
603.09032758
636.60014692
665.97255148
684.41267456
692.49305654
689.70597288
685.3200971
666.28582836
639.2684014
619.6615922000001
586.6270894
543.0059899400001
500.94047198
0.0
319.90966826
300.55132004
286.91837608
278.37348022000003
276.78549069999997
285.01710976
300.37847764
307.22735752
321.8433426
346.3221468
376.39672360000003
405.38023269999997
431.50103972
454.33784118
470.4769998
480.05895016
485.16860346
482.66238872
470.26094686
449.85474156000004
431.81431652000003
410.88958406
379.34584694
347.39160916
0.0
830.8749991799999
793.94073988
768.64093424
755.85059698
758.71329922
781.7337457
809.5397660799999
821.9520105400001
862.46194694
924.40434034
990.99187316
1050.7413286
1099.2884366
1139.9172018
1164.3419932
1174.5829046000001
1170.9964254000001
1149.8016268000001
1110.307139
1072.4870622
1045.8369254000002
1006.03996408
947.01428616
885.68764376
0.0
638.0260967
599.41742664
572.22715736
555.19137878
552.02620242
568.44622998
599.06093922
612.7262911400001
641.88264266
690.69981666
750.68693046
808.49190898
860.58228588
906.13705968
938.32895576
957.4172378000001
967.60413648
962.624115
937.88604718
897.1924657
861.20883956
819.4674010800001
756.5743745999999
692.8387413
0.0
447.43494798
420.35270521999996
401.28602853999996
389.33829792
387.12375471999997
398.62857666
420.1042443
429.68619456
450.13561039999996
484.36920735999996
526.43472532
566.96626698
603.5008283000001
635.4442634
658.02180128
671.40628426
678.55763836
675.05757992
657.70852448
629.16792398
603.9437369
574.6685562
530.56133744
485.87077564000003
0.0
152.0797025
144.17216292
138.26311352
134.29854114
132.64573572
135.22756894
141.50390846000002
142.19527804
148.9361314
161.4455998
175.15416226000002
187.85807836
198.69313598
207.7349538
213.64400314
216.02058608000002
216.34466556
213.09306802
206.36301724
198.63912276
194.13441778
187.54480148
176.06158488
163.53051122
0.0
1454.0258474
1366.027463
1304.0742666
1265.2387414
1258.0333734
1295.4429496
1365.2280664
1396.3721057999999
1462.819204
1574.0540886
1710.7616198
1842.4891301999999
1961.1994484
2065.0237142
2138.3737062
2181.8867786
2205.1124758
2193.7480884
2137.3798618
2044.6391142
1962.6362004
1867.5188696
1724.1677082
1578.9368858
0.0
459.9336137
439.49500046
425.4839638
418.40822826
419.98541512
432.73254174
448.12631756
454.99680282
477.42310362
511.71071372
548.5693545199999
581.6470679600001
608.52406036
631.01517708
644.5292918600001
650.20068296
648.21299538
636.48131782
614.6167547800001
593.69202232
578.93560286
556.89819742
524.2309848
490.27825678
0.0
1076.8513332
1028.9847918
996.19875024
979.62748556
983.3219917199999
1013.1697125999999
1049.1965500000001
1065.2924978
1117.7933756
1198.0786676
1284.3702336
1361.8144298
1424.729061
1477.3919784
1509.0437419999998
1522.3310013999999
1517.6750591999999
1490.2039216
1439.0101646
1389.9985422
1355.4624712
1303.879819
1227.375454
1147.9003599999999
0.0
92.557102646
86.95052745199999
83.00756031600001
80.53375353
80.080042246
82.45662518
86.896514208
88.884201754
93.10803778200001
100.19457599600001
108.89070896
117.27356516
124.83541998
131.44664157999998
136.1133862
138.87886459999999
140.35882759999998
139.63505007999998
136.04857032
130.15032358
124.92184116
118.87235736
109.74411836
100.507852836
0.0
742.77939088
692.91435986
657.98939334
636.2976728
630.4642419600001
651.5186062199999
686.91888928
700.2277537
725.71120436
775.90031486
837.9615373800001
901.29747262
962.21361436
1020.0618033999999
1065.9730648
1096.004431
1112.2948266
1115.3843846
1098.1433556
1057.5145896000001
1015.4922826000001
964.26611772
889.24171558
810.55521514
0.0
868.03611418
815.49202602
778.5145561
755.33206982
751.03261528
773.36169218
815.0167094
833.60806954
873.27539928
939.69008966
1021.3041082
1099.9365956000001
1170.8127798
1232.7875812
1276.5815232
1302.551093
1316.4216954
1309.6376314000001
1275.976575
1220.612995
1171.6661894
1114.8766596
1029.2980692
942.60680512
0.0
123.86318148
116.755038
112.30434632
109.70090773999999
109.72251302
113.40621654
119.39088452
122.9773642
129.93427062
140.03474812
150.89141104
161.06750702
170.01210102000002
177.86562736
182.780833
184.9413629
184.19598009999999
183.0292939
177.94124586
170.72507586
165.48579076000001
156.67082864
145.02557224
133.7800139
0.0
91.228376732
87.177383102
84.401102126
82.996757664
83.310034506
85.837854536
88.884201754
90.245335616
94.69602728599999
101.50169664
108.81509048000001
115.37229884
120.6980051
125.15949945999999
127.83855661999999
128.97283478
128.57313674
126.2505671
121.90790186
117.75968438000001
114.83216632
110.45709322
103.98630602
97.245452616
0.0
828.55242954
785.4930678000001
753.3119743
731.6850696600001
722.6756597799999
736.7839203
770.9310960199999
774.69041812
811.45183508
879.60575202
954.29527206
1023.4862436000001
1082.511921
1131.793609
1164.0071108
1176.9702906
1178.731122
1161.0039738
1124.318176
1082.2742634
1057.7090372
1021.7794246
959.21047776
890.95933682
0.0
246.31121584
233.510076
223.93892834
217.51135176
214.8322946
219.0237227
229.17821344
230.301689
241.22316788
261.48893871999996
283.68838381999996
304.25662884
321.80013198
336.4593276
346.03047528
349.88702122
350.40554838
345.13385534
334.2339818
321.73531608
314.43272492
303.74890436
285.14674154
264.85936544
0.0
1700.790774
1597.863128
1525.3989536
1479.9630092
1471.5369428
1515.298476
1596.9341004
1633.3498324
1711.0748972000001
1841.1928123999999
2001.104436
2155.1934318
2294.0506906
2415.4940785999997
2501.2887226000003
2552.1800058
2579.3486698
2566.0506074
2500.1220364
2391.6418284
2295.7251017999997
2184.4686124
2016.7898834
1846.907414
0.0
221.22746324000002
207.84298024
198.41226704000002
192.50321772
191.4121501
197.10514646
207.71334846000002
212.45571166
222.56699184000001
239.4947439
260.28984456
280.32875975999997
298.39079006
314.19506662
325.35420372
331.97622798
335.50869444
333.78027054
325.20296666
311.09470614
298.61764569999997
284.14209508
262.33154536
240.2293241
0.0
1075.717055
1027.8937246
995.14009052
978.59043116
982.28493752
1012.1002502
1048.0946798
1064.1582197999999
1116.6050836000002
1196.8147576
1283.0199026
1360.3776772
1423.2274932
1475.8255940000001
1507.4449498000001
1520.7214061999998
1516.0654646
1488.6375372
1437.4869902
1388.5293824
1354.0365216
1302.4970799999999
1226.079136
1146.6796608
0.0
1063.315613
998.96422868
953.6579157
925.25774966
919.98605662
947.33836564
998.3808854
1021.1528714
1069.7431896
1151.0871418000002
1251.0656646
1347.3928922
1434.2029854
1510.1348102
1563.7699654
1595.5837688
1612.576337
1604.2582966
1563.0353854
1495.2163506
1435.2508418
1365.6925806
1260.8636678
1154.6628188
0.0
475.59745580000003
450.88099328
432.40846225999996
419.99621778
414.82174858
422.92373584
442.51974244
444.68027234
465.77784722
504.90504446
547.76995842
587.4913013800001
621.36841084
649.66055044
668.15468674
675.58690976
676.60235882
666.42626274
645.3718985
621.2279764599999
607.13051854
586.50826028
550.60025272
511.4190422
0.0
35.367875126
33.823096222000004
32.732028602
31.88942192
31.50052653
31.824606023999998
33.11012134
33.693464422
34.77372939
36.78302224
39.12719722
41.730635796
44.128824034
46.397380473999995
48.15821237
49.324898538
49.95145222
49.594964788
48.503897168
46.775473212
44.971430708
43.05936171
40.326291342000005
37.614826262
0.0
125.31073652
119.72576668
115.59915448
112.97411061999999
112.04508274
114.07598084
118.75352816
120.9572687
126.76909426
135.06552920000001
144.4962424
153.87294237999998
162.3854303
170.01210102000002
175.26218878
178.44897042
179.58324868
177.40111342
173.55537016
167.06297768
160.68941434
153.63528408
143.41597746000002
133.3479079
0.0
10.12208277
9.6683714836
9.344291992799999
9.1282389984
9.052620451
9.2146601962
9.5927529356
9.77639798
10.240911918
10.9106762
11.677664328
12.43384981
13.125219388
13.74097042
14.162273756
14.421537356
14.507958546
14.335116156
14.021839314
13.503312126
12.984784946
12.412244506
11.591243128
10.770241749999999
0.0
14.551169146
13.903010166
13.427693578
13.125219388
13.017192894
13.244048536
13.794983671999999
14.04344461
14.724011544
15.685447366
16.776514986
17.867582606
18.861426382
19.747243656
20.352192035999998
20.730284782000002
20.859916572
20.600652982
20.157744342
19.401558866000002
18.666978688
17.845977310000002
16.657685838
15.490999672000001
0.0
4.0077830396000005
3.7809273956
3.6404929496
3.5540717518
3.5540717518
3.6729008988
3.8673485934
3.9861777398
4.2130333838
4.537112875
4.8827976652
5.217679806
5.509351348
5.7578122918
5.919852037
5.9846679348
5.9630626358
5.9306546864
5.7578122918
5.5309566478
5.3581142522
5.0772453598
4.6991526202
4.3318625308000005
