0.0
120.42145917779241
114.32398764789362
109.36528739545864
107.54901927142511
105.47328428102762
108.06795301767252
109.50943565815496
114.49696556961854
122.00709007826718
131.18933445906873
137.05616877081656
143.6581592931579
149.5538231828171
154.15215276769572
155.68012444204612
159.02436411064247
160.32169844246218
161.08568422555922
158.36128207195577
153.18635944169984
150.99530580977995
144.13384848596854
137.40212461967423
127.38382030550015
0.0
120.2773109150961
115.26095136353122
111.98878577761265
109.98512492667503
109.1202353477934
110.04278423391666
111.29687412315985
114.22308386292463
121.22868946835976
127.6865316468875
132.9046987954294
137.44536908928984
140.84726810839038
144.56629326324176
147.4060141016301
149.51057876727967
151.26918748673089
151.93226952541755
150.14483106041266
146.33931692306754
143.73023331905358
140.41482330948585
132.7317208791123
123.96750645958922
0.0
213.81511898376274
210.55736828143665
208.1212626099633
206.31940936681832
205.35361593266612
204.89234154503458
204.89234154503458
204.89234154503458
207.81855121449777
211.97002118988496
215.54489822805107
219.69636820343823
223.17034133495957
226.61548474796626
229.51286483411027
231.5741850571833
233.3472087170091
233.53460142768972
231.9922150292774
229.12366458053077
226.11096583664101
224.49650530417662
220.8351394349356
216.12149119231114
0.0
322.9353543694109
308.66467625972984
298.06977890558625
290.37226163758663
286.60999202393526
286.9127033112444
288.28211188527257
295.1435692361231
315.8720893945443
338.8781522593119
360.22651006792137
379.0090287962107
393.33736615364745
403.7160411597131
410.0153202162872
413.792004743274
415.983058375194
414.6568943248596
406.64225082917625
394.6058708480698
388.26334726780186
378.12972443648516
360.1111914912929
338.69075954863126
0.0
44.1526130574728
41.60118879855522
39.741676196794344
38.44434182982385
37.66594120639686
37.550622602729206
37.63711155818385
37.96865256130375
40.750714049187906
44.239102012927454
47.84280859926201
51.158218660203985
54.02676909272714
56.43404509976407
58.27914287201063
59.47557345401217
60.05216650479732
59.749455149890416
58.13499460661043
55.75654826130606
54.675436282972164
53.406931564214666
50.58162560941883
47.10765245356233
0.0
772.9806473511474
726.2189506436944
692.7621387199262
670.9813361610827
661.7126028843124
665.4748724979638
679.0680537908179
705.6778231689146
759.24331776315
818.7909654296277
871.4915704693167
917.5469406143893
955.039903936916
981.4046212484201
1000.7060737202529
1018.2777469748365
1032.0294913409741
1036.1953761485793
1019.6759851592228
988.3525675385018
966.6438391137101
937.2952526686746
877.7764347207116
807.4897415131037
0.0
54.31506562082363
51.028485216206384
48.67886852993064
47.15089693399357
46.502229754564176
46.76169662092812
47.713075166080024
49.5870025865396
53.34927225697303
57.54398672631096
61.24859708679885
64.4775181949901
67.1154314066584
68.96052917890496
70.32993768263144
71.55519791554987
72.52099127940046
72.80928781560867
71.65610170051883
69.45063327693939
67.92266167829841
65.86134151741524
61.681041877591625
56.75117127336964
0.0
228.73446421879498
214.10341546589282
203.3787847569806
196.2146160377036
192.68298365842665
192.7983022350552
196.86328324417207
203.5373478573029
217.93775934879162
233.95263139978377
248.5404356289922
261.8309054993419
273.9537744467186
285.2117538125098
295.9507994347576
305.69522203953386
314.6035847001219
320.03797431030597
318.6973954277534
310.0196699204224
302.2789082368854
291.51103297724035
271.30144642716726
247.94942775139663
0.0
256.77130144571447
243.78354294379128
233.20306042186587
229.33988692860876
224.90012044405248
230.43541371752963
233.52018662251055
244.1439135870124
260.1443708057864
279.74853467308475
292.24618904182273
306.3294744408231
318.8992029706523
328.71569970948065
331.95903560662754
339.07995980221074
341.8764360898662
343.49089664936963
337.68172169894166
326.6543795675248
321.96956093525864
307.33851229051277
292.98134521456154
271.632987432991
0.0
1372.13290390621
1289.1323338465907
1229.728834475256
1191.0682701486392
1174.6209534285301
1181.2806030472084
1205.4254372516295
1252.6628230978154
1347.7574326566878
1453.4469387855702
1546.9847472219687
1628.760057056781
1695.3133099095883
1742.1038362003605
1776.382293209059
1807.5759773127772
1831.9658641786511
1839.375085126755
1810.0409130542737
1754.442928090675
1715.8976822595698
1663.816914626717
1558.1562374592552
1433.381500773992
0.0
57.832283251703544
54.34389527985227
51.83571549866202
50.20684011775598
49.514928460599265
49.78881015647752
50.81226282756976
52.80150886251262
56.8088305806113
61.26301191631316
65.21267432717022
68.65781782399807
71.4542941305809
73.42912534412115
74.88502280600616
76.19677200249099
77.22022466276759
77.53735084989272
76.29767577664431
73.94805909036857
72.33359853627294
70.1281301126935
65.67394877699162
60.42695198834845
0.0
518.3283252681055
510.443415262386
504.54775137272696
500.1800589411055
497.8160274307232
496.691671004405
496.70608580958407
496.691671004405
503.7837654814735
513.8453142598554
522.5230397671863
532.5990033777865
541.0028471000102
549.3634464066965
556.3834668578694
561.3854115826239
565.6954446583334
566.1423042407857
562.380034518978
555.4465031422318
548.1381861278115
544.2173533867988
535.323405558429
523.9068630652764
0.0
1015.6974930893373
954.2615032134443
910.2962829288421
881.668437824327
869.5023243802955
874.4321950521153
892.3065797021644
927.2625335817683
997.6501305337864
1075.893807881166
1145.142633601687
1205.6704893723004
1254.925950809709
1289.5647785427464
1314.9348729719745
1338.0274248300516
1356.089202163742
1361.566836243542
1339.8581077376327
1298.689363686608
1270.1624224346594
1231.6171766576324
1153.4023290287676
1061.0321218668503
0.0
110.35991040752224
108.6733757274863
107.41928583824311
106.49673695211986
105.99221802727503
105.74716597690589
105.74716597690589
105.74716597690589
107.26072274603253
109.40853187318596
111.25362964543251
113.40143876177036
115.18887722677526
116.96190087308148
118.46104279647035
119.52773995880946
120.4358740046028
120.53677779768347
119.72954751793178
118.25923523734807
116.70243399049409
115.86637406252939
113.9780318125555
111.5419261708251
0.0
58.480950431132925
54.7475104089125
52.00869340957129
50.17801046954297
49.26987641293402
49.298706061147016
50.33657356175358
52.051937887298614
55.72771860227742
59.82152928664639
63.554969308866816
66.94245349574912
70.05605597593754
72.92460641927633
75.67783824813185
78.17160320791952
80.44914576825494
81.83296909338398
81.48701325804585
79.26713000495208
77.29229879952355
74.53906697337194
69.37855913747951
63.3964062166562
0.0
11.070586624015649
10.609312181224398
10.306600828751023
10.119208085623503
10.03271912773534
10.119208085623503
10.23452669713249
10.508408397066606
11.157075581903813
11.748083462744065
12.223772730723374
12.64180269254261
12.958928874259918
13.304884705812569
13.564351578665887
13.75174432287497
13.910307412922448
13.982381544270595
13.809403627953483
13.463447794778485
13.218395747113236
12.915684395451029
12.209357904453748
11.402127629298672
0.0
240.39605875150113
225.02985393401653
213.74304484971069
206.21850548721255
202.51389520243407
202.62921377906267
206.8960023310784
213.9304375603913
229.0515904464787
245.88810760944082
261.211068011388
275.1790347256035
287.9361559661133
299.7563135991418
311.0431225752913
321.2920641184319
330.64728644258963
336.3699724537865
334.95731954533824
325.8327344555548
317.7027723832429
306.38713368857884
285.1396796514187
260.6056453286133
0.0
152.88364804623433
144.04735954673734
137.63276182160172
133.12092119758555
130.42534867597172
130.0505631734932
130.3388597097014
131.46321615765092
141.1355646554142
153.20077424687898
165.65518420007953
177.129385995066
187.10444583421668
195.43621542238833
201.79315383487452
205.93020900508253
207.9771143148201
206.88158752589925
201.31746450686845
193.08659871718527
189.3243290764948
184.95663664487333
175.16896962455962
163.13258967049222
0.0
102.7488821003851
96.80997365728909
92.49994058157964
89.47282704603023
87.67097376503052
87.41150688514706
87.59889962557065
88.36288541948333
94.86397210007361
102.96510450254127
111.34011860088718
119.052050701105
125.75494493540974
131.34789754857545
135.62910095984847
138.41116245854826
139.78057094605128
139.0454148057594
135.31197479165067
129.77668147491104
127.23967204280387
124.31346230844689
117.74030148298893
109.63916909133691
0.0
621.8700228295436
584.2617409574275
557.3348453516471
539.8064165396399
532.3539513382328
535.3810648873019
546.3219180524485
567.7279351899309
610.8282659199866
658.7287337507809
701.1227380266125
738.1832565718661
768.3390732425752
789.5576975341816
805.082465587184
819.2234102069007
830.279581948676
833.6382365035687
820.3477666332191
795.1362353583914
777.6798806804367
754.0683951328944
706.1823421072792
649.6329783795121
0.0
178.8879948497126
171.7959002644877
166.779540707515
163.00285618052817
161.47488458729504
161.46046978211587
162.8298782750267
166.24619207767512
174.2464207411402
181.9295232039607
188.74773600407838
195.04701506065254
201.95171693519686
208.92849283563677
215.21335719518822
220.67657633461326
225.41905418759598
227.84074505389026
225.53437276422457
219.53780510311591
214.30522311694799
209.894286269789
198.82369961467845
186.22514136633473
0.0
118.85024311494362
114.1221800779557
110.80677002512542
108.28417541712476
107.27513757554684
107.26072274603253
108.16885680264149
110.44639936297692
115.7654702775604
120.85390396588126
125.39457427055731
129.57487391578874
134.1587886900804
138.8003627770215
142.98066244929203
146.61319860001845
149.7556308338723
151.37009136633665
149.84211977310346
145.84921278988233
142.37523965836098
139.44902994022746
132.09746850486206
123.70803957700181
0.0
193.86499930546142
181.46824870817287
172.3724933369041
166.303851406548
163.30556757599368
163.4064713474431
166.85161476044982
172.51664152389097
184.7115846053198
198.2903510659558
210.64385724770696
221.91625141867732
232.19402257217624
241.73663763405364
250.84680781050156
259.1065033457384
266.6454575134157
271.25820190347343
270.1194306719761
262.76786921497944
256.1947084814544
247.07012336463194
229.9453097195398
210.15375314156086
0.0
202.98958439524478
190.01624072553975
180.48804046884146
174.1311020563553
171.00308473583695
171.10398861544272
174.70769512877177
180.6321887639847
193.41813972300906
207.63115850381712
220.5612577579847
232.36700047767775
243.13487573732277
253.1243503816526
262.6525506383509
271.30144642716726
279.2007712110266
284.02973803027965
282.83330746990936
275.13579020190974
268.2599180458801
258.71730298400263
240.78525911323692
220.05673881962036
0.0
280.10890531630594
263.90664055463316
252.1729718608359
243.89886152041987
238.96899092971745
238.29149411289063
238.81042782939505
240.8717480795072
258.5731547970158
280.68549838872235
303.5185832398322
324.5354000966961
342.7989850003247
358.0642861545162
369.72588057906603
377.3080792974761
381.0415193007692
379.05227321174823
368.8465762193404
353.76866788398587
346.86396603648063
338.8637374541328
320.9461082803898
298.8770092394161
0.0
433.19436098655643
426.60678533969576
421.6769147489933
418.02996368493154
416.0551324010897
415.1181687124911
415.1181687124911
415.1181687124911
421.0282475154858
429.446506178084
436.69716375547506
445.1154223910343
452.1498576203471
459.14104835300543
464.9934678271272
469.17376752102905
472.777474034358
473.15225959091464
470.00982746521714
464.2150672118119
458.1031808659185
454.83101525025677
447.4073797673644
437.86476470548706
0.0
1324.9964216422
1244.8499872802263
1187.4933934890203
1150.1445783264414
1134.273854489475
1140.7028670360135
1164.026056209582
1209.6201517236714
1301.4570104991005
1403.5139806935692
1493.8516977294757
1572.81611568732
1637.0774123535164
1682.2534774899252
1715.3643339271594
1745.4769062904877
1769.030732563235
1776.1804862069423
1747.8697669245246
1694.1745392188723
1656.9554570865928
1606.6621288110355
1504.633987686143
1384.1404540336061
0.0
72.46333198027055
69.58036671012135
67.54787619745117
66.01990460962585
65.40006708111336
65.40006708111336
65.94783047286988
67.33165380611067
70.57498973300058
73.68859221318898
76.45623886885492
79.00766313858814
81.78972461565665
84.61503057856423
87.16645483748181
89.38633809057558
91.30350999957808
92.28371818212739
91.34675447730541
88.9250636542737
86.80608417533327
85.01864571032836
80.53563472370956
75.41837137906398
0.0
1422.5992108173243
1331.6416566720115
1264.9154256162735
1220.4024417884955
1198.4198318219487
1199.126158086899
1224.409763522818
1265.9677079626176
1355.512609199482
1455.1190588902593
1545.802731304543
1628.4573458776283
1703.9045465047268
1773.9173588195167
1840.7300778951578
1901.3588379780028
1956.726185788344
1990.5433687609193
1982.2115991997866
1928.2424893845584
1880.0681393630705
1813.1112708836838
1687.4428149253606
1542.1846100671517
0.0
233.9670462049629
224.68389801485728
218.1395668916905
213.1952814958089
211.1916206016087
211.17720579642958
212.9502294292163
217.43324043746634
227.89840427460683
237.93112346966947
246.85390093543674
255.09918166549446
264.12286287567207
273.24744799249453
281.4783137821777
288.6280677233146
294.8120282032602
297.99770477153425
294.97059119542615
287.14334054561886
280.2818832218074
274.5159526869168
260.0434670613761
243.55290570941688
0.0
47.48243793711347
44.74362093777226
42.73996007331511
41.34172192137565
40.50566200152265
40.390343387039366
40.47683234249401
40.837203004642554
43.83548688116332
47.58334172208243
51.446515188300474
55.02139211560639
58.10616494758179
60.700833695042334
62.67566490047086
63.95858443792704
64.59283679865774
64.26129579283393
62.53151663777457
59.965677549342665
58.798076615554145
57.443082941342
54.40155458709391
50.66811456487348
0.0
378.46126533415264
356.56514419868034
340.70883524801053
329.5373448484897
322.87769504053796
321.94073132490036
322.6470577791245
325.42911928863987
349.3577310368269
379.22525122540594
410.07297954516014
438.48460219344076
463.1483701414056
483.79040136059564
499.5313917346369
509.7659184455594
514.8255224991868
512.1299499559417
498.34937595240683
477.9668116049885
468.64041886415004
457.8437139941467
433.6268057638295
403.8169449041234
0.0
363.16713465072013
339.94484946491355
322.92093956423173
311.5476415136556
305.9402741061264
306.11325201162794
312.5710941685244
323.18040643600347
346.0423210056279
371.47007462853344
394.620285680288
415.72359150342214
434.98179945156124
452.8561840745713
469.90892358561143
485.3904470878809
499.51697692945777
508.15145788605594
506.0324784152272
492.2519044116923
479.9560575858532
462.8600735511194
430.77267012026215
393.69773676982953
0.0
282.53059618260016
271.3158612323464
263.4021216162688
257.43438345736206
255.02710750440335
254.9982777858887
257.1605017804112
262.5516468669014
275.1934495307827
287.3163184781594
298.09860851594453
308.0448387447369
318.942447494346
329.9697896257628
339.88719010900155
348.5216710926387
356.00296593144316
359.85172461952106
356.2047735554592
346.7342326546729
338.4601222872178
331.49776119195695
314.0125767954873
294.1057016408797
0.0
108.12561232491417
103.62818650878106
100.6731471099876
98.87129381817229
98.09289319474533
98.92895312541394
100.05330958147513
102.67680797444476
108.9760870850971
114.78526209501112
119.48449548919389
123.56389131430552
126.61983451158747
129.96407420722295
132.51549847695614
134.40384074585737
135.98947163551654
136.58047951311212
134.98043379664256
131.5497051347368
129.21450325093627
126.21621937711946
119.32593239968716
111.44102238585616
0.0
27.762955520225606
25.9755170579246
24.678182677434556
23.813293098552926
23.38084831046406
23.39526313997838
23.88536723801279
24.707012336463197
26.451206323740788
28.39720788095631
30.155816686932578
31.770277238324294
33.24058952972362
34.60999802263445
35.92174721911927
37.103762985126025
38.18487495264427
38.833542140185386
38.67497904797477
37.62269672866953
36.68573301303194
35.37398382736275
32.92346334259851
30.08374256099225
0.0
328.9030924201613
308.99621726555364
294.76878367956635
285.5000504027962
281.55038794326884
283.150433670554
288.9307790106237
300.26083253750613
323.0506729460394
348.3919376026747
370.80699258984674
390.41115645714524
406.3539543470463
417.5831041024791
425.7995551140223
433.2664351206084
439.11885462176923
440.891878254556
433.857443025243
420.5381434093396
411.29823974292776
398.8150001793689
373.4881503279127
343.5773856967572
0.0
67.24516483984037
63.35316173892887
60.54227060283173
58.553024567888876
57.37100880458604
57.19803089097284
57.327764326858706
57.81786842218921
62.07024218795317
67.374898283838
72.8669471120347
77.91213633073993
82.29424354050148
85.95560942596596
88.75208573254878
90.58276867257712
91.4764879104874
91.00079864467122
88.55027815990697
84.93215675487372
83.27445172305077
81.34286499534956
77.0472467518583
71.7570054854878
0.0
232.92917874491502
222.62257787290142
214.99713476599297
209.43301177400122
206.72302439853786
206.9392468547722
207.93386989928263
212.87815529516422
227.82633024871112
244.4322101772988
259.8272446051417
273.3771813472631
283.6981970244558
291.19390677659567
295.7345771137186
298.45897926732204
300.0446100812718
299.0788167552759
293.2984714422452
284.6207459349143
280.03683115521477
272.728514248951
259.7407556659105
244.28806188215566
0.0
121.51698599375233
114.16542456649863
108.90401294563725
105.48769911054193
104.0318016513608
104.60839470214597
106.75620382929944
110.93650345830739
119.35476204249237
128.72439916642142
136.99850947439054
144.24916717075342
150.14483106041266
154.28188625765975
157.32341461190785
160.07664637586956
162.2388703974311
162.90195240907875
160.29286883210386
155.37741304658059
151.9610992439322
147.34835477275718
137.99313248645416
126.93696069060087
0.0
56.044844786698626
53.810546704090534
52.253745459940454
51.05731487523501
50.58162560941883
50.58162560941883
51.0140703975077
52.08076754632725
54.58894732751752
56.9962233210349
59.12961761867403
61.10444882410256
63.26667278077033
65.44331155884069
67.4181427642692
69.13350708981426
70.6182342107279
71.38222000193667
70.64706385894091
68.77313643848136
67.12984623617272
65.74602290293195
62.28646458740541
58.336802168436634
0.0
338.1141664762149
317.65952785954914
303.0284792148033
293.500278958105
289.4352979219491
291.0785881999671
297.0319114455383
308.66467625972984
332.10318390177076
358.1507751207865
381.2000824010915
401.3520096222917
417.74166709464515
429.27352824554356
437.7206164103437
445.4037188731643
451.41470144760837
453.24538443630706
446.0235563611182
432.31505651867445
422.81568598049074
409.98649060592896
383.9533141650532
353.20648961674857
0.0
60.744078172769655
56.86648988785294
54.01235427402846
52.10959719454025
51.17263347890267
51.20146314063523
52.282575108153466
54.05559875175578
57.875527729430864
62.127901495194806
66.00548978011152
69.53712223239403
72.75162850836703
75.7499123848878
78.60404799871228
81.18430191395458
83.54833342974466
84.98981606211535
84.64386022948113
82.3374880182288
80.27616784653
77.42203223270552
72.04530201088038
65.84692668790092
0.0
11.474201761728379
10.883193881969692
10.421919439178444
10.248941523402115
10.047133954004968
10.292186002481394
10.436334265448071
10.897608708509711
11.618350024965448
12.497654429846323
13.045417831877685
13.679670188822918
14.241848418205477
14.67429320629434
14.818441471694536
15.149982474814433
15.265301089297717
15.337375215238044
15.077908348874107
14.587804250839696
14.385996680901762
13.722914670335715
13.088662310686573
12.137283773105603
0.0
211.4799170837388
197.958810060132
188.04140954985425
181.42500429263544
178.1528386499348
178.25374242138423
182.01601217023097
188.1999726501766
201.5048573527445
216.30888401114814
229.7867466192175
242.08259344505663
253.2973282871541
263.704832903578
273.6366483271912
282.64591475922873
290.87678057595105
295.90755501922007
294.667879908117
286.63882163429355
279.489067801313
269.5284227673415
250.84680781050156
229.25339796233848
0.0
110.07161388212968
103.70026064553703
99.08751621762453
95.84418029343853
93.898178736223
93.62429703764083
93.84051942898135
94.64774970873309
101.61011082562523
110.28783628158193
119.2682730762221
127.52796856819647
134.69213727124995
140.70311984569406
145.27261982562223
148.25648885099739
149.72680108831858
148.93398569486322
144.9266640146193
139.00217033614382
136.29218298771954
133.14975084039074
126.11531558403873
117.43759013078595
0.0
978.5937301285463
916.0333838263352
870.1365767815848
839.5050708099088
824.3839180319777
824.8740220570068
842.2583026820269
870.8429032358091
932.4518710442424
1000.9655405920245
1063.3384941835552
1120.20498400381
1172.1127735959658
1220.258293628548
1266.2271749425458
1307.9292672719025
1346.0276532231258
1369.2787682085643
1363.5560822784846
1326.4234896802964
1293.2838037408605
1247.2284337039441
1160.7827200961224
1060.8591439613488
0.0
30.184646345961216
28.988215753144054
28.137741003776732
27.503488643046033
27.244021765866457
27.244021765866457
27.474658994833025
28.051252048322084
29.40624572253423
30.703580089504726
31.856766193778945
32.90904851308419
34.07664944957662
35.25866521287947
36.31094753218472
37.23349641830799
38.04072668994799
38.44434182982385
38.05514151946231
37.04610367788438
36.16679926948843
35.41722830509008
33.5577157033292
31.424321405690073
0.0
205.65632732813168
193.74968072883286
185.12961457741386
179.06097275521404
175.44285130151047
174.9383323901852
175.327532751921
176.8410894047796
189.84326282003832
206.07435730022573
222.83880032913578
238.2770793077115
251.66845294951057
262.8831878997643
271.44559472231043
277.0097176061459
279.74853467308475
278.2926372409427
270.7969274888029
259.7263408336923
254.65232197488578
248.78548766854573
235.6247512881601
219.43690122351018
0.0
974.5431639246086
959.7247224610257
948.6253061955568
940.423269989193
935.9690885913011
933.8645240608469
933.8933536712052
933.8789388660261
947.1838235415551
966.1104904838702
982.4280739032888
1001.3691557589395
1017.1966350722121
1032.9087957277388
1046.0839470214598
1055.496828593373
1063.5979610282877
1064.448435777655
1057.3707560246482
1044.3397529990314
1030.5880087140113
1023.2220324518352
1006.5152487788372
985.0371575073028
0.0
263.2291437107673
248.0070870802696
236.97974494885273
229.21015354680105
224.5829942434078
223.9343271450957
224.42443114308546
226.35601790323355
243.00514235551512
263.7769070646691
285.226168617689
304.9888955853097
322.1425388677992
336.4997059437505
347.4549739140762
354.57589810965936
358.0931157919136
356.2191883606384
346.618913969888
332.4491397127737
325.96246781032346
318.4523433881999
301.6158261981987
280.872891099403
0.0
337.56640312231303
315.98740807932916
300.1599287660567
289.5938610493105
284.37569386832166
284.53425696864394
290.5452395430881
300.4049808326493
321.65243484277033
345.2783351954918
366.79967090960275
386.41824947392405
404.3214638424877
420.9273437710754
436.7836526947062
451.16964938101574
464.31597098326137
472.33061445190566
470.3557832762201
457.5554175120166
446.1244602407239
430.22490676636033
400.41504590665414
365.94919616023554
0.0
577.6453356731696
568.8667064214283
562.2935455527078
557.4213343179173
554.783421103545
553.5437460194811
553.5581608246601
553.5437460194811
561.4430708033404
572.6578057535942
582.3157393921001
593.5448891475331
602.9289410009319
612.2409188284349
620.0537547812195
625.632292470234
630.4324296791287
630.9369485904541
626.7422341995294
619.0303020993115
610.8715103355241
606.503818012059
596.6008323339995
583.8725405956917
0.0
109.91305078721517
104.36334265448073
99.8226723606203
98.17938216101557
96.26221025201306
98.64065659731743
99.96682062602049
104.50749091717701
111.35453343040149
119.75837718777602
125.10627774516476
131.1316751626427
136.5084053628366
140.70311984569406
142.1013579814101
145.15730114083732
146.33931692306754
147.03122857211252
144.55187845806262
139.83823025870072
137.8201545809527
131.5641199507316
125.40898908655211
116.26998920240521
0.0
441.6558640376531
414.9451908069896
395.8167162406583
383.37672120079316
378.08647988575234
380.2198741617601
388.0038803960301
403.19710741616956
433.8141984745102
467.8331886655155
497.93134598031264
524.2528189033185
545.6732508189408
560.7367443491163
571.7785012857123
581.8112204807749
589.6673008490968
592.0457471916974
582.6040358742302
564.7152364190019
552.3040710165343
535.5396279876243
501.5350526288371
461.3753464815799
0.0
154.51252349203412
144.6383674243329
137.38770979286383
132.5443281468004
130.1658817933843
130.23795591662073
132.9911877616997
137.50302838571585
147.23303619612864
158.04415587131112
167.88948232865408
176.86991912329424
185.0719553296582
192.66856874509114
199.9336412358176
206.50680207749892
212.53219945712218
216.19356532636326
215.29984616145845
209.43301177400122
204.20042989598957
196.92094260008406
183.27010195131783
167.50028199395737
0.0
631.4558823339975
603.5487786240811
582.8346731356437
567.7855944106475
560.4340330618071
561.0106260260671
563.7061985693124
577.1264019566651
617.6464787201044
662.6351516595755
704.3804887289385
741.1238810735474
769.1030590256722
789.4135493471947
801.7526406156103
809.1186168777862
813.3998203431374
810.8051515713418
795.1362353583914
771.5968239449012
759.1856585424334
739.3796871322363
704.1354367705026
662.2603662382141
0.0
597.7107739280995
572.8307836590957
556.5132002396771
546.5813849242202
542.2713518214716
546.8552666011711
553.125716047387
567.6270313103252
602.4388370029421
634.5694848493367
660.5017573835676
683.0465458607038
699.9839667951153
718.4349444094245
732.5470594187832
742.9833936726043
751.7620229243458
755.0630181774046
746.1690703219956
727.2279884933838
714.2978893473728
697.7784983850553
659.6368678290211
616.0752627113337
0.0
1861.862213382729
1833.5659091758812
1812.361700473587
1796.6639543798876
1788.1736219617844
1784.1518853682055
1784.195129242961
1784.1807144377822
1809.6084678173356
1845.7608530144041
1876.9257072373728
1913.1213365795882
1943.3492271139587
1973.3753106462116
1998.5580117969384
2016.5333003536323
2032.0004095644651
2033.6292844424443
2020.108176634704
1995.2281866631304
1968.9355436208737
1954.8522586815377
1922.952248042478
1881.9276513943068
0.0
366.26632225272385
344.1107342454798
328.2544253218491
317.9334096446564
313.53688760267664
315.32432606768157
321.76775341939884
334.36631166774265
359.7508208480716
387.9606359804927
412.94152999390667
434.7655769953269
452.5246430687475
465.02229754564183
474.1612974406043
482.49306702877607
489.0085685415845
490.98339971727006
483.1561490404236
468.3088779664825
458.0166919266872
444.12079934652365
415.9109842141027
382.6127354176961
0.0
693.7279321540784
649.3735115077404
616.8392484944308
595.1305199614828
584.4058892525707
584.7518450635737
597.0765215268101
617.3437674327952
661.0062763219319
709.5842411047483
753.8089282611224
794.1127826764838
830.9138343499653
865.04814309056
897.6256506546026
927.1904594477162
954.1894291875487
970.6799904313514
966.6150093951954
940.2935366073852
916.8117844416505
884.1622028517123
822.8703612709628
752.0503194064759
0.0
524.8294119757347
501.63595637324744
484.424653761885
471.9125844798115
465.81511293909705
466.2908022671033
468.52510031456046
479.68217590890237
513.3552102618655
550.7472697047864
585.4437567126187
615.9887737450636
639.2543033734465
656.1340650871416
666.3830066032431
672.5093077543158
676.0697698521074
673.9075459657413
660.8909577453034
641.3156235965197
631.0090227515451
614.5472911181007
585.256364001938
550.4445584174773
0.0
619.2176948370313
581.7535611248629
554.9563990360856
537.5000443581306
530.076408767082
533.0891075109716
543.9867161253854
565.2918294914184
608.2047675107937
655.903427825728
698.1244541960583
735.0264095328332
765.0524928217344
786.1702133418914
801.6373220389818
815.720607329826
826.7191198508843
830.063359600598
816.8305489509648
791.7343363609223
774.3500558170192
750.8394740409262
703.1552285311711
646.8509168699967
0.0
642.2958317276947
601.2279915021973
571.1010044418464
551.0067365765582
541.0749212611014
541.4064622669251
552.8230047600777
571.5766937698525
612.0102816751778
656.9845398365088
697.9226465720423
735.2426319620283
769.304866568571
800.9165807795786
831.0868122825058
858.4605674436993
883.4558762893319
898.7211774435234
894.9589077217158
870.5978511962556
848.8458783288874
818.6035726107907
761.866816145304
696.2937712073597
0.0
96.52167712919262
90.94313933742956
86.89257314160355
84.05285234647776
82.3519028369275
82.10685080007786
82.29424354050148
83.00057002717251
89.09804156518301
96.72348469913057
104.59397987263168
111.83022269621767
118.12950180146221
123.39091340880407
127.39823512149495
130.02173353068804
131.30465307895983
130.61274140828357
127.09552378010758
121.9061863122256
119.52773995880946
116.77450814076961
110.5905476256732
102.99393415075427
0.0
16.101361019966347
15.467108659235647
15.005834212118147
14.67429320629434
14.530144943598051
14.530144943598051
14.659878376780021
14.962589734390825
15.683331047872263
16.375242715844603
16.98066541754667
17.55725846833182
18.177096010363837
18.79693354158022
19.37352659236537
19.863630690399784
20.28166064897433
20.512297867125262
20.296075478488646
19.76272690272691
19.287037636910725
18.897837326549183
17.888799484971262
16.76444302891005
0.0
1128.392605377956
1078.5317210955382
1041.5288618791576
1014.6163811055955
1001.4988891407472
1002.5367567089517
1007.33689380969
1031.3087499734145
1103.7288375651865
1184.1203239937531
1258.7170501418752
1324.3765842624025
1374.3960316181035
1410.678149088377
1432.7184194653605
1445.879155791668
1453.547842692215
1448.9062686647599
1420.9126756370654
1378.8502129078392
1356.6657951280022
1321.2629818552196
1258.2990203049765
1183.47165662505
0.0
1586.2651494691643
1516.165848323299
1464.1571557979062
1426.3182362317507
1407.8816732603862
1409.323155887349
1416.083709683063
1449.785573403033
1551.583077104277
1664.6097299931332
1769.463176718609
1861.7613094760836
1932.0768329700272
1983.0909028564963
2014.0683648825272
2032.591416847201
2043.3592917282986
2036.8293755184675
1997.4769000565484
1938.3328667998915
1907.153597771743
1857.408032633775
1768.872169435874
1663.6871816504956
0.0
1065.443058714009
1018.3498211088886
983.4226969477993
958.0093581571119
945.6270223379635
946.5928156639593
951.1334860010822
973.7647633092932
1042.1342845619322
1118.0571749226233
1188.488016290179
1250.47176962813
1297.7091554743156
1331.973197785992
1352.7737922136605
1365.2137873076035
1372.4500298905416
1368.0679227348583
1341.6311312081848
1301.9182846433803
1280.973542055764
1247.5455599586667
1188.0844013125377
1117.4373374076304
0.0
373.9350099103652
359.087738836424
348.62257486408816
340.7232500531897
337.5231585986193
337.494328988261
340.34846452367213
347.4838036325908
364.2194169429862
380.263118712493
394.53379671401774
407.6945332295987
422.12377433144576
436.7115785606542
449.8434853306816
461.2744426290132
471.1630135018936
476.2514471929185
471.4224803736655
458.89599628641275
447.9551431212662
438.72965426003344
415.6082728186372
389.2435555071332
0.0
200.82736050887866
189.20901039170988
180.79075186430705
174.86625822909406
171.33462576869982
170.84452174367095
171.21930719207128
172.68961942939245
185.38908142214652
201.23097556763722
217.60621834296785
232.68412667832234
245.77278892465597
256.7136421979588
265.07424139648884
270.50863100667283
273.1897886365825
271.7627208147988
264.4399891033558
253.62886932001697
248.6845839241354
242.94748299960307
230.1038727117058
214.2908083117688
0.0
287.6622742891624
271.02756475021636
258.96235505059525
250.4720223621012
245.41241830847383
244.7060918542497
245.23944037593327
247.35841984676205
265.5499306974558
288.2388673615788
311.69178980879883
333.2851996569619
352.0244738615574
367.72221979302225
379.6865256130376
387.4705318473074
391.31929042722913
389.2579703123123
378.79280633997644
363.2968680325278
356.2047735554592
348.0027373761343
329.5950040692062
306.9348971506369
0.0
389.0273330508988
366.52578923265196
350.22262059137336
338.74841876934784
331.90137635887186
330.93558292471965
331.6707391244975
334.52487476806493
359.1309832519615
389.8201485795496
421.5327664538502
450.73720460374255
476.07846928741697
497.2970936871797
513.4849436436733
524.0077668367258
529.2115192125353
526.4438725081991
512.2740982510848
491.31494072309374
481.72908121863986
470.629664953171
445.7352598789881
415.103753907312
0.0
52.023108239085616
49.96178806738681
48.50589060820571
47.39594898165882
46.96350419086604
46.94908937216736
47.352704503931506
48.34732752681073
50.66811456487348
52.902412647481576
54.89165868242441
56.722341625156645
58.72600247879817
60.75849299146834
62.58917594501621
64.17480683737928
65.55863016250834
66.26495665729111
65.58745982153698
63.84326583425939
62.3152942356184
61.03237469816223
57.81786842218921
54.15650253672475
0.0
19.950119645854432
19.128474544700115
18.580711139424064
18.249170136304162
18.10502187360788
18.263584965818485
18.46539253575641
18.955496633790826
20.10868273806504
21.189794705583285
22.05468429528056
22.804255259678907
23.36643348094974
23.98627102298176
24.46196028879794
24.807916121432164
25.09621264952865
25.21153125319629
24.90881990910503
24.274567548374332
23.842122760285466
23.294359355009416
22.025854636251918
20.569957174366905
0.0
515.3300414375511
484.16518691715237
461.85103570142974
447.3353056062734
441.1513451263277
443.6595248507358
452.72645069276365
470.45668704766956
506.1766267103704
545.875058469996
581.0039901469451
611.7219850848913
636.7028791253447
654.2889672932637
667.1614071915193
678.8662461397629
688.0340756721226
690.816137181638
679.8032098554004
658.916126569618
644.4436409170379
624.8827216004726
585.1987046460259
538.3361043023187
0.0
64.83788884632298
62.25763492837677
60.44136681786276
59.0719583114324
58.524194908860245
58.50978009016156
59.014299004190754
60.253974074735254
63.15135416628704
65.93341564335556
68.39835095493022
70.69030833666824
73.1840732964559
75.72108272585918
77.99862528619458
79.97345650243875
81.68882083068769
82.56812523637974
81.73206530841503
79.56984136256288
77.6670842830747
76.0670385584934
72.0597168403947
67.49021689020954
0.0
167.6011857383677
157.46756290705102
150.20249041632465
145.48884217370022
143.47076644728185
144.29241158629085
147.23303619612864
153.01338153619835
164.61731671299253
177.53300116198093
188.9639584603127
198.95343310464247
207.08339514991536
212.79166632889397
216.98638085501395
220.79189488420275
223.7757640177343
224.66948320967813
221.0946063067074
214.30522311694799
209.59157487432356
203.2346364618374
190.31895212100528
175.08248068532842
0.0
158.79372684922902
148.63127429939775
141.1932238761308
136.22010883744403
133.7695883716071
133.841662511067
136.66696847938238
141.30854256091567
151.29801723228456
162.4118483029326
172.5454712424056
181.77096010363837
190.18921863104126
198.00205447566944
205.45451970411554
212.22948806165667
218.41344856864134
222.19013309562823
221.25316940702965
215.22777200036734
209.85104174609532
202.38416171247005
188.34412083716347
172.14185607549067
0.0
89.32867878333393
84.16817096096104
80.42031610922629
77.78240289755797
76.21118682118967
75.99496443255305
76.15352751394802
76.81660953370736
82.46722145141077
89.51607153457317
96.79555882777481
103.4984530755991
109.32204291773132
114.19425421471163
117.91327941552949
120.32055541175079
121.51698599375233
120.88273364654114
117.62498289013689
112.82484570828127
110.61937728470183
108.06795301767252
102.34526697132488
95.31083171767679
0.0
629.2936584476314
597.4945514989041
571.5334493272759
562.091738036848
551.1797144820597
564.7584809697348
572.3262647477704
598.3594410534506
637.5965983984056
685.626799719164
716.2438908856609
750.7818146850143
781.5718837840518
805.6302289140466
813.572798248639
831.043567731773
837.8906102504053
841.8546875151118
827.6128391239456
800.5994545789338
789.09642314655
753.232335188706
718.0457441558451
665.7343393697356
0.0
710.5932789544381
667.6082667739716
636.8470274204877
616.8248335810953
608.305671282243
611.7652296085853
624.2628839773231
648.7248442742329
697.9803059009151
752.7134014451624
801.1472179328358
843.4979776849738
877.9638274313921
902.1951506020839
919.954216567348
936.0988220812654
948.7406247451463
952.5749686280452
937.3817416079057
908.5809186249282
888.630798919588
861.6606589253091
806.9419781862407
742.3203117420741
0.0
1256.367433436672
1176.0480211962358
1117.1202112069857
1077.7965648957604
1058.379793874338
1059.0140462756274
1081.3426121883729
1118.0283451770695
1197.1224974630898
1285.0817675344963
1365.1705426216756
1438.1672228532386
1504.8069658890743
1566.6321558833515
1625.6320400066534
1679.1831193901237
1728.0782099409594
1757.945730345851
1750.5797546244567
1702.9243389413728
1660.386186397437
1601.2421531407797
1490.262405561661
1361.9848660804405
0.0
1456.4452225890852
1392.0830235304331
1344.3267038866256
1309.5869723010217
1292.649551609962
1293.990130384358
1300.1885055883656
1331.1371378418037
1424.5884571767363
1528.3607921618222
1624.637416286166
1709.396596200878
1773.946187618703
1820.7943728598013
1849.2348253888315
1866.2299063821708
1876.1184767953869
1870.1219089179658
1833.9983544128186
1779.6977035376885
1751.0698590821112
1705.3892733309146
1624.104067953756
1527.524731568696
0.0
113.4879277280406
106.92918174291262
102.17228904959994
98.81363451904237
96.82438848680344
96.55050677740563
96.75231434734357
97.58837427801221
104.76695779435659
113.71856494619155
122.97288344752563
131.4920458112717
138.88685171625272
145.07081220160612
149.7988752494097
152.86923324105516
154.3827900020701
153.57555980343562
149.43850460618853
143.32661826029496
140.53014192937695
137.30122082659352
130.03614835749843
121.09895602165824
0.0
1635.6503444776545
1563.3599896998694
1509.7224209445426
1470.7159008069232
1451.7027457365489
1453.2018876383063
1460.149832927942
1494.918394394295
1599.872745296807
1716.4166155164098
1824.5422284253682
1919.708912010136
1992.2154888656082
2044.8151897553007
2076.758444269116
2095.858089522519
2106.9575057339093
2100.225781440398
2059.648046186297
1998.673330779153
1966.5138531060873
1915.211486034472
1823.9368060670624
1715.465238104195
0.0
2.3352018662251055
2.1910536032584265
2.0901498180190714
2.0180756864005365
1.989246033861279
2.003660860130908
2.046905338939794
2.1333942968279573
2.2919573874162196
2.4649353029221555
2.623498392428854
2.7676466553955326
2.8829652669045167
2.955039398523052
3.012698703871958
3.0703580089504725
3.1136024880297497
3.128017314299379
3.0703580089504725
2.98386905106231
2.9117949197141653
2.8253059618260017
2.6523280449681113
2.4361056503828977
0.0
128.06131714936598
119.87369578062807
113.86271320888787
109.85539149078916
107.880560274545
107.93821958449054
110.21576214482596
113.96361699385679
122.02150492130106
130.98752689994643
139.1463185988401
146.5987837678002
153.38816695755958
159.6874461493292
165.6984287237733
171.1616478361593
176.1491777557346
179.19070613702183
178.44113515910394
173.58333870245355
169.24447601638576
163.2190786097234
151.9034399150593
138.82919241982668
0.0
2187.6661189039023
2091.0002934173767
2019.257702047571
1967.0760315896375
1941.6482771285202
1943.6519382931112
1952.9495014235913
1999.45173134039
2139.8377250178864
2295.7052416298316
2440.3147802549784
2567.6121113616723
2664.5950631029214
2734.93941539605
2777.664959866533
2803.193617423123
2818.055304005259
2809.046037248753
2754.7742162543714
2673.2151284972456
2630.215701646796
2561.6011284086812
2439.5075495426013
2294.4367368813314
0.0
443.37122836860584
423.76706460946383
409.236919600972
398.65643707904655
393.5103440591489
393.9139592260638
395.80230143547914
405.2151830073926
433.670050179367
465.26734961223434
494.57269153357635
520.375230577843
540.0226388877179
554.2789021922198
562.9422127862154
568.1171354164712
571.129834160361
569.2991511987015
558.3006386776428
541.7668329101464
533.0602777924571
519.1499704071144
494.3997136280748
465.00788274046266
0.0
486.918418681114
455.79680868440903
432.9493089199637
417.7128374842868
410.18829812178865
410.43335018838127
419.08224597719766
433.30967956318494
463.9556003400401
498.0466646650976
529.0962005277505
557.3780897942236
583.209458557005
607.1668999425893
630.0432294255493
650.786164524345
669.7416610499795
681.3167666434545
678.462630999887
659.9972384722423
643.5066772284396
620.587103302903
577.5732615391175
527.8565255248036
0.0
138.13728074915045
132.03980920843603
127.51355374138603
124.21255851536618
122.61251279889662
122.72783141878772
123.31883928556763
126.25946384673504
135.12458205933882
144.96990843015672
154.09449351994004
162.13796662598168
168.26426777705439
172.70403434272794
175.39960677781676
177.01406731028106
177.95103113407504
177.37443806165857
173.95812415085385
168.79761632577703
166.08762897735278
161.7487662642459
154.0512489962463
144.8834194638864
0.0
94.09998630616091
88.40612989721066
84.32673405317165
81.67440600117337
80.55004955322389
81.01132399222966
82.66902902405262
85.89795011872431
92.42786644482368
99.67852409792403
106.093121812244
111.70048925222007
116.25557437559483
119.47008066238347
121.81969733513965
123.95309163277881
125.62521149952386
126.14414525388302
124.12606954909587
120.32055541175079
117.66822735975254
114.0933504297427
106.85710760345276
98.29470076468324
0.0
135.85973819963067
130.45417831877688
126.66307898120307
123.78011372727732
122.62692762570701
122.61251279889662
123.65038029139144
126.24504901992464
132.3281057338286
138.15169557596084
143.34103309251321
148.12675536103336
153.35933734720126
158.6639934674213
163.4353009578014
167.58677093318857
171.17606274949478
173.0355752403954
171.2769665209442
166.72188137864208
162.7433893087564
159.39914955904283
150.99530580977995
141.4094463323651
0.0
152.6530108929772
145.9068721457943
140.90492739400077
137.27239117297273
135.4849526971522
135.62910095984847
136.27776816090912
139.52110409050294
149.3231859484427
160.19196506065447
170.28234347643368
179.17629133184263
185.9368448842047
190.85230066972795
193.8361696951031
195.60919332788984
196.64706081497684
196.0272232999839
192.23612396781795
186.54226759401845
183.54398373642508
178.75826135974856
170.23909895273994
160.1054760943842
0.0
872.0537487365536
833.5085030406437
804.9239024598224
784.1233080321539
773.9752702875016
774.7825005942925
778.4871109872273
797.0245776759631
852.9829334179782
915.1108349429159
972.7557254596038
1023.5103289339653
1062.1564784013249
1090.2077304334232
1107.231640307066
1117.4085076891156
1123.3330013243285
1119.7437095891396
1098.1070552172826
1065.6016218413706
1048.4623933640603
1021.1030529810065
972.438599258959
914.6063160045514
0.0
434.2178136414251
407.9540000743314
389.1570665408629
376.9188789357404
371.715126668087
373.83410613891573
381.4739640780424
396.4077241182538
426.5058815682463
459.96269346497536
489.55633189548627
515.4309452090005
536.4910065084409
551.3094479720237
562.1493973657208
572.0235533523049
579.7354854254837
582.0851021577257
572.8019540487373
555.2014510756392
543.0065080212494
526.5303614744695
493.0879643558805
453.6057550795282
0.0
499.94942170673113
474.69464598932694
454.06702946715984
446.55690501799717
437.89359431584535
448.6758844888259
454.70128186844903
475.3721428331927
506.5369973535916
544.7074575199841
569.0396843269298
596.4710988440354
620.933059140945
640.0327040698791
646.3463979586714
660.2422905117958
665.6766800408626
668.8191122747165
657.5178883581924
636.0397970866579
626.9152121050308
598.4171003823236
570.4667521487135
528.8943929848517
0.0
325.8759788710923
306.15649653532165
292.05879633114216
282.87655199360313
278.9701340848086
280.5413500935792
286.27845099107236
297.4931858331699
320.0812187258434
345.1774313429251
367.4050935923775
386.82186464083895
402.6205143437532
413.73434541440116
421.87872226485314
429.2879430507227
435.08270319597165
436.8413120506181
429.8789509553573
416.66055521905975
407.507140491879
395.1392193967924
370.0574216119289
340.4205386577242
0.0
965.3032602581967
922.6497891105931
890.9948304570091
867.9743527870623
856.7452031397859
857.6389223046906
861.7471478645402
882.2594457289617
944.1999545161798
1012.9730909357337
1076.7875270460706
1132.9621053254373
1175.7453098007702
1206.7948457445405
1225.6350237476245
1236.9074180537903
1243.466163928058
1239.487672020407
1215.5446453588845
1179.5508239921935
1160.5809125802625
1130.309777332925
1076.4271564298886
1012.4109126684964
0.0
649.9212748616422
610.5976286585732
582.4743024924226
564.1530581517648
556.3690520526902
559.5258989835668
570.9568562548596
593.3286667183378
638.374999013721
688.4376908390377
732.734452129464
771.4670905630935
802.9923157267135
825.1479038421137
841.3934131274805
856.1686100673694
867.7148859152906
871.2321035975449
857.3362110173814
831.0003233162356
812.7367383044508
788.0729704916812
738.0246934715439
678.9239054956748
0.0
455.76797896589443
428.19241626180195
408.47293381787495
395.6293235299776
390.16610439055256
392.3715728276515
400.40063110147497
416.0839621466434
447.6668466391362
482.78136351090603
513.8453142598554
541.0028471000102
563.1151906917169
578.6543735228591
590.0420862974972
600.4063464713446
608.5074787981027
610.9579993017945
601.2279915021973
582.7481841693734
569.94781840517
552.6500268275372
517.5643394850085
476.1072990059315
0.0
172.8770122482294
162.8731226905641
155.6224651131732
150.53403142214847
147.49250306790037
147.06005829062713
147.39159929645092
148.66010401791235
159.58654237787977
173.22296808627146
187.32066818229464
200.29401185199964
211.56640615816542
220.99370253525797
228.1867008919323
232.85710458382385
235.16347679237225
233.93821659460465
227.63893742987412
218.32695960237106
214.0745858555345
209.13030045965291
198.07412863676058
184.46653253872717
0.0
1481.1234055585423
1391.5208451550395
1327.4036977844323
1285.6727753580137
1267.9137094197886
1275.1067079657364
1301.1687136925016
1352.153954563472
1454.8019326355363
1568.8952832707762
1669.8567263788946
1758.1331236243525
1829.96220301406
1880.4717544488683
1917.474613421897
1951.1332332671109
1977.4691212656867
1985.4693492261358
1953.8143908159036
1893.7910541729282
1852.1754502420206
1795.9720429201163
1681.9219361596322
1547.2297991804048
0.0
534.3576122324331
510.74612668489067
493.2176978458446
480.47499132939674
474.2622012120537
474.7523053181999
477.029847889351
488.37431622141247
522.6671880623296
560.7367443491163
596.0674836771205
627.1602641716236
650.8438237450616
668.0262967460657
678.462630999887
684.7042508357446
688.3367870675881
686.1313186575284
672.8696783704978
652.9483884107111
642.454394828017
625.689951799107
595.8656761342216
560.4340330618071
0.0
1251.0916071701622
1195.7963332775603
1154.7717375216785
1124.9330470516138
1110.388487264982
1111.5416734098148
1116.860744335214
1143.4560989081315
1223.732266705991
1312.8735528029795
1395.5714114671334
1468.3662843180323
1523.8345363054093
1564.0663162352105
1588.49944697584
1603.1016665239704
1611.5919989420734
1606.445905381394
1575.4107844050377
1528.7644064364474
1504.17271365002
1464.9355560887516
1395.1101370524632
1312.1528115706155
0.0
94.27296421707024
88.5791078189356
84.48529713456662
81.83296909338398
80.70861263732277
81.16988708444028
82.82759211626322
86.07092804044923
92.6008443665486
99.86591684105154
106.29492938218192
111.90229682215801
116.48621161537704
119.70071786431097
122.05033457492188
124.19814368855579
125.87026355530084
126.37478245581052
124.37112160487288
120.53677779768347
117.89886458871909
114.32398764789362
107.0589151760946
98.48209350510682
0.0
778.1411551762245
728.395589443396
691.8972491653798
667.5506075532551
655.5142274639921
655.903427825728
669.7416610499795
692.4594274326171
741.4554220793713
795.9290508600031
845.5304681895321
890.7497783904165
932.0194262669692
970.3052049829512
1006.8612045898402
1040.0153051181426
1070.300855278816
1088.809492221998
1084.239992274517
1054.718428005097
1028.3825403039514
991.754466535971
923.0101597267752
843.5556370138465
0.0
884.20544726725
830.7120267259492
792.4406628151464
767.517428103566
756.9225307764616
761.2181490469922
776.7861614884927
807.2158598631917
868.4932866387622
936.6033410196296
996.8861447506895
1049.5723349851992
1092.456443367177
1122.6122600649253
1144.6957739110785
1164.8044566085846
1180.5166172370723
1185.2879250519213
1166.3900875036516
1130.554829291361
1105.7180835460513
1072.1603678778729
1004.0791431073638
923.6732417654621
0.0
133.52453631583015
126.77839760109417
121.27193393797533
119.2682730762221
116.94748604627105
119.83045131101248
121.4304970166664
126.95137550659567
135.28314513802988
145.47442736852108
151.97551404911133
159.29824578759337
165.82816210558101
170.93101070994123
172.61754540349673
176.32215568827516
177.7780531204172
178.6141130646054
175.6014144288719
169.8643135043396
167.42820783286624
159.81717950409782
152.35029949751166
141.25088323204278
0.0
105.99221802727503
101.30739947071832
97.83342632838136
95.29641688816245
94.07115664713228
94.17206043210126
94.61892004970444
96.86763296453077
103.67143098650837
111.2247999864039
118.23040559454289
124.39995124767806
129.0991846310452
132.50108365014572
134.57681865135888
135.81649371919946
136.5372350434965
136.09037542859724
133.46687701940414
129.51721460313928
127.42706480215483
124.11165472228551
118.18716111411165
111.16714067916226
0.0
941.864752616156
887.3911239436802
847.9089145321326
820.1315441769846
803.5544939939508
801.2337068720668
802.9923157267135
809.9258472116162
869.4734947699374
943.7963393763038
1020.5697044593229
1091.274427611986
1152.6383432456703
1204.0127843431812
1243.206697218521
1268.677695229925
1281.2618384838156
1274.5445295903428
1240.251657830543
1189.5258839395005
1166.3180133695994
1139.4343623145521
1079.1659734968275
1004.9872771856041
0.0
279.99358673967737
263.8057366750274
252.0576532842073
243.7979577489704
238.8825019904862
238.1905903414412
238.70952408498474
240.77084419990146
258.4722509444491
280.57017970393747
303.38884985802446
324.4056666337711
342.6548368133378
357.920137859373
369.5817323920791
377.14951619715384
380.8829562004469
378.8937102195822
368.6880131190181
353.62451958884265
346.7198178494938
338.7195891589896
320.8163748985821
298.7616905546313
0.0
1732.4891468151575
1627.6789453163913
1552.693018725416
1503.8700013893035
1483.0982368423843
1491.5164952345917
1522.0038530733589
1581.6379894357162
1701.6990780676279
1835.1515401791041
1953.2666276783143
2056.505613249427
2140.5296364776577
2199.616009702426
2242.889318662452
2282.27062400512
2313.0751078282196
2322.4303299090257
2285.398641055248
2215.18402173834
2166.5195683407615
2100.773545929941
1967.3643276932203
1809.8102759010162
0.0
225.34698005354392
211.72496915033142
201.966131740376
195.60919332788984
192.9136207846447
194.0091476006046
197.97322486531115
205.72840146218368
221.33965834626088
238.70952408498474
254.06131409729016
267.495932262783
278.42237062275046
286.1054730855709
291.7416701304974
296.85893354003684
300.86625522028083
302.0915155262048
297.2769635121309
288.13796359012935
281.8098548150406
273.26186279767364
255.906411891168
235.4085288319258
0.0
1249.7654429846323
1194.542243496473
1153.5608921290898
1123.7510312964228
1109.2208862879309
1110.3596576275845
1115.6787285800228
1142.2452534344256
1222.4349323471322
1311.489729342655
1394.1010991216558
1466.8238982711284
1522.220075151046
1562.4086112060916
1586.8129128771445
1601.400716268141
1609.8910497678078
1604.744956477519
1573.738665381912
1527.1499463636476
1502.5870823764053
1463.378754155105
1393.6398245988291
1310.75457335919
0.0
1083.1300506533778
1017.6002501309707
970.7232349550452
940.1926327277795
927.2192890580745
932.4662858494216
951.5371010598409
988.8138420342896
1063.8862575104179
1147.3192723202712
1221.1520127393746
1285.701605184685
1338.229232264794
1375.1600174282396
1402.231061193968
1426.851584564161
1446.0953778693554
1451.947796613422
1428.7975856968626
1384.9044398437422
1354.4747415501606
1313.3780716331876
1229.9594716285133
1131.4629633696013
0.0
540.6424764838281
509.37671819197993
486.71661116525433
470.75939833497875
461.2456129916158
459.9194489412816
460.92848679097125
464.90697886085684
499.0845321521846
541.7524181049672
585.8185421610189
626.3962783614875
661.6261139180422
691.1188485771036
713.6059775901714
728.2370263430735
735.4588543101064
731.5956808979664
711.9050280914367
682.801493794111
669.4821941782077
654.0439152266711
619.4483319632493
576.8813498900724
0.0
40.43358786476669
38.833542140185386
37.6947708654255
36.84429610524254
36.498340272608324
36.498340272608324
36.80105162751523
37.57945225094221
39.381305545461444
41.12549953273903
42.66788594737478
44.09495375023116
45.65175499438124
47.22297107074953
48.650038870901994
49.88971394144649
50.95641109026605
51.50417448472648
50.98524073847906
49.63024706426692
48.448231311779686
47.439193459386146
44.945428507710204
42.091292896589636
0.0
132.05422403524645
126.56217519893804
122.95846862071518
120.75300019983965
119.80162165739164
120.81065949626567
122.20889765361295
125.40898908655211
133.09209152774127
140.1986009073297
145.92128695097344
150.90881687054878
154.64225687384183
158.72165271517696
161.8352552305162
164.156042325361
166.08762897735278
166.82278515009153
164.84795397440598
160.66765425346512
157.81351871805398
154.16656768103118
145.73389421325373
136.104790244592
0.0
10.666971486302913
10.220111870862858
9.931815343577547
9.75883742780122
9.672348469913057
9.75883742780122
9.87415603822864
10.133622911893132
10.753460444191077
11.330053497680138
11.79132794155295
12.194943078184119
12.497654429846323
12.829195437833258
13.074247484416947
13.261640227003683
13.420203315969603
13.477862621048116
13.3192995320822
12.98775852679917
12.757121306485114
12.454409951037436
11.776913115283316
10.998512492667503
0.0
15.337375215238044
14.703122857211254
14.285092895932797
14.025626023079479
13.910307412922448
14.025626023079479
14.198603940478154
14.558974591811056
15.452693829721326
16.28875376038996
16.951835769333666
17.528428820118815
17.960873610911587
18.436562876727773
18.79693354158022
19.07081523745848
19.287037636910725
19.37352659236537
19.142889374214437
18.66720010569434
18.321244273060127
17.903214303669948
16.92300612112066
15.813064483758138
0.0
4.324447900086384
4.108225505501172
3.9208327623736525
3.8631734570247462
3.7910993254062104
3.8775882832943744
3.935247588643281
4.108225505501172
4.3821072051649
4.713648211529488
4.915455779845073
5.160507826969544
5.37673022263632
5.535293312143019
5.592952617221533
5.708271227648955
5.751515706728233
5.78034535926749
5.693856401379327
5.506463659333371
5.4199747014452075
5.1749226532391726
4.929870606114701
4.569499947210856
