0.0
147.85387583199022
139.36096388439307
134.0421705451666
130.9395411429943
130.96813681176073
135.35757103416256
142.50648680114244
146.78153845513486
155.0885785747961
167.15594837921915
180.10978373256157
192.24864272032804
202.92912282955675
212.29420250311756
218.17061127282366
220.7585187819483
219.85775538721822
218.470865745352
212.39428730189934
203.78699273256467
197.53884036031494
187.00133854159017
173.10384627894052
159.69248031675514
0.0
151.0565901091273
144.3223114364133
139.34666606143733
136.1868452988773
135.07161440744488
137.51654365653883
143.14988926077615
145.8092859303894
152.82952117649296
162.80940759521133
174.19048150160657
185.50006622465827
195.75161144713863
204.9451170852461
211.27905646379506
215.11087533190027
216.48346712795586
213.85266612710902
209.20587089342786
201.39925489718658
193.7070215455378
185.19981175213
172.8750810126106
160.75051984779984
0.0
230.6383203485568
226.7064166816697
223.48940458157688
221.21604939079123
219.90064890179528
220.40107297188717
222.20259976134733
222.78881086059334
225.77705761817327
231.63916854206866
237.32970550669373
242.80577495176155
248.39622711760487
253.9723814147826
258.0329655720727
260.277725094092
261.2499776721655
259.9917684445194
257.47535014159314
253.75791391808028
249.35418184986776
245.77972393971376
240.00340002211763
235.84273101271765
0.0
367.8832051480056
351.54078376577314
340.33128384150314
334.66934256849936
335.94184956577317
346.1362034278657
358.44663636728427
363.9370036886359
381.8807822322919
409.30402310171934
438.7861517414131
465.2371400556219
486.74107864076615
504.72775072947235
515.5369113291041
520.0836217640035
518.48226464829
509.1028871822466
491.61663921696044
474.87387851008975
463.0781675094286
445.44894123078365
419.3125051587308
392.1609231235385
0.0
51.40070433738791
48.72700984558075
46.73961126018152
45.39561509480084
44.837999668130394
45.71016739180859
47.82624645389798
48.0693095942263
50.34266480634321
54.57482293814028
59.207320352674905
63.496669807530004
67.15691468132074
70.21665062910056
72.21834704050285
73.0190256318802
73.13340827190166
72.03247523085088
69.75912001644846
67.14261684998486
65.62704670857357
63.39658498817882
59.50757481301395
55.27541668350238
0.0
1004.3654732870103
943.5853913571151
900.7919820263526
873.9549518981108
868.9793066297909
894.8297861284543
943.0277763151688
964.546012395682
1010.4420518904471
1087.2785985301473
1181.7014779186786
1272.7071756933549
1354.705239292181
1426.4088642682248
1477.080379357563
1507.1344212202193
1523.176588129923
1515.3270784286474
1476.3940833528789
1412.3255002385856
1355.6917900131791
1289.9932537258721
1190.9664727248928
1090.652886819883
0.0
70.57409641478314
66.3133426203143
63.296500168827635
61.409186408112404
61.066038448432884
62.8818630524687
66.27044912630666
67.78601927000342
71.00303136247796
76.40761166534115
83.04180552327496
89.43293621345455
95.19496228524007
100.2420968664144
103.80225687742964
105.90403813941816
107.03356682333313
106.49024923866419
103.74506559322492
99.24124859671954
95.26645146858354
90.64825185034063
83.69950574796535
76.63637699871217
0.0
288.97347296079323
269.5713156147825
255.988375647617
247.55265506040763
245.2792998162938
253.4719572913626
267.24076908646407
272.4165840590036
282.3249813172333
301.8558191841203
326.004856638777
350.640020371043
374.34582501695763
396.85061187179684
414.70860343962664
426.38993179569536
432.72387114377113
433.93918683398533
427.21920600708205
411.4201021561903
395.06338292814723
375.1465036129059
345.9503316227848
315.338674299176
0.0
315.26718516916054
297.1804282816727
285.84224788985455
279.22235186173293
279.25094753049933
288.6303250498708
303.8861112627654
313.00812777085747
330.70884323284594
356.4306421115949
384.05405262429576
409.94742556135304
432.72387114377113
452.69794179654525
465.22284220981123
470.72750734650043
468.82589573540344
465.8519468236343
452.91240929324766
434.539695779042
421.21411676982774
398.7522234295657
369.1128186840304
340.517155616111
0.0
1782.8681021247692
1674.9623676059452
1599.0122865532562
1551.3862097418698
1542.5501500814264
1588.4175937474408
1673.9901149135974
1712.1796231651933
1793.6486669413598
1930.0356819596936
2097.6777565631937
2259.186061819952
2404.7522842344306
2532.0601764573253
2621.9935366342156
2675.3387459799555
2703.820026479465
2689.879640679384
2620.763923311503
2507.0532691529884
2406.510917608352
2289.8835061346235
2114.1059648374508
1936.0407714102603
0.0
75.14940250930704
70.6026920774549
67.39997781631625
65.39828140491393
65.02653778256266
66.95674504033288
70.55979858344725
72.17545352821128
75.60693312500644
81.35466137155072
88.41779017413202
95.22355795400648
101.37162552747448
106.73331235080481
110.52223770433301
112.76699727968037
113.96801509361069
113.38180399436469
110.46504634394527
105.6752727969052
101.44311465748984
96.52466062004667
89.11838391797046
81.6120223805446
0.0
559.1024040060554
549.5800482495081
541.7734321999387
536.2687670632495
533.0946484777337
534.3099641679479
538.6565049519556
540.1005859313548
547.32099082835
561.5330354093386
575.3447406428342
588.5988304687049
602.1674725367317
615.6932212196925
625.5015336029575
630.9776031242084
633.3224474983375
630.262711557414
624.1575374451952
615.1642014275061
604.498019087905
595.8335332115109
581.8073604584581
571.7416870639137
0.0
1319.7470411007635
1239.8650561831114
1183.6316850461758
1148.3875307003748
1141.8534211985996
1175.7964736020988
1239.1501648829576
1267.416977542942
1327.725231536228
1428.6822196647045
1552.7730995513384
1672.3315664451143
1780.0800247057302
1874.3170323120357
1940.8877361577036
1980.3783468086992
2001.4533507813544
1991.1446141299211
1939.986972542043
1855.8013409568057
1781.3811276384113
1695.0508210861512
1564.9405539488496
1433.1145475235762
0.0
119.04374526736844
117.01345318872336
115.35490476595011
114.18248259031299
113.49618669228522
113.75354762738158
114.68290666040487
114.99745895588896
116.52732696444215
119.55846723659909
122.50382053292999
125.3204933083846
128.2086552671827
131.08251945635317
133.18430064215866
134.34242499484006
134.84284914111493
134.18514885852542
132.88404619248524
130.96813681176073
128.70907939060268
126.86465913989353
123.87641232898557
121.73173762860299
0.0
73.89119335327291
68.92984578906342
65.45547273025747
63.296500168827635
62.7102890741526
64.81207031023891
68.32933686305249
69.65903519709728
72.18975136487998
77.17969458338112
83.35635782561552
89.66170147978451
95.72398210028139
101.47171034911113
106.03271860696636
109.02096536454623
110.65091817188116
110.9511726444095
109.23543288410343
105.20344434225163
101.01417971741333
95.92415169784492
88.46068363538096
80.62547196351684
0.0
13.89749224588936
13.28268548854256
12.825154878175974
12.524900417836923
12.424815598485736
12.653580902145372
13.16830283785549
13.411365972851007
14.054768392869574
14.98412743960582
16.027869139314628
17.05731301302036
18.00096989337798
18.858839783434803
19.430753046773955
19.78819883245654
19.916879316764987
19.673816181769467
19.24488123407465
18.529989657376667
17.815098083726
17.043015181684478
15.899188657291669
14.783957800903446
0.0
303.7145372806401
283.3258295107452
269.0422958225961
260.1776402724553
257.7899024370772
266.39719697593864
280.86660251487854
286.31407634450807
296.72289764997487
317.2545837332286
342.6332347010552
368.5266075847844
393.43343012081226
417.08204348252224
435.8550962680379
448.13693351583515
454.79972305853386
456.057932209997
449.00910124179893
432.409318848287
415.2233253555292
394.2770021551548
363.5938557243855
331.42373479964016
0.0
178.00800247057302
168.75730551778767
161.83715507046585
157.19035978345653
155.26015255692135
158.2912928290783
165.62608042399407
166.44105681242493
174.3334598149654
188.9744392827024
205.0166062685895
219.8863510559846
232.56852762842007
243.14892293886697
250.06907341666198
252.85715052335016
253.24319200217772
249.42567097988317
241.5475658002984
232.51133626803232
227.235436420528
219.5146074001128
206.07464579963417
191.41936845561332
0.0
119.64425418957022
113.42469750894173
108.7779022524056
105.64667712813879
104.34557446209858
106.39016436369943
111.32291624695321
111.86623388495026
117.17072934789286
127.00763745325237
137.8025002832565
147.78238664864674
156.3038942650103
163.42421436322374
168.08530744271565
169.94402553923544
170.2013864971867
167.64207465682844
162.35187698636838
156.27529859624389
152.72943635485632
147.53932353650612
138.50309400424004
128.65188805306988
0.0
808.0276509691746
759.1290668405456
724.6998884946426
703.1101631469846
699.1067703272272
719.8958173684323
758.685834267971
775.9862103519932
812.9175093149964
874.7270351985895
950.7057115010384
1023.9106092206388
1089.8808036336786
1147.572553732953
1188.3356715640618
1212.5133046341566
1225.4242463891208
1219.1046049554204
1187.7780562173834
1136.234373569684
1090.6671843152517
1037.8081014680515
958.1548821138433
877.443623190499
0.0
207.075494016001
198.03926448373488
191.63383595231562
186.7010840919167
184.4134310019923
186.34363828185556
193.86429768185232
197.25288373359726
203.61541878091262
215.35393844404092
229.09415457037593
244.3213451145041
258.4047091517615
271.68739466925365
281.9961311759386
288.7733033632297
292.4907395334144
290.40325614770967
284.012125408773
273.9178563987903
263.30886541957705
252.1279611107453
236.11438981647947
220.21520119727938
0.0
137.57373494074352
131.56864568063438
127.30789192578072
124.03368848815505
122.51811837874067
123.79062537601443
128.7948663664287
131.03962594177608
135.27178408119147
143.06410223162203
152.200416615998
162.32328131760195
171.67406314535216
180.49582518091594
187.3444864753675
191.84830339568984
194.32182826022208
192.9206407954001
188.68848265598473
181.9685018290814
174.93396876002208
167.49909634346963
156.8615096954899
146.2954121546706
0.0
244.92185405956076
228.47934780236355
216.9695934284201
209.80637981562958
207.890470381577
214.82491870518265
226.5062470307781
230.89568130650804
239.2885084553234
255.84539733425817
276.30559423416844
297.19472610462844
317.28317940199497
336.3564866600391
351.4978902511961
361.39198966361516
366.76797430990126
367.7831203492238
362.0925834074537
348.70981309117974
334.8409164972965
317.955177477067
293.21992892316433
267.2693647019023
0.0
256.46020410227055
239.24561494074635
227.17824513632334
219.68618138223803
217.67018714940366
224.94778340678664
237.17242934752423
241.76203329700073
250.5551996637981
267.89846931572544
289.31662094789857
311.1780053431041
332.2244133422604
352.1984839950345
368.040481307175
378.40640917424776
384.03975483181324
385.0977943323847
379.1498964098084
365.1237236796106
350.61142467942176
332.92500711657203
307.01733633370407
279.851456475556
0.0
326.1335371063251
309.1906067790361
296.5227280524113
288.00122043604773
284.45535819466016
290.01721466888216
303.45717632268884
304.9298529708543
319.3992584564661
346.2362882495024
375.6326298600421
402.8699989243885
426.10397516897774
445.4918346691776
458.17401124161313
463.27833710699224
463.97893090415874
457.00158906597596
442.54648142617486
426.0038903168678
416.3385562469617
402.1980008493165
377.56283711705044
350.6972117085759
0.0
467.2674321342669
459.31783782466687
452.79802659532703
448.19412487622293
445.53472818375474
446.5498742230772
450.1815234402909
451.38254128469447
457.43052400605256
469.29772419005707
480.8503720785776
491.91689368948875
503.26937192711756
514.5646588043587
522.7716141252381
527.3469201755759
529.3057231242054
526.746411253374
521.6420854413232
514.1214260184715
505.2138769766084
497.9648764108468
486.25495241648497
477.8335295989031
0.0
1721.6161917249835
1617.4278935363293
1544.0800175871714
1498.0838937202493
1489.5623865000375
1533.8427703171583
1616.4842365965487
1653.358344115363
1732.0250135104031
1863.7366375348697
2025.602387794149
2181.577431994048
2322.13941401234
2445.0721694244
2531.917197999219
2583.4322851228994
2610.9270151299606
2597.472755295138
2530.730478229175
2420.9231318783236
2323.8265580048414
2211.216836739583
2041.4872787503778
1869.5272589173615
0.0
83.87107973466158
80.21083485782354
77.62292736241182
75.62123096167512
74.69187189360763
75.4782526483163
78.52369075942741
79.89628255548295
82.46989226526863
87.23107014811326
92.79292662690622
98.95529197000185
104.66012675758267
110.05040924967939
114.22537608203515
116.97055972747444
118.47183201393308
117.62825995673582
115.04035247046602
110.93687479859886
106.64752537497881
102.12941060884575
95.63819507112726
89.18987304798581
0.0
1797.3089119187593
1676.6638093985478
1592.1493275729783
1539.6476899568486
1525.5214329078224
1576.4932019516446
1662.1229152324006
1694.3359292527166
1755.9881792742535
1877.462555495426
2027.6183825602643
2180.862540693894
2328.273183663814
2468.248954506677
2579.32880750436
2651.9903871441024
2691.40950871841
2698.901572655335
2657.180500160528
2558.882908488352
2457.182432469141
2333.2488290692636
2151.6949641897004
1961.3050398782418
0.0
270.8295247662457
259.01951591977394
250.64098667009736
244.19266464695588
241.19012004356543
243.72083619230233
253.55774432051675
257.99007205749564
266.31141002296755
281.6529832650162
299.6253574545836
319.54223676982497
337.9721416215633
355.34400694225707
368.82686205731267
377.6915176074535
382.5527803378371
379.80759669239785
371.45766305815954
358.24646674686585
344.39186799879326
329.7651863235388
308.8188631460192
288.0155182818584
0.0
55.289714514838266
52.41585037442495
50.271175649663796
48.82709466493194
48.226585738921024
49.15594478794276
51.44359783368104
51.686660966391074
54.14588798815998
58.69259841467929
63.66824378584611
68.28644336904486
72.23264487717155
75.52114610499426
77.6658208724179
78.5379885960961
78.65237123611756
77.46565121238429
75.0207220326169
72.21834704050285
70.57409641478314
68.17206071835777
63.99709391418974
59.45038348767041
0.0
440.6448698379329
417.7397437117836
400.6252394023693
389.12978285138155
384.34000925101344
391.83207298224386
409.9903189997471
411.9920154629538
431.5371511223234
467.79645187312525
507.5158278894886
544.3041484020038
575.702186399567
601.9101116016352
619.0389137873335
625.9304685658889
626.8741254523411
617.4375566716199
597.9353144734993
575.573505932019
562.5052879340841
543.4033850072736
510.13233106737965
473.8301368020008
0.0
458.83171152420266
428.01988454970217
406.4444568345425
393.04738869531286
389.44433509353763
402.4553618072678
424.3167462253282
432.5379993158352
448.2799118291941
479.2919084241129
517.624394745282
556.7432617861155
594.375154386301
630.1054353982446
658.4580353006953
677.0166205895088
687.0822939840531
688.9839055951501
678.3320211013597
653.2393267907239
627.2744647236512
595.6476613835748
549.2940915999354
500.69576221047544
0.0
327.0485983468659
312.77936248167254
302.6564977267405
294.86417957630994
291.246828204907
294.3065641458303
306.1737642993617
311.5354510998371
321.58682667142574
340.11681634480084
361.806626757881
385.8698772367117
408.1173030802714
429.0922219494125
445.37745204744016
456.08652787876343
461.94863877218563
458.6458396962667
448.55157063295593
432.59519067622296
415.8667277923081
398.20890584489666
372.90174403755856
347.79475185063893
0.0
135.80080382004974
129.73852327573587
125.27759984713566
122.4323313495865
121.43148315607465
123.61905137103429
128.69478156764694
131.08251945635317
137.38786311280762
146.3669013380141
156.58985089172796
166.75560910790898
175.97771041478288
184.24185707319515
189.93239401496535
193.37817140424298
194.60778488693975
192.24864272032804
188.07367588797229
181.05344064186878
174.14758798702948
166.4839503041471
155.41742871609085
144.50818326434919
0.0
35.07258073240142
32.71343852998371
31.069187906549473
30.03974403817655
29.768085240509265
30.754635614874537
32.42748190326603
33.05658648966322
34.25760433635224
36.63104437010584
39.5620998335772
42.55034662467759
45.42421075747261
48.155096582241605
50.328366975007334
51.74385229173461
52.51593519606161
52.658913514753266
51.8439371187041
49.928027689984276
47.94062910991786
45.52429558215661
41.97843336133844
38.260997162204184
0.0
427.3478864974851
401.48310928252226
383.281969750442
371.8580023294697
369.7419232978534
380.7369557025662
401.2543439400094
410.40495611686777
429.9357939837548
462.62063687773076
502.79754347246393
541.5160712419873
576.4170779663614
606.9286504911884
628.4754825909097
641.2720418079375
648.0921074336228
644.7607126889375
628.1895259641921
600.9378590768899
576.8317150834821
548.8794544523415
506.74374498516164
464.06471785712984
0.0
78.2949254237709
74.22004343895405
71.18890317212994
69.14431326138717
68.28644336904486
69.61614170308964
72.84745164289849
73.20489740191702
76.67927045539014
83.11329465329032
90.17642344901515
96.71053244798259
102.28668676801524
106.94777984750712
109.99321796547468
111.20853360236079
111.38010758448603
109.7072613159021
106.24718605034055
102.27238892220458
99.94184239388609
96.55325631166801
90.63395408071298
84.18563203700212
0.0
265.3534553211778
253.55774432051675
245.4794694671855
241.3902896639838
242.30535088166968
249.65443626906796
258.53338964216454
262.4938889778181
275.4334265082047
295.221625333043
316.4825008060467
335.5701059099013
351.0689553111195
364.05138633322844
371.8437045065139
375.1179079441395
373.9740814372688
367.21120709578844
354.5862218608858
342.5188520793177
333.99734444009925
321.2865721988974
302.4420302833663
282.85400105609165
0.0
157.89095355776817
148.34000207912632
141.60572340641232
137.38786311280762
136.61578023895382
140.67636439624397
148.2542151033003
151.62850336256264
158.84890825955787
170.93057588693668
185.77172500556534
200.06955656237997
212.96620055533472
224.24718966294816
232.21108181835885
236.9293662353836
239.445784591638
238.21617105561316
232.09669917376644
222.0310257792221
213.1234767145042
202.78614451619794
187.23010383077505
171.45959564864984
0.0
64.86926163558245
62.03829099146227
60.03659458005997
58.49242877597692
57.76323936794304
58.37804612528984
60.73718832542205
61.79522785646675
63.78262644186599
67.45716914165979
71.76081643318359
76.5362921420313
80.9543221025261
85.11499105402703
88.34630099078855
90.46238007573284
91.63480227422485
90.97710199163538
88.97540558175672
85.8012870053829
82.48419010193733
78.98122137512681
73.96268248557378
68.98703711440696
0.0
439.31517148027143
412.7355026451864
394.01964122005836
382.2811215569301
380.1078511649262
391.40313804216726
412.4924395330457
421.9004127211836
441.9745681727395
475.5887700768839
516.8952053326772
556.7003683248666
592.5593297738851
623.9287721560103
646.090411023744
659.244415997505
666.250353451126
662.818873907659
645.7901565740706
617.7664067595865
592.9882647672898
564.2496233631565
520.9414916441565
477.0614467250494
0.0
76.7507596410191
71.58924245182017
67.98618890870578
65.74142935926064
65.14092043324975
67.31419082601546
70.97443569980618
72.347027517193
74.9778285226108
80.16794134781746
86.57336987009475
93.12177671487285
99.41282260169967
105.38931617018751
110.13619627883354
113.23882568100585
114.92596982587361
115.24052212135769
113.45329317770815
109.26402855286985
104.91748771553394
99.627290098402
91.87786538636546
83.74239925797144
0.0
14.083364055541344
13.268387657206677
12.767963552832441
12.467709092493388
12.467709092493388
12.896644034855397
13.568642117545732
13.983279233904664
14.76965996956756
15.913486488627555
17.15739783465704
18.31552218505292
19.330668222089955
20.21713378015136
20.77474920682181
21.01781234715014
20.932025351516536
20.80334486949358
20.231431611487242
19.40215738410219
18.815946289427153
17.815098083726
16.485399751966703
15.212892743265453
0.0
267.18357772607635
249.23979915194727
236.68630312324296
228.87968707367367
226.7779058650132
234.3557565720696
247.08082660575397
251.87060015279408
261.03551017546323
279.09367139418475
301.412586421088
324.2033298493168
346.10760775909927
366.92525046907076
383.43924590961143
394.23410871676066
400.09621958732794
401.2114504787603
395.0061915677596
380.3938077916439
365.28099981592516
346.85109501751487
319.8710869111196
291.56138050039107
0.0
128.151463982978
121.48867449360746
116.51302911863148
113.1673365509905
111.78044685579614
113.95371724780003
119.22961709530432
119.81582819455035
125.50636513632053
136.04386698551846
147.59651482071084
158.30559067488892
167.42760716012612
175.0483513817596
180.03829460254622
182.03999101242485
182.31164979333187
179.5664661478926
173.8902270290782
167.38471366840398
163.5957882920209
158.033931871127
148.35429990208212
137.8025002832565
0.0
1236.362087692468
1153.3631758772751
1095.2281929083122
1059.1118702423198
1049.403642490234
1084.4619258156392
1143.3689912089762
1165.5306302747858
1207.9379985457274
1291.4945262408798
1394.782061347155
1500.1999728585213
1601.600194161419
1697.8960893246783
1774.3037013518885
1824.288920436543
1851.4119066506028
1856.5591258096283
1827.849079975224
1760.2346351223507
1690.2753449582967
1605.031673803924
1480.1401154356156
1349.157680511404
0.0
34.94390025037846
33.41403227534581
32.34169491296523
31.498122854244286
31.112081400557123
31.440931528900755
32.71343852998371
33.285351793322846
34.357689155703426
36.34508774110267
38.66133644951272
41.23494612196869
43.60838615572227
45.83884787383154
47.58318331890246
48.72700984558075
49.35611442893064
48.99866864096255
47.926331278581976
46.2248893221859
44.437660383107335
42.55034662467759
39.84805646258037
37.160064137151835
0.0
239.445784591638
226.9923733083874
217.6987828181701
211.45063044592027
208.84842513669477
212.92330711694066
222.78881086059334
223.8754460070764
234.49873488542843
254.1868488581568
275.7765744724552
295.76494297104006
312.8222559962497
327.07719401563236
336.3850823288055
340.13111419061147
340.63153831403145
335.5129146028417
324.9039236236285
312.765064635862
305.65904238345917
295.2788166705758
277.19205978308787
257.47535014159314
0.0
1051.2051691882748
1033.3042842277605
1018.6347090988755
1008.2830794280553
1002.3208837587063
1004.594238393356
1012.7583008395956
1015.4748886486659
1029.057828151115
1055.780475505253
1081.7453377780196
1106.6664582055682
1132.1880875324637
1157.6096317253716
1176.0538342324635
1186.3482730837952
1190.7663029140172
1185.0185748556446
1173.523118205619
1156.6087832042729
1136.548925781367
1120.2636957366672
1093.9127921755303
1074.9681656745302
0.0
306.4883165948458
290.5605323068792
278.66473643125335
270.65795078412043
267.32655603943516
272.5452645494066
285.1702498147825
286.57143730245934
300.15437724676997
325.3757520249539
352.99916256812793
378.59228100218365
400.42506972862276
418.65480492946944
430.5791964205336
435.3689699904286
436.02667021969006
429.46396558242935
415.8953234610745
400.3392827756516
391.2601597288084
377.9631763883606
354.8149871500707
329.579314548931
0.0
426.49001661733195
397.85146006530874
377.805900252046
365.3381911763128
361.992498585817
374.08846405900636
394.4056826455578
402.05502253595756
416.68170415788404
445.50613251498834
481.13632872815015
517.4957142777338
552.4825080312619
585.6963706869511
612.0472741795231
629.2904589793405
638.6412408070909
640.4284697507403
630.5200724925106
607.2003092720953
583.0655696632493
553.654930229754
510.575563830412
465.39441619193644
0.0
623.085200098813
612.4762091195997
603.7831275211109
597.6493578467816
594.1177934283498
595.461789608967
600.3087544630667
601.9101116016352
609.9597907633453
625.8017880754859
641.2005526245941
655.9702126132074
671.0830205127431
686.1672328196954
697.1050738868753
703.1959501532838
705.8124533311748
702.4095694031461
695.5895037774609
685.5667238746388
673.6852258448235
664.0341896207281
648.4066597291069
637.1828619818812
0.0
134.95723176285247
127.20780707367082
122.36084221957117
119.52987156783267
119.54416939078841
123.54756224101892
130.08167123998638
133.984979238107
141.56282994516337
152.5721602185417
164.3964668879692
175.49158416764675
185.2284074208964
193.77851067555315
199.14019747602853
201.4993396959684
200.6843633303924
199.41185627979044
193.87859547433487
186.01478819388893
180.30995340630813
170.68751277479603
158.00533620236058
145.76639241581233
0.0
573.857766148858
539.1283333532812
514.679041448951
499.35176608318625
496.50649758563713
511.2761575742504
538.8137811111252
551.1099161818782
577.3321392069021
621.226482025148
675.1864981846103
727.1734136562884
774.0274077233321
815.0049928606857
843.9581013653695
861.1297970656445
870.2947074082825
865.8051881509316
843.5577622540437
806.9553134628082
774.5993206567989
737.05321529908
680.4766958550704
623.1566892288283
0.0
195.2082938091415
182.11148014244023
172.9322722968153
167.2274375625626
165.69756955400942
171.23083035946502
180.52442084968231
184.02738957649288
190.71877471177487
203.91567325344096
220.22949902023515
236.87217489785075
252.88574619211659
268.0843411208064
280.15171092522945
288.04411395062476
292.3191655284342
293.13414197019324
288.60172935824954
277.9212491956927
266.8833232764029
253.41476600715788
233.69805628948012
213.02339191572239
0.0
719.366797629574
687.3825484565814
665.4782706001271
654.4117489892159
656.8852738308933
676.8164509919453
700.8939992404034
711.6316707633481
746.7042516526865
800.3497152271692
857.9842740650939
909.7281263636851
951.7494535748058
986.9221187677364
1008.0686115885292
1016.9475653349227
1013.8306376755515
995.486520073898
961.2861070400343
928.5583706924278
905.4816705155885
871.0238967142312
819.9091486790213
766.8213005654914
0.0
750.7076443429327
717.2364206988191
692.5011721449163
676.8164509919453
671.2545945177234
683.4077513284454
711.4029054208352
724.6283995779395
759.4722150181088
809.1142859252001
865.6336143287907
921.8383899417074
972.8387550428292
1018.5203266980686
1049.9469605700929
1069.0488633293007
1075.8260354327901
1062.7578171910698
1039.6954152714293
1000.8625045678182
962.6729968495032
920.3800107508191
859.1423984711034
798.862740626537
0.0
2008.3163097616316
1974.130194756418
1946.0921468980473
1926.332543658174
1914.9228744182178
1919.2694148670205
1934.8969449643357
1940.058462152011
1966.0090263961279
2017.0665825452875
2066.6800578369407
2114.291836848226
2163.0331445815177
2211.6171763613347
2246.8613309356847
2266.506551470019
2274.956569842093
2263.975835214626
2242.0143661882416
2209.7012667292065
2171.383078048154
2140.2852946450116
2089.914034500536
2053.7405207865063
0.0
475.90332237236794
447.0931918077463
426.8188667357719
414.1080944945701
411.7489522974851
423.98789608403337
446.83583084979495
457.0301847347424
478.7771865082103
515.179465572371
559.9316782707701
603.0396402626953
641.9011463989058
675.872794082638
699.878853201081
714.1194934508361
721.7259398266589
718.008503603146
699.5500031131144
669.1957067703119
642.3586769772754
611.2322977606191
564.321112493172
516.7808227109396
0.0
876.4570725380655
817.6214958557374
776.4151454520539
750.8077292483706
743.9161742793578
768.7801031712976
810.5297715862747
826.2430881642266
856.3114281698067
915.5330460033757
988.7665390184457
1063.4870065198734
1135.376504039973
1203.6343511163125
1257.8088352295752
1293.238861586151
1312.4551469747148
1316.1153919521144
1295.7695778415443
1247.828948818475
1198.2440688222916
1137.807135161379
1049.2749620607774
956.4248442639412
0.0
597.906718781878
571.327049946793
553.1259104147127
543.9181069536494
545.9769946477327
562.5481814258063
582.5508477168736
591.4869924275029
620.6259730800914
665.2066117963651
713.1186452039962
756.1265227171084
791.0561250797754
820.2951903178331
837.8672251522892
845.2449061322709
842.6569985926728
827.415510576031
798.9914215435649
771.7683503783571
752.5949580548909
723.9564017161799
681.4775440714373
637.3544359640063
0.0
804.5675757569414
755.8691614391884
721.597259465767
700.1076185435942
696.1185235163193
716.8217835816982
755.4259288666135
772.6691135064467
809.4288386473092
870.9810032529822
946.630829406518
1019.5211749144353
1085.2054129445432
1142.6540999088224
1183.2456434530736
1207.3231921510119
1220.1769425532063
1213.8858964149756
1182.6880281063954
1131.373110793591
1085.9917938546655
1033.3614755805297
954.0514044953045
873.683293170532
0.0
811.4734281756133
756.9986903897437
718.8520756603434
695.1462709915738
688.769438151776
711.774649076707
750.4359855924989
764.9911777644412
792.8290558805006
847.6612398497277
915.4615571552374
984.6487639045378
1051.2051691882748
1114.401584744207
1164.5583778109867
1197.3576030067316
1215.1584038236379
1218.546989608742
1199.7024480131797
1155.321978528791
1109.4116415386572
1053.4499290607357
971.4804609859283
885.5218979981205
0.0
112.38095577799791
106.54744052286891
102.1723040700947
99.24124859671954
98.02593295983347
99.94184239388609
104.57433980461157
105.07476387470342
110.06470709549006
119.31540410160356
129.43826880320754
138.81764629972412
146.82443196971192
153.51581712784886
157.89095355776817
159.63528900969555
159.8783521218362
157.47631641017418
152.50067108852633
146.79583630094552
143.46444155626025
138.58888098006605
130.11026687827956
120.84527205682863
0.0
18.64437231339655
17.829395915061884
17.243184822672344
16.79995204364164
16.599782402653773
16.77135637868438
17.443354461374717
17.75790675304965
18.3298200163888
19.387859547433493
20.61747306212709
21.99006489017953
23.26257189126248
24.449291911948425
25.37865095868467
25.993457716031465
26.32230783904229
26.13643602939031
25.56452276833665
24.64946155065079
23.69150683895729
22.69065863554163
21.246577648524283
19.81679449512831
0.0
1285.4894370188622
1228.3553022662659
1189.2078393509719
1169.41964058708
1173.8519684459518
1209.467866584754
1252.4757437550425
1271.6920296768872
1334.3594251816112
1430.212087703731
1533.2279639224423
1625.6634448307068
1700.769953620505
1763.6375189361045
1801.4266875659487
1817.2829824648775
1811.7211261887314
1778.9361984883553
1717.8272663181274
1659.320539784712
1618.0855940169945
1556.5048333768764
1465.1845836190666
1370.304173560746
0.0
1807.117224576283
1726.7777089126587
1671.7596536030674
1643.950370851042
1650.155630112485
1700.2409341025773
1760.7064632875083
1787.7007690721116
1875.8040070269424
2010.5467716054434
2155.3695068910174
2285.322497541563
2390.8976858444184
2479.2582844296135
2532.3890266976578
2554.6793459643754
2546.8584317871178
2500.7765210434077
2414.8608510749873
2332.6197246458973
2274.65631565906
2188.0829452099742
2059.7170139512245
1926.332543658174
0.0
1213.771514014169
1159.811497740432
1122.8659013734798
1104.1786355028435
1108.353601969521
1141.9963996567062
1182.6022410010585
1200.7318912964672
1259.9106163391975
1350.4158898914159
1447.6840377470232
1534.9722992677134
1605.875245533534
1665.225544329841
1700.9129318500623
1715.8827616952615
1710.635457097517
1679.6806521524813
1621.9746037960078
1566.74208064689
1527.8090855711218
1469.6598048020578
1383.4295826219545
1293.8536685141478
0.0
432.85255161131937
413.9651161812112
400.5680480419816
390.25931153529655
385.46953796540157
389.5015264539253
405.22914112147345
412.30656770510984
425.61784889136834
450.15292774866964
478.86297346118147
510.7042443208152
540.1434793926037
567.8955704033259
589.4567003488579
603.6258513619414
611.3895738969336
607.0144374441595
593.6602628195069
572.5423656598621
550.395024615084
527.0323678800918
493.54684644349555
460.304388172368
0.0
233.82673677988322
221.67357999963423
212.59445697564595
206.489282916755
203.94426886887925
207.93336389615405
217.5558045048112
218.62814190452144
228.99406971826605
248.2389509584353
269.31395460350313
288.83049464743436
305.4874684013339
319.3992584564661
328.492679326265
332.15292421224495
332.6533482823369
327.64910726906766
317.29747724780566
305.4302770409462
298.49582877066865
288.3586662461089
270.7008442986975
251.44166521271754
0.0
334.9267035264507
317.51194469117985
304.5152158765884
295.76494297104006
292.13329377668134
297.8238307184515
311.63553597480194
313.1511060842163
328.00655302580077
355.55847438563126
385.7554945921193
413.72205306907057
437.5851338741547
457.502013189396
470.527337726082
475.7603440590092
476.4752356486583
469.3120220358677
454.48517074019486
437.4850490220447
427.5480561483767
413.0357571177147
387.7428931561872
360.1480783351078
0.0
452.9553027544965
429.4067742448965
411.8204414808286
399.99613478854616
395.077680751103
402.78421194856253
421.4428820894858
423.5017698368973
443.60452092674643
480.86466992438824
521.6849789025721
559.5170411003211
591.7872469000314
618.7243614918495
636.3392899246837
643.4167165083202
644.3889690863938
634.695039294393
614.635181665793
591.6585664096282
578.2186047786764
558.5876820901528
524.3729712409516
487.0699287820609
0.0
60.22246638971194
57.59166538962694
55.73294728853615
54.28886630913712
53.63116605778266
54.18878148216762
56.37634970855473
57.36290008291999
59.221618184010794
62.624502086137305
66.62789491198924
71.04592485648561
75.14940250930704
79.00981699513609
82.01236164956923
83.98546237696853
85.05779976068034
84.45729082933661
82.59857274424424
79.65321943648588
76.5791856520374
73.31928004422394
68.65818699139614
64.03998740819739
0.0
25.06409866700973
23.948867805288693
23.119593577903636
22.590573813904953
22.40470200120565
22.819339117564585
23.748698166586323
24.191930945617024
25.350055296012897
27.008603753068503
28.89591751683107
30.783231277546303
32.48467322860956
34.00024337002084
35.058282901065525
35.68738748974821
35.916152793407846
35.487217848760345
34.71513494671883
33.41403227534581
32.14152527426287
30.72603995220277
28.681450041459996
26.665455798721805
0.0
669.596046041622
629.0616936901558
600.5375198055797
582.6509325689834
579.3338356167808
596.5627226241157
628.7042478800946
643.0449729286314
673.6423324064295
724.8714628500644
787.824815133872
848.4905140611143
903.1511242996204
950.9630728932328
984.7488488099758
1004.780110404131
1015.4748886486659
1010.2418820795713
984.2770203400854
941.5693973528299
903.8088240184555
860.0145661208843
794.00147826945
727.1162222120994
0.0
75.0493177059543
71.77511426451949
69.44456772705902
67.65733878036217
66.8280645529771
67.52865829833921
70.2595441231082
71.4891576301835
73.79110849659205
78.05186230477383
83.02750768660628
88.5464706416802
93.65079650705925
98.46916574572063
102.20089973886111
104.66012675758267
106.00412293819994
105.24633785682869
102.93008915146596
99.26984426548594
95.42372762775304
91.3774412629455
85.5725216697264
79.81049558651343
0.0
217.7702719481854
204.5876713056581
195.30837866125142
189.50345907488887
188.41682385222282
194.02157384102188
204.4732886839206
209.13438176341248
219.0856724600363
235.74264621393579
256.2314387826125
275.9481484774354
293.73465089239494
309.2763937548621
320.27142615957484
326.7912373889146
330.26561044695876
328.56416850960846
320.1141500765884
306.2309556368945
293.9491183357692
279.7084781621972
258.23313522296434
236.4861334494964
0.0
200.6128741470489
187.144316854949
177.72204584385537
171.85993497328806
170.27287568053015
175.96341262230035
185.5286618934247
189.11741759606127
196.00897240508985
209.56331670348897
226.3203752561703
243.42058171977396
259.8773858227819
275.5049156915482
287.90113563726595
296.00800608318065
300.41173820472125
301.2553102619185
296.5942171824267
285.6277803931522
274.2753021555234
260.43500123040656
240.17497400424287
218.9140985312392
0.0
104.0024265283213
98.59784621326881
94.5658577476
91.84926971759907
90.71974103368409
92.49267215437789
96.7677237550422
97.25385003265154
101.8577517746106
110.42215290555121
119.78723250292903
128.48031412427275
135.88659084920388
142.0775518610659
146.12383817254536
147.73949313406965
147.96825847658263
145.73779674704593
141.13389500508686
135.85799515758254
132.7696635478928
128.26584662757043
120.41633711675212
111.83763819332897
0.0
772.6691135064467
728.3458355348118
700.5508513294811
684.3371103386139
684.4085995219574
707.3995126239328
744.7740444794795
767.1358527543192
810.5011755975397
873.5403148038451
941.2691431697968
1004.7372168514626
1060.5416533759083
1109.497428415445
1140.1948727301165
1153.6777280889578
1149.0166348951916
1141.724740997692
1110.012150438004
1064.98827926343
1032.3320317639616
977.2996784257199
904.6380982526972
834.5501282838876
0.0
923.3110666279645
867.435141118251
828.0875084149357
803.4237493338717
798.8484431768778
822.6114391298521
866.920419095692
886.6943197395144
928.8872207042114
999.5328063396677
1086.3349413618175
1169.9915536576761
1245.369721639769
1311.2970230334215
1357.8793577710405
1385.5027687408397
1400.243832717863
1393.0377254686025
1357.2359555475741
1298.3431874210569
1246.27048525543
1185.8764446139048
1094.8564493438598
1002.63543574184
0.0
1587.2880647968848
1480.7406243349626
1406.105943481774
1359.7380760503997
1347.2703669365753
1392.2799406157803
1467.9011714281366
1496.3538564036282
1550.7999988711729
1658.0766286618991
1790.6890163020262
1926.0322892465922
2056.2140454605815
2179.8330966487765
2277.9305190433574
2342.099186758357
2376.914406720217
2383.5343023369505
2346.674492846786
2259.8723575960867
2170.0533798200036
2060.603479766785
1900.2675967847017
1732.1108003871918
0.0
1659.2061573839055
1585.4579423462772
1534.9294059435942
1509.393478588049
1515.0983130937525
1561.0944374939559
1616.5986193020876
1641.3910593001797
1722.288190234299
1845.993028299282
1978.9628617037604
2098.2782654625407
2195.2175633825473
2276.3577574516626
2325.1276607089735
2345.587857753631
2338.424644057039
2296.103062891435
2217.2219261901496
2141.7150777786005
2088.4985486337678
2009.0026055377668
1891.131282407944
1768.6703556943232
0.0
132.14055893406973
125.26330202417988
120.14467831299018
116.68460310075675
115.25481991384022
117.49957948918761
122.94705331881715
123.54756224101892
129.40967313444114
140.27602512493385
152.18611877018733
163.2240447123321
172.63201782428695
180.49582518091594
185.62874669220648
187.70193228542863
187.98788891214627
185.15691823755293
179.3091051899414
172.60342220884868
168.6858163877723
162.95238590857016
152.9724994898518
142.0918497068766
0.0
1863.3648937418686
1780.523257880151
1723.7894622160256
1695.1223099342894
1701.527738778059
1753.1715063311963
1815.510051824136
1843.3479298716309
1934.1963511595509
2073.128379700098
2222.454932759244
2356.4542094470103
2465.3178988580808
2556.4379793382964
2611.2129718176247
2634.2038851176753
2626.139907576874
2578.6139156709255
2490.0388492462043
2405.2241127043208
2345.4591770194424
2256.197815123318
2123.8284906181866
1986.297649153929
0.0
3.0311402835843837
2.8452684737800364
2.716587989776323
2.6308010007706404
2.6165031694347562
2.702290158440439
2.8452684737800364
2.9024598001139514
3.0454381149202674
3.2742034194940963
3.560160050173291
3.83181884898332
4.089179816762198
4.303647289238313
4.460923436142344
4.546710425148026
4.5896039201460574
4.575306088581624
4.446625604577911
4.260753795002112
4.089179816762198
3.8890101750886856
3.588755713073608
3.288501251363262
0.0
161.7942615558888
150.92790956539608
143.32146324290142
138.60317880302182
137.33067182860293
141.92027572475132
149.6268068993559
152.52926670396462
158.07682533237596
169.00036862992826
182.52611723670606
196.32352470057393
209.59191237225536
222.1883019155367
232.19678397254827
238.7308929715157
242.27675521290328
242.9487532651204
239.2027214261693
230.35236372183908
221.18745372202483
210.03514515814254
193.69272369972708
176.54962372154637
0.0
2492.2407157945463
2381.4468187226967
2305.5682272799763
2267.221443303454
2275.7858440763343
2344.8586681200954
2428.243621528391
2465.4751751162885
2586.97814739476
2772.807063646439
2972.5191746501614
3151.7567905805763
3297.3659063191744
3419.2263248952786
3492.4884132058187
3523.2287510731585
3512.4481864851164
3448.8943251648325
3330.4081951070125
3216.983497636163
3137.0586193943914
3017.657428225542
2840.607380814819
2656.6657781379695
0.0
505.09949433201604
482.63760099175397
467.2674321342669
459.48941175346397
461.2194493595807
475.2170264210121
492.11706330990717
499.6663183253423
524.2871842346526
561.9476725036045
602.4248335480111
638.7556234288282
668.2663477372885
692.9587027766141
707.8141497181987
714.0337064216819
711.8604360296781
698.9780898596791
674.9577328954255
651.9811175859326
635.781674517059
611.5754457248696
575.6878885766114
538.413441786487
0.0
615.1784992504619
573.8863618404793
544.9618486084103
526.9894744188429
522.1568073572257
539.6001618079348
568.9107164426485
579.9343445389825
601.0379438756717
642.6160379885549
694.0024444847031
746.4611883577066
796.9182360036708
844.830269038005
882.8482035131698
907.7121323593998
921.2092849850609
923.7685970692047
909.4850632286896
875.8422656100688
841.0413436311487
798.6196778876932
736.4813018323321
671.3117858552562
0.0
157.37623161139243
150.38459198072718
145.58052058787644
143.16418708373192
143.70750466840087
148.0683432753644
153.32994529991296
155.68908749699787
163.35272517988025
175.0912448963367
187.70193228542863
199.02581483143612
208.21932052287173
215.9115538745205
220.52975343943535
222.47425854225438
221.80226049003724
217.78456979399607
210.30680393904953
203.14359032625904
198.0964558212677
190.54720072964963
179.36629649700097
167.75645730142085
0.0
122.26075736746125
114.8687784883408
109.65006997836929
106.39016436369943
105.78965544149764
108.9351784115751
114.79728935832541
117.4137925133616
123.00424460302187
132.35502643077206
143.8504829817597
154.9313024156266
164.91118880387174
173.63286609398185
179.80952928288815
183.46977414601324
185.4142792488323
184.4563245165694
179.7237423070621
171.93142410330344
165.02557150179226
157.0330836776151
144.98001166567465
132.7696635478928
0.0
157.2618489668
150.3988898265378
145.52332930367174
141.7772974113925
140.04725978242084
141.50563860763057
147.22477124102204
149.79838088148114
154.63104796595317
163.53859700781618
173.97601400490424
185.54295973923539
196.2377376942747
206.31770893462976
214.15292059963738
219.30013995673858
222.11681278552135
220.52975343943535
215.68278858533566
208.0048530261694
199.9694717407433
191.47655979314615
179.3091051899414
167.2274375625626
0.0
173.91882272069955
166.18369585447365
160.8934981611587
158.20550582277906
158.8060147449808
163.6243839836422
169.44360141581544
172.04580672504096
180.52442084968231
193.49255404883544
207.43293977273407
219.92924457056168
230.0950027638878
238.60221250396754
243.70653834649164
245.85121312305728
245.10772588749663
240.67539807433477
232.39695364629478
224.49025277508875
218.9140985312392
210.57846274281152
198.2251363116708
185.3856835800659
0.0
993.4562280409629
949.2902263960999
919.0503125226688
903.7659306943361
907.1688148128222
934.7064383725519
967.9488967427174
982.7900456251785
1031.231098642157
1105.293865891468
1184.904191921557
1256.350456038687
1314.399652130862
1362.9693861105775
1392.1798557103425
1404.4330972131902
1400.1437478124246
1374.8079902677557
1327.5679550494715
1282.358212092671
1250.5026433034259
1202.9051617875089
1132.331065762021
1058.9974878415132
0.0
564.2067298714344
530.0635082055768
506.01455557255673
490.9446411114151
488.1565639513989
502.6688629820608
529.7489559100927
541.8306235374715
567.6096137766082
610.7747671289212
663.819722101171
714.934469816412
761.00208307999
801.2933723497889
829.7460568377088
846.6317958274652
855.6394297747662
851.2356979731944
829.3600157321781
793.3723733585133
761.5596985409428
724.6569950333935
669.0241327653316
612.6763787400182
0.0
613.863098761466
578.647539718753
556.5573900115077
543.6750437881807
543.7465329715241
562.0048637878092
591.6871620479214
609.4593666399253
643.9171406545952
694.0024444847031
747.8051845916519
798.2193382430861
842.5712116701752
881.4470159036
905.8534140800408
916.5481920198433
912.8593515184252
907.0544321072834
881.8616530207207
846.1027763552474
820.1522119511462
776.4294434578492
718.6947995011737
663.0190435814055
0.0
423.41598283059807
397.7942687277759
379.75040535486505
368.44082063181327
366.33903936982466
377.23398697575567
397.56550343859095
406.6303285862953
425.97529470142956
458.3741809153596
498.1793439075491
536.5404258670114
571.1125825034187
601.338198325345
622.6991586199854
635.381335192421
642.1442095339013
638.8271126121717
622.4132019932676
595.4045982714342
571.5272196205395
543.8323199473501
502.08265190566976
459.78966622599233
0.0
1099.7034143198523
1050.8191281284535
1017.3336063947438
1000.4049738980287
1004.1938993048849
1034.6625785132107
1071.4651964220568
1087.8934049248628
1141.5102736914473
1223.4940392616236
1311.6258727404731
1390.7071792526344
1454.9616336158729
1508.7357781073838
1541.0631755950685
1554.6175198020478
1549.8706397314932
1521.8182943777542
1469.5454218679697
1419.4887139351774
1384.2159633035278
1331.542752238554
1253.419400923372
1172.250611558787
0.0
844.4585253821331
793.3580758859994
757.3704340227608
734.8227534095589
730.6334888913767
752.3661927657058
792.8862473246896
810.9730041588494
849.562851567481
914.1747522512067
993.5706104417695
1070.0783068411367
1139.0224509887228
1199.3164061915288
1241.9239442733465
1267.1882124365961
1280.6710675668887
1274.079767245625
1241.3377328693684
1187.4778020343508
1139.851725222964
1084.6049040451967
1001.3629285617269
917.0057224610835
0.0
592.2018839942972
556.3572203606161
531.1215477061482
515.3081460399193
512.377090589399
527.6042811868552
556.0283702193213
568.7105467917568
595.7763418511231
641.0861699800017
696.7619259530981
750.4073896037638
798.76265625438
841.0413436311487
870.9238117859383
888.6388248956615
898.1039895127518
893.4714918430042
870.5091746916723
832.7343040447686
799.3488671936417
760.6017439686642
702.2236975752102
643.0735685973979
0.0
201.28487225259417
190.81885958673968
182.99794569135966
177.7506415354767
175.56307329766213
178.98025504864663
187.28729516830785
188.2023563555205
197.12420324319416
213.6810921449838
231.82504037000456
248.63929022974546
262.98001527828234
274.9473002610686
282.7682141031205
285.9137370198698
286.3426719599464
282.0390246905157
273.13147564865267
262.9085260949388
256.9463303494067
248.22465311262474
233.02605823726296
216.44057366670694
0.0
1924.4738259120966
1808.003689858562
1726.0056260311871
1674.6049218415942
1665.0682683763655
1714.5816589911299
1806.9456502894259
1848.166298790324
1936.1122602583987
2083.3370316746414
2264.276089397659
2438.6238475612427
2595.742717978517
2733.159176737236
2830.2414531153486
2887.833118537735
2918.5734564050745
2903.532136949907
2828.926052382567
2706.179168752734
2597.6443298105446
2471.7519232258696
2282.0196986332467
2089.799651566448
0.0
608.7444750502762
581.6929778138657
563.1486903175348
553.783610697302
555.8710940601518
572.7425353107537
593.1169452348379
602.2103660513088
631.892664288566
677.2739816007883
726.0581827115278
769.8381426718689
805.411147951268
835.1792332176793
853.0658202409633
860.5721816046919
857.9413806038449
842.4139358538291
813.4751247988042
785.780225072287
766.2493870758889
737.0818107545339
693.8451683255337
648.9070837991986
0.0
1425.2650378223002
1361.9113465414416
1318.5174277780507
1296.584554047136
1301.474412347248
1340.9793207983446
1388.6625891910492
1409.9663579653177
1479.453819430932
1585.71530320519
1699.926381357613
1802.4275355537663
1885.6981065612545
1955.4000350283814
1997.2926818100455
2014.879014558877
2008.7166488501027
1972.3572633538472
1904.5998397381356
1839.730578218351
1794.0204105058122
1725.7482654008224
1624.491022327483
1519.3018756177291
0.0
122.50382053292999
115.0832459850431
109.8645374217435
106.59033403744597
105.9898250923893
109.13534800913865
115.01175680169962
117.64255780254645
123.23300994553485
132.6123873887233
144.12214178552162
155.2172590423443
165.22574109935584
173.97601400490424
180.15267724713863
183.81292213311863
185.77172500556534
184.81377032663053
180.0668902179845
172.26027424459818
165.34012374394825
157.33333809681537
145.25167044658167
133.02702450584408
0.0
983.1045978368616
917.1058073665216
870.8809183246893
842.1708725588492
834.4500433784498
862.3165169499631
909.1705110170067
926.785439823138
960.5140243871114
1026.9417492413913
1109.0827912983243
1192.91097788104
1273.5364499275963
1350.1013376797332
1410.8671215809786
1450.6150933956194
1472.176222800252
1476.2654029234222
1453.4460636054966
1399.671919647267
1344.053354905047
1276.2530377366668
1176.9545980766734
1072.809192678857
0.0
1148.8879546942837
1079.3433021806325
1030.4018244079152
999.7186781218937
994.0281408830099
1023.5817589803058
1078.7141972239856
1103.3207652113022
1155.8224030559809
1243.7254711999358
1351.7455881195663
1455.8195039074142
1549.6275763679487
1631.654236024075
1689.617645239462
1723.9896320269015
1742.3480476572051
1733.3690095386548
1688.8169663006895
1615.5405799615003
1550.7571053185045
1475.5934046426562
1362.3259836585626
1247.5858854549303
0.0
163.9389362791263
154.53096314431647
148.64025655165466
145.19447916237695
145.2230748311434
150.09863535400947
158.01963404817127
162.76651408063424
171.9743175950256
185.3427900654888
199.71211072946392
213.18066807489194
225.01927259013004
235.41379607264108
241.91930945617023
244.7788757462019
243.7923253756458
242.24815954413688
235.51388092475096
225.96292944610911
219.0284811758316
207.36145064271867
191.94838824779973
177.0643456374489
0.0
120.74518725804684
115.38350043471654
111.70895772578076
109.85023965211585
110.26487674638173
113.61056931402274
117.64255780254645
119.44408459200665
125.33479115419526
134.34242499484006
144.02205696388495
152.7008406860899
159.74967165428797
165.65467603943236
169.20053828081996
170.7018106206067
170.1727908055654
167.0987570188314
161.3510287928565
155.86066150197803
151.9859491192957
146.19532735588885
137.63092627827635
128.70907939060268
0.0
1096.6293802131497
1039.6382236901109
997.044983636943
968.4207246793263
956.4963336453604
975.1693014873466
1020.3647469487778
1025.3403923542269
1073.995913210731
1164.2009320466354
1263.0561392940385
1354.633749910762
1432.7571017592247
1497.9838088148115
1540.6199424206477
1557.777340785539
1560.107887001507
1536.6451452315655
1488.0897098137805
1432.442549014261
1399.9292805061802
1352.3746925429318
1269.561652738514
1179.2279527113228
0.0
326.004856638777
309.06192625815976
296.394047531535
287.8868377914553
284.3409755500677
289.888534201334
303.32849585514066
304.81547032626185
319.270577966063
346.0933099361436
375.47535370087263
402.6984249194084
425.91810334104173
445.3202607403805
457.9881394670053
463.0924653323844
463.77876123041216
456.8014194455576
442.37490744404965
425.8323163880707
416.1669822419815
402.0264268671913
377.4055609807359
350.55423334188896
0.0
2251.0791909550308
2114.8494521949046
2018.9395986247473
1958.8029193754166
1947.6506102325436
2005.5711258952617
2113.6198388721923
2161.8178292874554
2264.6907265147797
2436.90810773999
2648.558907501597
2852.503176553316
3036.287503048141
3197.0237251186945
3310.577102790452
3377.934187546243
3413.8932334207466
3396.292603176546
3309.0329374846065
3165.4541130171133
3038.503667091851
2891.2503001515893
2669.3193592625694
2444.471660525053
0.0
292.8052918288985
275.09027857442743
262.6082716224105
254.78735780321347
253.34327682381442
260.87823401629373
274.9187045923022
281.1954526333184
294.5782229495923
316.9829249523215
344.5062506205308
371.028728118083
394.9347024377442
415.8524299464974
430.6220899351107
439.3866606102867
444.0620515355893
441.774398498993
430.421920284219
411.7489522974851
395.23495691027256
376.0758626230744
347.2085407742479
317.955177477067
0.0
1423.7637653072925
1360.4672653792034
1317.116239939932
1295.211962266317
1300.101820566429
1339.563835693406
1387.204210533442
1408.4650857550416
1477.881058067786
1584.0424567080574
1698.1391524596736
1800.5259239502873
1883.710708080988
1953.3268494427775
1995.1766026717728
2012.7486376205038
2006.586271911729
1970.2840777682434
1902.5838455053008
1837.7860730622037
1792.133096930983
1723.9181426454822
1622.7752825062305
1517.686220701915
0.0
1407.3498548331363
1322.1776727554504
1262.2125670311473
1224.623568212179
1217.6462262978132
1253.8483355358615
1321.4055893406971
1351.5454183086904
1415.8570647865283
1523.5197361703567
1655.8461671228201
1783.3399308232083
1898.2373047517663
1998.7367624390024
2069.7254961148924
2111.8326102028013
2134.3230987471134
2123.313768595628
2068.753243422544
1978.9914569992304
1899.624194332686
1807.560457217423
1668.8143004591025
1528.2523182122611
0.0
629.4763307844216
596.7628922750073
572.3136003706771
555.8853919059625
549.036730611511
559.7601042886448
585.6963706869511
588.5559369541278
616.479601916502
668.2663477372885
725.0001432338113
777.5732698580634
822.4112692961213
859.8572903045383
884.3351774662465
894.1720856477891
895.5160819045893
882.047524802947
854.181051185724
822.2253974910401
803.5667277005589
776.2721670853671
728.7461751794187
676.8879401219606
0.0
46.81110041686094
44.766510511450974
43.32242952671911
42.20719866499808
41.69247673233528
42.121411676982774
43.82285362804603
44.59493653008755
46.02471968348352
48.684116351573095
51.786745788027744
55.232523187209246
58.40664178796162
61.409186408112404
63.73973294785834
65.28389874889406
66.11317298161192
65.64134453990945
64.19726355289211
61.90961050943931
59.521872644349834
56.99115646590152
53.373805086118445
49.78504937662543
0.0
165.85484571317892
158.46286683405845
153.0010951586182
149.52672210057412
148.29710861787737
150.98510092578383
157.17606199097395
160.09281961853847
167.78505297018728
178.7657875519443
191.24779452681622
203.65831224216163
214.9250035039644
225.01927259013004
231.96801868336337
236.185878999823
237.68715131675484
234.79898930462863
229.70896128506024
221.11596453868137
212.68024392861707
203.34375994667752
189.81801131704478
176.49243236115862
0.0
13.397068141515124
12.796559215504208
12.367624273142203
12.08166763880622
11.981582819455033
12.196050289493293
12.696474396153024
12.939537528863047
13.554344286209849
14.440809841223931
15.455955883593777
16.456804089294938
17.371865304695298
18.186841703029963
18.744457132747733
19.08760508709444
19.20198773778151
18.97322243640737
18.558585320048433
17.872289411355027
17.185993497328806
16.42820842433768
15.34157322528841
14.254938031571951
0.0
19.25917906541054
18.401309173068217
17.772204584385538
17.371865304695298
17.228886991336456
17.529141451675514
18.258330859709385
18.587180982720206
19.48794437211749
20.76045137548593
22.204532360217787
23.64861334494964
24.96401384765855
26.13643602939031
26.93711459638909
27.437538700763323
27.609112679079423
27.26596471939991
26.679753630057686
25.67890541902372
24.706652875994337
23.620017682277876
22.04725621552306
20.503090409154527
0.0
5.3044954963107624
5.004241034295684
4.818369224491337
4.703986572052056
4.703986572052056
4.861262718727537
5.118623686734964
5.275899833410445
5.576154295120792
6.0050892411395855
6.4626198502872425
6.905852627108637
7.291894077519934
7.620744205635015
7.835211677044568
7.92099866574552
7.892403002845201
7.849509508609002
7.620744205635015
7.320489740191703
7.091724437446265
6.719980817532838
6.2195567143775286
5.733430442024822
