0.0
86.37074336316309
81.7891507087272
79.02989940236064
77.77382230806882
78.52540941967528
81.88181213207262
88.89319325431362
92.73349451084808
96.50172577144724
100.97006557512762
105.37663109657773
109.53609948910675
113.05723358737038
117.19611060818004
119.32732340081516
120.89227188398202
122.2410103236522
120.99522902103249
118.8537204590016
115.23992500422145
113.78822931611931
109.95822376215176
102.12318553236896
93.39242019910913
0.0
83.64237919791167
80.55366504184548
78.55629656079041
77.53702089285278
78.00032800957982
80.97578931489049
86.17512480276723
89.2535432339902
91.92013311701136
94.89559441118388
98.37554568804177
101.33041556594235
103.93523116673323
107.16808530353187
109.56698663022189
111.54376372841945
113.02634650194598
112.78954503103918
111.60553801064971
108.92865236937092
106.97246674313602
103.9043440256181
97.22242574193855
90.26252318822277
0.0
148.97897920548988
147.12575073858176
145.99322223102678
145.2828179296879
144.97394651853654
145.84908223915613
147.58905779961805
148.47448917825193
149.47317346333207
151.02782628848462
153.3031789616089
155.82562887503573
158.14216451436164
161.00437292436422
163.3929786153162
165.15354560318818
166.35814416236923
166.17282131567842
164.86526561944692
162.775235681632
160.54106586332793
159.27469302191662
156.06243034594252
152.4383390103851
0.0
226.98960289536032
217.527841944733
211.5048492602093
208.56027514056638
210.24877218819375
218.97953752145364
230.30482281976637
236.31751962351277
244.9247363923121
256.84717308551745
269.89184251688204
281.7936876712958
291.74964299114674
301.3658397030405
307.51238084064323
311.2703163986755
311.4762306727764
306.9564123005708
297.2990327338569
288.4035359813163
284.28525038791673
275.52359796923247
259.7917472051604
242.95825513033918
0.0
30.918028646086057
29.239827289887383
28.086707343784173
27.366007373292852
27.149797385486902
28.024933061553902
29.991414401493838
30.670931517164973
31.618137189167278
33.51254853317191
35.70553557462284
37.795565490161465
39.607611124525725
41.35788247665972
42.72721241056888
43.57146094552074
43.962698077450604
43.30377238918956
41.86237244820693
40.23564967167164
39.741455402691315
38.76336258957387
36.35416554917884
33.50225281946686
0.0
531.0838067859286
499.53773954814403
479.7287861568739
469.75223940961286
474.85891351869685
502.45142658236256
550.0896945082051
575.8289791049625
594.4642211338573
619.7607899856074
649.0418002082819
676.1092318172996
701.1381121127183
726.3317239387993
746.7069416395374
762.1916951633068
776.7807216504283
781.4343843564903
770.2223519646237
746.2951130913356
730.635332267508
705.4623119802188
650.9465071880245
589.9546984196662
0.0
37.32196264859124
35.108384179730216
33.708167093567766
33.00805855048654
33.36840854130127
35.30400274012608
38.66040545252341
40.462155373182625
41.76971102486153
43.550869518110645
45.610012292534144
47.51471935024381
49.27528641608284
51.04614919562692
52.477253411766355
53.558303373072405
54.58787475471507
54.91733759327653
54.1245676268499
52.446366270651225
51.34472489307323
49.57386211352915
45.743856570699734
41.46083961371017
0.0
158.0289116079154
147.84645069793493
141.79257092798682
138.57001248261693
139.13627679208517
147.12575073858176
161.18969577105503
168.05693697939245
172.2267010856265
178.40412930865364
186.11561904080477
194.0330229356753
201.67244261620033
209.5692550836608
216.4570877194083
222.19180030880926
227.11315145982084
229.08992849118957
226.84546290348968
220.94601889480802
216.47767914681836
208.31317801164528
192.09742875912679
173.9151981332539
0.0
184.1697290948605
174.3990966217003
168.52024404042876
165.84335847711694
167.44948981510404
174.60501089580123
189.5440916488941
197.74977563888737
205.77013667080837
215.30396767306175
224.70395445284024
233.57885977797073
241.0741394666252
249.90786193693546
254.44827173655113
257.79437874638165
260.66688292578
258.00029302048256
253.44958745147105
245.72780206130562
242.6287921803963
234.47458692600043
217.76464330425827
199.13969704475923
0.0
942.7270372645958
886.749241126285
851.5790826643246
833.8704548688838
842.9306830407052
891.9073938595849
976.4763872352601
1022.1584695571439
1055.2488938506851
1100.1485018196045
1152.1212652709614
1200.1816577371644
1244.6076626528884
1289.3219473295908
1325.501086291553
1352.980346337391
1378.8843626875737
1387.1415247448756
1367.2296145506996
1324.7597946820267
1296.9716626681302
1252.2779690846937
1155.4982591434534
1047.2388284767787
0.0
39.741455402691315
37.373441217116465
35.8908584324518
35.1495670345504
35.530508441637075
37.59994692976561
41.16226391626385
43.087562401383614
44.477483762702875
46.37189511784564
48.56488215929657
50.59313778146677
52.466957698061314
54.35107333949903
55.87483897898388
57.02795893622524
58.1193046000982
58.46935886606973
57.635406044822915
55.84395183786875
54.670240464355444
52.78612483405586
48.70902215116721
44.14802092414142
0.0
361.16334557023214
356.6538229674224
353.90486735248453
352.20607453546137
351.4544874906838
353.56510885590876
357.77605581696304
359.92785992562676
362.3576484713989
366.12587968744543
371.6340865753354
377.7600362855281
383.37120031046845
390.3105114590505
396.08640690327167
400.35912814655603
403.27281518077467
402.83009954714845
399.67961104202317
394.59352847173085
389.18827872089133
386.1201559254063
378.3263005949963
369.5440566375205
0.0
697.8434837271037
656.4032355630801
630.3653752131854
617.2589314995906
623.9717369466616
660.2229454033426
722.8208855096879
756.6320097625827
781.125512945339
814.3703728887652
852.8454555057358
888.4171468578838
921.3016567659428
954.4023768288799
981.1815284541563
1001.5258589580886
1020.6964782110275
1026.8121321518245
1012.068670014818
980.6255599140841
960.0547237086406
926.9848908425093
855.3370182223568
775.2054775092472
0.0
76.89868663200183
75.93088953258943
75.35432955396875
74.98368386058713
74.82924815501144
75.28225955803343
76.1779866615105
76.63099807567066
77.14578376092291
77.94884944105459
79.12256082570605
80.43011647738493
81.62441927830832
83.0967063604061
84.33219202728783
85.23821484446997
85.86625338047772
85.76329624342728
85.0940748414612
84.01302489129328
82.85990494519007
82.21127497063407
80.55366504184548
78.67984512525096
0.0
40.410676804657406
37.80586120386651
36.251208412128385
35.427551304586615
35.581987010162294
37.6205383571757
41.21374248478908
42.97430955062812
44.03476807338592
45.620308006239185
47.586789346179124
49.61504496834934
51.56093488087918
53.58919051418754
55.349757580026576
56.811748937281145
58.06782603157296
58.582611716825234
58.00605174934269
56.49258181242474
55.349757580026576
53.25972766448794
49.12085071050716
44.467188048997826
0.0
7.690898234570687
7.412913961193022
7.2275911122745775
7.134929687815356
7.176112542635536
7.443801102308157
7.9276996531281725
8.205683926505838
8.45278105876837
8.730765332146035
9.049932461457697
9.317621021130318
9.564718152279033
9.863293854180606
10.079503844214184
10.264826693132628
10.398670973525846
10.378079546115755
10.264826693132628
10.017729560870098
9.842702425656698
9.554422438573988
8.946975322179615
8.308641064670107
0.0
166.09045560603806
155.3829132414095
149.0201620603101
145.63287219565944
146.24031935994785
154.6313260852505
169.4159711884584
176.6229708933716
181.00894493172083
187.5055403352951
195.608267188238
203.927203973296
211.9578607746128
220.25620602087926
227.50438858061258
233.51708549574047
238.695829545069
240.7755637134881
238.41784533072354
232.209529799509
227.51468435000834
218.93835466663342
201.88865254831558
182.77980768898863
0.0
107.05483245277641
101.25834557000705
97.24301716934865
94.7617501330183
94.02045874625503
97.03710289524774
103.85286545709289
106.22087963152957
109.4846209205815
116.05328633122926
123.65152315693413
130.8791142892574
137.15949976071647
143.23397084669315
147.96999926239545
150.87339052721825
152.24272050567996
149.95707195177843
144.95335509112644
139.32159963877598
137.62280682175276
134.24581272649792
125.8856930866197
116.0121034764091
0.0
71.94644828418433
68.05466844798647
65.3571914238502
63.68928578135656
63.195091523514385
65.22334714568458
69.80493980012047
71.39047973297374
73.58346677442466
78.00032800957982
83.10700207411115
87.9665790097214
92.18782167334254
96.2649243562312
99.44629993564278
101.40248556187767
102.31880409276485
100.7847427284368
97.41804430233442
93.63951732803021
92.49669309563204
90.22134033340261
84.61017629732405
77.96944086846469
0.0
427.26182844767453
401.89318954429854
385.9554245061256
377.92476770480886
382.0327575288126
404.2303166110346
442.56125923613473
463.25564400603866
478.2564990413617
498.6008295452941
522.1677186059778
543.9431533706022
564.0815696004337
584.3435343947258
600.7343108359207
613.192124530407
624.9395340349358
628.676878165558
619.6475371905425
600.4048479973594
587.8131899690168
567.5512251747248
523.6914842343245
474.62211204779004
0.0
123.5073831650635
118.87431188641168
116.00180781839477
114.01473501763033
113.78822931611931
116.75339486317233
124.06335170513596
128.10956724690948
130.57024287810603
133.94723697336087
137.9419740022999
141.90582383443305
145.6843508198754
149.93648052436836
154.30186324668904
158.5025144383475
161.7765515079334
161.99276144004858
160.18071582796063
156.17568314100726
153.2002218245584
149.6379048826128
140.93802663477732
131.46596991475423
0.0
82.04654355135334
78.97842082269727
77.06341805128255
75.74556668589861
75.59113098032293
77.56790803396792
82.41718924473497
85.11466626887128
86.7413890565447
88.98585467765902
91.64214884697515
94.27785158888116
96.77971005262161
99.61103135492351
102.5144226531607
105.3045611006424
107.47695672582141
107.62109671769204
106.4164982030636
103.74990832004242
101.7731312552593
99.41541279452763
93.62922161432517
87.3385404625755
0.0
133.94723697336087
125.30913311913717
120.17157192462886
117.44320773710112
117.92710622554752
124.70168595484877
136.62412253667264
142.44120094709544
145.97263080361668
151.20285336577967
157.74063162417414
164.4534370712451
170.92944104740934
177.62165506707024
183.4593247935216
188.31890177368444
192.4886658799185
194.16686715815015
192.27245583642184
187.25844320637404
183.4799162209317
176.56119661114127
162.8061228784379
147.4037349529272
0.0
140.24821387223002
131.20857712781884
125.83421446240375
122.97200605240116
123.48679173765343
130.57024287810603
143.05894376939813
149.14371062477062
152.83987190057258
158.32748736105245
165.1741370305983
172.19581388882065
178.97039361812188
185.9920704763442
192.09742875912679
197.18351132941913
201.5591897097541
203.3094611509933
201.32238835022883
196.08187001867006
192.11802018653685
184.86983762680356
170.47642964438734
154.34304610150923
0.0
196.13334853150457
185.52876330392647
178.16732794912838
173.62691814951265
172.2678839404467
177.7966822557467
190.28538314703883
194.6198786725536
200.5913926214799
212.63737787914576
226.5468872617341
239.78717519780378
251.30807900082166
262.42744991365197
271.1067367340774
276.4193250058807
278.9314792612932
274.7514193856633
265.5676426493815
255.25133740554472
252.15232752463533
245.95430776281665
230.63428565832783
212.5447164001096
0.0
301.83944253347255
298.07121120604455
295.77526710551024
294.3544585028325
293.73671568052976
295.49728277978323
299.0184168669087
300.809871162968
302.83812670717117
305.99891087031085
310.5907992941425
315.71806471925504
320.41291028013717
326.1991013823726
331.03808693512536
334.600403877071
337.04048808085753
336.66984238747585
334.03413967898433
329.7820098631098
325.26219149090423
322.69855872265725
316.1813718916728
308.8508236222991
0.0
910.347017272393
856.2842239946025
822.3289597498374
805.2277790073034
813.9791357679734
861.2673494278444
942.9329515386966
987.0397896080179
1018.9976853940043
1062.3529363071666
1112.5445413432417
1158.9473235130974
1201.8495630232376
1245.0297873046306
1279.9631434046323
1306.495198680658
1331.5137835408254
1339.4929608268744
1320.2605678486125
1279.2424440021866
1252.4118139754573
1209.2624768908702
1115.8082825320503
1011.2553085764287
0.0
50.0268735276893
48.15305361109477
46.989637940148356
46.17627654631164
46.08361512296623
47.288213648732814
50.25337922920029
51.89039773057878
52.88908197110631
54.258411905015485
55.87483897898388
57.48097033924723
59.00473598987023
60.73441591459413
62.49498298043317
64.20407147774696
65.52192284313091
65.61458426647631
64.88358859341811
63.25686580574466
62.05226727997806
60.61086735013359
57.089733218455514
53.249431950782906
0.0
982.911208356604
919.5410897780711
881.879368488108
861.8336137373126
865.3959306792581
915.0624542606854
1002.5657260979891
1045.231164248604
1071.1763631194624
1109.5999671122172
1157.5574018844623
1206.8018017051993
1254.2959296391712
1303.4579628592162
1346.2984279757443
1381.9318934987411
1412.5616420497047
1424.8753163092276
1410.9246239604377
1374.1895165697842
1346.4116806594277
1295.6229243398413
1194.745520009849
1081.6676955519758
0.0
161.52945437901224
155.47557460906418
151.7176390510319
149.11282342796474
148.81424778620914
152.7060275667163
162.26044999637975
167.55244695215447
170.77500539752438
175.19186663267956
180.42208919484253
185.59053758615673
190.5324802759599
196.1024614460801
201.8062868386752
207.31449372656513
211.5872149698497
211.86519929557662
209.49718514341623
204.25666681185743
200.36488691996885
195.7112243252884
184.33446051414117
171.93842099050377
0.0
33.24485997684073
31.45340576988656
30.197328675594743
29.435445850283244
29.198644435067205
30.135554393364476
32.25647145001824
32.98746712307645
34.006742802152225
36.04529413802749
38.40301260989729
40.64747821987344
42.60366384610833
44.487779476407916
45.96006655850568
46.85579366198276
47.277917935027766
46.577809391946545
45.02315660020841
43.27288524807443
42.74780383797898
41.69764102892621
39.09282542813531
36.02470271061739
0.0
265.0013784512948
250.66974475110885
240.72408520065363
234.5878397210652
232.7552026815671
240.2092995154014
257.09427021443855
262.9525313683
271.0140752550412
287.29159890117137
306.08127657995124
323.9855229914786
339.5320507974784
354.56379302960744
366.2803153373304
373.4667236148335
376.8540134794841
371.2119623691193
358.8159228454819
344.8652306080733
340.685170843825
332.30445977653665
311.6100748952513
287.16805033671085
0.0
250.91684188002992
234.7422754823316
225.1260787704379
220.0091088919582
220.92542746739792
233.59945120538083
255.94115016809198
266.8340154907928
273.45415945882763
283.265974786808
295.5075784377975
308.07864503873003
320.20699600603626
332.7574711795587
343.6915192456982
352.78263450294384
360.60737703015974
363.7475697658893
360.1852528239436
350.80585747157517
343.72240633112256
330.74980695138413
305.00022669661223
276.1310450221394
0.0
195.06259430617985
187.75263746421624
183.21222766460053
180.06173927085666
179.71168500488514
184.40653045438577
195.93773002679941
202.33136829332324
206.21285241581606
211.5460321150295
217.86760044130875
224.11709871596193
230.07831711825543
236.80141822334068
243.69954651710242
250.34028191254737
255.50873019248013
255.83819303104156
252.98628039043476
246.64412063674538
241.94927507586328
236.32781539290855
222.59333308761524
207.623365249098
0.0
75.19989384839307
72.40975540091138
70.6183011939572
69.70198266307003
70.11381121127182
72.79069680799805
77.46495089691746
80.23449791698907
82.63339924367908
85.31028484040529
88.44018184015349
91.09647600946961
93.4336030539293
96.33699435216651
98.49909426364047
100.28025275688957
101.60839983597856
101.39218984817263
100.33173132541481
97.92253428501978
96.17226293288577
93.40271591281417
87.40031474480577
81.15081644787624
0.0
19.18091487753855
17.945429210656826
17.20413781275542
16.8129006919637
16.884970687899017
17.85276778731142
19.561856284625225
20.39580910587204
20.900299088557407
21.651886200163855
22.58879615846112
23.546297544168475
24.472911788760698
25.430413174468054
26.26436599571487
26.96447453879609
27.561625933688713
27.798427348904756
27.53073879257358
26.810038822082266
26.274661709419913
25.27597746889237
23.309496117814287
21.106213362658313
0.0
225.97032729425155
212.5550121695054
204.1228224780011
199.87069266212671
202.05338396759626
213.79049781411084
234.06275837779864
245.0071021019525
252.93480176621878
263.7041184130776
276.1619322189453
287.6828360219632
298.32860410436143
309.04644223838574
317.71543317803383
324.30469006064425
330.5130054804773
332.4897826232275
327.7228671221008
317.5404061007388
310.87907927788376
300.17153691325524
276.96499788793886
251.0197990170804
0.0
47.08229936349375
44.53925804493314
42.76839526538907
41.67704960151612
41.35788247665972
42.686029555748696
45.682082288469466
46.72194938381718
48.15305361109477
51.04614919562692
54.381960480614175
57.5633360488876
60.33288306895922
62.99947295198038
65.07920715381395
66.35587566437772
66.96332278411354
65.95434282988096
63.75106006358682
61.280088740961524
60.52850164049322
59.04591884469041
55.370349007436666
51.025557768216835
0.0
163.72244145387765
156.89638310036045
152.55159191683134
150.430674893592
151.64556911078736
157.94654589827508
166.11104703344816
170.44554255896293
176.66415374819178
185.26107474759525
194.6713571853881
203.25798252677734
210.43409503488462
217.36311052545227
221.80056318801752
224.51863160614946
224.66277159802007
221.39903029783002
214.42883206382365
208.0146023698897
205.0494367114552
198.7278684965574
187.3819917708346
175.24334514551404
0.0
83.48794349233599
78.53570513338032
75.41610383619901
73.85115534189399
74.65422102202567
78.98871653640232
86.47370050021355
90.51991604198706
93.45419448133941
97.42834001603947
102.03052410902357
106.2929496274649
110.2259123184829
114.17946643691103
117.39172911288514
119.8215176586573
122.11746175919168
122.84845748794062
121.07759473067284
117.31965917264058
114.85898354144403
110.90542943415406
102.3290998064699
92.74379022455312
0.0
38.69129259363855
37.239596938950875
36.34386983547379
35.715831288327884
35.64376129239257
36.58067125068983
38.866319726624326
40.13269252348304
40.90487106249958
41.965329596395534
43.211110965844156
44.45689233529278
45.64089943364928
46.96904651273825
48.33837645778558
49.656227823169516
50.67550349110714
50.74757348704245
50.18130923326497
48.92523213897315
47.98832218067589
46.876385089392855
44.14802092414142
41.18285534367394
0.0
232.30219127854514
218.50593469102157
209.836943639992
205.4715610290528
207.70573095873837
219.77230753243285
240.62112806360318
251.87434331028985
260.0285485646857
271.0861453066673
283.894013267125
295.73408425069005
306.6887237442396
317.70513752001955
326.6212256999701
333.3958054292715
339.77914792639956
341.80740358198415
336.9066438583826
326.43590285327934
319.58925318373355
308.57283929657217
284.7279661329244
258.05177153331704
0.0
41.965329596395534
39.26785256112108
37.651425498290834
36.796881249633934
36.951316955209606
39.072234000725224
42.809578120209245
44.63191947941669
45.733560856994686
47.38087507207822
49.42972212165852
51.53004773976405
53.558303373072405
55.65862899117793
57.491266052952284
59.00473598987023
60.31229164154912
60.83737305164458
60.24022164561381
58.67527314017063
57.491266052952284
55.31887043891144
51.01526205451179
46.186572260016675
0.0
8.22627535391593
7.7938553727349555
7.526166813062334
7.402618247487977
7.4746882445371075
7.7938553727349555
8.463076772473414
8.833722470310303
9.194072454442145
9.616196721918074
10.038320989394006
10.429558114640981
10.769316671362734
11.160553801064971
11.366468075165876
11.510608067036511
11.644452345202101
11.520903780741557
11.314989506640652
10.975230947691268
10.831090954706822
10.470740970574978
9.729449573787386
8.895496753654388
0.0
146.1167707954873
136.69619258829871
131.0953242213726
128.11986301630526
128.64494435957184
136.02697114178
149.04075348772017
155.3829132414095
159.23351016709645
164.9476313290873
172.0825609823744
179.40281359373375
186.45537753738049
193.76533437934413
200.13838121845788
205.43037817423257
209.99137940125837
211.81372067136067
209.74428227233727
204.27725823926752
200.14867698785363
192.60191867498327
177.6113594090559
160.7984586502633
0.0
77.0737137649876
72.90394966989169
70.01085407422137
68.2193998672672
67.6943184683099
69.8564183686457
74.76747387278118
76.47656237009497
78.8239851171216
83.54971777456625
89.01674181877415
94.22637302035594
98.74619139256156
103.11157405919147
106.52975105381908
108.60948524451452
109.597873771337
107.96085526995853
104.34705971493506
100.30084418429969
99.075654231123
96.64586576331787
90.62287317903751
83.5188306334511
0.0
676.1401190141054
632.5480666300365
606.6440506139982
592.8477940264746
595.2981738882754
629.4696481765372
689.6583912759021
719.0114713274398
736.8539434567368
763.2830408160416
796.2808037419284
830.1537022770532
862.822002252997
896.6434221639058
926.1097551218897
950.6238498434377
971.6888803067233
980.1622528530477
970.5666474571825
945.2906700328426
926.1921208315301
891.2484680710805
821.8553569194054
744.0712388196645
0.0
20.838524806327133
20.056050553605548
19.57215199833027
19.242689159768826
19.201506304948644
19.70599627649586
20.93118622967254
21.620999047910573
22.032827607250532
22.599091872166163
23.278608976699154
23.947830378665245
24.5861646395162
25.296568896302464
26.037860283065726
26.748264539851995
27.304233091062585
27.335120232177722
27.026248821026368
26.357027419060277
25.852537436374913
25.255386041482282
23.783098959384517
22.187263312826207
0.0
143.99585366086652
136.21229398847083
130.80704423763135
127.47123299719667
126.47254871211653
130.52906002328587
139.7025409901719
142.88391658072163
147.26989073045237
156.113908858777
166.32725696556335
176.04641081450754
184.4991919334219
192.66369295721353
199.03673990770875
202.93881534623014
204.78174815512403
201.71362547102052
194.96993293852518
187.40258319824468
185.12723041373897
180.56622918671314
169.32330970942226
156.04183891853242
0.0
679.0435102789281
670.5701377326037
665.401689452671
662.2100182041071
660.7995053708252
664.7633552029583
672.6807590978287
676.7269746396023
681.287975866628
688.3920184344908
698.7289151057377
710.2498189087555
720.8132212815135
733.8475950548636
744.7198688387731
752.740229870694
758.2278453311737
757.393892576756
751.4635613712683
741.8988432835905
731.7369736896386
725.971373903432
711.3102774760661
694.8062481284247
0.0
184.32416474474542
174.34761810886582
167.43919404570823
163.16647280242373
161.8898043029981
167.07884412172237
178.81595785685548
182.90335625344915
188.50422462037523
199.82950980730652
212.89477066608114
225.34228870255305
236.16308397362786
246.6132334399395
254.76743880571684
259.76086000835454
262.1288742718964
258.1959115251876
249.56810332897825
239.86954090744413
236.96614964262136
231.13877557418428
216.74536770314955
199.73684843965185
0.0
233.2288055119992
218.19706327987024
209.26038367250948
204.5037639407785
205.34801246459222
217.13660482394127
237.90305953408975
248.02374627322146
254.18058318021997
263.2922898648758
274.6793494454188
286.3649845563359
297.6284955724183
309.2935393673068
319.46570461927297
327.9184856268059
335.1872596139494
338.11124230618213
334.7960224931576
326.075552817912
319.4862960466831
307.4403107890172
283.5027761463333
256.67214589684096
0.0
402.50063670858697
397.47632830914347
394.40820562503995
392.5137941919302
391.6798414375122
394.0375599316583
398.7221097231446
401.12101096072945
403.8287837208471
408.0397306819014
414.1656803920939
420.99173874561114
427.25153267827875
434.9836138378399
441.41843495918397
446.17505480229636
449.4285003330907
448.93430607524846
445.4234676461373
439.75052933896666
433.7275367658244
430.309359704368
421.61977722592826
411.83884909475375
0.0
78.83428083082664
74.65422102202567
72.14206684458019
70.98894688733883
71.67875971671499
74.74688244537109
81.14052073417122
84.65135915214424
88.0798318604769
92.16723024593246
96.19285436029588
99.98167704830512
103.19393976883181
106.97246674313602
108.91835665566587
110.34946088294346
111.58494658323963
110.4421223062889
108.49623239375902
105.1913082498869
103.86316117079791
100.372914180235
93.21739306612338
85.248510558175
0.0
303.44557387145966
285.4177788954717
274.10278947793626
268.3989639739597
271.3229466661926
287.0856846270706
314.3075519973546
329.0098312795407
339.655599361939
354.11078162658544
370.84131667573763
386.30547877209716
400.6062252754772
414.99963325789344
426.6440856253718
435.4881037536964
443.8276319661646
446.48392621344766
440.0799921775281
426.407284154465
417.4603088890899
403.0771966760695
371.9223665590767
337.0816709356776
0.0
106.7562567553301
99.87871991125468
95.78102581209407
93.60863018691508
93.98957159400177
99.3845256534125
108.88746951455074
113.53083641780245
116.34156631497054
120.52162619060037
125.72096166733898
131.0747327939625
136.23288541588093
141.57636099587162
146.23002359055207
150.0909162856348
153.42672752606944
154.75487464971104
153.24140467937863
149.2569634198354
146.24031935994785
140.72181670266212
129.7671772091125
117.48439059192131
0.0
443.8585191629704
425.33652992914034
413.57882476659717
407.82352074978616
411.1181491354006
428.1987384505244
450.3345231391346
462.08193264366344
478.9257204878804
502.23521653886576
527.7479954341125
551.0163087416591
570.4855036363533
589.2854770845289
601.300575145389
608.6517147307914
609.0532476209787
600.2195251506686
581.3268902234568
563.9374296085632
555.8861813798362
538.7438178938636
507.9905206670584
475.07512345081204
0.0
415.68944613182214
400.3076496337216
390.3825815106765
385.3479774532187
387.6233301263429
402.40797522955074
428.22962553594886
443.549647751819
456.8105271152988
471.57458079109665
488.88167569634993
503.5942508593133
516.5050759568214
532.5766852174694
544.509417568689
554.3418243240794
561.6826682514675
560.5089568890924
554.6301043078207
541.3074505507292
531.6294795566051
516.3506401955551
483.13666744893465
448.58425180927696
0.0
1297.3217179365347
1281.1265596659005
1271.2529706125974
1265.1476117729076
1262.4604301060556
1270.0380760612577
1285.152183557501
1292.894560486458
1301.615030495848
1315.1641892861614
1334.9319595998484
1356.94419583538
1377.1134997075433
1402.0188318840271
1422.7852863714124
1438.1053081417567
1448.5863450276374
1447.000805228442
1435.6755201528922
1417.400628047983
1397.993206878612
1386.9664976675806
1358.9621563898575
1327.4366802453387
0.0
251.63754183938303
236.69846108629017
227.30877007590746
222.58303742960095
225.00253009459584
238.07808672276624
260.64629149836986
272.84671229453926
281.6701391068352
293.65434997088937
307.53297226805336
320.36143165592125
332.2220940668963
344.1548263067345
353.81220598482986
361.14275414282207
368.061473863994
370.26475659687367
364.9521683250703
353.6165873687433
346.193377731715
334.27094103850953
308.4389950740973
279.5389263142002
0.0
479.31695760867217
448.40922462060047
430.0416711480368
420.27103878625803
422.01101434671995
446.22653331513084
488.90226712376005
509.7099048001102
522.3530414526687
541.091240618614
564.4831023792398
588.4927070735498
611.6580632440459
635.6264850835356
656.5267841275406
673.895653315024
688.8347341794985
694.8371353252305
688.0316683991235
670.1171263295819
656.5782626403751
631.8067752432733
582.6138544922782
527.4700112197669
0.0
368.9160181572035
353.5239260010886
343.7429977585327
338.96578659939166
341.7044464449337
355.891940153249
374.3006764806329
384.0610131843972
398.0631840460217
417.42942169228405
438.63859225882175
457.9842384776739
474.16910064476804
489.787698502394
499.7745410190508
505.8901949598477
506.2196577984091
498.8788138710211
483.1778503037549
468.7226680391084
462.0304540194475
447.78118614028335
422.2169286208208
394.861217028062
0.0
425.42919140817645
400.163509641851
384.297814655304
376.30834070880746
380.39573910540116
402.50063670858697
440.6668478030249
461.27886697466994
476.207651958367
496.4696168640405
519.9232529068967
541.6163219618807
561.6620768240574
581.841675908709
598.1603824096595
610.5667175913111
622.2626484716241
625.9896968328504
617.0015387126552
597.8309195710981
585.2907400555898
565.121436740334
521.4470186466247
472.5938565035869
0.0
443.77615345333
415.16436467717415
398.1661411830722
389.11620866926523
390.72234000725234
413.14640479098523
452.65105877846054
471.9143392876724
483.6308617067768
500.9791394668503
522.6310256670142
544.8594718346606
566.3054437607235
588.5030028429455
607.8486490617978
623.9305540918414
637.7679935341852
643.3276789349096
637.0267021474219
620.4403070901403
607.9001276860138
584.9612772170284
539.4233349983967
488.3668900110977
0.0
67.59136133125945
63.93638291027764
61.39334160285517
59.828393097412004
59.36508596954681
61.26979302725648
65.57340141165614
67.06627992116398
69.12542268444933
73.27459536327332
78.06210229181008
82.63339924367908
86.59724906467407
90.42725460750351
93.42330734022426
95.25594440199862
96.12078436436057
94.67938442337793
91.5186002825146
87.95628329601635
86.8958247621204
84.75431628919469
79.47261509167758
73.24370822215818
0.0
11.119370941789533
10.697246674313604
10.439853828346028
10.264826693132628
10.244235265722539
10.51192382539516
11.170849514770017
11.5311994944466
11.747409482252552
12.056280904542056
12.416630884218641
12.766685150190181
13.10644371359482
13.497680834386541
13.888917966316408
14.269859373403081
14.558139357144348
14.578730795692588
14.413999365273714
14.053649385597131
13.785960829265957
13.466793693271402
12.684319440549816
11.829775191892914
0.0
793.1714980916233
760.0810739094634
739.0572261896166
728.7718081425857
734.6609563818716
765.1774522491515
804.7335847494613
825.7368410418981
855.8312124801992
897.4773750297052
943.0770915305673
984.6614797978432
1019.4609924550406
1053.045611006424
1074.522470129293
1087.6598009283123
1088.359909460255
1072.5971716107588
1038.8272302126843
1007.7547659167133
993.3613579342973
962.7419050413482
907.7730888461319
848.9536757252288
0.0
1115.0155126324526
1068.4994775561509
1038.9404831191307
1024.4853008544842
1032.763054784722
1075.6652942948622
1131.2724452966984
1160.8005519800054
1203.095344771383
1261.6573652167324
1325.7481838659999
1384.2175427209318
1433.1324783665293
1480.3383265395228
1510.5356554490188
1529.0061657244885
1529.9945549084616
1507.8278826889011
1460.3543458481952
1416.669632541997
1396.4385542762222
1353.3921748855928
1276.1228426938671
1193.4379649819064
0.0
748.9205200304316
717.6730285457841
697.8228922996938
688.1140341087638
693.6737196208697
722.4811269017308
759.8339767805423
779.6635215992225
808.0796917592917
847.4093185580905
890.4556981714828
929.7235506880513
962.5771736220673
994.2879721677513
1014.5705283894532
1026.9768635711048
1027.635789248228
1012.748187119351
980.8623613849908
951.5298726494818
937.9395303360589
909.0291659181473
857.1284725184162
801.5830963557174
0.0
258.1650244397632
248.48705344563925
242.48465218852562
238.31488808229156
237.84128525185946
244.04960078307397
259.3181443747283
267.781221151657
272.92907800417964
279.98164205920784
288.3417616990861
296.6195156293239
304.5163280967843
313.41182484932494
322.53382730337654
331.3160712608523
338.16272093039817
338.6054365640243
334.826909578582
326.43590285327934
320.21729166405055
312.78378625762645
294.60155563175357
274.7823065824693
0.0
140.61885956561167
133.01032708189248
127.73892155352786
124.48547602273354
123.5073831650635
127.47123299719667
136.4285040319675
139.53780957089117
143.81053081417568
152.4486347797809
162.4251814156605
171.91782956309365
180.17499206592146
188.14387458500792
194.37278154363253
198.1821956144993
199.98394556857295
196.97759705531823
190.3986359421036
183.00631339049963
180.78243923020986
176.33469079824886
165.3594598772891
152.3868604975506
0.0
201.42534548727926
190.5324802759599
182.97542630507522
178.30117217160318
176.91125087711282
182.58418918428353
195.41264857215134
199.87069266212671
205.99664237231937
218.36179469915092
232.65224554451672
246.25288351595367
258.0723629607271
269.50060539609024
278.40639780664515
283.86312618170064
286.44735026597624
282.15403759528164
272.7231637300787
262.1288742718964
258.9474986813467
252.57445184223295
236.85289673617518
218.26913333149625
0.0
272.40399666091304
257.67083018192113
247.44718630573894
241.13591374885547
239.25179808514144
246.92210485109084
264.27038272254583
270.3036710650838
278.591720653336
295.3222555911067
314.63701483591603
333.03545539390416
349.0246990562931
364.46826972524246
376.51425498290837
383.89628176511644
387.3865287668176
381.57974612579056
368.83365244756305
354.5020187473772
350.2087060766825
341.59119364986896
320.32024880110106
295.1884113686319
0.0
35.92174557356694
34.573007055929715
33.739054234682904
33.152198553495325
33.0904242601269
33.95526422248885
36.07618127914262
37.26018836636097
37.97059262314724
38.94868543626469
40.11210109607295
41.265221053314306
42.3668624308923
43.60234808663588
44.86872089463273
46.09391083667127
47.05141222237862
47.113186504608905
46.577809391946545
45.41439372100013
44.54955375863819
43.51998237699551
40.98723677213993
38.22798546577337
0.0
13.878622252611361
13.363836556220951
13.034373717659502
12.869642298378778
12.941712294314097
13.435906552156268
14.300746514518217
14.805236497203584
15.247952186520529
15.742146455500848
16.318706422983382
16.8129006919637
17.245320678713746
17.780697791376102
18.182230637011013
18.511693475572464
18.748494890788503
18.71760774967337
18.511693475572464
18.068977775117368
17.74981065026097
17.235024965008705
16.133383576292566
14.98026363018935
0.0
354.0593031137509
333.03545539390416
319.8260545432588
313.1750233784182
316.58290467047885
334.9710495704527
366.73332685173386
383.89628176511644
396.3232083741784
413.1772918764097
432.7082610533341
450.7566474567322
467.43570377028703
484.22801310166955
497.8183553037107
508.134660658929
517.8641101658875
520.9734158161926
513.4884317855524
497.5403710893653
487.10051728106794
470.31850371908115
433.9746338947455
393.3065642029094
0.0
44.75546804387724
43.077266687678566
42.03739959233085
41.31669962183954
41.234333912199176
42.31538386236707
44.96138231797815
46.423373686370866
47.319100789847944
48.544290731886484
49.99598638657417
51.4270906027136
52.79642054776091
54.34077762579399
55.91602183380407
57.43978748442706
58.634090285350446
58.70616029242391
58.047234604162874
56.595538949475205
55.514488999307304
54.227524763900355
51.07703633674206
47.63826791470435
0.0
115.14726352518528
108.31090954706822
104.0175968763736
101.85549696489966
102.9571383536158
108.93894808307599
119.27584477659917
124.85612171611518
128.8920414884929
134.37965694897275
140.73211236067644
146.60066928393374
152.02651046218327
157.48323883723873
161.91039573040823
165.26679850963444
168.4275826727741
169.4365626158685
167.00677407009633
161.81773436275353
158.42014872870715
152.96342046503315
141.14394090887822
127.91394863082287
0.0
109.71112662209252
102.63797121762126
98.43731998141018
96.19285436029588
96.59438719479266
102.14377695977907
111.90411365240527
116.67102915353199
119.56412476034042
123.85743743103505
129.21120866904005
134.6988241295199
140.00111674330896
145.4887322037888
150.2762391323256
154.25038462247306
157.66856168392957
159.04818732040562
157.48323883723873
153.38554467124925
150.28653490172135
144.61359648316923
133.36038134786403
120.7378361227156
0.0
62.546461548958376
59.16946740915095
56.8220446509862
55.370349007436666
54.937929020686624
56.69849608652565
60.682937346068904
62.06256299368311
63.96727005139278
67.8075713190654
72.24502398163065
76.47656237009497
80.14183649364367
83.69385776643686
86.45310907280344
88.15190185641221
88.95496753654388
87.61652473261172
84.69254200696442
81.39791357679735
80.4198207636799
78.43274799632987
73.55257963330953
67.7869798916553
0.0
451.3743902790349
427.41626409755946
413.0125604571289
406.4644865407202
410.40774483406176
427.94134555220745
464.54260827486
484.6501373078856
504.3149508186665
527.6656297244721
550.7280287579179
572.4622806677221
590.8401297983
612.4920159984639
623.62168268069
631.8067752432733
638.85933918692
632.3112651591298
621.1610070494935
602.2374850368573
594.6495439805483
574.6655634006019
533.7092137250244
488.0683143693421
0.0
488.222750019227
459.23001989167517
441.0169020689965
431.8434211021104
436.538266551611
461.8966097969726
505.69457645514257
529.3541267720994
546.4861946000578
569.7442122495902
596.6572082087229
621.5522441702852
644.5528689215006
667.718225091997
686.4461284885465
700.6748050516819
714.1004158344425
718.3731370777269
708.0568318338902
686.0651871371506
671.6717791547343
648.5270144116481
598.4074795385806
542.3370219212337
0.0
868.05222481516
812.0950201042594
778.8295687334231
761.131236707378
764.2714294431075
808.141466041522
885.4107983446293
923.0931110620022
946.0113699921959
979.9357471515367
1022.2923137796187
1065.7814090266372
1107.726147217899
1151.1431721905287
1188.9902164385637
1220.4436220859307
1247.5007585938415
1258.3730318208432
1246.049062571595
1213.6072677402547
1189.0828780289812
1144.224452357975
1055.1356409442392
955.2672167801038
0.0
1023.764600895131
981.0476842316816
953.9081825710379
940.6370074381623
948.2352441524857
987.6266453448962
1038.6933859902097
1065.791704796033
1104.6271373369896
1158.4016511879465
1217.2416552907337
1270.9235075512731
1315.8334115123507
1359.1783656536838
1386.915019377509
1403.861764247395
1404.7677868306762
1384.4131608914925
1340.8314041654378
1300.7193029022926
1282.145834932865
1242.6205904090314
1171.6831213105477
1095.762527781255
0.0
79.46231937797255
75.16900670727792
72.18324969940038
70.35061263762601
69.79464408641543
72.03910970752973
77.09430519239768
78.85487225823671
81.2743650123368
86.15453337535713
91.78628883884576
97.15035574600323
101.81431411007947
106.32383676858004
109.8449709002581
111.99677513144144
113.00575507453588
111.31725798235586
107.60050529028193
103.42044547034283
102.16436838718916
99.65221420974366
93.44389876763437
86.11335052053694
0.0
1149.7223644789026
1101.7546331575913
1071.279320256513
1056.3711265888444
1064.906273417399
1109.1469557091953
1166.4940822714934
1196.9282115380813
1240.5511515644823
1300.9252171763933
1367.0134041730585
1427.294809308367
1477.7335114733633
1526.4116456480544
1557.556180441177
1576.6032513524183
1577.6122305158424
1554.755746090642
1505.8099221344235
1460.7661743963968
1439.8967622150533
1395.5222355894011
1315.8437065020762
1230.5849009207614
0.0
1.6061313580357248
1.5031742198714575
1.4516956502324168
1.4208085091172808
1.4311042228223265
1.5134699335765032
1.6576099276747662
1.7399756384289429
1.791454206954169
1.8738199177083459
1.9561856284625223
2.0385513392166996
2.110621336265831
2.1929870470200075
2.254761330364094
2.2959441851842746
2.337127040004456
2.357718468528361
2.3268313262994105
2.254761330364094
2.203282760725053
2.1312127636759213
1.966481342167568
1.781158493249124
0.0
88.48136469497366
82.7775392355497
79.39024938203723
77.57820374767297
77.89737087252938
82.37600638991479
90.25222747451774
94.09252874219035
96.42965577551192
99.88901562495973
104.20291972306441
108.63007667192463
112.91309359549973
117.34025060005068
121.1908475257376
124.4031103130932
127.16236158604531
128.2640030081759
127.0079258247789
123.7030017811501
121.20114329513338
116.62984629871181
107.54902672175673
97.36656573380918
0.0
1537.7575229306842
1473.5946337842647
1432.833902502011
1412.9014012145694
1424.3193478805365
1483.478518941108
1560.1815877144174
1600.8908395927847
1659.2263546707673
1739.9859334186683
1828.3746375256576
1909.0106674863348
1976.4681850183695
2041.5782789346013
2083.2347378104105
2108.696037301771
2110.0550717336
2079.4870975762483
2014.0166534018858
1953.7661354633835
1925.8647518796183
1866.4996654311306
1759.9390269131904
1645.9037012478202
0.0
311.65125775007147
298.6477711735271
290.39060867069935
286.3443931289258
288.6609287682517
300.6554354017016
316.19166754968717
324.44883005251495
336.2683096086698
352.6384945110732
370.55303658061484
386.89233450897547
400.56504242065705
413.764147613288
422.1963371934108
427.3647855847249
427.6324741410561
421.44475014863326
408.17357501575765
395.96285833881103
390.3105114590505
378.2748219707803
356.68471005284675
333.5708325065665
0.0
336.42274525855476
314.7399719729665
301.84973819148695
294.98249709453097
296.20768708112206
313.205910575224
343.1561421330358
357.7554643895529
366.64066537269775
379.78829194111273
396.2099554677321
413.0640390813449
429.32097118868353
446.1441676054905
460.80526414423787
473.0056850517887
483.48672171490625
487.7079643339748
482.9307531748338
470.3493908045055
460.846446999058
443.45698627278296
408.93545782993107
370.2338695114492
0.0
97.09887717747802
93.05266163570448
90.47873317602873
89.22265609287507
89.9433560633664
93.6807001828504
98.51968569105055
101.09361415072631
104.76918398798007
109.87585804137325
115.45613493633665
120.5422176180105
124.80464309189922
128.912632915903
131.54833562439458
133.15446707376313
133.2368327834035
131.3115342648693
127.17265724405964
123.37353883120717
121.61297184333517
117.86533194331724
111.13193513566506
103.93523116673323
0.0
64.64678716706392
60.80648591052945
58.39728887013441
57.182394641800926
57.81043317780869
61.16683589020602
66.96332278411354
70.09321978386174
72.36857254609117
75.44699097731416
79.00930797495056
82.30393639397948
85.35146769522545
88.41959041274339
90.90085744907374
92.78497307937332
94.55583585891739
95.12210012383304
93.76306589249077
90.8493788805485
88.94467182283884
85.87654909418278
79.23581367646155
71.81260399488059
0.0
93.79395303360589
90.27281890192782
88.09012757418193
86.58695335096903
86.41192621798326
88.66668754166447
94.2160773066509
97.28420002416884
99.15801994076335
101.72165268673406
104.75888827427501
107.76523670956266
110.62744515297967
113.86029925636389
117.17551918076995
120.36719042933396
122.85875314595492
123.01318890722133
121.64385892875958
118.59632767206618
116.34156631497054
113.6337935548529
107.03424102536631
99.83753705643448
0.0
107.30192959283563
102.8335897780171
99.98167704830512
98.59175568698586
99.39482136711754
103.52340260739331
108.86687808714065
111.70849514770018
115.7855977748981
121.41735322724857
127.58448579226142
133.2162413559934
137.92138257488983
142.46179237450554
145.3754792973426
147.14634216599185
147.2390035336465
145.10779074101143
140.53649385597132
136.33584255293138
134.38995271836853
130.2510756975589
122.80727463312043
114.85898354144403
0.0
612.9759145982919
587.401361420815
571.1547249714905
563.2064338798142
567.7571394488256
591.3446198255381
621.9228898636668
638.1489348855811
661.4069524237319
693.5913539112294
728.833582424816
760.9665052880973
787.8589098198199
813.8144043486927
830.4213908333843
840.5729646579406
841.1083417706029
828.9285122904622
802.8288776583372
778.808977306013
767.6896063931825
744.0300559648442
701.5499406609201
656.0943641519287
0.0
298.3388997623757
280.6199763089206
269.4903096266945
263.8894412597684
266.7516497811525
282.24669907431775
309.0155550415799
323.47073730622634
333.9414781999481
348.14956333567346
364.60211405909877
379.80888336852274
393.8625327429818
408.0191392544912
419.4679731172645
428.1575555957042
436.363239474316
438.9680550973832
432.667078198514
419.2311716463577
410.43863203086767
396.2923211773725
365.66257251502776
331.408732628507
0.0
358.59971291336666
339.5732336522986
328.1243999009068
322.9250644241682
326.05496139050194
339.98506231188185
369.060158149074
385.0391060420673
400.65770389969316
419.21058021894765
437.5369508366911
454.80286299850576
469.40218514364136
486.59602725382985
495.44004549353605
501.9469365551246
507.5478049220507
502.34846944531205
493.4941555475917
478.4624133154627
472.4291250843062
456.5531343283634
424.0083829168802
387.74687869080344
0.0
223.89059301445099
210.59882645416533
202.24900258368288
198.03805562262866
200.1898598426738
211.82401644075645
231.91095415775342
242.7523407448568
250.61826612689288
261.2743299786869
273.61889087810835
285.03683754407575
295.5899441474379
306.20482514441176
314.79145048580096
321.3189330861812
327.47576999317965
329.43195559713826
324.7062229508318
314.61642340850597
308.01687075649977
297.41228552892164
274.4219565471019
248.7135591471502
0.0
678.5287245936761
650.2258072286714
632.2391952188851
623.4363598339993
628.4812596608529
654.5808941815962
688.4229055199152
706.3889262136729
732.1282108104305
767.7719721028229
806.7721360630603
842.3438274152082
872.1190317843436
900.8440734669458
919.2219225975236
930.4648420748147
931.0619934697072
917.5746084047165
888.684835414215
862.1013022936439
849.7876284796467
823.5953324798671
776.5748073763273
726.2493582291588
0.0
446.52510906826785
420.0136458879411
403.355180890415
394.9641741651123
399.25748683580696
422.4537300917276
462.51435261927537
484.1456473920291
499.82601953188527
521.0866686112574
545.71401612787
568.467543638783
589.51198278604
610.6902661557717
627.82233398373
640.8464119876845
653.1189028354798
657.031274043397
647.5901045201798
627.4722797177585
614.3143573799476
593.1463697796117
547.3098516964614
496.02690111903286
0.0
313.133840523598
294.53978134952325
282.8644418966205
276.97529354595315
279.99193771722213
296.2591655939566
324.34587291546444
339.52175513946406
350.5072818298196
365.42577115550245
382.69168320593553
398.6500396715186
413.41409334731645
428.2605127327547
440.2756106822332
449.4079089056805
458.004829905084
460.7537855200219
454.133641551987
440.02851355331217
430.8035539622101
415.9571346881533
383.81391605547617
347.85098758253645
0.0
121.04670753386696
114.49863350607669
109.95822376215176
107.15778958982683
106.31354105487499
109.7317180495026
117.43291196770534
120.10979764239858
123.79566314880479
131.2291685552289
139.81579389661815
147.99059068980557
155.09463325766825
161.96187435462414
167.31564548124769
170.5999782088479
172.14433537598615
169.57040683834336
163.89746853117268
157.5347173500732
155.61971460093483
151.78970910265798
142.33824381004496
131.17768993101294
0.0
1017.6077639881323
957.1719237598464
919.2116269395093
900.1027819688011
909.8837102113571
962.7419050413482
1054.0339995221084
1103.3401730681683
1139.056004412187
1187.5282254265917
1243.6295695724557
1295.499376666433
1343.4671064284034
1391.733413168707
1430.7747597610019
1460.4367113350722
1488.3998704262642
1497.3159586062152
1475.8185086128433
1429.9716948716787
1399.9802802362838
1351.7448606927856
1247.2742521126602
1130.417901003489
0.0
375.6082321768644
359.93815569502254
349.98220037517154
345.11232773699436
347.9024662067524
362.34735270200315
381.0855518679485
391.03121141840364
405.28047940894925
425.00706709057886
446.5971790085124
466.2928796047177
482.7660217555531
498.67289959692016
508.84506484888635
515.0636760381152
515.3931388766766
507.9287463848281
491.93950272243916
477.22692767085726
470.4111650867358
455.9045043092548
429.87693972875604
402.02703387815495
0.0
879.4083971988971
842.7247687666043
819.4152727156188
808.0076218190472
814.535104308046
848.3771157577463
892.2368566981465
915.5154656637075
948.8838741715944
995.0704464093345
1045.6121056
1091.7266078974958
1130.304647205991
1167.5442447352636
1191.3582311476314
1205.9266663187243
1206.6988440112416
1189.2167218059303
1151.7815072199119
1117.3217529479086
1101.3633960367995
1067.4184275614302
1006.4780974172878
941.2650459184795
0.0
64.77033573152445
60.93003447498998
58.51054172088992
57.295647492556434
57.91339032599728
61.280088740961524
67.08687134857409
70.22706407316548
72.50241682425677
75.59113098032293
79.16374368052622
82.45837209955516
85.51619911450618
88.58432183202412
91.0758845820595
92.96000021235908
94.74115870560821
95.30742297052383
93.9380930254765
91.02440601353429
89.10940324211955
86.04128051346349
79.39024938203723
71.95674399788939
0.0
537.6421764717331
502.97650792562916
482.3747846347614
471.40984937181594
473.36603497577454
500.52612806382837
548.3909016911819
571.7312849389731
585.9187786472885
606.9323305977395
633.1761051103535
660.1096924968963
686.0857785645607
712.9781830962831
736.4112277117293
755.9010140338336
772.652140510396
779.3958330428914
771.7564133623661
751.659179987355
736.4730019939597
708.6848704255887
653.5101399562715
591.6534912366893
0.0
607.4985947958262
571.4224135278217
548.7615473845634
537.343600718596
543.1915662144432
574.7479291102421
629.2431424750263
658.6785883475858
680.0010117091881
708.9319675545098
742.4342203962528
773.3934318971592
802.0258119893438
830.8435150396006
854.1530112019675
871.8616389974082
888.5509910803587
893.8738751215578
881.04541573369
853.6691126021395
835.7648663019937
806.9677546791468
744.6066159323268
674.8428589758882
0.0
95.77073008725087
90.68464746126779
87.62682044631676
86.24719479870257
87.08114761994936
90.79790031202329
98.56086854587073
102.8335897780171
107.00335388425115
111.95559227662127
116.85635200022281
121.45853608206876
125.36061163197165
129.9525000558033
132.32051420796373
134.05019411041133
135.55336831134792
134.16344701685756
131.79543275331568
127.78010440834802
126.17397307036097
121.93213891250086
113.2425564340612
103.55428974850841
0.0
74.49978530531185
71.39047973297374
69.42399839303378
68.45620129362139
69.0018741199888
71.87437827711086
75.59113098032293
77.55761232026286
80.38893362256475
84.30130487503455
88.58432183202412
92.48639738192699
95.76043437354582
98.91092281184227
100.92888272030744
102.16436838718916
102.22614266941942
100.7435598736166
97.57248001904824
94.65879299596784
93.31005448946877
90.42725460750351
85.2691019855851
79.74030364800876
0.0
659.5125411020036
623.8378927241866
599.0972923011277
583.8184530514592
579.2574518244334
597.8309195710981
639.8271362751941
654.4161627623155
674.4928047099168
714.9858472130763
761.7592751876952
806.2985332326281
845.0104173205058
882.4044499427561
911.5825029169986
929.4558621317202
937.8983474812387
923.8344024487654
892.9781480849097
858.2815924533813
847.8726257305084
827.0135095413236
775.5246445784128
714.676975801925
0.0
196.06127859125996
185.44639759428608
178.09525789750228
173.5548480978866
172.19581388882065
177.72461220412066
190.20301743739847
194.54780862092755
200.50902691183947
212.5447164001096
226.45422578269793
239.6945138301491
251.20512186377118
262.31419711858723
270.9934838276311
276.30607221081596
278.81822635484696
274.6381665905986
265.4646855123311
255.14838026849426
252.0493703875849
245.85135062576614
230.54162417929166
212.46235069046926
0.0
1190.3080675700467
1119.6279921495498
1075.222578661236
1052.8602881597333
1064.3091220225065
1126.1348834339012
1232.9220273192086
1290.5883201710021
1332.368327834035
1389.0668237089358
1454.6917038673273
1515.3643453437573
1571.4656894896211
1627.9273838936151
1673.5991705574847
1708.2957263003946
1741.0052097994476
1751.4347672814417
1726.2823386443254
1672.6622607773977
1637.5744686933667
1581.1539564759037
1458.9541292298345
1322.25793619601
0.0
154.82694470133706
145.63287219565944
139.85697675143834
136.95358548661557
138.43616826014207
146.47712071947313
160.3660386746514
167.8716141327016
173.30775096896554
180.67948209315938
189.21462881033264
197.11144138917456
204.4111024617424
211.75194638913038
217.69257336401373
222.20209596682355
226.45422578269793
227.81325999176394
224.54951869157384
217.56902479955318
213.00802357252738
205.6671795337579
189.77059735040507
171.98989961471972
0.0
878.4817829654431
841.829041729956
818.5401369949992
807.1530775258378
813.680560126218
847.4813886097165
891.2896509259008
914.5476685754331
947.8748942284999
994.0099879534057
1044.5104642892509
1090.5734879625306
1129.1103448617316
1166.3087590906582
1190.1021532959455
1204.6499973737727
1205.4324711698303
1187.960645068059
1150.566612668572
1116.1480405831
1100.19998044382
1066.2961947118895
1005.4176388499774
940.2663617447806
0.0
744.1639002987005
699.9746965197389
672.2174520367926
658.2358726025782
665.3913936832753
704.0415034889226
770.809207701502
806.8647975420963
832.9850234902499
868.4228705085416
909.451290235745
947.390995628672
982.458196953582
1017.751903980003
1046.3122142433244
1068.005283186927
1088.4525709392913
1094.9697577702755
1079.2482027755993
1045.7253585064461
1023.7851923225411
988.5120767235302
912.1178800296609
826.6634552753521
0.0
378.56310195452164
358.0849272281144
343.8871377504033
335.1151895623233
332.5000782812418
343.1561421330358
367.2687039643962
375.6391192622888
387.16002306530663
410.40774483406176
437.25896662234567
462.82322403042673
485.04137442867733
506.5079377821504
523.2590642587127
533.5135952203193
538.3628764310863
530.2910367749494
512.5824089795085
492.6602026817923
486.688688732866
474.71477352682626
445.1557790898061
410.23271775676665
0.0
27.92197592450345
26.871813104312537
26.223183140894687
25.77017172673455
25.71869315820932
26.38791456017541
28.045524488963988
28.961843019851166
29.517811559923615
30.279694385235107
31.185717202417237
32.081444305894316
32.925692840846175
33.89348994025858
34.88187847821922
35.82908415022153
36.57037553698479
36.62185410551002
36.21002555730821
35.30400274012608
34.62448562445494
33.82141994432326
31.854938604383324
29.713430131457617
0.0
91.83776740737099
88.44018184015349
86.24719479870257
85.13525769628136
85.63974767896673
88.90348896801866
94.6073144274426
97.9946042809551
100.92888272030744
104.18232829565432
108.01233383848374
111.25548370012558
114.10739638528499
117.65941766921634
120.2951204890894
122.46751602516319
124.09423890194184
123.83684600362494
122.53958607678926
119.59501195714631
117.45350339511542
114.07650929986058
106.73566532792
99.10654137223813
0.0
7.423209674898066
7.1452254015204
6.970198266307003
6.87753684184778
6.918719696667961
7.186408256340582
7.63941966604546
7.917403939423128
8.154205356866798
8.42189391653942
8.730765332146035
8.98815817811361
9.214663881852236
9.502943870048762
9.719153860082343
9.894180995295741
10.02802527568896
10.007433847165052
9.904476709000786
9.657379576738254
9.492648156343718
9.214663881852236
8.627808193981767
8.01006536388235
0.0
10.666359533198467
10.275122406837673
10.017729560870098
9.883885281590697
9.94565956493478
10.326600976476715
10.985526661396314
11.376763788870923
11.716522341137416
12.097463759362238
12.540179448679186
12.921120866904008
13.250583705465454
13.662412253667265
13.97128367595677
14.2286765185829
14.413999365273714
14.38311222415858
14.2286765185829
13.888917966316408
13.641820826257174
13.250583705465454
12.396039456808548
11.510608067036511
0.0
3.099009864202137
2.934278442693784
2.8416170182345617
2.7901384497093358
2.8210255908244712
2.944574156398829
3.19167128866136
3.3255155690545775
3.4696555620390255
3.624091269842334
3.788822691350687
3.9329626854489503
4.056511251023309
4.210946958826616
4.283016955875748
4.34479123810602
4.385974094040015
4.34479123810602
4.272721241056888
4.138876961777485
4.087398392138444
3.9535541128590412
3.66527412577633
3.356402710169713
