0.0
85.33316362866225
80.431519764432
77.36180339951453
75.57113552816253
75.58763937934684
78.12098056291997
82.24694341256047
84.71426920032347
89.50863801400143
96.47326330305192
103.94950797881607
110.95539294046299
117.11958140243877
122.52459270993626
125.91613417294776
127.40973274976356
126.88986139282211
126.08942465501868
122.582356233717
117.61469693796809
114.00860540956052
107.92693620350632
99.9060644386599
92.16575814394679
0.0
87.18159497915934
83.29493798061846
80.42326783883985
78.5995922561921
77.95594205107685
79.36702134518968
82.61828007313458
84.15313825112976
88.20483377044087
93.96467792303666
100.53321078366372
107.06048397169432
112.97711466590543
118.28310295556834
121.93870603752886
124.15022209622651
124.94240695307344
123.42405264411683
120.74217678203065
116.2366253194425
111.79708935086285
106.88719357889471
99.7740336291854
92.77640063776629
0.0
133.11181337857863
130.84253379610024
128.9858505825009
127.67379436871254
126.91461721423424
127.20343456532406
128.2431772792069
128.58150618384965
130.30615867724578
133.68944817002952
136.97371464497868
140.13420219140988
143.3607051425783
146.57895612351894
148.92250308096237
150.21805535429513
150.7791862945617
150.05301684245202
148.60067793823265
146.45517728427225
143.9135841126171
141.8506027145782
138.5168247753474
136.11551438339453
0.0
212.32204816429876
202.8900970785581
196.42058732503696
193.15282479054338
193.88724612360954
199.77086920472334
206.87577718420485
210.04451670086382
220.4006834529259
236.22787691722266
253.2433476667898
268.50941019081995
280.92030645996437
291.3012290334386
297.53968487037935
300.1637972086848
299.2395815423634
293.8263182646381
283.73421313152505
274.0712081292041
267.2633694710401
257.0887450820056
242.0042249210028
226.33381799832134
0.0
29.665672878738306
28.122562775150975
26.975545099987112
26.19986408539737
25.878038987303306
26.38140644842479
27.602691453918055
27.7429741889847
29.055030375991674
31.497600386978203
34.17122430561797
36.64680201897312
38.7592949973463
40.52520709192183
41.68047669267786
42.14258453476568
42.20859993950293
41.57320165997983
40.26114547297286
38.751043071754154
37.87633895005854
36.589038539828024
34.34451475198036
31.901944740993827
0.0
579.6647724667985
544.5858362835535
519.8878226737826
504.39895820339996
501.5272880080585
516.4467696572182
544.2640112300951
556.683159380196
583.1718408881002
627.5176895559714
682.0134068807365
734.5369139443405
781.8617077956155
823.2451151312672
852.4899397869513
869.835487649476
879.0941482531457
874.5638410584168
852.093847358528
815.1169683783585
782.4310907061099
744.5134921191635
687.3606547537244
629.46514399572
0.0
40.731505240652844
38.272431378482004
36.531275060682944
35.442020864664165
35.24397465045244
36.2919692095833
38.24767560170554
39.122379723401146
40.97906300841751
44.09829091796079
47.927184446283704
51.61579523061285
54.941321288887146
57.85425105862654
59.90898055785463
61.122013628828604
61.77391575953602
61.460342587034106
59.87597285548601
57.276616258248524
54.9825809168479
52.317208914873184
48.30677302352286
44.230321736362406
0.0
166.77967024092936
155.58180707846748
147.7424776766485
142.87384148800547
141.56178536348844
146.29013877242912
154.2367431623105
157.22394031594206
162.94252479594144
174.2146553333684
188.15215779242592
202.37022581088797
216.05191862122436
229.0404495925483
239.34710479105743
246.08892813375536
249.74453121571594
250.44594484641345
246.5675398181004
237.44916190486165
228.0089589381645
216.51402645438506
199.66359412738973
181.99622121140663
0.0
181.95496162808152
171.5162756200979
164.9724984916117
161.15185689780807
161.16836074899234
166.58162402671763
175.38642876745445
180.65115738452093
190.8670413568807
205.7122557203466
221.6549761429335
236.59921352423402
249.74453121571594
261.27247140186404
268.50115830986346
271.678149707479
270.58064355908664
268.8642430359184
261.39625024111064
250.792525721284
243.10173098012385
230.13795574094067
213.03171376522414
196.5278624023706
0.0
1028.9738744349843
966.6965915892661
922.8623617724809
895.3751977589179
890.2755075644233
916.747685488957
966.1354608275423
988.1763539502824
1035.195826242198
1113.9109459387455
1210.6647750690158
1303.8785270936316
1387.8913827525287
1461.3665294748791
1513.2711418958936
1544.0590770390315
1560.4969129971478
1552.4512853216181
1512.5614762056966
1446.9339114802922
1388.9063696449996
1321.5954117417104
1220.1462377083094
1117.3767546874506
0.0
43.372121456923985
40.74800909183716
38.89957773241295
37.74430813165692
37.52975806626088
38.64376803905613
40.72325331506069
41.65572091590138
43.63618308480009
46.9534572085551
51.02990850464267
54.95782514007144
58.506153189333936
61.600625322100754
63.787385630803335
65.082937966626
65.7760997252942
65.4377707670887
63.754377928434714
60.98998281935413
58.54741281729472
55.70875037788472
51.43425286758542
47.10199187814103
0.0
322.6833024621266
317.1875199284798
312.6819684658916
309.50497706827605
307.67304958681757
308.3744633067864
310.88304868680166
311.716493216245
315.8837156849192
324.086129812793
332.05749002408646
339.7070251819215
347.5381026135127
355.34442431296304
361.00524535845295
364.1657329048841
365.5190487019977
363.7531366252764
360.22956435279036
355.0391031106889
348.88316652966967
343.8824995315522
335.7873603917407
329.9780047748633
0.0
761.6857494996171
715.5822406359812
683.1274168803129
662.7864199832003
659.0152899429495
678.6053615665404
715.1696443563734
731.4837013859717
766.2903239800401
824.5571713450556
896.1756344967214
965.1782369232244
1027.3647496140486
1081.7531910580383
1120.1741571507418
1142.9659762611743
1155.1293144947404
1149.1796767230596
1119.6542857938007
1071.0669480857316
1028.1156747090279
978.2905468230664
903.1980230417388
827.1152682786236
0.0
68.7055333462179
67.53375989427758
66.5765365166604
65.89987860917654
65.50378618075305
65.65232084141186
66.18869601382909
66.3702383768565
67.25319442414427
69.00260267646263
70.70249936630091
72.3281287258098
73.99501772220657
75.6536547840841
76.8666878639852
77.53509384587691
77.82391124160236
77.44432265543608
76.6933974176228
75.58763937934684
74.28383511793204
73.21933669868972
71.49468423207496
70.25689537539738
0.0
42.645951995887174
39.782533779700714
37.77731583402555
36.531275060682944
36.19294610247744
37.40597918237855
39.43595290483018
40.203381993827776
41.663972841493546
44.54389490886432
48.10872680931112
51.747826040087325
55.246642535796894
58.563916668479024
61.19628095915801
62.92093343469989
63.861652961132734
64.03494340749515
63.044712318582214
60.71766927481299
58.29985504060292
55.36216949408707
51.054664281419136
46.53260900335518
0.0
8.020871776451667
7.666038971525419
7.401977349898305
7.228686909784901
7.170923429747101
7.302954241007014
7.600023565895462
7.7403063027475305
8.111642959750805
8.6480181294899
9.250408704858952
9.844547356421273
10.389174454430664
10.88428998995999
11.21436702257334
11.420665162377226
11.494932492706624
11.354649757639983
11.107091989875316
10.694495701340415
10.281899421732643
9.836295430829118
9.176141374529552
8.53249117030701
0.0
175.2874056603486
163.52015958739233
155.27648578692208
150.1602919197857
148.78222030126008
153.74987959700897
162.10082838554158
165.24481208078845
171.25221400114893
183.1019792407555
197.7491473900096
212.6933848605814
227.0682394206588
240.7169245286265
251.55170296503354
258.64010709333076
262.48550450854646
263.2116739606562
259.1434745990879
249.56298885268845
239.644174112375
227.55510298596036
209.8464704866521
191.27963763648845
0.0
102.73647496140485
97.39747896937334
93.40354698277011
90.72167112068392
89.60766112110731
91.35706934664427
95.59030730932692
96.06066702344417
100.61573003958526
109.06570193522376
118.32436253889347
126.90636524400644
134.2258233781553
140.33224840562158
144.3261803922248
145.9353059273308
146.15810796295463
143.95484378521348
139.40803273930018
134.19281567578665
131.14785508764564
126.69181517861041
118.93500503271297
110.47678125611797
0.0
69.05211423001556
65.46252655279228
62.78065069963325
60.973478968169815
60.22255373035654
61.402579107889025
64.24949347289117
64.56306664539308
67.62453108471841
73.30185596353839
79.5320598570328
85.29190400070148
90.21005173397029
94.31951067886371
97.0096385111777
98.0823888381579
98.23092349881671
96.75382877318522
93.70061630408769
90.19354788278596
88.14707029129579
85.1516212567077
79.93640421997556
74.25082741556339
0.0
466.34932880697903
438.1277429247221
418.25710583099783
405.7966980083006
403.48615884249705
415.48445883203374
437.8719331867296
447.8567633317803
469.1714873594961
504.8445621853763
548.6952953177181
590.9451548851819
629.0195400137437
662.316060269083
685.8423003554965
699.7963067550095
707.2477956093617
703.6004444976289
685.5204753020381
655.7722831405968
629.4733959659479
598.9660266500282
552.9945485958667
506.4124280478859
0.0
119.51263982416386
114.2974228499216
110.60056009536467
107.75364572143538
106.43333762669053
107.54734762626714
111.88786048774091
113.84356689771741
117.51567383086221
124.2905048759288
132.22060541462585
141.00890630417834
149.13705314635843
156.80309206610647
162.7527305519575
166.6641432826392
168.80964393659963
167.60486280014493
163.91625201581576
158.09039245848274
151.9674635798321
145.51445776676653
136.27230092500983
127.09615957726167
0.0
79.40002904755832
75.93422025421737
73.47514640097366
71.58545541358866
70.71075129189306
71.44517267852203
74.33334667148496
75.62889900730761
78.07146900936702
82.56876851958165
87.84174903545889
93.68411245290339
99.08087187944435
104.17231001443992
108.12498241771802
110.72433902388264
112.1519221066899
111.34323339865867
108.90066342338064
105.02225830579629
100.9623109144558
96.67130951726365
90.5318767874287
84.43370372126304
0.0
141.35548717904888
131.86577265879882
125.22297242320673
121.08875765690117
119.98299962755237
123.9851835843834
130.72700683781005
133.26034803923744
138.10422849573965
147.65995842072695
159.46846407700832
171.5245275010544
183.11848309193977
194.12655201041775
202.8653413464173
208.5756738561889
211.67839796811063
212.26428472978932
208.98001825484013
201.25621581131134
193.2518478976493
183.5063236394067
169.2304921864352
154.25324701349479
0.0
148.01479117655398
138.07947267432752
131.11484738527702
126.79083828571628
125.62731682185799
129.82754699290075
136.88294341882934
139.53181157854686
144.60674586235814
154.61633173954965
166.97771645514112
179.5949108194537
191.7417454696492
203.26968565579728
212.4128193904481
218.39546548939646
221.64672417270572
222.25736666652526
218.82456562018854
210.72942648037713
202.3537219597037
192.1460898683004
177.19360051677216
161.51494162386288
0.0
188.22642516739094
178.44789320677978
171.13668704285877
166.21853930066283
164.17206175380824
167.38206085379235
175.1388709996898
175.98881929104616
184.33976816885007
199.8286326392328
216.79459192451833
232.51451031148142
245.92388962191228
257.11350081414633
264.4329589482952
267.3788964293303
267.78324073871033
263.75630104973845
255.41360414216234
245.86612609813153
240.28782430856313
232.1266698532857
217.90860183482366
202.40323351325662
0.0
269.68118371417734
265.09311299566764
261.3302348363734
258.67311479569935
257.1382566355585
257.72414330796585
259.8201324976447
260.5132942473857
264.0038588175031
270.85295714826344
277.5205131159964
283.90750361359596
290.4595326230387
296.97855384084147
301.71515922001004
304.35577549877104
305.4862892602607
304.0091945346293
301.0632571428654
296.72274419212033
291.5817945035718
287.39806818371335
280.6397409898311
275.7793567714159
0.0
993.6226248411052
933.4908426493475
891.1584636474196
864.612018705006
859.6938709628101
885.250084834165
932.9462154709939
954.2279321534262
999.6300264936516
1075.6467661198433
1169.0668169537978
1259.0870742652414
1340.2117564132407
1411.1618129224073
1461.284009772601
1491.0156986184859
1506.8841515768368
1499.1190892821685
1460.5990999038165
1397.2243104633496
1341.185483008216
1276.1933165087719
1178.2347070454882
1078.9887966542008
0.0
48.40579613062872
46.29330315225554
44.799704602221134
43.644435010392236
43.108059837975006
43.56191575447068
45.31957592345406
46.111760789228114
47.59710741367035
50.34499867156664
53.55499777155076
57.11157774640541
60.40409609338396
63.51507208626221
65.92463438595298
67.50900411750109
68.37545632253168
67.88859270366738
66.39499415363298
64.02669147297584
61.55111376854783
58.943505245718185
55.197130982243955
51.4755124955462
0.0
1037.3083197294177
967.6785704222833
918.9014374882463
888.6003667138514
880.4474640502591
909.8655796343708
959.2863621396966
977.8779509898151
1013.460254321732
1083.5686146883127
1170.2303387747413
1258.6744784319903
1343.7518326261825
1424.5381846197408
1488.6473955718163
1530.5836820560498
1553.3342408689869
1557.658250236361
1533.5791310906375
1476.8471415286776
1418.151194300684
1346.6235025537098
1241.8405502239932
1131.9579076105101
0.0
156.30797653057718
149.49188590218546
144.65625741591109
140.93463892921332
139.20173455486065
140.66232542930783
146.33965032598206
148.89774725955024
153.70036804345602
162.5546842484745
172.92735485172082
184.4222874247716
195.05901964696696
205.08510928607146
212.86667525338106
217.9828692097887
220.78852391112156
219.2041541974277
214.38502956233762
206.76025022591466
198.76413428248043
190.32241426779842
178.23334314138373
166.22679118161932
0.0
31.910196666585982
30.251559604708476
29.013770748030897
28.18032625429607
27.833745370498413
28.370120542915643
29.690428655514772
29.83071139058142
31.250042610286417
33.87415498430036
36.745825126078984
39.41119712805372
41.688728618270005
43.586671531247156
44.8244603789976
45.327827849046216
45.39384325378346
44.708933420707424
43.29785412659458
41.68047669267786
40.731505240652844
39.34518172331647
36.935619414698564
34.31150704068461
0.0
254.31609799377003
241.09651310586565
231.21895803814863
224.58440977278434
221.82001465477663
226.1440236650661
236.62396934564615
237.77923892854787
249.05962134693138
269.9865049164514
292.91035447927317
314.1425593403387
332.2637881192547
347.3895679528539
357.27537490152736
361.25280312621766
361.79743021529987
356.35115923520596
345.09553263823466
332.18952083356095
324.6472607530596
313.6226879833973
294.4204569072733
273.46881760561234
0.0
264.81254752553434
247.02964765126112
234.57749179879156
226.84543738503496
224.76595213581174
232.2752045139446
244.89239887825718
249.6372561383822
258.72262634925227
276.6210531818157
298.74446600683405
321.3217346947852
343.04080312115235
363.66236539912705
380.02593407154956
390.73693366870987
396.54628937485865
397.6437954339797
391.4961108231882
377.0139811857772
362.0284841318803
343.77522454348974
317.0224814166366
288.9741859271794
0.0
188.7545484052889
180.51912657504647
174.67676316652907
170.17946367416874
168.09172645471773
169.85763853143902
176.70673686219934
179.8012090038933
185.60231273981424
196.29680848579028
208.81497974299705
222.70297064850166
235.5429670484381
247.64854211530837
257.0474854094091
263.2281778118405
266.6114673046242
264.7052724482006
258.8794129801389
249.67026384075086
240.01551080865764
229.82438256843872
215.218474091781
200.72809257341336
0.0
78.37679026520391
74.87797376949435
72.30337294903332
70.66123973834013
70.08360493796211
71.34614957141616
74.27558319233987
75.6536547840841
79.29275401486031
84.47496334922383
90.3750902458134
96.24220938647159
101.56470143804749
106.33431451958465
109.61858090526252
111.60729501760764
112.316960618533
110.95539294046299
108.5458305782823
104.49413506789834
100.50845496225162
96.08542284485627
89.69843234725664
83.40221301331648
0.0
20.24197373644409
18.880405995884185
17.93143453493205
17.337295892296854
17.180509297118768
17.749892171904627
18.715367475113943
19.07845221009591
19.7716139687641
21.141433634916165
22.833078399162293
24.557730874704177
26.21636793658168
27.792485742537625
29.046778450399522
29.86371909295004
30.309323083853567
30.39184233977512
29.921482572095126
28.815724533819164
27.668706858655298
26.27413141572677
24.227653842090827
22.082153161349016
0.0
246.64180710379415
231.71407357367795
221.20937216095714
214.616083478918
213.394798491279
219.74052940555345
231.58204276420352
236.86327514318296
248.13540568060995
266.99930785209125
290.18721903386194
312.53343380523273
332.67638448813375
350.2859938803361
362.72164588162127
370.10711942050733
374.04328797260115
372.12058926499327
362.5566073697782
346.82843701258736
332.9156902856706
316.7831755298285
292.4647504972968
267.8327522922632
0.0
45.187545113979574
42.83574629343388
41.08633804111553
39.906312663583044
39.41119712805372
40.178626217051296
42.0435614187327
42.249859567463716
44.25507751313887
47.96844407424447
52.04489537033204
55.816025410582746
59.034276427231895
61.724404205983085
63.48206438389359
64.18347806815393
64.28250117525978
63.317025863123355
61.32005985196747
59.02602450163974
57.68096062119126
55.72525422906902
52.30895698928102
48.58733850258326
0.0
153.14748898414595
146.33965032598206
141.6773123217786
139.31726151315084
139.8453847510488
144.08687459468797
149.21132043205216
151.49710386571488
158.9650965712512
170.38576176933697
182.6563752587791
193.67269605821352
202.61778357865265
210.1105321056011
214.60783159796145
216.4975226032007
215.8373685558283
211.93420761683183
204.6477572743229
197.6831319852724
192.76498424307644
185.42902234701458
174.5529842380111
163.24784608748683
0.0
91.1260154300639
85.61372909879555
81.72707210025466
79.29275401486031
78.84715002395676
81.19069692783744
85.56421754524261
87.51167201177269
91.67889448937396
98.65177165938097
107.21727060258092
115.46919628400767
122.9124332574032
129.42320259424952
134.01952519371574
136.74266072839833
138.19499963261768
137.48533403169233
133.9535097889785
128.14415417210103
123.00320439428127
117.0370621465172
108.05896701298079
98.95709295092638
0.0
37.43898688474717
35.805105599646126
34.64983599889011
33.75862802601019
33.33777981188313
33.69261262127294
35.054180361832856
35.66482285565236
36.81184053081623
38.93258543478157
41.41641507372888
44.17255824829019
46.72240329197475
49.12371366607338
50.98864887668189
52.20993388217515
52.886591789659036
52.50700320349276
51.35173361166386
49.51980610342397
47.6053593392625
45.58363754240303
42.68721162384794
39.815541482069335
0.0
253.5486689583352
238.20833905933995
227.40656832530155
220.63173736950625
219.3774446794986
225.89646589730143
238.0680563689089
243.49782340854725
255.0835271184761
274.4838044088118
298.3236177569985
321.2969788733732
341.9928085263129
360.0975335433158
372.8880183896995
380.47979002375376
384.52323356390986
382.5427714217926
372.7147279076285
356.5409535684612
342.24036629407755
325.6539956753025
300.65891274421415
275.33375278943953
0.0
44.29633714109965
41.31739195769589
39.23790668169133
37.94235435479579
37.595773470998125
38.85006617886001
40.962559157233194
41.75474402300725
43.27309834981812
46.26854737547906
49.965410094327495
53.744792060170326
57.375639365354374
60.82494430751101
63.56458363981514
65.35525151116713
66.32897874889574
66.51052111192315
65.47903040397661
63.06121616976653
60.55263076296988
57.49941824923671
53.02687452472568
48.33152880029932
0.0
8.128146810935116
7.657787045933262
7.368969646636969
7.195679207416279
7.195679207416279
7.443236977859082
7.8310774860466665
8.070383330897313
8.524239243822143
9.184393300121707
9.902310835566361
10.570716817458083
11.156603543428252
11.668222930141889
11.99004803716308
12.130330772229723
12.08081921867679
12.00655188834739
11.676474864661174
11.197863171389027
10.859534213183524
10.281899421732643
9.514470323807926
8.780048940749811
0.0
154.2037354599419
143.84756870787984
136.60237794869604
132.09682657537917
130.88379346869667
135.25731412181037
142.6015279881
145.36592310610774
150.65540745531501
161.0775896121143
173.95884559537592
187.1124151678143
199.75436535353904
211.7691691049887
221.3001432978352
227.53034725381949
230.9136367466033
231.5572869427914
227.9759512357959
219.54248319134174
210.82019770652647
200.18346548433115
184.61208166875556
168.27326881774516
0.0
73.96201001983796
70.11661264033074
67.2449424985521
65.31399188320636
64.51355509184015
65.76784779970204
68.81280837891592
69.15113733712141
72.43540375850782
78.51707300027054
85.18462895907633
91.36532131687207
96.63004993393852
101.02832631919304
103.90824839549094
105.06351797839271
105.22030452000803
103.63593480631417
100.3599203015928
96.60529411252644
94.41853378596957
91.20853468598547
85.6219810243877
79.5320598570328
0.0
713.5605188212676
665.6580901785417
632.105760274481
611.2613959608825
605.6583384391733
625.8920601696811
659.889994055718
672.6804789021016
697.1556905655199
745.379944261704
804.9918555428768
865.8333036926449
924.3559606171104
979.9326805961688
1024.0309713177328
1052.8797037235358
1068.533606527219
1071.504299740395
1054.9344333298895
1015.9110761779665
975.5344037645577
926.3364227592277
854.2558519529439
778.6599606658592
0.0
20.167706406114693
19.2847503498998
18.66585592156101
18.178992311623837
17.956190311708514
18.145984609255216
18.880405995884185
19.2104830195704
19.82937744790919
20.976395123073054
22.313207086856504
23.798553711298737
25.168373377450806
26.45567377875419
27.462408718851414
28.122562775150975
28.485647501205815
28.27934936140193
27.66045493306314
26.678475778669515
25.64698506179582
24.557730874704177
22.99811691993253
21.446754881825917
0.0
138.19499963261768
131.00757239721463
125.6438206730423
122.03772914463471
120.53587868686242
122.88767743599111
128.58150618384965
129.20865252885346
135.3398333777319
146.70273505203693
159.16314278546292
170.69933494183888
180.54388230718726
188.7710522564732
194.14305586160208
196.3050603667468
196.59387780710787
193.63968835584492
187.51675956646557
180.51087460481867
176.40966754088174
170.4187694717056
159.98008346372197
148.60067793823265
0.0
606.6980810637849
596.3666700438637
587.9001942970409
581.9258000790489
578.4847470624846
579.7968032762728
584.5086528340294
586.0765186965389
593.9158480983579
609.3386972532747
624.3241943071715
638.7073008374767
653.436988153381
668.108912034776
678.7538962271992
684.6952827428225
687.2451277954343
683.9278536181165
677.2933053527522
667.5312772433253
655.9538255036242
646.5548821202522
631.3465831200027
620.4127815764899
0.0
176.88827922522677
167.69563402629427
160.83003184434966
156.2089534234713
154.2862547158634
157.2982076016358
164.584658033416
165.39334674144726
173.23267614326622
187.78907306637106
203.731793488958
218.50274047745887
231.1034310798585
241.6246363437636
248.5067423768926
251.27113749490027
251.65072607213946
247.8630921807044
240.03201465984193
231.05391952630555
225.81394664137986
218.13965575140398
204.7797880837974
190.21513919046475
0.0
246.1466915682648
229.6180843839992
218.04888461452592
210.85320540889506
208.92225482033072
215.90338396056555
227.62937036092538
232.04415059736422
240.4858705227749
257.12175278437417
277.6855516278394
298.67019863186897
318.8626608683229
338.0318842420783
353.24018324232776
363.19200568500986
368.58876511155086
369.6202557659346
363.9016712859352
350.44278051122274
336.51352993312173
319.53931876687966
294.6762666452658
268.60018141696935
0.0
359.6106698887431
353.4877410100924
348.47057025006194
344.93049412639164
342.89226846049354
343.66794946615613
346.46535228653244
347.3895679528539
352.03540210587306
361.1785358405239
370.065859747911
378.59009901851454
387.3123845033297
396.0181660476894
402.33088925959527
405.8462095618535
407.3563119898537
405.39235369892054
401.4561851468267
395.6715851728189
388.81423496110204
383.2441851417615
374.2248303356286
367.7470686118797
0.0
77.8899266463396
73.41738292182858
70.61998011037934
68.9860988252783
68.99435075087047
71.30488994345538
75.07601998370608
77.32879569714589
81.70231631455108
88.05629910085494
94.8806416191303
101.28413596791422
106.90369743007902
111.83834893418799
114.93282107588193
116.2943888432232
115.82402903983473
115.08960770676852
111.89611245796871
107.35755329301193
104.06503493710625
98.51148896894998
91.19203083480114
84.12838247435329
0.0
331.1992897625023
311.1553621867072
297.04456924557877
288.19850492151676
286.5563717733135
295.08061095464575
310.9738198236798
318.07047592220476
333.20450772603175
358.53791956176286
389.68068719291404
419.68468900307647
446.7262494810194
470.37626849595085
487.0864180432439
496.9969808133295
502.28646516253684
499.6953605266
486.8553641266635
465.7304343429317
447.0563265047057
425.38676963189147
392.73389966201154
359.65192956133944
0.0
112.66354149340354
105.10477756171785
99.80704133155403
96.51452297564835
95.63156689265209
98.8250621414519
104.18881386562421
106.21053568033796
110.07243685746671
117.68896431293315
127.10441145821815
136.7096530260297
145.95180977851513
154.72360681688332
161.6882321059338
166.24329503280362
168.71062082949373
169.18098063288227
166.56512017553334
160.40093171355755
154.03044506714227
146.25713107006052
134.8777255445712
122.94544095977183
0.0
415.1791375404882
396.7195797676583
384.0776295819335
377.6906390843339
379.1182222564125
390.62140671041976
404.5176495861522
410.7148457504965
430.9568194512321
461.9180447193558
495.18155718305536
525.0452763027868
549.2976859305811
569.5974231550974
581.8020212398023
586.9264670771665
585.1275472980766
574.5403266294343
554.8017203451845
535.9130624415625
522.5944543572809
502.70731341237246
473.2066790186957
442.5672789825731
0.0
433.26735870630694
413.94960067189277
399.6737691296499
390.62140671041976
387.4114076104356
394.42554445303904
410.58281494102204
418.21584624767274
438.3257891389339
466.97647515198275
499.5963374194942
532.0346573239781
561.4692763129174
587.8341788923037
605.9719116116753
616.9964842920662
620.9078971120192
613.3656370315177
600.0552808281928
577.6430506520848
555.6021571722592
531.1929609135782
495.84996320065557
461.05984445777165
0.0
1159.090238778975
1139.3598848220379
1123.1778584233716
1111.7736975228268
1105.1886606324729
1107.6972454768602
1116.7166006400782
1119.6955460912961
1134.6727912642364
1164.1404174199165
1192.7745996710523
1220.2535123392865
1248.3843268168514
1276.4243702468098
1296.7653675010076
1308.1035131753579
1312.9804010664147
1306.642922390182
1293.9679641450034
1275.3186123067321
1253.2034517197555
1235.255513333639
1206.1839794278399
1185.30660723333
0.0
274.66534677183927
258.0377164804678
246.33648590152004
239.0005239161869
237.63895623811686
244.70260463427329
257.889181819809
263.7728049009227
276.3239838604982
297.33338668593984
323.1619141464716
348.04147011926983
370.47020414656225
390.0767796213375
403.93176282447337
412.15068080353154
416.54070530782957
414.3952046538692
403.7419685804895
386.2231303251653
370.7342657655112
352.76982352821057
325.6952553478989
298.2576023522612
0.0
505.8430451373914
471.88637092395095
448.10432109954496
433.3251221408164
429.34769400539744
443.69779274406267
467.79341583024177
476.86228210065633
494.2160818441375
528.3955580932019
570.6619215118499
613.7864851920821
655.2771676050675
694.6718609176455
725.9384073880434
746.3866791839472
757.4772673583467
759.5897603099385
747.8472700583943
720.1785632354475
691.5608849247672
656.6799949557338
605.5840710642082
551.9960656438517
0.0
345.07902878705033
329.7386988880551
319.2339974753343
313.9197573047149
315.1080346792566
324.6720164852004
336.2164606118041
341.37391415153695
358.1913386868923
383.9208430403182
411.5730460120807
436.39483855036946
456.5542929951835
473.42948105431964
483.5710977409857
487.82909134653795
486.3354928589934
477.5389399992131
461.1341117434655
445.42244523745893
434.3566128844715
417.82800570020584
393.3115344534625
367.84609171898546
0.0
464.3523628136773
436.24630388971065
416.46643793286455
404.0637936339479
401.76150634910084
413.7102947850846
435.9904941517183
445.9423165944002
467.15801751501016
502.68255768023164
546.3434964793182
588.4118136837545
626.3211603897445
659.4773977761103
682.9046148446891
696.8008577204215
704.2193389616763
700.5884916118565
682.5827897019594
652.9666284392639
626.7750162526775
596.3996777462322
550.6262459062825
504.24217157251326
0.0
468.3380429193241
436.89820596685536
414.8820682191707
401.20037540883436
397.52001659473297
410.7973650064181
433.11057207542035
441.5110324175059
457.57753176861075
489.22366681624777
528.3542985098767
568.2853669413091
606.6980810637849
643.1715926274685
672.1193479618352
691.0492655380535
701.322913034194
703.2786193548992
692.402581335167
666.7886039400313
640.2916705511707
607.9936333371177
560.685343337027
511.07476605208933
0.0
64.8601359756378
61.493350289402734
58.96826102249465
57.276616258248524
56.57520257398818
57.68096062119126
60.35458453983103
60.643401944483585
63.52332401185437
68.86231993246886
74.70468333205908
80.11794658300296
84.73902497709993
88.60092619886434
91.1260154300639
92.13275044157815
92.27303313200916
90.88670963252703
88.01503947289416
84.72252112591562
82.79982243616199
79.98591577352848
75.0925238348904
69.74527598868374
0.0
10.76051110607766
10.290151347324798
9.951822389119293
9.696012695762477
9.5804857374723
9.679508844578166
10.06734934740947
10.248891710436892
10.578968743050236
11.189611245796872
11.899276855649369
12.691461721423423
13.42588310805239
14.11079294112842
14.647168113545654
15.002000914008342
15.191795202627915
15.084520169929895
14.754443146243675
14.226319899418598
13.673440875817054
13.09580608436617
12.26236158170421
11.437169013561537
0.0
741.9141355129989
708.9394404003892
686.3456678612536
674.9250026631679
677.4830996860073
698.0386465592449
722.8604390975337
733.9510271826618
770.1192175440714
825.4401274280519
884.8952520783379
938.2439514333439
981.5913170599284
1017.8750347367134
1039.684874121416
1048.8362597370233
1045.626260547768
1026.7045955666763
991.435864782362
957.6689850807195
933.870431315858
898.3293873887235
845.6243376942781
790.8645587505642
0.0
1042.9691407749078
996.6015702923227
964.8481598995384
948.798164845974
952.3795004636984
981.2859958576544
1016.1833902134997
1031.7630255529466
1082.6113916767076
1160.377539706979
1243.961295056541
1318.9630477902622
1379.8952667198232
1430.8921677720568
1461.5563238081343
1474.4210754938551
1469.9072726859383
1443.3113155650728
1393.7254945479035
1346.26041747057
1312.807111209243
1262.8417006328505
1188.7559123986648
1111.7736975228268
0.0
700.5224762071193
669.3797086652394
648.0567326672958
637.2714657844417
639.6810280573511
659.0978091988712
682.5332781484066
692.9967199778022
727.1514404054544
779.3861301179688
835.5239805909371
885.9019870005809
926.8232860567155
961.0770299485589
981.6738367622066
990.3136023662012
987.2851461648722
969.4197265883209
936.1149552554668
904.2377657556217
881.7677722342754
848.2071903599871
798.439826533434
746.7415120290456
0.0
249.81879850140967
238.91800466026535
231.18595033578
225.23631184992902
222.47191673192128
224.7989598381804
233.8760780788227
237.96078129157527
245.64332415177898
259.80362864646037
276.37349541405104
294.75053393095953
311.7412489483859
327.7582367459379
340.20214071745085
348.3797990239125
352.8605946650886
350.335505433889
342.62820684154457
330.440112608024
317.6578796425969
304.17423304647235
284.8482231311017
265.662495906162
0.0
134.95199283026497
127.93785598766151
122.69788319200715
119.17431091952113
117.70546816411745
120.00775535969318
125.56130141712073
126.18019579189678
132.1628419801164
143.26993391642895
155.4332724178087
166.69715098500782
176.31064443377588
184.33976816885007
189.58799284546097
191.70048588632403
191.98930323741388
189.10112928015943
183.12673506216757
176.27763673140728
172.2754527745762
166.42483748510236
156.2337092448834
145.11836533834307
0.0
193.3013594512022
183.25051390141425
175.7495134935093
170.69933494183888
168.60334584143138
171.88761222710926
179.8589724384027
180.73367664044247
189.30742737532765
205.20888821458945
222.6369552437644
238.77772196983437
252.5501859170487
264.04511840082824
271.5626227491888
274.5828275159177
274.9954237955255
270.86120902922
262.30396214551905
252.4924224825393
246.7573340620843
238.3816295414109
223.78397294570965
207.857756374307
0.0
261.4210060625228
247.83008447833586
237.680215821442
230.85587331209382
228.01721081912103
232.46499875792847
243.23376178959825
244.42203916413996
256.02424663598185
277.5287649969529
301.0880128750062
322.92260825966343
341.5472045443366
357.09383253849995
367.26020504657805
371.3449082593307
371.9060391995973
366.31123355884455
354.73378181914353
341.47293725864273
333.71612711274537
322.38623314080894
302.63937488633144
281.1101007932196
0.0
34.75711103158813
33.238756704777266
32.1660063599428
31.332561866207968
30.952973288968817
31.274798387062884
32.53734302051693
33.10672589530278
34.17947623121012
36.1434345489245
38.45397374150942
41.00381878519398
43.372121456923985
45.60014139358735
47.333045794721386
48.47181154429308
49.09070596370474
48.74412508883422
47.67137474399975
45.971478054161466
44.19731402506666
42.315874972200945
39.62574719344976
36.96037519147502
0.0
14.465625741591108
13.82197554540298
13.343363852130834
13.038042596293952
12.930767563595932
13.170073414695572
13.706448578185675
13.962258280469623
14.630664262361343
15.587887639978506
16.67714183599729
17.76639602308894
18.748375177482565
19.6230793081053
20.233721810851936
20.59680653690678
20.728837346381262
20.481279578616597
20.035675587713076
19.2847503498998
18.550328963270836
17.733388320720316
16.553362943187825
15.389841425766777
0.0
386.45418424174557
363.0599748755354
346.59738309600704
336.2742240463136
334.35977730893353
344.3033477813877
362.8536766910958
371.1303581939347
388.78947913969
418.35612893810384
454.6893578113564
489.70227850059285
521.249390441124
548.8438299783769
568.3431303758185
579.9040782643353
586.0765186965389
583.05631392981
568.070816875913
543.4223148196952
521.6289790183631
496.3533306171414
458.2541896671676
419.6516813007078
0.0
43.3143579777789
41.42466699932104
40.079603109945445
39.04811239307175
38.569500708726736
38.97384506274235
40.549962868698294
41.2596284785508
42.588188516742086
45.04726237891293
47.91893252069154
51.10417583497207
54.050113307080075
56.831012267344995
58.984764873678955
60.40409609338396
61.17977710797369
60.74242505158946
59.40561308780602
57.29312010943282
55.07335209836162
52.73805712900025
49.38777529394947
46.06224923567517
0.0
125.68508025636743
118.0768047711288
112.72130501718428
109.37102313749787
108.74387679249404
111.97863171389028
118.01078936639156
120.70091719870553
126.44425741084574
136.05775085961378
147.88276036707953
159.2621659818401
169.52756150775278
178.49740476033273
184.84313558533594
188.6060137446301
190.6112316188882
189.62925251805737
184.75236444845783
176.73974456456796
169.65134034699952
161.4324223679413
149.03803003925256
136.48685099040586
0.0
115.7827694565096
108.00945545942785
102.57143636029046
99.18814686750672
98.27218308214182
101.55644955709099
107.07698782287862
109.1482211911453
113.12564932656423
120.94847496647019
130.6197318497477
140.4890349472369
149.98700143771478
159.00635624384762
166.16077577688205
170.83961772154117
173.38121080392503
173.86807445849786
171.1779466261839
164.84871965236496
158.29669064292227
150.3088265804445
138.61584788245327
126.34523430373989
0.0
60.0245075161448
56.905279597674394
54.57823655390517
53.010370673541374
52.358468542833954
53.381707325188366
55.84903311295136
56.12959858308465
58.78671865946723
63.72962215165825
69.1346334859371
74.15180430845753
78.42630181875685
81.99938564479581
84.3346806141572
85.26714822392499
85.39917903339948
84.11187862316899
81.45475854678641
78.40979796757253
76.62738201288556
74.0280254245752
69.49771821199197
64.54656279420877
0.0
445.9423165944002
420.36134690163317
404.3196033719404
394.96191957189353
395.00317924448996
408.2722757752185
429.8428095409268
442.74882134560045
467.7769119790575
504.1596523165918
543.2490243376243
579.8793225321945
612.0865885200981
640.3411821047235
658.0580665742594
665.839632541569
663.1495047092552
658.9410226572559
640.638251426041
614.6529374238941
595.8055391035971
564.04387709767
522.1075907027081
481.6566510036056
0.0
532.8846057046057
500.6360800441057
477.92678054668
463.69220876630504
461.0515924875439
474.76629300024877
500.33901072278815
511.75142395064603
536.1028566855464
576.8756216166498
626.9730624668891
675.255079686854
718.7592320335968
756.8088613407463
783.693635277074
799.6363557889323
808.1440911190801
803.9851206206339
783.3222986700625
749.3326166649823
719.2791033012668
684.4229691536458
631.891210209085
578.666289425512
0.0
916.0957827869133
854.6024328278145
811.5273807011351
784.7663856040541
777.5707063984232
803.5477685196139
847.1922035567876
863.6135356637195
895.0368684971901
956.9510671524811
1033.487678135614
1111.6004067729418
1186.7341899590522
1258.0803396108124
1314.6968023037537
1351.7314441828046
1371.8248832228815
1375.645524816685
1354.3720603722945
1304.2746193435125
1252.4360221486927
1189.2675315175645
1096.7304362309787
999.679538136476
0.0
957.6029689618118
915.0395364896601
885.8772311791688
871.1392918930366
874.4318102489424
900.978254923542
933.0122306971886
947.321069584715
994.0104657456573
1065.4061270402417
1142.1490359400004
1211.0113556760725
1266.9594120835993
1313.7890900422599
1341.936408995908
1353.7449143843755
1349.6106993502563
1325.1849995974762
1279.6591252574772
1236.0807058928547
1205.367038213953
1159.4863319215688
1091.4574560900408
1020.7797127236947
0.0
76.26429728683071
72.29512102344117
69.34093162574099
67.343965605658
66.5187730375153
67.81432537333798
70.95830905965772
71.30488994345538
74.68817948087477
80.95964300232994
87.83349710986674
94.20398372057353
99.63375084948312
104.17231001443992
107.13475134665936
108.33128051288627
108.49631902472937
106.86243775748258
103.48740014565536
99.6172469982988
97.35621938604821
94.04719717895823
88.28735302636242
82.00763757038796
0.0
1075.432215965176
1027.6205591734986
994.8769177096555
978.3318071205618
982.0286696073049
1011.8346250247131
1047.8130214992239
1063.8795201361584
1116.3122561521557
1196.4962179792078
1282.6793301134771
1360.0163778344138
1422.846540096527
1475.4360623863258
1507.0491900886796
1520.3182862623228
1515.664200763975
1488.234799738565
1437.114119579271
1388.163696788062
1353.6706469201395
1302.1538745109642
1225.757547110975
1146.3822733670554
0.0
1.7494082478547806
1.6421332133713338
1.5678658821492217
1.5183543277035763
1.5101024021114204
1.5596139565570664
1.6421332133713338
1.6751409166326685
1.757660173446936
1.889690984706849
2.0547294983353845
2.211516086371764
2.360050748815988
2.4838296344837456
2.5746008168901686
2.6241123713358143
2.6488681481122813
2.6406162225201255
2.5663488912980132
2.4590738577072795
2.360050748815988
2.2445237896330985
2.0712333495196953
1.8979429102990046
0.0
93.37879116135798
87.10732764882992
82.71730318024045
79.99416769912062
79.25974631249167
81.90861446328209
86.35640241101666
88.03154332407847
91.23329050739757
97.53776174907561
105.34408344852599
113.30719177886296
120.9649788176545
128.23492530897911
134.01127331275922
137.78240335300993
139.8288808998645
140.21672144733142
138.05471694218667
132.94677486673552
127.65729051752824
121.22078846637567
111.78883738063504
101.89477846173371
0.0
1438.3849160311916
1374.440743590959
1330.647774071669
1308.516109901322
1313.4590130185738
1353.3240663130828
1401.4492965450759
1422.9373111441337
1493.062175986798
1600.3124537561198
1715.57535203423
1819.0214926858318
1903.059104166141
1973.3902669254308
2015.6731340167203
2033.4147744862112
2027.1928226789973
1990.5130127523314
1922.1293040757055
1856.666777862144
1810.5385133556388
1741.6266819767425
1639.4430855390199
1533.282062126405
0.0
291.5157790988346
278.5520037703801
269.68118371417734
265.1921361027735
266.19061914405995
274.26925434341575
284.02303057188607
288.38004728454416
302.5898633327785
324.3254356103298
347.6866372741715
368.65478051628804
385.68675511703947
399.9378308378702
408.51158157275535
412.1011692499787
410.84687655997095
403.41189155680325
389.54865638343955
376.28781173366747
366.93837990384844
352.9678697424223
332.25553623829825
310.7427659070994
0.0
355.0473549916455
331.21579361368657
314.5221479175779
304.1494773143315
301.360326464183
311.427675775884
328.3441234183452
334.706358183804
346.88620053636805
370.88280042617
400.5402213614619
430.8165367608011
459.9375825772385
487.589785549001
509.5316560109919
523.8817547496571
531.6715725979233
533.1486673235546
524.9049935230844
505.48821238156444
485.4030252224441
460.91956167806944
425.0566926082053
387.44441531280427
0.0
90.8289461087463
86.79375447632803
84.02110744165526
82.62653199872675
82.94010517122865
85.45694251254457
88.49365116616632
89.85521888887199
94.27825109553858
101.05308205133385
108.33128051288627
114.86680567114469
120.1727938715363
124.61232992938723
127.27770194028909
128.39996382082222
128.01212336262654
125.69333222659523
121.37757509726228
117.24336033095675
114.33043055229024
109.97341375036085
103.52040784802399
96.81984417792246
0.0
70.56221663123426
66.29597104652711
63.284018160754734
61.402579107889025
61.05599822409136
62.87142188114696
66.25471141856634
67.76481381978505
70.99131676202636
76.38807617071305
83.02262442715022
89.41786687712336
95.17771094044788
100.21138564093398
103.77621758601644
105.88871053760825
107.01097241814138
106.45809344810263
103.72670603246353
99.22940654010316
95.24372634518514
90.63089989453458
83.6745265578576
76.62738201288556
0.0
90.76293070400907
86.80200640192018
83.98809973928667
81.82609520736052
80.82761219285547
81.66930861218245
84.9700788936803
86.45542551812252
89.2445764039796
94.38552608360095
100.40943185514573
107.08523979310644
113.25768022531003
119.07528781241527
123.59734303691646
126.5680363393637
128.193665725654
127.27770194028909
124.48029911991273
120.0490150322896
115.41143276022694
110.5097889584866
103.48740014565536
96.51452297564835
0.0
100.37642415277712
95.91213236278536
92.85891989368783
91.30755779309133
91.65413866796185
94.43503763715388
97.7935713977968
99.29542194484038
104.18881386562421
111.67331042234487
119.7189380086034
126.93112106541855
132.79824020607674
137.70813597804488
140.65407345908
141.89186238717463
141.46276216711124
138.90466523354308
134.1268002710494
129.56348537395178
126.34523430373989
121.5343616388776
114.40469783798397
106.99446856695708
0.0
573.3685531953482
547.8783546394592
530.4255317888721
521.6042232862222
523.5681815771553
539.4613904461894
558.647117671129
567.2126166143289
595.1701408776368
637.9151159806298
683.8618382133792
725.0967108883722
758.5995292388798
786.6313208771527
803.4900050851045
810.5619053622172
808.0863276845707
793.4639153567286
766.1995528431619
740.1069637636812
721.7216733658162
694.25101266781
653.5195074093028
611.1953805561452
0.0
325.62923994316174
305.9236413612806
292.0439023367325
283.34637267332937
281.73724713822344
290.11295174816814
305.7420989982532
312.7149761682602
327.59319823409464
352.50576190926154
383.12040621324354
412.62104060692
439.2087452219301
462.46267180843813
478.88400391537004
488.6295281736125
493.82824138594185
491.2866482142867
478.66120196901755
457.89110494111264
439.5305702753886
418.23235009885707
386.1241072180594
353.6032679683826
0.0
354.2881778371672
333.9636848805101
321.2144596174516
313.7794746142839
313.820734197609
324.35844331269845
341.4894411098271
351.7465847547833
371.6337256996918
400.5402213614619
431.59221776646376
460.68850776148906
486.2859813054404
508.72296721368946
522.8090044226769
528.9814448548806
526.8524479628331
523.5021661724181
508.9622731004975
488.3242069713385
473.34696179839807
448.1125729805015
414.79129708229266
382.6582983800828
0.0
244.372527610587
229.58507668163057
219.17114649505908
212.64387330702846
211.43084020034595
217.7188075908397
229.4530458721561
234.68476678685394
245.8496222469472
264.54848590658537
287.52184702296006
309.66176369916263
329.6149200488084
347.0594909291677
359.38786794239047
366.707325987268
370.61048683699323
368.6960400996132
359.22282943054745
343.6349417637875
329.8542258463453
313.870245751162
289.7746227542541
265.3654265848444
0.0
634.6886130294615
606.475279028161
587.1492690235191
577.3789890331358
579.5657493596926
597.150603019754
618.3910597617762
627.8725224010698
658.8172437287378
706.1337856990563
756.9986556740017
802.6400567044768
839.72421076198
870.7597033157975
889.4173073028392
897.2401330320165
894.5004935568783
878.3102153665267
848.1411749552499
819.251183144664
798.8936823963669
768.4935881577811
723.4050661866157
676.5588840196859
0.0
487.3752354836049
457.88285306015615
437.11275603225135
424.09946923951526
421.6816549963781
434.224582074997
457.6105394709794
468.0492254789631
490.32117296464
527.6116252065827
573.4345686000855
617.5906229347014
657.3814086757028
692.1797792995433
716.7705179212516
731.3516705764972
739.1332365438068
735.3290988011875
716.4321889273376
685.3471848199673
657.8600203600479
625.9745794256027
577.9318680924458
529.2455064738296
0.0
341.7865104311447
321.09893265916145
306.53428385510006
297.40765406090486
295.71600926987736
304.5043101594299
320.9091384151775
328.22859646005503
343.84949182918353
369.9998443431738
402.1328430453836
433.09406822423597
461.00208093399095
485.4030252224441
502.649549977863
512.8736858311793
518.3364606624574
515.662836770599
502.4102440910548
480.6086564087662
461.340409927905
438.9776913053498
405.285078621587
371.146862045119
0.0
116.17060991470527
110.13020038124745
105.61639694843147
102.58794021147476
101.32539564051062
103.29760590167145
108.09197471534941
108.62009795324734
113.76929961202366
123.32502953701098
133.7967232473632
143.5009878330093
151.77766933584817
158.68453110111793
163.1983345339339
165.01375816420813
165.26131593197277
162.77748628409836
157.63653659554987
151.73640966325172
148.29535664668728
143.26168203547243
134.4898849971042
124.91765122093261
0.0
1110.70094674949
1043.4807598938073
996.1559663996177
966.4902936726405
960.986258900952
989.5626772712219
1042.8701174892594
1066.6604190160792
1117.4180140922333
1202.3880927627354
1306.8162131400668
1407.440194614252
1498.1206059730682
1577.4298644907933
1633.4604397078854
1666.699196707258
1684.4408362840356
1675.7598103825455
1632.7012623748647
1561.8584804966752
1499.218112567817
1426.5599070593535
1317.056853112381
1206.1179633089323
0.0
351.3339884751755
335.7213449870035
325.01859736007094
319.61358605257345
320.81836718902815
330.5556395663142
342.3146336690426
347.5628584349248
364.69385614278207
390.88546832936873
419.0410388068883
444.3084352378822
464.8392263789789
482.01973572966045
492.3428947793539
496.6751557598711
495.15680136164315
486.1952100792911
469.49331250222576
453.50933240704256
442.23720195888694
425.4032734830758
400.44945022458387
374.5136476867184
0.0
822.5849610838948
786.0206783833331
760.9760838986919
748.3176298617828
751.1397884142998
773.9398591378748
801.460031300163
813.7554006110172
853.8597595245204
915.1880714181327
981.1044537624409
1040.2625093592233
1088.3217243650217
1128.549861849958
1152.7280042813297
1162.8778732060375
1159.3212934097255
1138.3366456915255
1099.2307697300375
1061.7917833630638
1035.4103763968656
996.007431471145
937.567293802601
876.857876373036
0.0
70.70249936630091
66.41974993040945
63.40779705356418
61.51810606617919
61.171525182381544
62.986948839437126
66.37849030244867
67.89684462925953
71.12334758042796
76.53661083137186
83.1794110223283
89.58290538896647
95.35925330347531
100.40943185514573
103.97426380022817
106.08675675181999
107.21727060258092
106.66439154327087
103.92475224667524
99.41920078408708
95.42526870821254
90.80419037660548
83.83131314410858
76.77591668247148
0.0
567.3941589773564
529.3032699083391
502.6247941564508
486.0549273888601
481.5988874798249
497.68189068211404
524.723451160057
534.8898236681353
554.3561163632081
592.6945631107188
640.1018762179153
688.4829166342577
735.0155256286855
779.2045877549415
814.2752719679587
837.2156253819646
849.6595293534778
852.0195800728342
838.8495066492115
807.814014095394
775.7140231848241
736.583391491195
679.2737675841406
619.1667407674388
0.0
663.0752374235614
622.9378708076895
594.6915291932918
576.9828966047123
573.6986302190344
590.7553605519267
622.5747860816346
636.776350159641
667.0774213803924
717.8102605458632
780.1535591534038
840.2193262975094
894.3602108664471
941.7015088367202
975.1548150980472
994.9924445786743
1005.587917396087
1000.4057083027559
974.6927076219719
932.4015882926403
895.0121126757779
851.6317395253672
786.2599841808699
720.0382804557452
0.0
94.61658000018132
89.18681292483448
85.78701953623082
83.79830544173994
83.81480929292427
86.6287159555578
91.20028280502893
93.93992210162456
99.25416227224397
106.96971283481625
115.26289809956813
123.03621209664988
129.8688065762259
135.86795661562988
139.62258280469624
141.27296792312734
140.70358501263297
139.81237704868016
135.92572005013932
130.41343366530816
126.41124970847711
119.67767833600696
110.78210245839207
102.19184778305132
0.0
69.68751250061152
66.59304036784471
64.47229546387938
63.39954512797203
63.638850970144546
65.56980158549031
67.89684462925953
68.93658726279824
72.33638065140194
77.53509384587691
83.12164753425607
88.13056644011148
92.1987658463154
95.60681116051124
97.65328870736579
98.51974084990648
98.21441964763238
96.44025560068329
93.12298151263683
89.95424199597782
87.71797015157655
84.37594024211795
79.43303674992694
74.28383511793204
0.0
632.9144489825122
600.0222731258242
575.4397864743435
558.9194312603057
552.0373252271767
562.8143402290743
588.8986773383274
591.7703474443974
619.8516506362233
671.9130497773955
728.9668641249998
781.8204482122903
826.9089701834556
864.5542551812254
889.1614976541181
899.0638089003322
900.4088719237765
886.8674622502275
858.8439225821825
826.7274278204283
807.9625487560528
780.5166438794585
732.7214903140664
680.5858237086578
0.0
188.15215779242592
178.37362583181473
171.0624196678937
166.15252389592555
164.106046349071
167.30779347882734
175.06460362472475
175.9228038863089
184.265500793885
199.74611338331127
216.70382069836893
232.41548720437552
245.81661454457858
257.0144777070405
264.32568387096154
267.27162135199666
267.6677137804201
263.6407740914483
255.31458103505648
245.76710299102564
240.1888012014573
232.02764674617993
217.81783069794557
202.32071425733508
0.0
1299.1996857738716
1220.5753371249311
1165.221419538582
1130.513820408705
1124.0773184468235
1157.5058697794514
1219.8656714347346
1247.6829133646966
1307.0555191161463
1406.4499635431935
1528.6032199139324
1646.3086878102358
1752.3789410679567
1845.1470891998677
1910.6838837703779
1949.5587051011153
1970.3122981885647
1960.1541779185281
1909.7926750922547
1826.9268376709306
1753.6579897579188
1668.6714066113336
1540.5850160522846
1410.8152323153508
0.0
168.99118629962703
158.7670503570395
151.56311927045215
147.0493159269074
146.2158713974641
150.56463622916564
158.6680272499336
162.29062262952553
170.0144251623256
182.94519269914016
198.83014968721764
214.13747179457297
227.93469156319946
240.00725883842986
248.53149810903338
253.58992854166033
256.28830825493077
254.96800016018594
248.41597115074322
237.63895623811686
228.10798204527038
217.0504015732395
200.38976357949943
183.5063236394067
0.0
821.7185089413541
785.1872338538897
760.1673951013893
747.5254450049358
750.3476035574529
773.122918459616
800.6183348897631
812.8889483792052
852.9520477093832
914.2225961684863
980.0729632865998
1039.1650027644744
1087.1747070201618
1127.3533328622736
1151.5067194722335
1161.6483361588996
1158.0917563625874
1137.1401167038414
1098.067248801807
1060.6695209469028
1034.3211229328713
994.9511851738919
936.5770627315422
875.9254088257582
0.0
812.245298183017
763.0885768502836
728.4800004704272
706.7856877762008
702.758748087229
723.6526239543806
762.6429728683073
780.0380321951135
817.1551939549853
879.2921944673575
955.6637671171901
1029.2461884705174
1095.5586630647065
1153.561449078587
1194.5322603131738
1218.8341809588935
1231.8144604063461
1225.4604772540297
1193.9711286587367
1142.165539523371
1096.3590998025102
1043.2249503343576
963.148263138283
882.0235818829966
0.0
363.29928067307225
344.4188747396779
330.3080817985495
320.82661915925587
316.87394675597784
323.0628910393657
338.0318842420783
339.6822693605094
355.7982802651672
385.68675511703947
418.43039631306885
448.772727027874
474.65076604195866
496.2625594802633
510.389856272576
516.067181079979
516.8428621749129
509.0695480885598
492.98654497554196
474.5434910538963
463.7747280222265
448.02180184362345
420.5924008182135
390.6626662937449
0.0
27.01680472794789
25.836779359342533
25.003334856680567
24.359684651565313
24.062615330247716
24.31017309801238
25.29215226133314
25.737756243309533
26.562948820379336
28.09780699837451
29.888474869726505
31.877188964217357
33.70911647245726
35.442020864664165
36.78708475403977
37.67829272691968
38.15690442019182
37.884590875650694
37.05114637298873
35.730838269316735
34.35276667757252
32.89217582097961
30.804438628310013
28.73320527789761
0.0
95.72233811880142
91.45609245375012
88.30385687754674
86.29863893187158
85.58897332201907
87.14033535119856
90.71341915045612
92.39681206052714
96.83634802910676
103.17382697315345
110.37775814901212
117.54042965227436
124.04294710816413
129.8688065762259
133.87924250328473
136.31356059760625
137.1800127401469
135.5131237705315
132.5754382597242
127.61603093420308
122.74739474556009
117.35888728924694
109.55256550052528
101.8617707593651
0.0
7.732054377155375
7.385473497821281
7.137915727378479
6.972877213749944
6.9151137337121416
7.0388926184871865
7.327710018676193
7.467992755528262
7.82282556045451
8.334444953417139
8.920331677601881
9.497966472623615
10.026089719448693
10.496449487128684
10.818274585222747
11.016320808361607
11.082336213098852
10.950305394697235
10.710999552524727
10.314907124101262
9.918814686750672
9.481462621439304
8.854316271971923
8.227169918933694
0.0
11.115343915467472
10.620228371011017
10.257143636029046
10.026089719448693
9.94357046352714
10.116860900962404
10.537709115089461
10.727503403709038
11.247374724941961
11.981796111570926
12.815240605305757
13.648685099040586
14.407862262446017
15.084520169929895
15.546628012017733
15.835445407743173
15.934468523776168
15.736422300637303
15.398093351358934
14.82045855098092
14.25932760178722
13.632181247856277
12.724469423792048
11.833261450912126
0.0
3.0614644330763316
2.888173993855641
2.780898959372194
2.7148835537422373
2.7148835537422373
2.8056547370413734
2.9541893994855974
3.0449605818920205
3.218251021112711
3.4658087924482266
3.729870414968053
3.9856801110030107
4.208482104669346
4.398276395967062
4.522055281634819
4.571566836080465
4.555062984003441
4.530307207226975
4.398276395967062
4.224985956746371
4.0929551454864574
3.878405077412278
3.589587678115985
3.3090222044118467
