0.0
151.81689774710992
143.76367092327968
138.91363772595122
136.705786776445
138.0268779501673
143.92654517292024
156.25069671798877
163.000929554912
169.62448232424367
177.47864061420748
185.2242160182861
192.53546013426657
198.72468158995576
205.99973144470013
209.74583916855264
212.49660419752863
214.86732940689316
212.67757563143013
208.91337072587112
202.5612750435311
200.0095784002651
193.27744274504838
179.5055201374755
164.15914639980667
0.0
147.02115589821045
141.59201424011837
138.08116929859628
136.2895525627675
137.1039238058616
142.33399695052262
151.4730520661223
156.8840965450623
161.57125559748144
166.80132864507445
172.91816155274725
178.112040441281
182.69061658227082
188.3731182018454
192.58975150057648
196.06440216298157
198.67039014701325
198.25415593844457
196.17298497223396
191.46772894246212
188.02927251574891
182.6363251393283
170.8912820294792
158.65761618858934
0.0
261.8655989769074
258.6081140096399
256.6174287476079
255.36872609635782
254.82581199900707
256.36406879123433
259.42248524507073
260.97883919346015
262.7342616552808
265.4669296302714
269.46639731049754
273.9001963043662
277.9720525070645
283.0030571434032
287.2015933370605
290.2962040776772
292.41356930512393
292.0878208007339
289.78948424156255
286.11576506572646
282.18868590797246
279.9627378712733
274.3164305129348
267.94623762334413
0.0
398.98761997213876
382.3563493986164
371.76952313366195
366.59374142683464
369.56167217649244
384.9080459397054
404.8148986622018
415.38362774544976
430.51283578798103
451.4693226482964
474.39839753784895
495.3186900347515
512.8186232866473
529.7213508705287
540.5253428561649
547.1307985204227
547.4927412860487
539.5480973685391
522.5729811089202
506.9370531280973
499.6981975601334
484.29753245615467
456.6451043295795
427.05628230728246
0.0
54.345707931904236
51.39587430264681
49.36899475383456
48.102195030718065
47.72215511148414
49.26041191392905
52.71696543549838
53.91137659527197
55.57631337079486
58.906186919286206
62.76087749070753
66.43459667931577
69.61969311133899
72.69620671622883
75.10312618172058
76.58709156421274
77.27478283422884
76.11656595101785
73.58296651244812
70.72361857715165
69.8549559141048
68.13572772884683
63.900997240746044
58.88808977589606
0.0
933.5047127043391
878.0550792785235
843.2361842086334
825.7000565933247
834.6762374414029
883.176569619041
966.9120309729608
1012.1548780811546
1044.9106993665405
1089.375369474995
1140.8436324022912
1188.4210103053479
1232.4151547622914
1276.6988536667427
1312.513091405965
1339.731188142265
1365.3748343359857
1373.5547407216322
1353.8469560272272
1311.7892060790666
1284.2634576369198
1240.0159527127182
1144.1916030737373
1036.9841525285601
0.0
65.60212829283154
61.71124343462994
59.25003255940311
58.01942711284922
58.65282697313027
62.05508907474683
67.95475633837053
71.12175563722131
73.42009226280753
76.55089728765012
80.17032505630563
83.51829573796942
86.6129064734773
89.72561435492973
92.24111666032701
94.14131623606127
95.95103011528018
96.5301385683806
95.13665887218609
92.18682524037425
90.25043138807736
87.13772350662494
80.40558785907143
72.87717809648744
0.0
277.77298399363343
259.87491371487545
249.23379610915535
243.56939167128724
244.56473423844272
258.6081140096399
283.3288056477933
295.3995972364881
302.72893853417503
313.5872217584
327.1419787730122
341.05867855325045
354.4867555769037
368.367261095906
380.4742469458368
390.5543532980439
399.20478566727627
402.6794363296814
398.73425999022095
388.3645994204041
380.5104412070728
366.1594101387364
337.6564164133176
305.69686928383277
0.0
323.72161955354966
306.5474347804997
296.2139684719189
291.50871244214704
294.3318660191394
306.9093775461258
333.16832597650637
347.59174566949196
361.6894167814548
378.44736732039195
394.9700550846619
410.5697888042485
423.7445058715282
439.2718510686427
447.2526892473886
453.1342593803942
458.18336109626256
453.4962021460203
445.497266785568
431.9244126914262
426.4771738465188
412.1442399598887
382.77258350500813
350.0348594013286
0.0
1657.0645174457081
1558.6703738540332
1496.8505472576405
1465.7234691583549
1481.6489513823312
1567.7370405595555
1716.3869383308931
1796.6839438967047
1854.8481479625393
1933.7697705285234
2025.1241276787262
2109.6015713624415
2187.690725868907
2266.2865999305013
2329.8799457361692
2378.181208889492
2423.7136107772685
2438.227515254841
2403.2276488532257
2328.5769509522825
2279.7327733695342
2201.17309443768
2031.0599892291305
1840.768574057827
0.0
69.8549559141048
65.69261397912922
63.08662598743426
61.78363199797285
62.45322612459881
66.09075103919886
72.35236107611193
75.73652603178392
78.17963978405598
81.50951332232965
85.36420390396863
88.9293402552258
92.22301951693686
95.53479593225575
98.2131724745215
100.24005202333373
102.15834874245814
102.77365145934907
101.30778321258377
98.15888105456874
96.09580723174832
92.78403082409265
85.61756383990691
77.60053134117328
0.0
634.8295332933327
626.9029864553524
622.0710504346217
619.0850225032574
617.7639313295352
621.4738447921517
628.8755746123106
632.6578766229435
636.9288014412497
643.5523541850372
653.2343235103823
664.002121107061
673.8650617641307
686.0625333182403
696.2150281929197
703.7253408223312
708.8468311883928
708.0686541886537
702.5309297417447
693.5909431293583
684.0899452634591
678.6969978614942
664.9974637763935
649.5606043090017
0.0
1226.6240704611855
1153.7830865671824
1108.015422466712
1084.9777647679068
1096.7770992951544
1160.4971251428697
1270.52772939276
1329.958733214918
1373.0118262411183
1431.447487981461
1499.0764951921628
1561.6021101381018
1619.4043715915748
1677.586673477721
1724.6573318511937
1760.4172775855006
1794.114150224998
1804.8638503589839
1778.9487474614343
1723.6800855716972
1687.5220023507322
1629.3939921374263
1503.4560031262527
1362.6059718954054
0.0
135.16753000465314
133.4663988835983
132.45295912451866
131.80146212851076
131.5300050823898
132.32627914122304
133.90073028153665
134.69700434036986
135.6018613004147
137.01343819108772
139.0765119755918
141.3748486420488
143.47411669289787
146.06200758973665
148.23366417327557
149.8262123931188
150.93013786914912
150.74916653742451
149.57285253125875
147.67265289421837
145.64577337605917
144.50565363368392
141.59201424011837
138.29833499884265
0.0
71.03126994070593
66.45269381248822
63.72002585026972
62.27225474434018
62.54371182111418
66.12694531576149
72.44284677007288
75.53745750813515
77.40146280730683
80.18842218947806
83.6449757110474
87.21011205975014
90.63047130475688
94.19560765601403
97.29021839152188
99.86001210665424
102.0678630459428
102.97271998555227
101.95928021625497
99.29900080716169
97.29021839152188
93.61649921313133
86.34144939670331
78.16154264066583
0.0
13.51856270867372
13.029939962306381
12.704191464813306
12.541317216194486
12.613705768808824
13.084231382003697
13.934796902171279
14.423419658756298
14.857750985426321
15.346373732559984
15.9073850397158
16.37791064269299
16.812241981879673
17.3370590022552
17.717098921489125
18.042847418215878
18.278110228644945
18.24191595463676
18.042847418215878
17.6085160918013
17.30086472824701
16.794144838489526
15.72641364923949
14.604391040547576
0.0
291.9430437557895
273.12201933017144
261.9379874993796
255.9840288439017
257.0517600357062
271.80092825862596
297.7884196275591
310.4564167565472
318.1657978993898
329.5850925048489
343.8275407639329
358.45002899589383
372.5657972895632
387.1520911581111
399.8924769117482
410.4612060205403
419.56406685957745
423.21968885370705
419.0754441029923
408.16286933364796
399.91057401682207
384.83565739168904
354.8667955242363
321.27850582171305
0.0
188.17404958623746
177.9853604503221
170.9274762907153
166.56606584486303
165.2630718528472
170.56553355063343
182.54583940960543
186.7081813420266
192.44497443008794
203.99094900096168
217.34663739996594
230.05082891791116
241.0900835504935
251.76739554517067
260.092079410013
265.19547259436814
267.60239203942456
263.5848271774919
254.789617737771
244.89048274283272
241.90445481146847
235.9685933121529
221.2737165577199
203.91856047848952
0.0
126.4628061873694
119.62208771779135
114.88063733993303
111.94890085151134
111.08023818846452
114.64537453716724
122.69860132012676
125.48556069463474
129.34025131459003
137.1039238058616
146.08010467182072
154.62195424712712
162.04178114681582
169.2082480901308
174.80026400552674
178.23872040669573
179.84936582357196
177.15289213536164
171.23512771557571
164.59347768790494
162.58469534634338
158.58522766611722
148.72228702181977
137.04963245743264
0.0
751.0131646354994
706.4218145360857
678.4074436438846
664.2916753502151
671.5124337364728
710.52986500002
777.9055129695861
814.2807619878657
840.6482933041312
876.4082396004113
917.8325904367359
956.1080391150456
991.5060426456996
1027.1212118714907
1055.9318569195932
1077.8293949041215
1098.478230314032
1105.0474917170543
1089.1763009615643
1055.3527484588294
1033.2199477251781
997.6047784738428
920.5109669687841
834.260003335011
0.0
217.09327754576915
208.9495650126514
203.90046329678304
200.40771552930417
200.0095784002651
205.22155447050534
218.07052303339495
225.18269853376745
229.50791471838366
235.44377629433183
242.4654661927025
249.43286462258646
256.07451454808034
263.5486329162558
271.22181979786234
278.6054524363149
284.36034257836167
284.74038242351736
281.55528608089884
274.51549902636594
269.2854258765961
263.02381589843475
247.73173360370848
231.08236584847958
0.0
144.2160994033021
138.82315200900052
135.4570842375894
133.1406503843171
132.86919333819617
136.34384401337334
144.86759639931
149.6090467976037
152.46839473290018
156.41357097018377
161.08263284089645
165.71550034819612
170.11310505528448
175.0898182486807
180.19321140749156
185.09753605287142
188.91603229919605
189.16939225556976
187.0520270281231
182.3648680778808
178.89021741547575
174.74597266476107
164.57538060837533
153.51802876854237
0.0
235.44377629433183
220.260276808858
211.22980449229306
206.43406273279837
207.28462825500944
219.1925455915093
240.1490323241037
250.37391584897622
256.58123448637184
265.774580952955
277.26626418306296
289.06559860813354
300.4486989523565
312.2118392183678
322.47291700447647
331.01476646227945
338.3441077599663
341.2939413279177
337.9640678126338
329.1507611912064
322.5091112657125
310.347833972839
286.17005640649217
259.0967367406807
0.0
246.51922521369434
230.62993737867487
221.18323085354126
216.1522263193794
217.0570831823562
229.50791471838366
251.45974414585447
262.1551531945171
268.6520260750667
278.29780101145457
290.3323983389133
302.67464709123243
314.5825644277323
326.92481307787466
337.6564164133176
346.5964030001596
354.2876870634726
357.3642005968387
353.871452854904
344.6600092066145
337.6926106745537
324.9522249975492
299.65242489863215
271.2942083203345
0.0
344.7504948086162
326.1104418168996
313.1709876520082
305.1901493455414
302.8013270566472
312.5194906432282
334.4713199685222
342.09021548381884
352.58655594241776
373.7602083956939
398.2094429723998
421.4823635735929
441.7330618800091
461.27797183687926
476.53385987036944
485.8719834840738
490.28768539841275
482.9402470211962
466.79759920425886
448.66426604865694
443.2170273059263
432.32254971828837
405.3940071229655
373.5973341434988
0.0
530.5538193132103
523.9302664672459
519.8946045002394
517.397199427637
516.3113710285819
519.4059817691987
525.5952033270648
528.744105382903
532.3092417750307
537.8650634291906
545.9363873376593
554.9487624725177
563.2010577893437
573.3716498457295
581.8773050678407
588.1389151481789
592.4279369693822
591.776439960602
587.1435724788466
579.6694541106712
571.7248101931615
567.2186225746437
555.7631337079486
542.8779708582788
0.0
1600.1490162354773
1505.1209395773635
1445.4365760031856
1415.377228916894
1430.7597966348128
1513.8799554455422
1657.4264600580686
1734.9546030811234
1791.128122012647
1867.3351742195987
1955.558725448357
2037.1225306683166
2112.5333076465095
2188.4327081476144
2249.8363002033634
2296.472626726765
2340.4486740530906
2354.4739570512884
2320.6685013215533
2248.569500293774
2201.408357161259
2125.5632475666675
1961.2955191494796
1777.5190735550923
0.0
87.93399761910098
84.64031834717223
82.59534165496983
81.16566769243043
81.00279344278985
83.12015868811747
88.33213466895293
91.20957974763958
92.96500220690572
95.37192167239746
98.2131724745215
101.03632613325536
103.71470267552111
106.75502200384832
109.8496327521283
112.8537577911208
115.1701915600972
115.33306581995546
114.0481689636665
111.18882101815232
109.07145577282472
106.53785633425498
100.34863486323925
93.59840206974118
0.0
1727.6976509700582
1616.3097613107539
1550.1104267036396
1514.8752975273574
1521.1369077098727
1608.4375055325534
1762.2450889785011
1837.2396321823776
1882.8444217752108
1950.382944252414
2034.6794168853912
2121.238031484229
2204.720133111673
2291.133970767743
2366.4361659329084
2429.0703637902757
2482.9093517736706
2504.5535297507367
2480.031906396117
2415.4613153327214
2366.635234803958
2277.3620485688775
2100.0462821557767
1901.2854068921017
0.0
283.92601118808653
273.2848935823664
266.6794378925644
262.10086175157454
261.5760447337535
268.41676330039957
285.2109081005728
294.51283745304096
300.17724189090904
307.9409145022384
317.1342609688215
326.2190247283289
334.90565135879734
344.6962034678505
354.72201835157085
364.4039876769158
371.91430030632733
372.4029230373681
368.24058110494707
359.0291373544805
352.18841891555553
344.00851219783436
324.0111737711594
302.22221859588353
0.0
58.43566130609134
55.28675914807631
53.07890820878773
51.7397199427637
51.323485749521595
52.97032537909991
56.69833597999766
57.983232836286604
59.77484958233306
63.35808307442595
67.50232786856581
71.44750413394804
74.88596051212724
78.19773691722845
80.78562777575092
82.36007885220401
83.10206154472732
81.87145610583667
79.13878813340051
76.06227454128279
75.13932045828318
73.29341229228399
68.71483617172953
63.32188880041776
0.0
465.8022565349266
440.6110393218946
423.1292031495285
412.3433084733199
409.12201774174423
422.22434618437484
451.90365393639473
462.2009259837394
476.37098561817453
504.9825621528458
538.0098404996792
569.4807649747557
596.8074445969409
623.2292672539722
643.8238113486616
656.4556142164136
662.4095728974357
652.4923407974235
630.7033856221477
606.1817624974254
598.8343241202087
584.1032531045398
547.728004060716
504.76539645770816
0.0
441.0453706099929
412.61476550922316
395.71203779762055
386.7177598444687
388.328405159168
410.6059830654847
449.87677441312667
469.023547240958
480.66000754155453
497.9065808115325
519.4240789509051
541.5206854233204
562.8391150237177
584.899527260441
604.1186887129212
620.0984622776635
633.8522878057069
639.3719151730866
633.1103050927483
616.6238115897143
604.1729801558639
581.3705851295491
536.1096409418258
485.36526367350325
0.0
342.86839245801355
330.01942389512396
322.0385856142013
316.5008611417479
315.8855584197482
324.1378537621183
344.40664925024083
355.6449723962541
362.46759378119384
371.8419116561341
382.95355493890963
393.93851825627036
404.4167616097955
416.23419324211665
428.3592762992983
440.031930861131
449.1166945184616
449.6958029792253
444.682895524593
433.5350579805813
425.2827626382112
415.40172492715624
391.2601416475897
364.9469017742665
0.0
132.18150207584333
127.2771774304635
124.12827525201308
122.51762992965043
123.24151547622914
127.94677160817788
136.16287257947184
141.03100296106118
145.2476363466426
149.95289237641444
155.45442256208756
160.1234844328002
164.23153492227885
169.33492808108974
173.13532724788482
176.26613224973758
178.60066317232182
178.22062322498925
176.35661795391624
172.12188749902293
169.04537383793578
164.17724358151312
153.62661157779482
142.64164836516534
0.0
33.71496965772029
31.54331299499434
30.240318992760816
29.552627722744703
29.679307693268257
31.380438745353764
34.38456379711836
35.85043203366595
36.73719184265736
38.058282975508924
39.70512260508725
41.38815652400029
43.01689902040614
44.6999329291015
46.165801178421184
47.39640661475739
48.44604067083496
48.86227486407709
48.3917492508822
47.12494953798338
46.183898311593644
44.42847584977308
40.97192233075816
37.09913461594672
0.0
397.1960032235379
373.6154313252053
358.79387457981335
351.319756211638
355.1563496652133
375.78708799559456
411.4203543264597
430.6576129606464
444.5924098204143
463.5220170552849
485.419555014269
505.6702534228619
524.3826949370507
543.2218165443752
558.4596073961588
570.041776253813
580.9543510231574
584.4290015833856
576.0500263777775
558.1519560990196
546.4431072504066
527.6220828247884
486.8311319177142
441.2263420438944
0.0
82.75821590461042
78.28822261374381
75.17551473484579
73.25721801572136
72.69620671622883
75.03073761837767
80.2970050293836
82.12481605199262
84.64031834717223
89.72561435492973
95.5890873419908
101.18110323950582
106.04923359044209
110.73639254834761
114.39201459356569
116.63605980941689
117.70379099866692
115.93027139601061
112.05748368119917
107.71417036341055
106.39307923055898
103.78709123886402
97.3264126680845
89.6894200783671
0.0
287.78070182336836
275.7822987571457
268.1453061367753
264.4172955946292
266.5527579271497
277.62820694868907
291.9792380170256
299.5981334301454
310.52880527901937
325.6399162675653
342.18070111136484
357.27371499483684
369.8874206808825
382.0667951810066
389.86666202802786
394.64430660581615
394.89766656218967
389.1608735763052
376.90911055370896
365.63459312091527
360.42261707621924
349.31097389562063
329.3679269118882
308.031400206417
0.0
146.74969885208952
138.04497503225136
132.5615420257303
129.8107768766965
131.22235366519268
138.8412491932614
151.99786907883455
159.11004468393833
164.26772918351492
171.25322479510533
179.34264588528046
186.83486133298553
193.74796842210375
200.69726977245807
206.34357702861973
210.61450174474916
214.6501637117556
215.9350606242418
212.82235270191865
206.21689703766083
201.89168085304462
194.94237960486717
179.86746290310154
163.0190266344416
0.0
68.0090477583233
65.45735117636342
63.88290009735588
62.77897463409766
62.65229466101969
64.29913429315243
68.3166991116599
70.54264719433858
71.89993260375277
73.76393790547887
75.95369170137727
78.14344549727568
80.22461646604069
82.55914737840723
84.96606684389896
87.28250061287538
89.07411735892182
89.2007973319998
88.20545469587498
85.99760375658641
84.35076412445366
82.39627312876664
77.60053134117328
72.38855535012013
0.0
408.325743585843
384.0755775992008
368.83778664524027
361.164599789178
365.0916789213877
386.30152563589985
422.9482318178038
442.7284045493413
457.06133853814816
476.49766560913343
499.0105062901173
519.8222159777672
539.0775716914837
558.4415102144524
574.1136324565113
586.0215498185554
597.241775885039
600.8069122771669
592.192674194715
573.7878839776654
561.7532866502067
542.3893481272379
500.47637453432816
453.58668787574317
0.0
73.76393790547887
69.02248752762058
66.18123673571424
64.67917420983194
64.95063128660593
68.67864188494926
75.24790328541658
78.45109686338441
80.38749071568127
83.28303293775805
86.8843635630234
90.57617988480412
94.14131623606127
97.83313255784198
101.05442327664551
103.71470267552111
106.01303931387946
106.93599339687907
105.88635934080148
103.13559423519284
101.05442327664551
97.23592698178683
89.67132294519466
81.1837648256029
0.0
14.459613935063466
13.699534100682682
13.229008487487807
13.01184282938936
13.138522791483325
13.699534100682682
14.875848128816466
15.527345123036293
16.16074498587175
16.90272767584062
17.64471036836391
18.33240163838002
18.92960722465287
19.617298497223395
19.979241280730445
20.232601224331976
20.46786402709778
20.250698357504437
19.888755584215076
19.291549997942226
19.038190054340696
18.40479020172292
17.101796202043815
15.635927952724122
0.0
256.8345943405687
240.27571231506263
230.43086886524372
225.2007957154739
226.12374976015715
239.09939831400575
261.97418176061564
273.12201933017144
279.8903492466243
289.9342613120511
302.4755785778014
315.34264422022056
327.73918431330543
340.5881529783719
351.79028188869336
361.0922112411615
369.1092437066877
372.3124373331895
368.6749124185895
359.0653317178935
351.808378968223
338.5431762733974
312.1937421388382
282.64111437777717
0.0
135.47518131967345
128.14584012416339
123.06054414705893
119.91164193795548
118.98868785495587
122.7890870166421
131.42142228335504
134.4255472942489
138.5516949628796
146.85828165112426
156.46786243867052
165.62501461847333
173.5696585615273
181.2428454175896
187.25109554155418
190.90671756122805
192.64404294351903
189.76659782140723
183.41450211352299
176.3023265109737
174.14876702229094
169.8778422806173
159.2910160156629
146.80399030269535
0.0
1188.4753017738346
1111.8520159202874
1066.3196145944837
1042.0694486078417
1046.3765676107512
1106.440971438793
1212.2368451060686
1263.8317875900716
1295.1941294857936
1341.6494853671647
1399.6508144911104
1459.1904012246982
1516.6126229096487
1576.0617247309283
1627.8557356517297
1670.945023756581
1707.971769145035
1722.8657143107223
1705.9991810647095
1661.570705345212
1628.0005125944972
1566.5788234847626
1444.6041077648574
1307.8802236943116
0.0
36.628609012969534
35.25322646016521
34.40266093029082
33.823552487408115
33.75116393428291
34.6379237407199
36.7914832600557
38.003991555556176
38.72787711235257
39.7232197484774
40.9176309108054
42.09394493740654
43.215967546609335
44.46467012633569
45.76766411835154
47.016366698077874
47.99361220103024
48.0479036107653
47.504989454662905
46.32867542550734
45.44191561907035
44.392281573210475
41.8043907172424
38.99933419168099
0.0
253.10658379842258
239.42514681839575
229.92414892695223
224.06067597565308
222.3052535138325
229.4355261703673
245.56007690777503
251.15209282317093
258.86147396601353
274.40691621711346
292.35927796435817
309.44297700768533
324.3007280143133
338.6517590826499
349.85388796742717
356.71270361360286
359.95209150134076
354.5591440993759
342.7055182058186
329.4041211731242
325.4046534928981
317.38762092519505
297.6255453753641
274.28023625169874
0.0
1193.5786949326455
1178.6847496647815
1169.5999859819067
1163.9898729103486
1161.5105648917315
1168.4779633216156
1182.394663101854
1189.506838704403
1197.5238711699292
1210.0108969671926
1228.1804247161056
1248.4311228948004
1266.9987876705754
1289.9097654039658
1309.020343638486
1323.1180145460955
1332.7637896102044
1331.2979219790545
1320.8739696342202
1304.0617272436332
1286.1998518391722
1276.0654542483767
1250.2951281658736
1221.2854145021631
0.0
323.9930765894529
306.45694907632105
294.3137689396098
286.8034563101984
284.55941109179275
293.68036903590365
314.31110739182907
321.4956714146737
331.34051496666945
351.2473676891658
374.2126368654986
396.0920777449531
415.1121706840023
433.4807666398156
447.8137005264457
456.590812886637
460.7531548190581
453.84004772993995
438.67464542617256
421.62714064408163
416.52374748527063
406.28076688086844
380.98096678195145
351.08449343697083
0.0
409.9544860822488
383.5326633996733
367.82434689637824
359.4634687703
360.94743406849614
381.66865815414445
418.17058716338295
435.96007463288845
446.7821635958773
462.79813152403267
482.8135670302374
503.35381965643995
523.1520894930511
543.6561478580177
561.5361210572462
576.3938719616973
589.1704519765703
594.3100394221617
588.4827607320984
573.1544841505919
561.5723153184821
540.3986628652058
498.3228150456453
451.1616712234361
0.0
707.4895457278902
698.6581419247563
693.2651946505125
689.9353210330518
688.469452788841
692.6136976417324
700.8478958023962
705.064529075583
709.8240766760186
717.2258063940006
727.9936039906797
739.9920070569025
750.9950675559697
764.5860187296411
775.8967305258478
784.2576086519263
789.9763045582808
789.1076418543635
782.9365175803807
772.9649940374261
762.3781678746485
756.369917750684
741.0959325354871
723.9036507084518
0.0
138.5697920449636
131.22235366519268
126.80665186835705
124.779772248021
125.99228062526295
131.38522791483328
142.62355118090443
148.79467555195515
154.8210227605582
162.0055868855797
169.0815681247161
175.7413152319165
181.38762259025498
188.02927251574891
191.44963176075564
193.96513411724135
196.13679068545366
194.12800836943632
190.707649047797
184.89846753944033
182.56393659131191
176.4290065019326
163.85149507712313
149.84430957737968
0.0
533.3769729923794
501.6888828987979
481.8001272813754
471.7743123721108
476.91389981770203
504.62061938721956
552.4694544539009
578.3121686757128
597.0246102920785
622.4329932002478
651.8408438141877
679.0227463658842
704.1596722381504
729.4594722348907
749.9273363386211
765.472778589721
780.1314609807409
784.8005228514536
773.5441024981895
749.5111021300524
733.7846884195068
708.5029855022963
653.7410433464968
592.5003255940312
0.0
187.64923256841632
175.56034390019187
168.35768259346392
164.53918634713924
165.20878040990468
174.6916811962743
191.39534039444575
199.55714993046044
204.49766883707633
211.8451072142928
220.98416234011017
230.3946746040077
239.46134107963184
248.8537561618228
257.0336629561766
263.8200899521591
269.6835630056351
272.01809385158674
269.35781442461246
262.3542217079482
257.0517600357062
247.3516936563759
228.0963379171153
206.50645128081473
0.0
780.1857524492278
747.6289996772729
726.9620671622882
716.845766548845
722.6368509776721
752.6600042880674
791.5688527679065
812.2176882033616
841.8246073051884
882.7965296717083
927.6412397274956
968.5407734693666
1002.7624629989637
1035.8078385019592
1056.9271996144696
1069.8485566998313
1070.5543451515541
1055.0269999544394
1021.8187501992488
991.2526826893259
977.1007201088761
946.9689839892283
892.9128302851516
835.0562773887355
0.0
730.6719806249048
703.6348551181525
686.1892133091992
677.3397124265359
681.339180106762
707.326671475695
752.7142956543773
779.6428382497002
802.9519531121296
828.9032502198265
859.3245405570841
885.1853519606025
907.8791640754879
936.1287978700772
957.1033816822012
974.3861493411364
987.2894093469685
985.2263354602876
974.8928691772508
951.475171505569
934.4638610102586
907.6077070395845
849.2263371508916
788.4923391323637
0.0
2280.3480767812275
2251.881277265957
2234.526121263359
2223.7945174170322
2219.071164614261
2232.3906584199544
2258.957258581726
2272.5663070392807
2287.894583799597
2311.71041770627
2346.456924330321
2385.1486076259066
2420.6009026761353
2464.3778808759685
2500.8798101661937
2527.8083531957677
2546.2312399814627
2543.4442806401626
2523.537428019843
2491.41500674034
2457.3018995601997
2437.9198645707625
2388.6956462998996
2333.282207722837
0.0
442.31217034077264
416.05322191039204
399.5486312511959
391.2420445425158
395.4948722046599
418.4782384605223
458.1471668350265
479.59227632420595
495.10152431406976
516.1665939580932
540.561537117401
563.1105720851651
583.9584760340512
604.933059948352
621.9081761824268
634.7933390320966
646.9546163505142
650.8274040397815
641.4892804260774
621.5643305218745
608.5162934200097
587.5598066874152
542.1540853525707
491.3554166157613
0.0
842.5122985752042
788.1846878096801
755.8993920991727
738.7252073261227
741.7836238055032
784.3480943816489
859.3607348438643
895.9350524777519
918.158338941126
951.0951316604136
992.2118310974221
1034.4143588057646
1075.132921190367
1117.2630604784142
1154.0002522878642
1184.5301255365512
1210.7890739413874
1221.3397059451056
1209.3774971656635
1177.8884755855129
1154.0907379920427
1110.5490219282713
1024.0808925993608
927.152616996455
0.0
648.4566788559612
621.4014562696794
604.2091744170999
595.8121019276086
600.6259408432655
625.5637982021005
657.9214824606245
675.0775700264237
699.6896788808689
733.7303970787411
771.0105030621742
805.0150268966336
833.4637291791099
860.9170887922538
878.4713134870922
889.2210139020648
889.8001223628285
876.8968623569963
849.2987256733637
823.8903427651943
812.1272024736387
787.0807623310953
742.145566673306
694.0614687042369
0.0
747.7918739294678
703.3814952384114
675.4938042349925
661.4504245915161
668.6349886143611
707.4895457278902
774.5756394543022
810.8061114020933
837.0469626507675
872.6621318765585
913.8874141994525
952.0180857050967
987.2532149835555
1022.7236071644022
1051.407572221546
1073.2146244763512
1093.7729741820835
1100.3241385055758
1084.5253362725578
1050.8284637607821
1028.7861486291329
993.3338536555366
916.5657907315003
830.6948669428832
0.0
780.0409753787394
729.7490264780445
699.8706503147704
683.9632652725002
686.7864188494925
726.201987267623
795.640708996149
829.5004557601198
850.094999727088
880.5886787145389
918.646961697711
957.718684404201
995.4150246217471
1034.432455987471
1068.4369798219304
1096.7047107726821
1121.0272652817964
1130.79972031132
1119.7242712897805
1090.5697806577587
1068.5274655261092
1028.207040270546
948.1633951719917
858.4196836174747
0.0
118.80771647469724
112.38323218814362
107.91323888961374
105.16247379166835
104.34810253835659
107.69607323023807
115.26067725661257
117.88476239169763
121.50419016035315
128.79733712017128
137.21250670707323
145.2476363466426
152.2150347765265
158.9471704317433
164.2134378427492
167.43472854878064
168.95488823593402
166.4212887999187
160.86546714575886
154.60385706542064
152.73985179434763
148.9756468836798
139.69181470525484
128.7430456695655
0.0
19.544909944098176
18.80292725157489
18.350498781770167
18.042847418215878
18.00665314165327
18.47717875484814
19.635395640613545
20.26879550089458
20.64883541757409
21.191749573676496
21.825149436511957
22.440452155957267
23.0376577396757
23.725349012246234
24.413040295034442
25.08263443187809
25.58935432163558
25.62554859819819
25.335994378034044
24.702594515198587
24.23206890200371
23.67105760251116
22.29567504970683
20.79361252382453
0.0
1394.1854785666735
1336.0212745774718
1299.0669168940747
1280.9878756667556
1291.3394390548656
1344.9793582693876
1414.5085657020923
1451.4267294307836
1504.3246663410541
1577.527592234357
1657.6798198356332
1730.774164196894
1791.9424932736224
1850.9753605287142
1888.7259924191005
1911.8179411010524
1913.0485469026708
1885.34182646465
1825.9832117269368
1771.366046335095
1746.0662468492392
1692.2453559198298
1595.62473153743
1492.235777545109
0.0
1959.9020393511082
1878.1391662818676
1826.1822805979866
1800.7738970001235
1815.3239966074352
1890.734774607397
1988.4774206794077
2040.3800157122164
2114.7230616518705
2217.659586995578
2330.314276309029
2433.087927911426
2519.0674352500782
2602.0428160451834
2655.1217249513284
2687.587991789206
2689.3253171459532
2650.36217727426
2566.9162697547863
2490.1301100322075
2454.5692321471815
2378.9050943696557
2243.0860673919847
2097.747945315619
0.0
1316.4039757915987
1261.4791597923115
1226.5878761744052
1209.5222742361518
1219.2947292656754
1269.9305239546436
1335.5869429828426
1370.4420326204995
1420.3901362438053
1489.521206062131
1565.1853436863917
1634.2078317427774
1691.9558010125259
1747.6949893711894
1783.3463522707
1805.1534050108453
1806.311621830196
1780.1431591550822
1724.0963203677832
1672.5375711487916
1648.6493482598503
1597.8325825967768
1506.6049052076348
1408.9708418682444
0.0
453.78575638917425
436.7744458683192
426.2238138646009
418.89447266909093
418.0620042519536
428.974579021298
455.8126359124423
470.6884839985999
479.73705349687134
492.13359358995615
506.82847034438913
521.3785699261567
535.2590754451589
550.8950033238048
566.9290683314897
582.3659277988814
594.4005251263402
595.178702100535
588.5370521750411
573.7878839776654
562.8572121287915
549.791077947397
517.8315307157353
482.9945384641388
0.0
247.1707222224744
233.79693664176372
224.53120152498744
218.81250564417672
217.09327754576915
224.06067597565308
239.80518676572828
245.27052269016528
252.7808353195768
267.9643348050506
285.5004623181825
302.18602433464747
316.699929655179
330.7071151651401
341.6558840935437
348.35182546198024
351.5188248272459
346.23446023453357
334.6703885841302
321.67664284857517
317.76766087252764
309.94969692043264
290.6581468433033
267.8557519191655
0.0
354.05242418662857
334.90565135879734
321.6223513800885
313.40625042667546
310.9631366948387
320.9346601356165
343.4836952055576
351.319756211638
362.0875539104938
383.8222176428272
408.94104633338696
432.8473667361095
453.62288213697923
473.7107061912002
489.36473135372944
498.9562149493515
503.4985967269284
495.95208983628083
479.3751107312452
460.7531548190581
455.1611389036622
443.95901001888495
416.32467897183955
383.65934339063216
0.0
478.8140993500112
452.9170936852567
434.9466348840266
423.8530887829575
420.54131234720325
434.02368073716644
464.51735972461717
475.1222830691011
489.6904798581195
519.0983304465151
553.0485629146644
585.3881499914818
613.4930066134058
640.6387149038662
661.8123673571424
674.7880159109908
680.9229458981935
670.7161595805713
648.3119017854727
623.120684470264
615.5741775796164
600.4268723298345
563.038183562693
518.863067671848
0.0
63.14091740738703
60.77019221845788
59.30432396913818
58.27278705645076
58.164204226762934
59.684363885817696
63.41237448416102
65.49354545292601
66.74224803265237
68.461476228128
70.50645290755831
72.53333246658823
74.46972631888511
76.64138298161107
78.8673310566265
81.02089057596231
82.70392449487535
82.81250732200876
81.87145610583667
79.82647941618873
78.30631975713396
76.49660586769735
72.04470971000323
67.1946765024571
0.0
24.394943151644302
23.490086212034846
22.91097776915214
22.621423546433583
22.748103519511556
23.6167661825584
25.136925841613166
26.023685648050158
26.801862617136056
27.670525280182897
28.683965059697865
29.552627722744703
30.312707556103717
31.253758772275777
31.95954718823646
32.53865562856475
32.95488982436128
32.90059840440852
32.53865562856475
31.760478662033268
31.199467352323023
30.294610412713567
28.358216560416693
26.331337014158866
0.0
622.3425074960693
585.3881499914818
562.1695208587754
550.478769217413
556.4689221596711
588.7904121314149
644.6200854023859
674.7880159109908
696.6312624270324
726.2562787105657
760.5865510494149
792.3108354808653
821.6282003650821
851.1446338649071
875.0328570859233
893.1661902415252
910.2679864665589
915.7333223909958
902.5767024032459
874.5442343293381
856.1937355807754
826.6953992626569
762.8124991627467
691.3288007292462
0.0
78.6682625304233
75.71842889861148
73.89061787600241
72.62381815288592
72.47904104663549
74.37924062236975
79.03020530371266
81.59999901884501
83.17445009785253
85.32800961718834
87.87970619914822
90.39520849432782
92.80212795726514
95.5166987888656
98.28556102764672
100.96393758013015
103.06320568206762
103.18988565514557
102.03166876938016
99.47997218742032
97.57977261168604
95.31763026266239
89.7799057748825
83.73546140756277
0.0
202.3984007913361
190.38190054340697
182.83539365275936
179.03499448596426
180.97138838168635
191.4858260219917
209.6553534388298
219.4640026274126
226.5580811504323
236.20385608682005
247.3697907359055
257.6851599649566
267.22235209209197
276.81383568771406
284.595605378573
290.4952725911083
296.0510942452682
297.82461388879517
293.5536890449447
284.43273112637803
278.46067526364953
268.86919166802744
248.09367636933453
224.83885294984785
0.0
192.84311145695008
180.41037710262913
173.02674446417655
169.0815681247161
169.7873565508945
179.54171439871155
196.69780206668776
205.07677729783998
210.1620733771213
217.70858026776887
227.11909242948948
236.7648673658773
246.0848939255961
255.7306689641607
264.14583845654914
271.13133406813944
277.1395841921041
279.5646007422343
276.81383568771406
269.6111743809861
264.16393563825557
254.1924120953009
234.41223936376343
212.22514716162536
0.0
109.94011843587155
104.00425689823967
99.87810925004439
97.3264126680845
96.56633284494318
99.66094358045103
106.66453630733295
109.08955291621487
112.43752359787867
119.18775639137677
126.98762319752726
134.4255472942489
140.8681287114206
147.11164161516118
151.96167481248963
154.94770275151714
156.35927952724123
154.00665152512738
148.86706408464502
143.07597966348123
141.35675145778794
137.86400370052672
129.28595986653866
119.15156211481413
0.0
793.3966637777436
751.2846217735795
725.9667244929559
714.456944157774
721.388148326422
752.2075758182627
816.5429043879775
851.8866165778657
886.4521516913823
927.4964625803746
968.0340536332521
1006.2371136613684
1038.54050647695
1076.5987894345778
1096.1617965731546
1110.5490219282713
1122.945561995812
1111.4357816861743
1091.836580388538
1058.574039164861
1045.2364478453862
1010.1099013761801
938.119483106565
857.8948665996534
0.0
858.1663237377336
807.2047807487293
775.1909421763021
759.0663914388942
767.3186866790876
811.8919396989714
888.8771683181451
930.464393304488
960.5780323446063
1001.4594690069476
1048.7653899762784
1092.5242716585544
1132.953279825547
1173.6718422101494
1206.5905377477302
1231.6007835268608
1255.1994526068997
1262.7097656450187
1244.5764324894167
1205.9209435572438
1180.6211435605032
1139.9387754371373
1051.8419035351883
953.2848854358766
0.0
1525.8059692740549
1427.448019688174
1368.9761649893499
1337.867182871192
1343.386809727687
1420.4987191552345
1556.3177461073615
1622.5532735452362
1662.8375052548013
1722.467577845833
1796.9192066202836
1873.3615207844873
1947.0892643342165
2023.4048993759652
2089.9299817211427
2145.2167401539814
2192.776021028597
2211.8866004636952
2190.224325432644
2133.2002403658475
2090.092855462454
2011.2436216232957
1854.649079091489
1679.1068331648746
0.0
1799.5070973459763
1724.4220678504043
1676.7180102884631
1653.390798882933
1666.7464865411548
1735.986140267134
1825.7479490033577
1873.3796186047991
1941.6420263067241
2036.163382464574
2139.588530564866
2233.947012981405
2312.886731579606
2389.0756869880142
2437.8293785345086
2467.6172688658835
2469.209817535305
2433.431773725244
2356.826584797961
2286.3201321841602
2253.672893529218
2184.1979781014284
2059.5086909240895
1926.0603897688438
0.0
139.67371752099393
132.12721062779192
126.8790404010469
123.65774968990662
122.6805041869543
126.62568043445556
135.51137558346392
138.60598631130853
142.85881396323487
151.43685779977736
161.33599272063742
170.76460206406452
178.9626059379479
186.88915277592804
193.07837423161726
196.86067631888272
198.63419588577713
195.6662651361194
189.1331979943337
181.78575961711718
179.57790865994764
175.16220677115285
164.24963210398525
151.36446926708751
0.0
2020.9074936647573
1936.5929239777943
1883.0253938477176
1856.820736042865
1871.8232640433487
1949.5866700454244
2050.387733312054
2103.882875737073
2180.5604523694133
2286.6820750519637
2402.8476091868797
2508.8063565954662
2597.4642404406222
2683.027512983188
2737.7713582638116
2771.2510649782735
2773.024584442991
2732.8489358236648
2646.8151375784983
2567.640154979508
2530.9572551494293
2452.958586679217
2312.90482965536
2163.042422625505
0.0
2.8231536589893134
2.642182269790212
2.5516965758292676
2.497405159197258
2.5155022985003312
2.660279409093286
2.913639352950259
3.0584164635432134
3.1489021575041583
3.293679269118882
3.438456379711836
3.583233490049348
3.709913461594672
3.8546905721876263
3.963273405196203
4.035661961131286
4.108050515789158
4.144244794395304
4.089953377763295
3.963273405196203
3.872787711235258
3.746107739945376
3.456553517737699
3.130805019222853
0.0
155.5268112122808
145.5009962085026
139.5470375376983
136.36194109545735
136.92295247413696
144.79520786662016
158.6395190068829
165.38975184380615
169.49780233328474
175.5784409797215
183.16114215714938
190.94291192464098
198.47132163358214
206.25309129889686
213.02142121534973
218.66772857368824
223.5177617761255
225.4541556718476
223.24630474022223
217.43712312968876
213.0395183970562
205.00438877536783
189.042712290155
171.14464201139708
0.0
2702.9705594560364
2590.189190253803
2518.542617619196
2483.50655710961
2503.576283471241
2607.562444076712
2742.3861277209016
2813.942215341024
2916.4806042198425
3058.434560341757
3213.798498093713
3355.5352895678034
3474.107742355905
3588.554049209828
3661.7750721826596
3706.5292966619895
3708.9181195384012
3655.1877143898027
3540.1080080919696
3434.2035515898965
3385.1603051360985
3280.8122029400342
3093.5068159810808
2893.0629060117317
0.0
547.8003926087324
524.9437063182847
510.4298008955763
503.31762539520383
507.3894816234464
528.4726483469997
555.781230889655
570.2951362101866
591.0706516366006
619.8451022957457
651.3341238758962
680.0542832964526
704.0872835879571
727.2878156666783
742.109372284349
751.1941360694009
751.6646616187352
740.7882812128036
717.4610692708447
695.9978625999589
686.0625333182403
664.9069780722148
626.9572778982952
586.3292012178715
0.0
591.3421086725039
553.229534246389
530.5719164949166
518.501124804045
520.6546843949046
550.5330605581787
603.1776374865315
628.8393803510745
644.4572111501909
667.5672574991892
696.4321939136014
726.0572101971345
754.632592368393
784.2033173111604
809.973642984956
831.4187524741353
849.8416398728914
857.26146677258
848.8643943852655
826.7496907055995
810.0460315074281
779.4799639975053
718.8002575240967
650.7731125968392
0.0
170.67411633434165
163.56194083396915
159.03765613592194
156.82980520429663
158.09660490953218
164.66586631255396
173.1715215091209
177.69580620716815
184.1564848264817
193.13266570010404
202.94131499086367
211.88130147552886
219.3735170254108
226.59427541166835
231.2271429189681
234.05029659813735
234.1950736686259
230.8109087103995
223.53585895783195
216.8580146689251
213.76340392830843
207.17604544575698
195.34051663172934
182.69061658227082
0.0
113.63193477042441
106.88170197692631
102.64697148882549
100.51150911032543
101.61543457613806
107.51510183720734
117.70379099866692
123.20532120988423
127.20478889777365
132.61583337415925
138.87744345960633
144.6685278833245
150.02528101128115
155.41822830085147
159.77963874670374
163.09141518245798
166.20412307923695
167.19946577411346
164.81064338304247
159.68915314470195
156.3411824477116
150.94823505341
139.27558049157736
126.22754340503899
0.0
164.86493482598502
158.67571337029582
154.8391199422647
152.19693759482007
151.88928627979976
155.85255969112657
165.60691753894363
170.99986483873167
174.2935441694121
178.79973168575287
184.1383876447752
189.4227522374876
194.45375687382634
200.1362583912241
205.96353708128717
211.57365017838956
215.95315780594828
216.22461484185155
213.81769537125095
208.4609422560664
204.49766883707633
199.7381213643619
188.13785532500137
175.48795527554284
0.0
188.60838097651256
180.7542226865488
175.7413152319165
173.2982015000798
174.70977840352498
181.96673105101863
191.35914603103276
196.35395640613547
203.52042334945048
213.41955834438878
224.25974448908417
234.1588794073898
242.42927193146642
250.4101101102123
255.5316003485528
258.6443082708759
258.80718252307105
255.06107479921852
247.02594515198587
239.64231251353328
236.22195329407077
228.9469034393264
215.86267207622544
201.89168085304462
0.0
1077.449355058966
1032.4960620917493
1003.9387770000204
989.9677858790164
997.9667212394686
1039.4272663625738
1093.1757686417902
1121.696859472283
1162.5782961090802
1219.14995209301
1281.0964585781846
1337.5776291389225
1384.8473552339556
1430.4702418807744
1459.6609267740325
1477.5047062229087
1478.4457573471218
1457.0368422213555
1411.160594800748
1368.9399700128758
1349.395060158182
1307.8078357849006
1233.1390400891898
1153.2401724698316
0.0
524.4007921187572
493.25561614807054
473.6926091116706
463.84776553413064
468.8787701704694
496.1149640884759
543.1675251014327
568.5759080096021
586.9806982266515
611.9547498467227
640.8739776785334
667.6034517604253
692.3060462424162
717.1896121327648
737.3136305503986
752.5876157655953
767.0110353819482
771.5896115229378
760.5141625013986
736.8973963418299
721.4424397693643
696.5769709585456
642.7379829496064
582.5288020510765
0.0
630.3233457769919
596.8798331194129
576.7558148039559
567.6167597036828
573.1182898893559
597.603718752842
648.7100388123349
676.7967982270084
704.2501578401523
736.8612020550497
769.0741091664523
799.4230110834145
825.0847539479577
855.3069757973283
870.8524180739724
882.2898097334169
892.1346533109568
882.9955981851396
867.4320587267889
841.0102360697573
830.4053127252735
802.4995246167805
745.2944687291443
681.5563458018995
0.0
393.5403812294082
370.17697489849223
355.5001953257657
348.0984655056066
351.880767592872
372.3305344127191
407.63805234137106
426.69433954165635
440.5205535921718
459.25109231361125
480.9495617591643
501.0192887338557
519.5688560213937
538.2270061948168
553.3200199761119
564.7936060245136
575.6156950641351
579.0541513886715
570.7475647055355
553.0123686534283
541.412102639612
522.7720496478954
482.3611385604325
437.17258292072563
0.0
1192.6738379674919
1142.9248033685017
1111.3091018229366
1095.8360480687647
1104.7036460565016
1150.5798930428575
1210.0651884356796
1241.64469518358
1286.8875432113657
1349.5398370243174
1418.0917993781031
1480.6174143240416
1532.9543398275339
1583.4453569862176
1615.748749827343
1635.5108255048951
1636.560459489449
1612.853207651246
1562.0726355852587
1515.345823076692
1493.7016451762584
1447.6625239121636
1365.0128906507678
1276.554076800608
0.0
784.87291139947
738.272778856318
708.991608233337
694.2424401381384
701.788947028786
742.561800779698
812.9777679958498
850.9998566922418
878.5617992168151
915.9323909044269
959.2207470118246
999.2154237885422
1036.2059756309984
1073.431790171489
1103.5454292116074
1126.4383098654678
1148.010099345606
1154.8870120457673
1138.291935759025
1102.9301264896073
1079.8019830610797
1042.5942656001187
962.0258035092875
871.883954902364
0.0
550.4063805672198
517.7229479320271
497.2007924875311
486.84922899724376
492.15169066948573
520.7451700224506
570.1141647762852
596.7893474152344
616.0989945974374
642.3217487410378
672.6706505558232
700.7212158114372
726.6725129191343
752.7685870973198
773.8879480821091
789.940110297045
805.0512212600465
809.8831572807774
798.2466969801808
773.453616794011
757.2385804546014
731.142506174239
674.6432387383256
611.4299328289018
0.0
212.76806136115295
201.25828105151527
193.27744274504838
188.3550210201389
186.8710555942216
192.8793057181862
206.41596555109192
211.1212216830406
217.59999738188375
230.66613163991093
245.7591454212061
260.1282736967933
272.6152994940568
284.68609108275166
294.09660324447225
299.86959059376966
302.5841613615096
298.0598766634624
288.0883531205077
276.9043214174369
273.5382535387401
266.8061178835233
250.19294441507472
230.57564593573227
0.0
1788.685008229722
1682.4548039895858
1615.7306527733576
1582.1423629686578
1599.3346452299445
1692.2453559198298
1852.7126858854608
1939.3798833190954
2002.15885811923
2087.3601880494357
2185.971497566146
2277.144882899284
2361.4594525862467
2446.2988396486494
2514.923189962935
2567.0610466975545
2616.2128759861494
2631.8849985602824
2594.0981725619254
2513.5116133660204
2460.794647327679
2376.009551938116
2192.3778845637075
1986.9753593234504
0.0
660.2198191219726
632.67597380465
615.1760405527542
606.6160938877005
611.5204184309035
636.9107042595434
669.8474969788308
687.3293330490202
712.3757731915634
747.0498912165091
784.9995913648849
819.6194179213438
848.5748401421114
876.5349195913702
894.4148927905984
905.3455646394726
905.9246731002362
892.8042474758992
864.6993907773424
838.8385793738241
826.858273514852
801.3594048769597
755.6098378560187
706.6570773107528
0.0
1545.7671138226572
1481.2870076971133
1440.3150857393007
1420.2634563805673
1431.737041713731
1491.2223374897162
1568.3161488415096
1609.2337799949848
1667.8866065619623
1749.0703710938067
1837.909226500585
1918.9663113990894
1986.7762904524
2052.233641503597
2094.0923238068294
2119.6997749985317
2121.0570606889323
2090.3281181860325
2024.5269213210179
1963.955798601998
1935.9052326056014
1876.2389659065993
1769.1220014232201
1654.4947237740007
0.0
113.84910042724562
107.09886764396524
102.84604001247429
100.7105776365286
101.79640596661439
107.71417036341055
117.92095666826026
123.44058399221464
127.44005167754965
132.86919333819617
139.14890050828168
144.93998493199985
150.31483513948612
155.70778254400537
160.0872901715641
163.39906658177418
166.52987158362697
167.52521425295927
165.11829480790288
159.99680444184128
156.63073666532134
151.23778928379184
139.5470375376983
126.48090336907588
0.0
945.0325900935064
884.0995236637243
847.8871488976396
828.6136959766727
832.0521523778415
879.7924046608144
963.9260030415967
1004.952216851059
1029.8900741077175
1066.826334507231
1112.9559413733277
1160.2980566294384
1205.9571379462009
1253.2268644499416
1294.4159522050684
1328.673836404609
1358.117881049887
1369.971507045621
1356.5434305328524
1321.2178153203167
1294.5245350909538
1245.680357457117
1148.6977905900778
1039.9701804343802
0.0
1067.8216771765633
1004.4093026515317
964.5775000503767
944.5077730756852
954.7869479413235
1010.2546785488454
1106.0428344119307
1157.782554272953
1195.2617288719941
1246.114689051746
1305.0027783678458
1359.420874837549
1409.749018127201
1460.4029101000522
1501.3748320578648
1532.50191117892
1561.83737286168
1571.1935942190635
1548.644559200211
1500.5242668421843
1469.0533420605773
1418.4356450641997
1308.8212748185247
1186.1950622941931
0.0
168.33958551393434
159.399598901548
154.02474870683386
151.59973204941795
153.06560029873762
159.5986674149791
173.24391005713727
180.7542226865488
188.0835639842357
196.78828769423373
205.40252580223
213.49194689240517
220.35076251303664
228.42208642150533
232.5844283539265
235.62474762605646
238.26692997350108
235.82381613948752
231.66147430924323
224.6035901751806
221.78043649601136
214.3244152073656
199.05043009434578
182.02102239178433
0.0
130.95089661907173
125.48556069463474
122.0290071832831
120.3278761311976
121.28702449075979
126.33612620407374
132.86919333819617
136.32574682911243
141.3024600071821
148.1793728248466
155.70778254400537
162.56659816463687
168.3214883322278
173.85921277913698
177.40625198955846
179.57790865994764
179.686491571377
177.08050348516844
171.50658477702316
166.38509451313843
164.01436932931813
158.9471704317433
149.8805038437246
140.16234026736126
0.0
1159.2484224916193
1096.541836520487
1053.0544118996581
1026.1982578268073
1018.1812252846487
1050.8284637607821
1124.646693142411
1150.2903388252478
1185.5797595466493
1256.7558061721259
1338.9711088606612
1417.2593311653197
1485.3045729677533
1551.0333810548534
1602.3206724205268
1633.7373062956199
1648.5769592775819
1623.8562683291227
1569.6191426036273
1508.6317853184196
1490.335577297562
1453.6707743426587
1363.1669833788164
1256.2128926878365
0.0
344.62381494537834
325.96566477195523
313.0443076610493
305.0634693545824
302.67464709123243
312.39281065226925
334.32654289803367
341.96353551840417
352.4417788719292
373.5973341434988
398.046568745749
421.319489321398
441.55209054828435
461.0789033234481
476.3347913569384
485.67291497064264
490.0886168849817
482.74117850776514
466.6166277703574
448.4832947169322
443.0360558720249
432.14157828438687
405.2311328707705
373.4525570730104
0.0
2092.246415359844
1968.0095568311194
1889.9565971989507
1850.649611768882
1870.7736300587947
1979.4469491036248
2167.150473038351
2268.512547788391
2341.950736686259
2441.6116812092914
2556.9628440832325
2663.6092831194533
2762.220592380722
2861.4653013413426
2941.744209853169
3002.731567112833
3060.2261778822285
3078.5585786316697
3034.3472688372076
2940.0973702772344
2878.4223206236093
2779.249999623487
2564.455059173318
2324.179347164786
0.0
272.1447738170014
255.9840288439017
245.83153396922248
240.72814078486732
243.33412876889903
257.4679942442749
281.8810345852889
295.0738487320981
304.6291380664841
317.5866894386262
332.58921761791964
346.4697230092007
359.3005945181049
372.2038545239371
382.64590364177036
390.57245037757355
398.046568745749
400.4353911112758
394.69859804875864
382.42873794663274
374.4117053789297
361.5084454497302
333.56646310554544
302.3127043256064
0.0
1544.138371300707
1479.7125571800784
1438.7768291769712
1418.7613937729436
1430.2349791061072
1489.6478859253687
1566.651212467031
1607.5326484907666
1666.1130870972447
1747.2063658482778
1835.9728325282306
1916.9394311350393
1984.6770222278503
2050.0619845522215
2091.884472747483
2117.4557300866572
2118.8311128310434
2088.120267382128
2022.3914592439398
1961.8927244854192
1933.860256564777
1874.2663778262738
1767.2579961776912
1652.7393016187107
0.0
1308.0430985595679
1230.3701786703782
1181.580291866423
1157.0043772732138
1169.5818888002002
1237.518548023279
1354.878493059972
1418.254673221591
1464.167114596904
1526.4574667937188
1598.5745648754837
1665.2625219837407
1726.9013767630688
1788.9383680072863
1839.139831535877
1877.2705030926097
1913.2114206439815
1924.6669099704727
1897.0325787701622
1838.1082943498668
1799.5432922202735
1737.542493806816
1603.261723570284
1453.0554719271895
0.0
665.4136979083295
629.4184888118383
604.4625342968409
589.0437720111556
584.4470987650919
603.1776374865315
645.5611366287757
660.2741104627383
680.5248088713313
721.388148326422
768.5854864098673
813.5206821953774
852.5743078223377
890.3068423011198
919.7508871507515
937.7756374204685
946.299389824286
932.1112329826003
900.9841541936202
865.9661905081222
855.4698500495233
834.4228775872061
782.4659919288695
721.0804970292827
0.0
49.07944053367043
47.2335323651168
46.09341262529596
45.297138515374336
45.20665281885896
46.38296684546011
49.29660619049166
50.907251556279476
51.88449704901415
53.223685325255865
54.81623353488143
56.390684624106626
57.874650006598785
59.57578105612987
61.31310638477797
62.978043157746434
64.28103714976228
64.37152284372321
63.647637297144506
62.05508907474683
60.86067791497324
59.44910108560631
55.992547564036975
52.22834268913104
0.0
161.42647842481605
155.45442256208756
151.59973204941795
149.64524106394862
150.53200083973255
156.2687939252395
166.29460880895982
172.24856748998184
177.40625198955846
183.12494787036908
189.85708352558586
195.55768222469
200.57058978149922
206.81410268013093
211.44697018743062
215.26546643375536
218.12481437416065
217.67238590435593
215.3921464247142
210.21636471788696
206.45215981232795
200.51629833855665
187.61303830718026
174.20305846523348
0.0
13.048037105696531
12.559414349111508
12.251762992965045
12.08888874409078
12.161277299004098
12.631802912198971
13.42807702288692
13.916699769254258
14.332933962751817
14.803459565729002
15.346373732559984
15.798802202364708
16.196939262434366
16.703659152191847
17.083699058653664
17.391350422207957
17.62661322497376
17.590418948411152
17.409447565598104
16.975116228965838
16.6855620088017
16.196939262434366
15.165402349746934
14.079574017873073
0.0
18.74863583162214
18.060944561606025
17.6085160918013
17.373253278817806
17.48183611872332
18.15143025812139
19.309647141332377
19.997338413902906
20.59454400017576
21.2641381370194
22.0423151061053
22.71190924294895
23.291017685831655
24.014903232410372
24.557817398730464
25.010245868535186
25.335994378034044
25.281702958081294
25.010245868535186
24.413040295034442
23.978708955847765
23.291017685831655
21.78895515994935
20.232601224331976
0.0
5.447238790498221
5.157684568290544
4.994810319671727
4.904324625710782
4.958616041321023
5.175781707593617
5.6101130393724805
5.845375844948149
6.0987357885496785
6.370192870687958
6.6597470928956355
6.913107036497166
7.1302727020034355
7.401729784908039
7.52840975619792
7.636992589461938
7.709381145397021
7.636992589461938
7.510312618172059
7.27504981259639
7.1845641186354445
6.949301314081546
6.442581426367598
5.899667261580158
