0.0
217.41
206.54
196.46
186.39
185.52
190.97
199.35
198.09
212.8
228.6
246.62
257.08
261.45
267.72
266.69
267.8
260.89
263.06
267.01
269.33
267.72
259.81
239.5
220.59
0.0
161.03
146.91
137.31
129.22
124.16
127.71
134.48
140.38
155.99
170.64
184.92
195.21
205.04
210.37
215.34
221.13
221.89
223.58
218.73
202.18
194.05
190.41
175.28
155.91
0.0
520.19
521.57
520.98
521.08
520.85
521.04
520.75
520.4
520.53
520.35
518.5
512.21
507.78
506.32
506.99
508.36
507.54
507.83
507.85
505.75
506.06
508.5
517.42
519.75
0.0
405.1
399.42
391.14
385.21
386.23
388.99
393.86
398.35
413.72
432.04
452.63
475.3
492.6
513.25
523.16
527.41
531.75
525.1
513.42
496.44
485.18
474.75
449.04
425.56
0.0
99.03
99.64
100.61
101.56
104.01
101.68
100.75
100.74
98.8
99.44
100.86
102.05
104.14
104.99
106.17
107.11
107.99
106.48
105.19
103.84
103.37
102.81
101.39
99.48
0.0
1037.7
952.67
896.54
880.12
864.86
887.71
911.87
968.32
1087.61
1204.26
1345.37
1496.39
1480.21
1513.55
1480.36
1445.66
1450.27
1445.55
1431.47
1389.59
1337.61
1314.27
1219.25
1071.9
0.0
72.92
66.95
63.0
61.85
60.78
62.38
64.08
68.05
76.43
84.63
94.54
105.16
104.02
106.36
104.03
101.59
101.91
101.58
100.59
97.65
94.0
92.36
85.68
75.33
0.0
290.96
275.61
263.61
254.66
253.13
258.46
268.11
275.45
284.17
296.92
313.86
331.26
350.53
368.85
380.37
386.65
392.53
395.25
389.25
381.8
371.42
359.8
335.79
311.3
0.0
463.61
440.41
418.92
397.46
395.6
407.22
425.08
422.39
453.78
487.45
525.88
548.19
557.51
570.88
568.68
571.05
556.3
560.93
569.36
574.32
570.87
554.01
510.71
470.39
0.0
1842.03
1691.11
1591.46
1562.32
1535.23
1575.79
1618.69
1718.89
1930.64
2137.71
2388.19
2656.26
2627.55
2686.73
2627.82
2566.21
2574.39
2566.03
2541.03
2466.68
2374.41
2332.99
2164.31
1902.75
0.0
77.65
71.28
67.08
65.85
64.71
66.42
68.23
72.45
81.38
90.11
100.67
111.97
110.76
113.25
110.77
108.17
108.52
108.16
107.11
103.98
100.09
98.34
91.23
80.2
0.0
1261.03
1264.39
1262.96
1263.2
1262.65
1263.09
1262.41
1261.56
1261.86
1261.42
1256.94
1241.69
1230.97
1227.42
1229.04
1232.35
1230.37
1231.07
1231.13
1226.04
1226.79
1232.7
1254.33
1259.97
0.0
1363.54
1251.82
1178.05
1156.48
1136.43
1166.45
1198.21
1272.38
1429.13
1582.4
1767.82
1966.26
1945.0
1988.81
1945.2
1899.6
1905.65
1899.46
1880.96
1825.92
1757.62
1726.96
1602.1
1408.48
0.0
268.49
269.2
268.9
268.95
268.83
268.93
268.78
268.6
268.66
268.57
267.62
264.37
262.09
261.33
261.68
262.38
261.96
262.11
262.12
261.04
261.2
262.46
267.06
268.26
0.0
74.4
70.47
67.4
65.12
64.73
66.09
68.55
70.43
72.66
75.92
80.25
84.7
89.63
94.31
97.26
98.86
100.37
101.06
99.53
97.62
94.97
92.0
85.86
79.6
0.0
14.81
13.51
12.63
11.89
11.42
11.75
12.37
12.91
14.35
15.7
17.01
17.96
18.86
19.35
19.81
20.34
20.41
20.57
20.12
18.6
17.85
17.52
16.12
14.34
0.0
305.8
289.67
277.06
267.65
266.04
271.64
281.78
289.49
298.66
312.07
329.86
348.16
368.41
387.67
399.77
406.37
412.55
415.41
409.1
401.27
390.36
378.15
352.91
327.18
0.0
342.93
345.05
348.42
351.7
360.17
352.1
348.87
348.84
342.15
344.35
349.26
353.38
360.64
363.59
367.67
370.92
373.95
368.72
364.25
359.59
357.95
356.02
351.11
344.5
0.0
230.49
231.92
234.17
236.38
242.07
236.65
234.48
234.46
229.96
231.44
234.74
237.51
242.39
244.37
247.11
249.3
251.34
247.82
244.82
241.68
240.58
239.28
235.99
231.54
0.0
834.84
766.44
721.28
708.07
695.79
714.18
733.62
779.03
875.0
968.85
1082.37
1203.87
1190.85
1217.67
1190.97
1163.05
1166.76
1162.97
1151.64
1117.94
1076.13
1057.35
980.91
862.36
0.0
267.12
269.34
270.87
263.97
258.6
259.02
257.22
259.33
261.86
272.99
284.5
293.55
298.51
302.35
310.71
314.7
314.95
313.5
312.04
304.23
293.75
292.52
280.4
265.76
0.0
177.46
178.93
179.95
175.37
171.8
172.08
170.88
172.28
173.97
181.36
189.01
195.02
198.31
200.86
206.42
209.07
209.24
208.27
207.31
202.12
195.15
194.34
186.28
176.56
0.0
246.61
233.6
223.43
215.84
214.55
219.06
227.24
233.46
240.85
251.66
266.01
280.77
297.09
312.63
322.39
327.71
332.69
335.0
329.91
323.6
314.8
304.95
284.6
263.85
0.0
258.22
244.6
233.95
226.0
224.65
229.37
237.94
244.45
252.19
263.51
278.54
293.99
311.08
327.35
337.57
343.14
348.36
350.77
345.45
338.84
329.62
319.31
298.0
276.27
0.0
628.31
632.2
638.35
644.36
659.88
645.09
639.19
639.14
626.86
630.9
639.9
647.44
660.75
666.15
673.63
679.58
685.13
675.56
667.36
658.82
655.82
652.28
643.29
631.18
0.0
1053.92
1056.72
1055.53
1055.72
1055.27
1055.64
1055.06
1054.35
1054.61
1054.24
1050.5
1037.75
1028.79
1025.83
1027.18
1029.95
1028.29
1028.87
1028.93
1024.67
1025.3
1030.24
1048.32
1053.03
0.0
1778.75
1633.01
1536.78
1508.64
1482.49
1521.65
1563.08
1659.84
1864.32
2064.27
2306.15
2565.01
2537.28
2594.43
2537.54
2478.06
2485.95
2477.87
2453.73
2381.94
2292.84
2252.84
2089.96
1837.38
0.0
108.19
109.09
109.71
106.92
104.74
104.91
104.18
105.04
106.06
110.57
115.23
118.9
120.91
122.46
125.85
127.46
127.57
126.98
126.39
123.22
118.98
118.48
113.57
107.64
0.0
1809.69
1714.22
1639.57
1583.89
1574.4
1607.5
1667.52
1713.18
1767.42
1846.75
1952.07
2060.34
2180.16
2294.13
2365.78
2404.8
2441.41
2458.31
2420.99
2374.65
2310.08
2237.79
2088.48
1936.18
0.0
349.37
352.26
354.27
345.25
338.22
338.76
336.42
339.17
342.49
357.04
372.1
383.94
390.42
395.44
406.37
411.59
411.92
410.02
408.12
397.9
384.19
382.58
366.73
347.58
0.0
106.51
107.17
108.21
109.23
111.86
109.35
108.35
108.34
106.26
106.95
108.47
109.75
112.01
112.92
114.19
115.2
116.14
114.52
113.13
111.68
111.17
110.57
109.05
106.99
0.0
848.91
854.16
862.48
870.6
891.57
871.59
863.6
863.54
846.95
852.41
864.56
874.76
892.74
900.03
910.14
918.18
925.68
912.75
901.67
890.14
886.08
881.29
869.15
852.78
0.0
461.99
437.61
418.56
404.34
401.92
410.37
425.69
437.35
451.19
471.45
498.33
525.97
556.56
585.66
603.95
613.91
623.25
627.57
618.04
606.21
589.73
571.27
533.16
494.28
0.0
421.88
425.38
427.8
416.91
408.42
409.08
406.24
409.57
413.57
431.14
449.33
463.62
471.45
477.51
490.72
497.02
497.41
495.12
492.82
480.49
463.93
461.99
442.84
419.72
0.0
144.77
132.07
123.44
116.17
111.62
114.8
120.89
126.19
140.23
153.4
166.23
175.49
184.32
189.12
193.58
198.79
199.48
200.99
196.64
181.75
174.44
171.17
157.57
140.16
0.0
35.31
33.45
31.99
30.9
30.72
31.36
32.54
33.43
34.48
36.03
38.09
40.2
42.54
44.76
46.16
46.92
47.63
47.96
47.24
46.33
45.07
43.66
40.75
37.78
0.0
441.53
405.35
381.47
374.48
367.99
377.71
387.99
412.01
462.77
512.4
572.44
636.7
629.81
644.0
629.88
615.11
617.07
615.07
609.08
591.25
569.14
559.21
518.78
456.08
0.0
150.83
151.77
153.24
154.69
158.41
154.86
153.44
153.43
150.49
151.46
153.61
155.43
158.62
159.92
161.71
163.14
164.47
162.18
160.21
158.16
157.44
156.59
154.43
151.52
0.0
292.19
288.09
282.12
277.85
278.58
280.57
284.09
287.32
298.4
311.62
326.47
342.82
355.3
370.2
377.34
380.41
383.54
378.75
370.32
358.07
349.95
342.43
323.88
306.95
0.0
163.13
149.77
140.94
138.36
135.96
139.55
143.35
152.23
170.98
189.32
211.5
235.24
232.7
237.94
232.72
227.27
227.99
227.25
225.03
218.45
210.28
206.61
191.67
168.51
0.0
83.68
84.37
84.85
82.69
81.01
81.14
80.58
81.24
82.03
85.52
89.12
91.96
93.51
94.71
97.33
98.58
98.66
98.21
97.75
95.3
92.02
91.64
87.84
83.25
0.0
453.9
416.71
392.15
384.97
378.3
388.29
398.86
423.56
475.73
526.76
588.48
654.54
647.46
662.04
647.53
632.35
634.36
632.3
626.14
607.82
585.08
574.88
533.31
468.86
0.0
77.27
73.2
70.01
67.63
67.23
68.64
71.2
73.15
75.47
78.86
83.35
87.98
93.09
97.96
101.02
102.68
104.25
104.97
103.37
101.4
98.64
95.55
89.18
82.67
0.0
20.71
19.67
18.71
17.75
17.67
18.19
18.98
18.86
20.27
21.77
23.49
24.48
24.9
25.5
25.4
25.5
24.85
25.05
25.43
25.65
25.5
24.74
22.81
21.01
0.0
269.02
254.83
243.73
235.46
234.05
238.97
247.89
254.68
262.74
274.53
290.19
306.28
324.1
341.04
351.69
357.49
362.93
365.44
359.9
353.01
343.41
332.66
310.47
287.83
0.0
246.88
248.41
250.83
253.19
259.29
253.48
251.16
251.14
246.32
247.9
251.44
254.4
259.63
261.75
264.69
267.03
269.21
265.45
262.23
258.87
257.69
256.3
252.77
248.01
0.0
1244.87
1179.2
1127.85
1089.55
1083.02
1105.79
1147.07
1178.48
1215.8
1270.37
1342.82
1417.3
1499.72
1578.12
1627.41
1654.25
1679.43
1691.05
1665.38
1633.51
1589.09
1539.36
1436.65
1331.89
0.0
45.08
45.45
45.71
44.54
43.64
43.71
43.4
43.76
44.19
46.07
48.01
49.54
50.37
51.02
52.43
53.1
53.15
52.9
52.66
51.34
49.57
49.36
47.32
44.84
0.0
461.29
464.14
468.66
473.07
484.47
473.61
469.27
469.24
460.23
463.19
469.79
475.34
485.11
489.07
494.56
498.93
503.01
495.98
489.96
483.69
481.49
478.88
472.29
463.39
0.0
2370.96
2377.26
2374.58
2375.03
2373.99
2374.84
2373.54
2371.94
2372.51
2371.7
2363.27
2334.59
2314.43
2307.76
2310.82
2317.04
2313.3
2314.62
2314.75
2305.16
2306.58
2317.7
2358.36
2368.96
0.0
590.46
594.11
599.9
605.55
620.13
606.23
600.68
600.64
589.1
592.89
601.35
608.44
620.95
626.02
633.05
638.65
643.86
634.87
627.16
619.14
616.32
612.98
604.54
593.16
0.0
429.42
406.77
389.05
375.84
373.59
381.44
395.68
406.52
419.39
438.22
463.21
488.9
517.33
544.37
561.38
570.63
579.32
583.33
574.48
563.48
548.16
531.01
495.57
459.44
0.0
1405.36
1409.1
1407.51
1407.77
1407.16
1407.66
1406.89
1405.95
1406.28
1405.8
1400.81
1383.8
1371.86
1367.9
1369.71
1373.4
1371.19
1371.97
1372.04
1366.36
1367.2
1373.79
1397.9
1404.18
0.0
198.45
188.52
179.33
170.14
169.34
174.32
181.96
180.81
194.25
208.66
225.11
234.66
238.65
244.37
243.43
244.45
238.13
240.12
243.72
245.85
244.37
237.15
218.62
201.36
0.0
592.91
544.33
512.25
502.87
494.15
507.21
521.02
553.27
621.43
688.08
768.7
854.99
845.74
864.79
845.83
826.0
828.63
825.94
817.89
793.96
764.27
750.93
696.64
612.45
0.0
196.56
186.19
178.08
172.03
171.0
174.6
181.11
186.07
191.96
200.58
212.02
223.78
236.79
249.17
256.95
261.19
265.17
267.0
262.95
257.92
250.9
243.05
226.84
210.29
0.0
792.12
781.01
764.83
753.24
755.23
760.62
770.15
778.92
808.97
844.8
885.06
929.39
963.22
1003.6
1022.97
1031.28
1039.77
1026.78
1003.94
970.72
948.7
928.32
878.04
832.13
0.0
800.28
730.09
682.38
642.19
617.05
634.64
668.29
697.61
775.19
848.02
918.96
970.1
1018.95
1045.48
1070.15
1098.93
1102.72
1111.11
1087.02
1004.74
964.33
946.25
871.07
774.83
0.0
4529.72
4541.77
4536.64
4537.5
4535.52
4537.13
4534.66
4531.61
4532.68
4531.13
4515.04
4460.23
4421.73
4408.99
4414.82
4426.71
4419.57
4422.09
4422.33
4404.02
4406.73
4427.97
4505.65
4525.91
0.0
491.69
451.4
424.8
417.03
409.8
420.62
432.07
458.82
515.34
570.61
637.47
709.03
701.36
717.16
701.44
684.99
687.18
684.94
678.27
658.42
633.8
622.74
577.72
507.9
0.0
882.49
835.94
799.53
772.38
767.75
783.9
813.16
835.43
861.88
900.57
951.92
1004.72
1063.15
1118.73
1153.67
1172.7
1190.55
1198.79
1180.59
1157.99
1126.51
1091.25
1018.44
944.17
0.0
658.38
649.14
635.69
626.06
627.71
632.2
640.12
647.41
672.38
702.16
735.62
772.47
800.59
834.15
850.25
857.16
864.21
853.41
834.43
806.82
788.52
771.58
729.79
691.63
0.0
831.27
763.16
718.19
705.04
692.81
711.12
730.47
775.69
871.25
964.7
1077.73
1198.71
1185.75
1212.46
1185.87
1158.07
1161.76
1157.99
1146.71
1113.15
1071.52
1052.82
976.7
858.66
0.0
817.07
773.96
740.26
715.12
710.84
725.78
752.88
773.49
797.98
833.8
881.35
930.24
984.33
1035.79
1068.14
1085.76
1102.28
1109.91
1093.06
1072.14
1042.99
1010.35
942.94
874.18
0.0
216.51
217.85
219.97
222.04
227.39
222.3
220.26
220.24
216.01
217.4
220.5
223.11
227.69
229.55
232.13
234.18
236.09
232.79
229.97
227.03
225.99
224.77
221.67
217.5
0.0
24.04
24.24
24.38
23.76
23.27
23.31
23.15
23.34
23.57
24.57
25.61
26.42
26.87
27.21
27.96
28.32
28.35
28.22
28.08
27.38
26.44
26.33
25.24
23.92
0.0
1415.52
1395.66
1366.74
1346.03
1349.59
1359.23
1376.26
1391.93
1445.63
1509.65
1581.6
1660.82
1721.26
1793.42
1828.03
1842.89
1858.06
1834.84
1794.02
1734.67
1695.32
1658.9
1569.05
1487.01
0.0
1989.9
1961.98
1921.33
1892.21
1897.21
1910.76
1934.7
1956.73
2032.22
2122.22
2223.36
2334.73
2419.7
2521.14
2569.8
2590.69
2612.01
2579.37
2521.99
2438.54
2383.24
2332.04
2205.73
2090.39
0.0
1336.54
1317.79
1290.49
1270.93
1274.29
1283.39
1299.47
1314.27
1364.97
1425.42
1493.35
1568.15
1625.23
1693.36
1726.04
1740.07
1754.39
1732.47
1693.93
1637.88
1600.73
1566.34
1481.51
1404.04
0.0
558.36
562.98
566.2
551.77
540.54
541.41
537.66
542.06
547.36
570.62
594.68
613.6
623.96
631.99
649.46
657.8
658.32
655.29
652.25
635.92
614.01
611.44
586.1
555.5
0.0
450.47
453.26
457.67
461.98
473.11
462.5
458.27
458.23
449.43
452.33
458.78
464.19
473.73
477.6
482.96
487.23
491.21
484.35
478.47
472.35
470.2
467.65
461.21
452.53
0.0
645.24
649.23
655.56
661.73
677.67
662.48
656.41
656.36
643.76
647.9
657.14
664.89
678.56
684.1
691.78
697.9
703.6
693.77
685.35
676.58
673.5
669.86
660.63
648.19
0.0
872.62
878.02
886.57
894.92
916.48
895.94
887.73
887.66
870.62
876.22
888.71
899.2
917.68
925.17
935.56
943.84
951.54
938.25
926.86
915.0
910.83
905.91
893.43
876.61
0.0
77.68
78.33
78.77
76.77
75.2
75.32
74.8
75.42
76.15
79.39
82.74
85.37
86.81
87.93
90.36
91.52
91.59
91.17
90.75
88.47
85.43
85.07
81.54
77.29
0.0
26.72
24.37
22.78
21.44
20.6
21.19
22.31
23.29
25.88
28.31
30.68
32.39
34.02
34.9
35.73
36.69
36.82
37.1
36.29
33.54
32.19
31.59
29.08
25.87
0.0
691.81
635.13
597.7
586.76
576.59
591.82
607.93
645.56
725.09
802.86
896.93
997.61
986.83
1009.06
986.93
963.79
966.87
963.72
954.34
926.41
891.76
876.2
812.85
714.62
0.0
96.81
97.61
98.17
95.67
93.72
93.87
93.22
93.98
94.9
98.93
103.11
106.39
108.18
109.57
112.6
114.05
114.14
113.61
113.09
110.26
106.46
106.01
101.62
96.31
0.0
225.0
206.56
194.39
190.83
187.52
192.48
197.72
209.96
235.82
261.11
291.71
324.45
320.95
328.18
320.98
313.46
314.45
313.43
310.38
301.3
290.03
284.97
264.36
232.41
0.0
202.0
191.34
183.01
176.79
175.73
179.43
186.13
191.22
197.28
206.13
217.89
229.97
243.35
256.07
264.07
268.42
272.51
274.39
270.23
265.06
257.85
249.78
233.11
216.12
0.0
200.37
201.61
203.58
205.49
210.44
205.73
203.84
203.83
199.91
201.2
204.07
206.48
210.72
212.44
214.83
216.73
218.5
215.44
212.83
210.11
209.15
208.02
205.15
201.29
0.0
1136.23
1079.38
1026.72
974.11
969.56
998.04
1041.8
1035.21
1112.14
1194.68
1288.86
1343.54
1366.37
1399.15
1393.75
1399.56
1363.41
1374.76
1395.41
1407.57
1399.12
1357.8
1251.67
1152.85
0.0
953.95
875.79
824.18
809.09
795.06
816.07
838.28
890.18
999.84
1107.07
1236.79
1375.62
1360.75
1391.4
1360.89
1328.99
1333.22
1328.89
1315.94
1277.44
1229.66
1208.2
1120.85
985.39
0.0
1598.22
1513.91
1447.98
1398.81
1390.43
1419.66
1472.66
1512.99
1560.89
1630.96
1723.97
1819.59
1925.41
2026.06
2089.34
2123.8
2156.12
2171.05
2138.09
2097.17
2040.14
1976.3
1844.44
1709.93
0.0
1827.04
1801.41
1764.08
1737.35
1741.94
1754.38
1776.36
1796.59
1865.89
1948.53
2041.39
2143.65
2221.67
2314.8
2359.47
2378.65
2398.23
2368.26
2315.58
2238.96
2188.18
2141.18
2025.2
1919.31
0.0
254.57
256.14
258.64
261.07
267.36
261.37
258.97
258.95
253.98
255.62
259.26
262.32
267.71
269.9
272.93
275.34
277.59
273.71
270.39
266.93
265.71
264.28
260.64
255.73
0.0
2051.83
2023.05
1981.13
1951.11
1956.27
1970.24
1994.92
2017.64
2095.47
2188.28
2292.57
2407.4
2495.02
2599.61
2649.79
2671.33
2693.31
2659.65
2600.49
2514.45
2457.42
2404.63
2274.38
2155.46
0.0
3.13
2.87
2.7
2.65
2.61
2.68
2.75
2.92
3.28
3.63
4.06
4.51
4.46
4.56
4.46
4.36
4.37
4.36
4.32
4.19
4.03
3.96
3.68
3.23
0.0
162.91
154.31
147.59
142.58
141.73
144.71
150.11
154.22
159.1
166.24
175.72
185.47
196.26
206.52
212.97
216.48
219.77
221.3
217.94
213.76
207.95
201.44
188.0
174.29
0.0
2744.32
2705.83
2649.76
2609.6
2616.5
2635.19
2668.2
2698.59
2802.69
2926.82
3066.3
3219.9
3337.09
3476.98
3544.08
3572.89
3602.29
3557.28
3478.15
3363.07
3286.79
3216.18
3041.98
2882.92
0.0
556.18
548.38
537.02
528.88
530.28
534.06
540.75
546.91
568.01
593.17
621.44
652.56
676.31
704.67
718.27
724.1
730.06
720.94
704.9
681.58
666.12
651.81
616.51
584.27
0.0
619.42
586.74
561.19
542.13
538.88
550.21
570.75
586.38
604.95
632.1
668.15
705.21
746.22
785.23
809.75
823.11
835.64
841.42
828.65
812.79
790.69
765.95
714.84
662.71
0.0
173.29
170.86
167.32
164.79
165.22
166.4
168.49
170.4
176.98
184.82
193.62
203.32
210.72
219.56
223.79
225.61
227.47
224.63
219.63
212.36
207.55
203.09
192.09
182.04
0.0
126.32
115.97
109.14
107.14
105.28
108.06
111.0
117.88
132.4
146.6
163.77
182.16
180.19
184.25
180.21
175.98
176.54
175.97
174.25
169.16
162.83
159.99
148.42
130.48
0.0
202.86
204.54
205.7
200.46
196.38
196.7
195.34
196.94
198.86
207.31
216.05
222.93
226.69
229.61
235.96
238.99
239.17
238.07
236.97
231.04
223.08
222.14
212.94
201.82
0.0
191.5
188.82
184.91
182.1
182.58
183.89
186.19
188.31
195.58
204.24
213.97
224.69
232.87
242.63
247.31
249.32
251.37
248.23
242.71
234.68
229.36
224.43
212.27
201.18
0.0
1093.95
1078.6
1056.25
1040.24
1042.99
1050.44
1063.6
1075.71
1117.21
1166.69
1222.29
1283.52
1330.23
1386.0
1412.75
1424.23
1435.95
1418.01
1386.46
1340.59
1310.18
1282.04
1212.6
1149.19
0.0
582.93
535.17
503.63
494.41
485.84
498.67
512.25
543.96
610.97
676.49
755.76
840.6
831.51
850.24
831.59
812.1
814.69
812.04
804.13
780.6
751.4
738.29
684.91
602.14
0.0
902.69
857.53
815.69
773.89
770.28
792.91
827.67
822.44
883.55
949.13
1023.95
1067.4
1085.53
1111.57
1107.28
1111.9
1083.18
1092.2
1108.6
1118.26
1111.55
1078.73
994.41
915.9
0.0
437.47
401.63
377.96
371.04
364.61
374.24
384.43
408.22
458.51
507.69
567.18
630.84
624.02
638.08
624.09
609.46
611.4
609.41
603.48
585.82
563.91
554.07
514.01
451.89
0.0
1210.93
1193.95
1169.21
1151.49
1154.53
1162.78
1177.34
1190.75
1236.69
1291.46
1353.0
1420.78
1472.49
1534.21
1563.82
1576.54
1589.51
1569.65
1534.73
1483.95
1450.29
1419.14
1342.27
1272.09
0.0
872.49
801.0
753.8
740.0
727.17
746.38
766.7
814.16
914.46
1012.53
1131.18
1258.15
1244.55
1272.58
1244.68
1215.5
1219.37
1215.41
1203.57
1168.35
1124.65
1105.03
1025.14
901.24
0.0
611.85
561.72
528.62
518.94
509.94
523.41
537.66
570.94
641.28
710.06
793.26
882.3
872.76
892.42
872.85
852.39
855.11
852.33
844.03
819.33
788.68
774.92
718.9
632.02
0.0
387.77
390.17
393.97
397.68
407.26
398.13
394.49
394.46
386.88
389.37
394.92
399.58
407.79
411.12
415.74
419.42
422.84
416.94
411.88
406.61
404.75
402.56
397.02
389.54
0.0
1988.34
1825.43
1717.86
1686.4
1657.16
1700.94
1747.25
1855.41
2083.98
2307.49
2577.87
2867.24
2836.24
2900.12
2836.53
2770.03
2778.86
2769.83
2742.85
2662.59
2563.0
2518.28
2336.21
2053.87
0.0
670.32
660.92
647.22
637.42
639.1
643.67
651.73
659.15
684.58
714.9
748.97
786.49
815.11
849.28
865.67
872.71
879.89
868.89
849.56
821.46
802.82
785.58
743.03
704.18
0.0
1569.43
1547.42
1515.35
1492.39
1496.33
1507.02
1525.9
1543.27
1602.81
1673.79
1753.56
1841.4
1908.42
1988.42
2026.8
2043.27
2060.09
2034.34
1989.09
1923.28
1879.66
1839.28
1739.66
1648.69
0.0
126.56
116.19
109.35
107.34
105.48
108.27
111.22
118.1
132.65
146.88
164.09
182.51
180.53
184.6
180.55
176.32
176.88
176.31
174.59
169.48
163.14
160.29
148.7
130.73
0.0
989.88
937.66
896.83
866.37
861.18
879.29
912.11
937.09
966.76
1010.15
1067.76
1126.98
1192.52
1254.86
1294.05
1315.4
1335.42
1344.66
1324.25
1298.9
1263.59
1224.05
1142.37
1059.07
0.0
1187.01
1089.75
1025.53
1006.76
989.3
1015.44
1043.08
1107.65
1244.11
1377.54
1538.95
1711.7
1693.19
1731.33
1693.37
1653.67
1658.94
1653.55
1637.44
1589.53
1530.07
1503.38
1394.68
1226.13
0.0
241.08
229.02
217.84
206.68
205.72
211.76
221.04
219.65
235.97
253.48
273.47
285.07
289.91
296.87
295.72
296.95
289.28
291.69
296.07
298.65
296.86
288.09
265.57
244.61
0.0
132.96
131.09
128.38
126.43
126.77
127.67
129.27
130.74
135.79
141.8
148.56
156.0
161.68
168.46
171.71
173.1
174.53
172.35
168.51
162.94
159.24
155.82
147.38
139.67
0.0
2112.7
2125.76
2146.46
2166.67
2218.87
2169.14
2149.27
2149.1
2107.84
2121.41
2151.65
2177.04
2221.78
2239.92
2265.08
2285.11
2303.77
2271.58
2244.02
2215.3
2205.21
2193.28
2163.07
2122.34
0.0
628.05
631.94
638.09
644.1
659.61
644.83
638.93
638.88
626.61
630.64
639.63
647.18
660.48
665.87
673.35
679.31
684.85
675.29
667.09
658.56
655.55
652.01
643.03
630.92
0.0
2325.79
2135.23
2009.4
1972.61
1938.41
1989.62
2043.78
2170.3
2437.66
2699.11
3015.37
3353.85
3317.59
3392.31
3317.93
3240.15
3250.48
3239.91
3208.35
3114.47
2997.98
2945.67
2732.7
2402.44
0.0
302.52
277.74
261.37
256.58
252.14
258.8
265.84
282.3
317.08
351.08
392.22
436.25
431.53
441.25
431.58
421.46
422.8
421.43
417.32
405.11
389.96
383.15
355.45
312.49
0.0
1567.77
1545.78
1513.75
1490.81
1494.75
1505.42
1524.29
1541.64
1601.12
1672.02
1751.71
1839.46
1906.4
1986.32
2024.65
2041.11
2057.91
2032.19
1986.99
1921.24
1877.67
1837.33
1737.82
1646.95
0.0
1454.05
1334.91
1256.25
1233.25
1211.87
1243.88
1277.74
1356.84
1523.99
1687.44
1885.17
2096.78
2074.11
2120.83
2074.32
2025.7
2032.15
2025.55
2005.81
1947.12
1874.29
1841.59
1708.45
1501.97
0.0
1212.71
1220.21
1232.09
1243.69
1273.65
1245.1
1233.7
1233.61
1209.92
1217.71
1235.07
1249.64
1275.32
1285.74
1300.17
1311.67
1322.38
1303.91
1288.09
1271.6
1265.81
1258.96
1241.62
1218.24
0.0
60.38
60.88
61.23
59.67
58.46
58.55
58.14
58.62
59.19
61.71
64.31
66.36
67.48
68.34
70.23
71.14
71.19
70.86
70.54
68.77
66.4
66.12
63.38
60.07
0.0
176.81
161.3
150.76
141.88
136.33
140.21
147.65
154.12
171.27
187.35
203.03
214.33
225.12
230.98
236.43
242.79
243.63
245.48
240.16
221.98
213.05
209.06
192.45
171.18
0.0
14.28
13.03
12.18
11.46
11.01
11.33
11.93
12.45
13.84
15.14
16.4
17.32
18.19
18.66
19.1
19.62
19.68
19.83
19.4
17.93
17.21
16.89
15.55
13.83
0.0
20.53
18.73
17.51
16.48
15.83
16.28
17.15
17.9
19.89
21.76
23.58
24.89
26.15
26.83
27.46
28.2
28.29
28.51
27.89
25.78
24.74
24.28
22.35
19.88
0.0
7.81
7.42
7.06
6.69
6.66
6.86
7.16
7.11
7.64
8.21
8.86
9.23
9.39
9.61
9.58
9.62
9.37
9.45
9.59
9.67
9.61
9.33
8.6
7.92
