0.0
89.63367336
84.87899644
82.01550563
80.71197623
81.49195693
84.97515845
92.25141683
96.23679771
100.1473859
104.7845315
109.3575691
113.6741746
117.3283308
121.623567
123.8352932
125.4593626
126.859054
125.5662092
123.3437985
119.5934803
118.0869422
114.112246
105.9812142
96.92061641
0.0
86.80223655
83.59683638
81.52401094
80.46622888
80.94703891
84.03490773
89.43066468
92.62538018
95.392709
98.48057782
102.0919953
105.1584948
107.8617156
111.2167012
113.7062286
115.7576847
117.2962768
117.0505295
115.8217927
113.0437793
111.0136925
107.8296616
100.8953126
93.67247757
0.0
154.6071348
152.6838947
151.5085813
150.7713392
150.4507992
151.3589959
153.1647047
154.0835861
155.1199988
156.7333835
159.094695
161.7124385
164.1164886
167.0868261
169.5656689
171.392747
172.642853
172.450529
171.0935763
168.9245888
166.6060161
165.291802
161.9581858
158.197183
0.0
235.5648583
225.7456492
219.4951188
216.439304
218.1915894
227.2521872
239.0053212
245.2451668
254.1775486
266.5503933
280.0878667
292.439342
302.7714152
312.7508944
319.1296407
323.0295442
323.2432376
318.5526687
308.5304508
299.2988983
295.0250314
285.9323796
269.6062081
252.1367772
0.0
32.08605568
30.34445492
29.14777219
28.39984549
28.17546748
29.08366419
31.12443563
31.82962367
32.81261305
34.77859182
37.05442594
39.22341339
41.10391482
42.92030825
44.34136899
45.2175117
45.62352906
44.93971035
43.44385694
41.75567952
41.24281549
40.22777211
37.72755998
34.76790715
0.0
551.1471895
518.4093691
497.8520694
487.4986269
492.7982218
521.43313
570.8710852
597.5827533
616.922001
643.1742283
673.5614219
701.6514121
727.6258381
753.7712188
774.9161752
790.9859148
806.1260882
810.9555578
799.3199552
774.4887886
758.2374097
732.1133983
675.5380854
612.2421167
0.0
38.73191869
36.43471524
34.9816005
34.25504313
34.62900648
36.63772392
40.12092543
41.9907422
43.34769494
45.19614237
47.33307581
49.30973925
51.13681734
52.97458011
54.45974885
55.58163891
56.65010563
56.99201498
56.16929561
54.42769485
53.28443546
51.44667269
47.47197649
43.02715492
0.0
163.9989573
153.4318214
147.149237
143.8049362
144.3925929
152.6838947
167.2791501
174.4058231
178.7331134
185.1439137
193.1467294
201.3632385
209.2912616
217.4864014
224.6344438
230.5858034
235.6930743
237.7445304
235.415273
229.2929587
224.6558131
216.182872
199.3545211
180.4853988
0.0
191.1273273
180.9875781
174.8866332
172.1086197
173.7754278
181.2012715
196.7047236
205.2204034
213.5437592
223.437761
233.1928622
242.4030454
250.1814831
259.3489276
264.0608658
267.5333827
270.5144048
267.747076
263.0244531
255.0109527
251.7948679
243.3326114
225.9913965
206.6628335
0.0
978.3415546
920.2490189
883.7501956
865.372568
874.7750751
925.6020371
1013.365894
1060.773762
1095.114283
1141.710116
1195.646317
1245.522343
1291.626682
1338.030192
1375.576113
1404.09349
1430.976112
1439.545215
1418.881069
1374.806817
1345.9689
1299.586759
1199.150887
1086.801612
0.0
41.24281549
38.78534203
37.24674995
36.47745391
36.8727866
39.02040471
42.71729957
44.71533234
46.15776242
48.12374119
50.39957531
52.50445475
54.44906418
56.40435829
57.98568904
59.18237177
60.31494649
60.67822518
59.81276713
57.95363503
56.73558297
54.78028887
50.54916065
45.81585307
0.0
374.8074416
370.1275574
367.2747512
365.5117811
364.7318004
366.9221572
371.2921861
373.5252816
376.046863
379.9574512
385.6737482
392.0311252
397.8542688
405.0557345
411.0498329
415.4839698
418.5077306
418.0482899
414.7787817
409.5005561
403.8911058
400.707075
392.6187819
383.5047607
0.0
724.2067446
681.200959
654.1794356
640.5778542
647.5442572
685.1649705
750.1277473
785.2161945
810.6350178
845.1358083
885.0644097
921.9799349
956.1067621
990.4579672
1018.248787
1039.361689
1059.256539
1065.603232
1050.302788
1017.671815
996.3238495
962.0046984
887.6500991
804.4913341
0.0
79.80377951
78.79942079
78.20107943
77.81643141
77.6561614
78.12628676
79.05585281
79.52597816
80.06021153
80.89361557
82.11166763
83.46862037
84.70804177
86.23594918
87.51810925
88.45835997
89.11012467
89.00327799
88.30877462
87.18688457
85.99020184
85.3170678
83.59683638
81.65222694
0.0
41.93731886
39.23409805
37.6207133
36.76593993
36.92620993
39.04177404
42.77072291
44.597801
45.69832173
47.34376048
49.38453192
51.48941136
53.50881347
55.61369291
57.44077101
58.95799375
60.26152316
60.79575652
60.19741515
58.62676907
57.44077101
55.27178356
50.97654734
46.14707775
0.0
7.981446418
7.692960403
7.500636393
7.404474388
7.447213057
7.725014405
8.227193764
8.515679779
8.772111793
9.060597808
9.391822492
9.66962384
9.926055853
10.2359112
10.46028921
10.65261322
10.7915139
10.77014456
10.65261322
10.39618121
10.21454187
9.915371186
9.28497582
8.622526452
0.0
172.3650517
161.2529978
154.6498734
151.1346179
151.7650133
160.4730171
175.8161992
183.2954663
187.8471345
194.5891595
202.9979926
211.6312037
219.9652442
228.577086
236.0990917
242.3389374
247.713325
249.8716278
247.424839
240.9819846
236.1097764
227.2094486
209.5156396
189.6848973
0.0
111.0991698
105.0837022
100.916682
98.34167715
97.57238111
100.7029886
107.7762383
110.2337118
113.6207513
120.437569
128.3228534
135.8234898
142.3411368
148.6450905
153.5600374
156.5731135
157.9941743
155.6221781
150.4294299
144.5849169
142.8219468
139.317376
130.6414262
120.3948303
0.0
74.66445458
70.62565036
67.82626755
66.09535146
65.58248743
67.68736688
72.44204379
74.08748255
76.36331667
80.94703891
86.24663385
91.28979678
95.67051034
99.90163856
103.2032007
105.2332875
106.1842229
104.5922075
101.0983213
97.17704842
95.99105036
93.6297389
87.80659526
80.9149849
0.0
443.4030052
417.0759852
400.5361203
392.2020799
396.4652621
419.5014046
459.2804207
480.7566018
496.324162
517.4370644
541.8942677
564.4923389
585.391548
606.4189731
623.4289633
636.3574107
648.548616
652.4271502
643.056697
623.087054
610.0197059
588.9922808
543.4755985
492.5524745
0.0
128.173268
123.3651678
120.3841456
118.3220049
118.0869422
121.1641263
128.7502401
132.9493143
135.5029498
139.0075206
143.1531715
147.2667684
151.1880413
155.6008088
160.1311077
164.4904519
167.8881761
168.1125541
166.2320527
162.0757172
158.9878483
155.2909535
146.2624097
136.4325158
0.0
85.14611313
81.96208229
79.97473419
78.60709678
78.44682677
80.49828288
85.53076115
88.33014396
90.01832138
92.34757884
95.10422298
97.83949779
100.4358719
103.3741554
106.3872316
109.2827764
111.5372412
111.6868265
110.4367204
107.6693916
105.6179355
103.1711467
97.16636375
90.63803208
0.0
139.0075206
130.0430848
124.7114359
121.879999
122.3821784
129.4126894
141.7855341
147.8223711
151.4872119
156.9150229
163.6997866
170.6661896
177.3868453
184.331879
190.3900853
195.4332482
199.7605385
201.5021392
199.5361604
194.3327275
190.4114546
183.2313583
168.9566428
152.9723807
0.0
145.546537
136.1653991
130.5880028
127.6176653
128.1518987
135.5029498
148.4634511
154.7780894
158.613885
164.3088126
171.4141163
178.7010594
185.7315704
193.0185134
199.3545211
204.6327467
209.1737303
210.9901237
208.9279829
203.4894873
199.3758904
191.8538847
176.9167199
160.1738464
0.0
203.5429107
192.5377034
184.8981663
180.1862281
178.775852
184.5135183
197.4740197
201.9722646
208.1693716
220.6704322
235.1054176
248.8458997
260.8020423
272.3414829
281.3486574
286.8619457
289.4690045
285.1310296
275.6003064
264.8942699
261.678185
255.2460154
239.3472305
220.5742702
0.0
313.2423891
309.3318009
306.9491201
305.474636
304.833556
306.6606341
310.3147902
312.1739223
314.2788018
317.5589946
322.3243562
327.6453205
332.5175287
338.5223117
343.5441053
347.2410002
349.7732663
349.3886183
346.6533435
342.2405759
337.550007
334.8895249
328.1261305
320.5186475
0.0
944.7382761
888.6330885
853.395056
835.6478238
844.7297909
893.8044675
978.5552479
1024.328362
1057.493569
1102.486703
1154.574456
1202.730251
1247.253259
1292.064754
1328.31783
1355.852217
1381.815958
1390.096575
1370.137617
1327.569903
1299.72566
1254.94622
1157.961495
1049.4587
0.0
51.91679805
49.97218862
48.76482122
47.92073251
47.8245705
49.07467657
52.15186073
53.85072282
54.88713554
56.30819628
57.98568904
59.65249712
61.23382787
63.02885197
64.85593006
66.62958482
67.99722223
68.09338423
67.33477286
65.64659544
64.39648937
62.90063596
59.24647977
55.26109889
0.0
1020.043811
954.279684
915.1951713
894.3921242
898.089019
949.6318537
1040.44084
1084.718101
1111.643463
1151.518641
1201.287821
1252.392584
1301.680954
1352.70024
1397.15914
1434.138774
1465.925659
1478.704521
1464.226797
1426.103904
1397.276672
1344.569208
1239.880839
1122.531139
0.0
167.6317441
161.3491598
157.4492562
154.7460354
154.4361801
158.4749843
168.3903555
173.8822744
177.2265753
181.8102975
187.2381085
192.6018114
197.7304517
203.5108567
209.4301623
215.1464593
219.5805962
219.8690822
217.4116087
211.9731131
207.9343089
203.1048393
191.298282
178.4339427
0.0
34.50079047
32.64165838
31.33812897
30.5474636
30.30171625
31.27402097
33.47506242
34.23367379
35.29145585
37.40701996
39.85380875
42.18306621
44.21315298
46.16844708
47.6963545
48.62592055
49.0639919
48.33743453
46.72404978
44.90765635
44.36273832
43.27290227
40.56968146
37.38565062
0.0
275.0126497
260.139593
249.8182044
243.4501427
241.548272
249.2839711
266.8068253
272.886401
281.2524954
298.1449543
317.644472
336.2251083
352.3589558
367.9585699
380.1177212
387.575619
391.0908745
385.2356768
372.3713375
357.8936134
353.5556385
344.8583194
323.3821383
298.0167383
0.0
260.396025
243.6104128
233.6309336
228.320654
229.2715893
242.4244147
265.6101426
276.9145205
283.7847615
293.9672494
306.6713187
319.7172974
332.3038354
345.3284447
356.6755613
366.1101225
374.2304696
377.4892931
373.7923982
364.0586664
356.7076153
343.2449346
316.5225819
286.562775
0.0
202.4317053
194.8455915
190.1336533
186.8641451
186.5008664
191.3730747
203.339902
209.9750803
214.0031999
219.5378575
226.0982432
232.5838362
238.7702585
245.7473462
252.9060732
259.7976836
265.1613866
265.5032959
262.5436431
255.9618881
251.0896798
245.2558515
231.0025054
215.4669993
0.0
78.04080942
75.1452646
73.2861325
72.33519712
72.76258381
75.54059729
80.39143621
83.26561169
85.75513916
88.53315264
91.78129147
94.53793562
96.96335508
99.97643124
102.2202114
104.0686588
105.4469809
105.2226028
104.1220821
101.62187
99.80547656
96.93130108
90.70214008
84.21654708
0.0
19.90553504
18.62337498
17.85407893
17.44806158
17.52285425
18.52721297
20.30086773
21.16632578
21.68987447
22.46985518
23.44215989
24.43583395
25.397454
26.39112805
27.25658609
27.98314347
28.60285416
28.84860151
28.57080016
27.82287346
27.26727076
26.23085804
24.1900866
21.90356781
0.0
234.5070763
220.5849549
211.8342124
207.4214449
209.6865943
221.867115
242.9052247
254.263026
262.4902197
273.6663817
286.594829
298.5509716
309.5989175
320.7216561
329.7181459
336.556333
342.9991873
345.0506434
340.1036425
329.5365066
322.6235269
311.511473
287.4282331
260.5028716
0.0
48.86098323
46.22187042
44.38410766
43.25153293
42.92030825
44.29863032
47.40786848
48.48701987
49.97218862
52.97458011
56.43641229
59.73797446
62.61214995
65.37947876
67.53778154
68.86268027
69.49307564
68.44597825
66.15945946
63.59513933
62.81515862
61.27656654
57.46214034
52.95321077
0.0
169.9075782
162.8236439
158.3147143
156.1136728
157.3744636
163.9134799
172.386421
176.8846659
183.3382049
192.2599021
202.0256879
210.9367004
218.3839134
225.5746945
230.1797861
233.0005382
233.1501235
229.763084
222.5295643
215.8730166
212.7958325
206.2354468
194.4609435
181.8637209
0.0
86.64196654
81.5026416
78.26518743
76.64111801
77.47452206
81.97276696
89.74052003
93.93959425
96.98472441
101.109006
105.8850522
110.3085044
114.3900473
118.4929595
121.8265757
124.3481572
126.730838
127.4894493
125.6516866
121.751783
119.1981476
115.0952354
106.1949076
96.24748237
0.0
40.15297944
38.64644136
37.71687531
37.06511061
36.99031794
37.96262265
40.33461878
41.64883285
42.45018289
43.55070361
44.84354835
46.13639308
47.36512981
48.74345189
50.16451263
51.53215003
52.58993209
52.66472476
52.07706806
50.77353866
49.80123394
48.64728988
45.81585307
42.7386689
0.0
241.0781466
226.7606925
217.7642027
213.2339038
215.5524766
228.0749066
249.7113577
261.389699
269.8519555
281.3272881
294.6190141
306.9063814
318.2748673
329.7074613
338.9603831
345.9908941
352.6153878
354.7202672
349.6343656
338.7680591
331.6627554
320.2301614
295.4844721
267.8004994
0.0
43.55070361
40.7513208
39.07382805
38.18700067
38.34727067
40.54831212
44.42684633
46.31803243
47.46129182
49.17083857
51.29708735
53.47675947
55.58163891
57.76131102
59.66318179
61.23382787
62.59078061
63.13569864
62.51598794
60.89191852
59.66318179
57.40871701
52.94252611
47.93141718
0.0
8.537049114
8.08829309
7.810491742
7.682275736
7.757068406
8.08829309
8.78279646
9.16744448
9.541407833
9.979479189
10.41755055
10.8235679
11.17616192
11.58217927
11.79587262
11.94545796
12.08435863
11.95614263
11.74244928
11.38985526
11.24026992
10.86630657
10.09701053
9.231552483
0.0
151.6367973
141.8603268
136.0478678
132.959999
133.504917
141.1658234
154.6712428
161.2529978
165.2490633
171.1790536
178.583528
186.1803264
193.4993235
201.0854372
207.6992462
213.1911652
217.9244727
219.8156588
217.6680407
211.9944824
207.7099309
199.8780698
184.3211943
166.8731327
0.0
79.98541886
75.65812863
72.65573714
70.79660504
70.25168701
72.49546713
77.5920534
79.36570816
81.80181228
86.70607454
92.37963284
97.78607445
102.4766434
107.0069423
110.5542518
112.7125546
113.7382826
112.0394205
108.2891023
104.0900281
102.8185527
100.2969713
94.04644092
86.67402054
0.0
701.6834661
656.444585
629.5619623
615.2445082
617.787459
653.2498695
715.7124341
746.1744204
764.6909487
792.1184895
826.3628479
861.5154031
895.4178522
930.5169841
961.0965017
986.5366943
1008.397523
1017.191005
1007.232895
981.0020367
961.181979
924.9182184
852.9035613
772.1809004
0.0
21.62576647
20.81373176
20.3115524
19.96964305
19.92690438
20.45045307
21.72192847
22.43780117
22.86518786
23.45284456
24.1580326
24.85253597
25.51498534
26.25222737
27.02152341
27.75876545
28.33573748
28.36779149
28.04725147
27.3527481
26.8291994
26.20948871
24.68158129
23.02545787
0.0
149.4357558
141.3581474
135.7486971
132.2868649
131.2504522
135.4602111
144.9802496
148.2818118
152.83348
162.0116092
172.610799
182.6971249
191.4692367
199.9421778
206.5559868
210.6054757
212.5180311
209.3340003
202.3355433
194.4823129
192.1210014
187.3876938
175.7200372
161.9368165
0.0
704.6965422
695.9030611
690.5393582
687.2271113
685.7633119
689.8769088
698.0934179
702.2924921
707.0257997
714.3982201
725.125626
737.0817686
748.0442372
761.5710259
772.8540345
781.1773902
786.8723179
786.0068598
779.8524915
769.9264356
759.3806691
753.3972555
738.1822893
721.0547678
0.0
191.2875973
180.9341548
173.7647431
169.3306062
168.0057075
173.3907797
185.5713004
189.8131133
195.6255722
207.3787062
220.9375489
233.8553116
245.0848968
255.9298341
264.3920905
269.5741541
272.0316276
267.9500847
258.9963336
248.931377
245.9183009
239.8707792
224.9336144
207.2825442
0.0
242.0397667
226.4401525
217.1658614
212.2295451
213.1056878
225.3396318
246.8906056
257.3936335
263.7830645
273.238995
285.0562369
297.1833342
308.8723602
320.9780881
331.5345394
340.3066512
347.8500262
350.8844717
347.4440089
338.3940957
331.5559087
319.054848
294.2129967
266.3687539
0.0
417.7063805
412.4922629
409.3082321
407.3422533
406.4767953
408.9235841
413.7851077
416.2746351
419.0847026
423.4547315
429.8121085
436.8960429
443.3923206
451.4165056
458.0944227
463.0307389
466.4070938
465.8942297
462.2507582
456.3635066
450.1129762
446.5656667
437.5478076
427.3973737
0.0
81.81249695
77.47452206
74.86746325
73.67078052
74.38665323
77.57068406
84.20586241
87.84933393
91.40732812
95.64914101
99.82684589
103.7588034
107.0924196
111.0136925
113.0330946
114.5182633
115.8004234
114.6144253
112.5950232
109.165245
107.786923
104.1648208
96.73897707
88.46904463
0.0
314.9091972
296.2003448
284.4578956
278.5385899
281.5730354
297.9312609
326.1815211
341.4392259
352.4871718
367.4884446
384.8510288
400.899399
415.7404018
430.6775666
442.7619252
451.9400543
460.5946348
463.3512789
456.7054159
442.5161778
433.231202
418.3047219
385.9729189
349.816005
0.0
110.7893145
103.6519568
99.3994592
97.14499442
97.54032711
103.1390927
113.0010406
117.8198255
120.7367397
125.0747145
130.4704715
136.0264985
141.3795167
146.924859
151.7543286
155.7610788
159.222911
160.6012331
159.030587
154.8956208
151.7650133
146.0380316
134.6695457
121.9227377
0.0
460.6266888
441.4049724
429.2030825
423.2303535
426.649447
444.3753099
467.3473445
479.5385498
497.0186654
521.208752
547.6853573
571.8327053
592.037411
611.5476134
624.01662
631.6454724
632.0621744
622.89473
603.2883656
585.2419626
576.8865529
559.0965819
527.1814809
493.0225998
0.0
431.3934393
415.4305464
405.1305272
399.9057249
402.2670364
417.6102185
444.4073639
460.3061488
474.0680002
489.389813
507.3507386
522.619128
536.0177007
552.6964663
565.0799956
575.2838528
582.9020205
581.6839685
575.5830235
561.7570641
551.7134769
535.8574307
501.3886943
465.530951
0.0
1346.332178
1329.525197
1319.278601
1312.942593
1310.153895
1318.01781
1333.702902
1341.737772
1350.787685
1364.848707
1385.363268
1408.207086
1429.13835
1454.98456
1476.535533
1492.434318
1503.311309
1501.665871
1489.912737
1470.947452
1450.806855
1439.363576
1410.301281
1377.58483
0.0
261.1439517
245.6404995
235.896083
230.9918208
233.5027176
247.0722449
270.4930355
283.1543662
292.311126
304.7480786
319.15101
332.4641054
344.7728421
357.1563714
367.1785892
374.7860723
381.9661687
384.2526875
378.7393992
366.9755805
359.2719355
346.8990908
320.0912608
290.0993999
0.0
497.4246827
465.3493117
446.2878654
436.1481162
437.9538249
463.0841622
507.3721079
528.9658204
542.0865917
561.5326861
585.80825
610.724894
634.7653952
659.6393005
681.329175
699.3542086
714.8576608
721.0868218
714.0242567
695.4329357
681.3825983
655.675289
604.623949
547.3968713
0.0
382.852996
366.8794185
356.7289847
351.7712991
354.6134206
369.336892
388.441077
398.5701415
413.101289
433.199148
455.2095625
475.2860522
492.0823491
508.2909893
518.6551165
525.0018088
525.3437182
517.7255504
501.4314329
486.4301601
479.4851264
464.697547
438.1675183
409.7783575
0.0
441.5011345
415.2809611
398.8158889
390.5245871
394.7664
417.7063805
457.3144419
478.7051457
494.1979132
515.2253383
539.5650103
562.0776041
582.8806512
603.822599
620.7577965
633.6328205
645.7706025
649.638452
640.3107375
620.4158872
607.4019625
586.4706994
541.146341
490.447595
0.0
460.5412114
430.8485212
413.2081356
403.8163131
405.4831212
428.7543265
469.7513946
489.742407
501.9015583
519.9052226
542.3750777
565.4432743
587.6994361
610.7355786
630.8120684
647.5015186
661.8617113
667.6314316
661.0924153
643.8794164
630.8654917
607.0600531
559.80177
506.8165052
0.0
70.14484034
66.35178347
63.71267067
62.08860125
61.60779123
63.58445466
68.05064556
69.59992231
71.73685576
76.04277665
81.01114691
85.75513916
89.86873604
93.84343225
96.95267041
98.85454118
99.75205322
98.25619981
94.97600697
91.27911211
90.17859139
87.95618061
82.47494632
76.01072265
0.0
11.5394406
11.10136925
10.83425257
10.65261322
10.63124389
10.90904524
11.59286394
11.96682729
12.19120531
12.51174532
12.88570867
13.24898736
13.60158138
14.00759873
14.41361609
14.80894878
15.10811946
15.12948879
14.95853412
14.58457076
14.30676942
13.97554473
13.16351002
12.27668264
0.0
823.1360784
788.795558
766.9774675
756.3034849
762.4151146
794.0844682
835.1349597
856.9316809
888.1629632
931.3824421
978.7048332
1021.860204
1057.974379
1092.827764
1115.11598
1128.749615
1129.476172
1113.117947
1078.072238
1045.825913
1030.888748
999.1125477
942.0671093
881.0256055
0.0
1157.138776
1108.865449
1078.18977
1063.188497
1071.778969
1116.301978
1174.009865
1204.653491
1248.546104
1309.320491
1375.832545
1436.51077
1487.273624
1536.262823
1567.600952
1586.769245
1587.794973
1564.790885
1515.523884
1470.188841
1449.19347
1404.520876
1324.332449
1238.523886
0.0
777.2133787
744.7854137
724.1853753
714.1097341
719.8794544
749.7751533
788.539126
809.117795
838.6074766
879.4229054
924.0954991
964.8468199
998.941593
1031.850368
1052.899162
1065.774186
1066.458005
1051.007976
1017.917562
987.476945
973.3731843
943.3706387
889.5092312
831.8654516
0.0
267.9180307
257.8744435
251.6452825
247.3179923
246.8264976
253.2693519
269.1147134
277.8975099
283.2398435
290.5588405
299.2347903
307.8252628
316.0204025
325.251955
334.7185702
343.8325913
350.937895
351.3973357
347.4760629
338.7680591
332.3145201
324.6001903
305.731068
285.1630836
0.0
145.931185
138.0352159
132.5646663
129.1883114
128.173268
132.2868649
141.5825254
144.8092949
149.2434318
158.2078676
168.5613102
178.4125733
186.9816765
195.2516089
201.7158326
205.6691594
207.5389762
204.4190534
197.591551
189.9199599
187.6120718
182.9962956
171.6064403
158.1437596
0.0
209.0348296
197.7304517
189.8879059
185.037067
183.5946369
189.4818886
202.794984
207.4214449
213.7788219
226.6111072
241.4414253
255.5558707
267.8218687
279.6818493
288.9240865
294.5869601
297.2688116
292.8133053
283.0261502
272.0316276
268.7300654
262.1162564
245.8007695
226.5149452
0.0
282.6949255
267.4051667
256.7952921
250.2455911
248.290297
256.2503741
274.2540384
280.5152534
289.1164105
306.4789947
326.5234304
345.6169308
362.210219
378.2372198
390.7382805
398.3991869
402.0212891
395.9951367
382.7675187
367.8944619
363.4389557
354.4958892
332.4213667
306.340094
0.0
37.27880395
35.87911255
35.0136545
34.40462847
34.34052046
35.23803251
37.43907396
38.66781069
39.40505273
40.42009612
41.62746351
42.82414624
43.96740564
45.2495657
46.56377977
47.83525517
48.82892922
48.89303723
48.33743453
47.13006713
46.23255509
45.16408836
42.53566023
39.67216941
0.0
14.40293142
13.86869806
13.52678871
13.35583403
13.4306267
13.94349073
14.84100278
15.36455147
15.82399216
16.33685619
16.93519755
17.44806158
17.8968176
18.4524203
18.86912232
19.21103167
19.45677902
19.42472502
19.21103167
18.75159098
18.4203663
17.88613294
16.74287354
15.54619081
0.0
367.4350212
345.6169308
331.9085027
325.0062077
328.5428325
347.6256482
380.5878466
398.3991869
411.2955802
428.7863805
449.0551942
467.7854158
485.0945767
502.521269
516.6250297
527.3310663
537.4280768
540.6548463
532.8870932
516.3365437
505.5022911
488.0862836
450.3694082
408.1649727
0.0
46.44624843
44.70464767
43.62549628
42.87756958
42.79209224
43.9139823
46.65994178
48.17716452
49.10673057
50.37820597
51.88474405
53.36991279
54.79097354
56.39367362
58.02842771
59.60975845
60.84917985
60.92397252
60.24015382
58.73361574
57.61172568
56.27614228
53.00663411
49.43795526
0.0
119.4973183
112.4026992
107.947193
105.7034129
106.8466723
113.0544639
123.7818698
129.5729595
133.761349
139.4562766
146.0487163
152.1389766
157.7697963
163.4326699
168.0270768
171.5102783
174.7904712
175.8375685
173.3159871
167.9309148
164.4049746
158.742101
146.476103
132.7463056
0.0
113.855814
106.5154476
102.1561033
99.82684589
100.2435479
106.0025836
116.1316481
121.078649
124.0810405
128.5365467
134.0925737
139.7875013
145.2901049
150.9850326
155.9534028
160.0776844
163.6249939
165.0567393
163.4326699
159.1801723
155.9640875
150.0768359
138.3984946
125.2990926
0.0
64.9093534
61.40478255
58.96867842
57.46214034
57.01338432
58.84046241
62.97542863
64.40717404
66.38383748
70.36921835
74.97430993
79.36570816
83.16944969
86.85565988
89.7191507
91.48212079
92.31552483
90.92651809
87.8920726
84.47297909
83.4579357
81.39579493
76.33126266
70.34784902
0.0
468.4264959
443.5632752
428.6154258
421.8199774
425.912205
444.1081933
482.0921852
502.9593403
523.3670547
547.59988
571.5335346
594.0888671
613.1609981
635.6308533
647.1809786
655.675289
662.9942861
656.1988377
644.6273431
624.9889247
617.114325
596.3753859
553.8717797
506.5066499
0.0
506.6669199
476.578897
457.6777206
448.1576821
453.0298904
479.3462258
524.7988001
549.3521654
567.1314517
591.268115
619.1978351
645.0333604
668.902907
692.9434083
712.378818
727.1450281
741.0778341
745.511971
734.8059345
711.9834853
697.0463205
673.0271886
621.0142285
562.8255308
0.0
900.8456632
842.7744968
808.252337
789.885394
793.1442175
838.6715846
918.8600121
957.9658942
981.7499634
1016.955942
1060.912663
1106.044697
1149.574032
1194.631273
1233.90811
1266.549768
1294.629074
1305.912082
1293.122536
1259.455149
1234.004272
1187.451177
1094.996751
991.3554792
0.0
1062.44057
1018.109886
989.9451032
976.1725671
984.0578515
1024.937388
1077.933338
1106.055382
1146.357947
1202.163964
1263.226837
1318.936692
1365.54321
1410.525659
1439.310153
1456.897115
1457.837366
1436.713779
1391.485582
1349.858119
1330.582979
1289.564542
1215.947184
1137.158448
0.0
82.46426165
78.00875542
74.91020192
73.00833116
72.43135913
74.76061658
80.00678819
81.83386629
84.34476308
89.40929535
95.25380832
100.8205199
105.6606742
110.3405584
113.9947146
116.2278101
117.2749075
115.522622
111.6654572
107.3274823
106.0239529
103.4168941
96.97403974
89.36655668
0.0
1193.156789
1143.376925
1111.75031
1096.278911
1105.136501
1151.048516
1210.562112
1242.145988
1287.416923
1350.071812
1418.656691
1481.215418
1533.559602
1584.076709
1616.397827
1636.164462
1637.211559
1613.491598
1562.69669
1515.951271
1494.29345
1448.242535
1365.553895
1277.074166
0.0
1.666808087
1.559961415
1.506538079
1.474484077
1.485168744
1.570646082
1.720231423
1.805708761
1.859132097
1.944609435
2.030086773
2.115564111
2.190356781
2.275834119
2.339942123
2.382680791
2.42541946
2.446788795
2.414734793
2.339942123
2.286518786
2.211726116
2.04077144
1.84844743
0.0
91.82403014
85.9047245
82.38946898
80.50896755
80.84019223
85.48802248
93.6617929
97.64717378
100.0725932
103.6626414
108.139517
112.7339239
117.1787455
121.7731524
125.7692179
129.1028341
131.9663249
133.1095843
131.8060549
128.3762767
125.7799026
121.0359103
111.6120338
101.044898
0.0
1595.851212
1529.264366
1486.963769
1466.278253
1478.127549
1539.521647
1619.122417
1661.369592
1721.908916
1805.719446
1897.447314
1981.129628
2051.135567
2118.705403
2161.935567
2188.358749
2189.769125
2158.046348
2090.102549
2027.575876
1998.620428
1937.012637
1826.426331
1708.082957
0.0
323.4248769
309.9301422
301.3610391
297.1619649
299.566015
312.0136523
328.1368152
336.7059183
348.9719163
365.9605372
384.5518581
401.508425
415.6976631
429.3954065
438.1461489
443.5098519
443.7876532
437.3661682
423.5936322
410.9216169
405.0557345
392.5653586
370.1596114
346.1725335
0.0
349.1321863
326.6302771
313.2530737
306.1264007
307.3978761
325.0382617
356.1199586
371.2708168
380.4916846
394.1360046
411.1780489
428.6688491
445.5399387
462.9986849
478.213651
490.8749817
501.7519729
506.1326865
501.1750009
488.1183376
478.2563897
460.2099868
424.3842976
384.2206335
0.0
100.7670966
96.56802239
93.89685558
92.59332618
93.34125289
97.21978709
102.2415807
104.9127475
108.7271737
114.0267686
119.8178583
125.0960839
129.5195361
133.7827183
136.5179931
138.1848012
138.2702786
136.2722458
131.9770096
128.0343674
126.2072893
122.3180704
115.330298
107.8617156
0.0
67.08902551
63.10364464
60.60343251
59.34264177
59.99440647
63.47760799
69.49307564
72.74121448
75.10252593
78.29724143
81.99413629
85.41322981
88.5758913
91.75992214
94.33492694
96.29022104
98.12798381
98.7156405
97.30526443
94.2815036
92.30484017
89.12080933
82.22919897
74.5255539
0.0
97.33731843
93.68316224
91.41801279
89.85805137
89.67641203
92.01635415
97.77538979
100.9594206
102.9040301
105.5645122
108.716489
111.8364119
114.8067493
118.1617349
121.6021977
124.9144445
127.500134
127.660404
126.2393433
123.0766818
120.7367397
117.9266722
111.0778005
103.6092181
0.0
111.3556018
106.7184563
103.7588034
102.3163734
103.1497774
107.434329
112.9796712
115.9286394
120.1597676
126.0042806
132.4043963
138.2489092
143.1318022
147.8437404
150.8675012
152.705264
152.801426
150.5896999
145.8457076
141.4863634
139.4669613
135.1717251
127.4467107
119.1981476
0.0
636.1330326
609.5923193
592.7319144
584.4833513
589.2059742
613.6845468
645.4180085
662.257044
686.3937073
719.793977
756.3675929
789.7144394
817.6227901
844.5588362
861.7932045
872.3282863
872.883889
860.2439277
833.1582963
808.2309677
796.6915271
772.1381618
728.0532248
680.880419
0.0
309.6096022
291.2212899
279.6711646
273.8587057
276.8290432
292.9094673
320.6896021
335.6908749
346.5571815
361.3020223
378.3761205
394.157374
408.7419447
423.4333622
435.3147121
444.3325713
452.848251
455.5514719
449.0124555
435.0689648
425.944259
411.2635262
379.4766412
343.9287533
0.0
372.1469595
352.4016945
340.5203445
335.1245875
338.3727264
352.8290811
383.0025814
399.5851849
415.7938251
435.0475954
454.0663031
471.98449
487.1353482
504.9787424
514.1568716
520.9095813
526.7220402
521.3262833
512.1374695
496.5378553
490.2766403
473.8008835
440.0266504
402.3952524
0.0
232.3487735
218.5548681
209.889603
205.5195741
207.7526695
219.8263435
240.6721293
251.9230839
260.0861696
271.1448002
283.9557162
295.8050122
306.7567961
317.772688
326.6837004
333.4577795
339.8472105
341.8772972
336.973035
326.5020611
319.6531894
308.6479822
284.7891202
258.1095062
0.0
704.1623089
674.7901587
656.124045
646.9886545
652.2241415
679.3097729
714.4302741
733.0750184
759.7866865
796.7770044
837.2505238
874.1660491
905.0661067
934.8763283
953.9484593
965.6161159
966.2358266
952.2389125
922.2577363
894.6699255
881.8910635
854.7092701
805.9123949
753.6857415
0.0
463.3940176
435.8809995
418.5932079
409.8852041
414.3407104
438.4132656
479.9873058
502.4357916
518.7085398
540.7723777
566.3301017
589.9432162
611.782676
633.7610365
651.5403228
665.0564268
677.7925502
681.8527237
672.0548839
651.1770441
637.5220394
615.5543636
567.9862251
514.7658976
0.0
324.963469
305.66696
293.5505474
287.4389177
290.5695252
307.4512994
336.5990716
352.3482711
363.748811
379.2308939
397.1490808
413.710315
429.0321278
444.4394179
456.9084246
466.3857244
475.3074216
478.1602277
471.2899867
456.6519926
447.0785307
431.6712406
398.3137095
360.9921669
0.0
125.6196326
118.8241842
114.112246
111.2060165
110.3298738
113.8771833
121.8693144
124.6473279
128.4724387
136.1867685
145.0977809
153.5814067
160.9538271
168.0805001
173.6365271
177.0449359
178.647636
175.9764692
170.0892176
163.4860932
161.4987451
157.5240489
147.7155244
136.1333451
0.0
1056.051139
993.3321427
953.9377746
934.1070322
944.2574661
999.1125477
1093.853492
1145.022363
1182.087474
1232.390887
1290.611639
1344.440992
1394.220857
1444.310577
1484.826835
1515.609361
1544.628918
1553.881839
1531.572254
1483.993431
1452.868995
1402.811329
1294.394011
1173.123038
0.0
389.7980297
373.5359662
363.203893
358.1500454
361.0455902
376.0361784
395.4822727
405.8036612
420.5912407
441.0630631
463.4688103
483.9085787
501.0040462
517.5118571
528.0683083
534.5218473
534.8637567
527.1173729
510.5240847
495.2556953
488.1824456
473.1277494
446.1169107
417.2148858
0.0
912.6308511
874.5613818
850.3712952
838.5326839
845.3067629
880.4272641
925.9439465
950.1019791
984.7309856
1032.662403
1085.113434
1132.970059
1173.005507
1211.651948
1236.365583
1251.484388
1252.285738
1234.143173
1195.293723
1159.532141
1142.970907
1107.743559
1044.501014
976.8243318
0.0
67.21724152
63.23186064
60.72096385
59.46017311
60.10125315
63.59513933
69.62129165
72.88011515
75.24142661
78.44682677
82.1544063
85.57349981
88.74684598
91.93087681
94.51656628
96.47186039
98.32030782
98.90796451
97.48690377
94.46314295
92.47579484
89.29176401
82.38946898
74.67513924
0.0
557.9533226
521.978048
500.5980289
489.2188583
491.2489451
519.4350972
569.1081151
593.3302557
608.0537272
629.861133
657.0963497
685.0474392
712.0048546
739.9132054
764.231508
784.4575831
801.8415367
808.8399937
800.9119706
780.0555002
764.295616
735.4576992
678.1985675
614.0050868
0.0
630.4487897
593.0097157
569.4927632
557.6434672
563.7123582
596.4608632
653.0148069
683.5622705
705.6902163
735.7141312
770.4820383
802.6108327
832.3248923
862.2312758
886.4213624
904.79899
922.1188356
927.6428086
914.3297132
885.9191831
867.3385468
837.4535325
772.7365031
700.337198
0.0
99.38877454
94.11054893
90.93720276
89.50545735
90.3709154
94.22808027
102.2843194
106.7184563
111.0457465
116.1850714
121.270973
126.0470193
130.0965081
134.8618697
137.3193432
139.1143673
140.6743287
139.2318986
136.7744252
132.6074049
130.9405969
126.538514
117.5206548
107.466383
0.0
77.31425205
74.08748255
72.04671111
71.04235239
71.60863975
74.58966191
78.44682677
80.48759821
83.4258817
87.48605525
91.93087681
95.98036569
99.37808987
102.647598
104.7417928
106.0239529
106.0880609
104.5494688
101.2585913
98.23483048
96.83513907
93.84343225
88.49041397
82.75274767
0.0
684.4277285
647.4053566
621.7301012
605.8740551
601.1407475
620.4158872
663.9986448
679.1388182
699.9739193
741.9967155
790.5371587
836.7590291
876.9333779
915.7400893
946.0204362
964.5690185
973.3304456
958.7351902
926.7132425
890.705914
879.9037154
858.2565796
804.8225588
741.6761755
0.0
203.468118
192.4522261
184.8233737
180.1114354
178.7010594
184.4387257
197.3885423
201.8974719
208.0838942
220.5742702
235.0092556
248.7497377
260.6951957
272.2239516
281.2311261
286.7444143
289.3514732
285.0134983
275.4934598
264.7874232
261.5713384
255.1391687
239.2510685
220.4887929
0.0
1235.275747
1161.925507
1115.842537
1092.63544
1104.51679
1168.678217
1279.499585
1339.344406
1382.702786
1441.543248
1509.647317
1572.612061
1630.832813
1689.427528
1736.824712
1772.83204
1806.777228
1817.600796
1791.498154
1735.852407
1699.439061
1640.887085
1514.070769
1372.210443
0.0
160.6760257
151.1346179
145.1405196
142.1274434
143.6660355
152.0107606
166.4243767
174.2134991
179.8550034
187.5052252
196.3628143
204.557954
212.1333831
219.7515508
225.9166038
230.5964881
235.0092556
236.4196317
233.0325922
225.7883878
221.0550802
213.4369125
196.9397863
178.487366
0.0
911.6692311
873.6318157
849.4630985
837.6458565
844.4199356
879.4976981
924.9609571
949.0976204
983.6838882
1031.561882
1083.970175
1131.773376
1171.766085
1210.369788
1235.062054
1250.159489
1250.971524
1232.839643
1194.032932
1158.314089
1141.76354
1106.578931
1043.400493
975.7879191
0.0
772.2770624
726.4184707
697.6126079
683.1028298
690.5286735
730.6389143
799.9289812
837.3466858
864.4536866
901.2303112
943.8087101
983.1817088
1019.573685
1056.200725
1085.839992
1108.352585
1129.572334
1136.335729
1120.020242
1085.230965
1062.46194
1025.85627
946.5760389
857.8933009
0.0
392.8645292
371.6127261
356.87857
347.7752335
345.0613281
356.1199586
381.1434493
389.8300837
401.7862264
425.912205
453.7778171
480.3078458
503.3653577
525.6428889
543.0268424
553.668771
558.7012493
550.3244702
531.9468425
511.2720114
505.0749044
492.6486365
461.9729569
425.7305656
0.0
28.97681752
27.88698146
27.21384743
26.74372207
26.69029873
27.3848021
29.10503352
30.05596891
30.63294094
31.42360631
32.36385703
33.29342308
34.16956579
35.17392451
36.19965256
37.18264195
37.95193799
38.00536132
37.57797463
36.63772392
35.93253588
35.09913184
33.0583604
30.83594961
0.0
95.30723166
91.78129147
89.50545735
88.35151329
88.87506199
92.2621015
98.18140714
101.6966627
104.7417928
108.1181477
112.0928439
115.458514
118.4181669
122.1043771
124.8396519
127.0941167
128.7822941
128.5151774
127.1689093
124.1130945
121.8906837
118.3861129
110.7679451
102.8506067
0.0
7.70364507
7.415159055
7.233519712
7.137357707
7.180096376
7.457897724
7.928023082
8.216509097
8.462256443
8.740057791
9.060597808
9.327714488
9.562777167
9.86194785
10.08632586
10.2679652
10.40686588
10.38549654
10.27864987
10.02221786
9.851263183
9.562777167
8.953751136
8.312671102
0.0
11.06931525
10.66329789
10.39618121
10.25728054
10.32138854
10.71672123
11.40053993
11.80655728
12.1591513
12.55448399
13.01392468
13.40925737
13.75116672
14.17855341
14.49909343
14.76621011
14.95853412
14.92648011
14.76621011
14.41361609
14.15718407
13.75116672
12.86433934
11.94545796
0.0
3.216084835
3.045130159
2.948968154
2.895544818
2.92759882
3.055814827
3.31224684
3.451147514
3.600732855
3.761002864
3.931957539
4.08154288
4.209758887
4.370028895
4.444821566
4.508929569
4.551668238
4.508929569
4.434136899
4.295236225
4.241812889
4.102912215
3.803741533
3.483201516
