0.0
120.50164386023971
114.51838638266469
109.6620725175712
106.06050003339787
102.92364662424683
101.9825906039672
101.99420856461039
103.79499479025921
111.62551043879229
121.77962113368004
132.25903520738387
142.20402243809687
151.31251536007025
158.9687613729352
163.72051338265754
167.19428811893948
168.8091867688243
167.85651277146363
163.87154712580548
156.5870762973443
152.5672567409904
145.5267635134201
135.4307426217483
125.33472173007654
0.0
120.29252031387574
114.99472331970316
111.23049927967918
108.1517357230576
106.42065730236253
106.21153377654589
106.47874718776765
107.71025257343115
114.70427401596118
123.76629505015777
133.01420363546163
141.8322471715039
149.8602684509618
157.04017734186263
162.2450304782924
165.9627827127287
168.39093961445454
168.33284972904937
164.82422110261888
158.74801976730106
152.68343651180072
146.1541341936065
136.99916930166708
128.08818199007118
0.0
190.00037441675804
186.84028500002194
184.49345395841064
182.65781378508092
181.5076341773427
180.53172420527267
179.92758952034293
179.26536484727148
181.85617346922632
187.09588049580458
192.13808191200536
196.30893519096
200.73538390405537
204.83652940271298
207.95014687003038
209.92520270669058
210.8197867980988
210.0646184522102
207.82234910159175
204.8016754303753
201.71129387612538
199.16695722413658
195.112283695445
192.87001444756297
0.0
302.74121049095083
288.36977454714247
277.6347650598451
269.78101349824465
265.1686770696635
264.0533514342631
264.4948345017003
266.7254858341432
285.2793929928926
312.77914149721744
340.0116765286786
363.94470643897864
381.894478892251
394.23276903180476
401.83092515926455
406.9544524355798
408.19757581887166
404.36364381362506
394.3140948919192
381.33681599236155
371.39182884383774
358.4494039166177
339.44239571335004
319.27358990471583
0.0
42.26619555382336
40.02392625046364
38.32770179388733
37.00325256897356
36.1086684405802
35.783365121351224
35.8298370255659
35.67880333789561
38.17666811443596
42.32428543511906
46.483520730828445
50.17803699671961
53.268418534531676
55.626867598428056
57.16044039025306
57.97369868729811
58.11311438966845
57.33471002181174
55.67333950264271
53.605339828786946
52.32736250192366
50.65437400567359
47.8776778120642
44.85700413057412
0.0
806.4269285145101
757.7243744262651
721.1161329999668
694.7317101926844
679.430836246772
676.8864995947833
680.6042517470303
691.2695534540308
741.133905127095
812.0965006108974
888.1012975725423
963.2928362207045
1030.6073876613136
1087.6632657914138
1133.9376634094262
1165.7012083518407
1183.1978798633309
1181.5248916567978
1152.3173008503181
1103.6960723139782
1060.0241014799271
1011.9256824875581
943.8094909776619
870.3257947549382
0.0
56.67248540627277
53.24518258242435
50.67760995778092
48.81873384467222
47.74988007650124
47.563992467861524
47.831205907849544
48.57475635679154
52.08338501404298
57.067496581823725
62.411765400076554
67.69794433703369
72.42646044190747
76.4346620520013
79.68769524429102
81.91834658084335
83.14985200554673
83.03367224501008
80.97729054823536
77.56160569941322
74.49446011576322
71.1136291858558
66.32702320790526
61.15702402326586
0.0
236.14697385538594
220.64859427854873
208.86796695669526
200.45655249520524
195.41435109955177
194.0782838585171
195.28655333111314
197.93545183847309
210.36668575358053
229.71061531274535
251.1225445046713
272.0929906291601
291.4833920761018
308.3991646718989
322.5150051199246
332.99441919362835
339.8606427855307
341.7892268166033
336.24745238591817
325.16390354509537
313.5807818336193
299.66244693432924
278.6803828122122
256.17636389795314
0.0
256.95476832128753
244.198231027364
233.82337872684212
226.15551473689615
219.4751787782904
217.4652689487452
217.4885048618127
221.33405484414033
238.04070391412083
259.66175663186345
282.0147418851637
303.22916544616487
322.65442078325503
338.9776766712034
349.12016945065204
356.53243794481534
359.97135868821226
357.92659498906596
349.4454727472789
333.90062128266504
325.3265552653243
310.3161306437013
288.7996396991405
267.2482947616949
0.0
1431.497256820846
1345.0362812876183
1280.0685612995667
1233.2248832977186
1206.062056128744
1201.5426641537772
1208.1532915923833
1227.0905921797323
1315.5963313504642
1441.5700412652204
1576.4779754730994
1709.9568980479712
1829.4477777377826
1930.7449081131342
2012.8607596838267
2069.2660316316187
2100.3208813282117
2097.335061464955
2045.495653318264
1959.1857119391302
1881.658960699026
1796.301692783023
1675.381802282096
1544.9351711911436
0.0
60.34376572827553
56.69572135838009
53.95387909395907
51.978823228532626
50.84026161225858
50.642756028592565
50.9215874456616
51.72322776562564
55.452597958650436
60.76201284771491
66.45482093730402
72.07792117057116
77.1201226196476
81.38391970086734
84.84607645390412
87.22776146990783
88.52897475093319
88.40117701537024
86.21699758097782
82.58057119638234
79.31592002906632
75.71434756338557
70.62567421009445
65.11875373736396
0.0
460.58302816921537
452.9500181310597
447.2572100599632
442.8075253516111
440.019211201468
437.64914418514746
436.1852792784106
434.55876263089743
440.8673234050994
453.5657709163543
465.77626330801667
475.88390219731684
486.6305296822426
496.5638989153271
504.1039650957399
508.902189054881
511.0631325453849
509.2391103491362
503.8018977738223
496.4709550575844
488.9773607854957
482.80821567462425
473.0026441688836
467.5421956188604
0.0
1059.6407084006319
995.6488985079337
947.550479207355
912.8708217093929
892.7717237837923
889.4257468159487
894.3169145711906
908.3398112436628
973.8535761339756
1067.0994488236665
1166.9675683879025
1265.7668336908325
1354.2144821542672
1429.1968973177072
1489.9937640268042
1531.7371511996341
1554.7291248841814
1552.5217088278398
1514.147535419455
1450.2602873410335
1392.8674877522997
1329.6773174768482
1240.1724330168504
1143.615437126181
0.0
98.06733278381012
96.44081619177472
95.22092874415237
94.27987271154434
93.68735595232735
93.17616502445868
92.87409765528228
92.52555838394599
93.86162558388605
96.56861392117345
99.17104048116943
101.32036597815457
103.60910715696274
105.7235787391426
107.32685941194636
108.34924125124591
108.81396029339253
108.4189491342794
107.2687695265412
105.70034284662243
104.10868017144702
102.79584889279334
100.70461326477553
99.54281569639414
0.0
60.37861965540916
56.416889941311055
53.407834236902005
51.25850874197161
49.96891343597255
49.62037416463625
49.93405950883892
50.60790210145893
53.79122743742668
58.740485078073796
64.21255163188957
69.5684384251687
74.52931404289684
78.85120099513864
82.46439143790043
85.14814382102576
86.90245815067885
87.39041312644022
85.97302009309713
83.14985200554673
80.17565022827131
76.6205496668052
71.26466287352609
65.50214692761497
0.0
11.060312857894543
10.58397585099529
10.235436580891825
9.944987189823847
9.793953505646607
9.770717553744749
9.793953505646607
9.910133262484745
10.54912192180693
11.385616170959327
12.233728403356947
13.046986698347283
13.790537139070361
14.44114377958304
14.929098755344404
15.266020051654406
15.486761595646676
15.486761595646676
15.161458276417704
14.603795444334347
14.046132604032074
13.441997875952978
12.60550361858166
11.780627346510293
0.0
248.19481458846127
231.8947947779587
219.52165066606727
210.68037113476834
205.3825742227849
203.97679920145328
205.24315847726524
208.0314726479557
221.0900773254387
241.4215347721127
263.92555368637176
285.9648535584841
306.3544009727525
324.12990376980935
338.9660586735751
349.97989965191175
357.19466253569755
359.2278082577629
353.39558450278855
341.7543728442655
329.5671163451232
314.9400849671742
292.90078511560904
269.2349685959835
0.0
146.35163974234214
138.6024499539235
132.71213633409135
128.13465387784797
125.03265432596976
123.8940927158599
124.05674437444702
123.55717142160462
132.21256331960706
146.56076326815875
160.9786711202912
173.7468264118431
184.44698198844466
192.61441893123302
197.93545183847309
200.74700190168366
201.23495691853967
198.5628225186595
192.78868856690116
185.6203975914395
181.21718479141154
175.39657895187636
165.81174907231724
155.35557091168084
0.0
98.35778217590546
93.15292907235133
89.19119935825323
86.12405378282214
84.04443613394008
83.27764973289077
83.38221151634639
83.04529022003639
88.86589603902426
98.50881586563045
108.1982076108344
116.78389160525609
123.96380059889337
129.45910312125432
133.0374396307183
134.9195516918249
135.25647298608013
133.45568670289887
129.57528289206462
124.7538229171196
121.80285712893668
117.88759932521744
111.43962280549582
104.41074749336461
0.0
648.7826163849813
609.5951843959983
580.1436160297227
558.9175743889039
546.6141381394986
544.5577564427239
547.5551942214202
556.1408782363892
596.2577482891178
653.3484808435962
714.4822689085906
774.9770683163176
829.1400709545859
875.042692874512
912.2666870244632
937.826233500087
951.9072200579642
950.5479169038621
927.0563700404518
887.9386459139554
852.8058874742112
814.1180284175235
759.3160371014405
700.192158824897
0.0
168.70462499564235
161.15294075595935
155.5763124351258
151.16148171965875
148.1988979133002
146.89768464460323
147.3507856891215
148.40802143911685
155.56469443749748
166.40426578016599
177.6853201697244
189.46594751212524
201.14201306079678
212.07452817901893
220.20711123165879
225.38872837283196
228.6766154758175
229.4085479291859
225.64432380697272
218.20881939974194
210.1575622277639
201.58349621042322
189.89581264357605
178.0222414639797
0.0
112.07861148331055
107.05964598017727
103.35351174336927
100.42578184976121
98.45072598433475
97.59099578512976
97.8930631522514
98.59014168875981
103.34189374574092
110.5450387140876
118.05025098380457
125.86914863470933
133.629956338567
140.89119117177154
146.29354985693695
149.73247070307045
151.92826806317566
152.40460510295063
149.90674033873864
144.96910061353066
139.62483181377038
133.9204057450455
126.15959804118776
118.25937450962118
0.0
200.15448519383494
187.0145546356901
177.03471357647052
169.90127649115735
165.62586143902075
164.4872998083636
165.5212996658388
167.76356891372077
178.3010728728298
194.69403662326442
212.84131460472506
230.61681742232923
247.05625297835138
261.381217034383
273.3477320100802
282.23548340860873
288.0560892481438
289.6942237905488
284.9889436686032
275.60161925559055
265.7728118573298
253.98056653784795
236.20506374079108
217.1167296774089
0.0
209.57666341480694
195.8209802562932
185.36480209565684
177.89444371608832
173.42152311521613
172.23648959678218
173.30534334440586
175.66379244528736
186.68925133906313
203.86061943064294
222.8676276339106
241.46800674207873
258.68584665979347
273.69627128141656
286.2204490748141
295.52644762771234
301.62588485555034
303.33372728098874
298.4077055534091
288.5788981551483
278.28537165309905
265.9354635159169
247.32346647176243
227.34054823478283
0.0
268.1312608760221
253.94571256551026
243.14099519517944
234.76443472657448
229.08324463255892
226.99200902508838
227.29407634700598
226.37625626034105
242.2464111037712
268.5262721173244
294.9455488147554
318.34415184096997
337.93205883664723
352.8960115704935
362.6551110857209
367.8018743572927
368.696458448701
363.7936727163779
353.20969686949206
340.0813843911648
332.03012721918674
321.35320751455805
303.786828325507
284.6287863996386
0.0
384.9383884765348
378.5601198192994
373.79674983249606
370.07899757751244
367.7437844718876
365.7687286352274
364.54884114445576
363.1895380109009
368.4640989276277
379.07131074922285
389.27189341407654
397.72977974279615
406.6988569397971
415.005709545916
421.31427040230716
425.32247196103265
427.12325824421396
425.6013033698829
421.05867488597715
414.9360017450716
408.6622948610182
403.5155316099936
395.3132407770567
390.7473763184417
0.0
1382.3183651380489
1298.831592025227
1236.0945231846927
1190.8541258556484
1164.632354912426
1160.263995858716
1166.653882636863
1184.9405762200124
1270.4024056420822
1392.0542291511545
1522.3149721156758
1651.2047949763783
1766.5945291264381
1864.406266582953
1943.7105683575498
1998.1756389957968
2028.173251873935
2025.2803760738934
1975.2185184616953
1891.8827792974944
1817.0165439048644
1734.5870057612408
1617.8263502745253
1491.8642578026206
0.0
68.32531502543902
65.26978741681532
63.01590013637456
61.22673187958786
60.030080384072846
59.49565350409682
59.68154111068182
60.11140621542115
63.00428215929354
67.39587696991204
71.97335939533447
76.73672941912294
81.47686350107776
85.89169426174885
89.19119935825323
91.29405295924263
92.6185021923753
92.92056955949695
91.39861474269826
88.3779410632629
85.12490786891844
81.65113314085536
76.91099905890054
72.1011571226785
0.0
1468.767722406533
1372.3385239349982
1299.1104233929827
1246.759824747862
1215.414527062554
1207.0612022399016
1214.601268255936
1231.0639396839308
1308.3931859711718
1428.6973242621284
1561.874179556177
1692.2975749395355
1812.9270164243826
1918.1277861537842
2005.9364466996542
2071.101672256989
2113.8442045136117
2125.833955176356
2091.3285677661024
2022.4107361869198
1950.3328148827911
1863.7556604006452
1733.320646547071
1593.289185597106
0.0
220.6369762809204
210.77331491032194
203.47722618696895
197.70309231739978
193.83430642200466
192.12646399656623
192.71898070441495
194.10151983322646
203.45399027390152
217.63953858441334
232.39436771025382
247.79980342934815
263.0774414827403
277.3675515664341
287.99799936273877
294.78289717671555
299.09316611900067
300.03422220092216
295.11981845042357
285.3955727431556
274.8696868022222
263.6467222775216
248.35746632923758
232.8242327800627
0.0
45.449520891845836
43.0445999237348
41.220577745978645
39.79156672939034
38.838892729974944
38.47873548155761
38.52520738577227
38.374173698101984
41.06954405830837
45.51922874816782
49.99214938807988
53.965497068985364
57.28823811759709
59.8209568233258
61.47070936746852
62.342057543754564
62.504709208505886
61.668214951134566
59.879046694347835
57.64839536601441
56.289092213967024
54.47668800507297
51.502486229852295
48.24945303550783
0.0
362.28333590131706
343.1020580623813
328.5098805951279
317.19397223323176
309.51449030729935
306.69132224646046
307.0979514237492
305.8548279582682
327.28999312490356
362.8061448288688
398.49656610686026
430.10907794309276
456.5864445875707
476.80172228398175
489.98812464771424
496.93567409973093
498.1439435928743
491.52169743748453
477.2199693561623
459.47932053144314
448.60489529862616
434.18698744649373
410.451463064382
384.5666132921311
0.0
374.9585473351261
350.3400568386872
331.64673403715466
318.27444395793646
310.26965875592447
308.1435691761162
310.0721531249996
314.27786031465
334.01680105347526
364.7231107801239
398.7289256279336
432.0144259994559
462.81367950165816
489.66282135108725
512.0855143846845
528.7224555716315
539.6317347973334
542.6988803563266
533.8808368408318
516.291221656524
497.8883481587335
475.790958339574
442.49384005261254
406.745328827574
0.0
266.4350364482121
254.52661135791988
245.7085678218776
238.73778239515153
234.05573824791543
232.01097454876898
232.71967100688076
234.38104154454234
245.68533184716824
262.8102280509712
280.6205847587239
299.23258186452034
317.68192725008777
334.93462114014017
347.77248429417824
355.9631571294868
361.1680102042747
362.3065718143844
356.36978630677555
344.6240128545232
331.9139474483764
318.36738781567936
299.90642445303087
281.1550116633567
0.0
108.14011772542928
103.37674763588943
99.99591675324079
97.2192205596314
95.66241181569909
95.47652420911406
95.72050169699477
96.82420938408045
103.12115222229596
111.26535316982766
119.58382377357482
127.49566520003322
134.72204606090006
141.18164057825
145.852066810047
149.1980437778904
151.37060524547542
151.3241333576986
148.1640439409625
142.7152133680203
137.25476479744972
131.387687090685
123.16216026249151
115.1457570628511
0.0
28.66154602339272
26.779433958176686
25.3504229498073
24.328041094069913
23.712288382745594
23.549636717994282
23.700670405664567
24.01435574986724
25.524692589584916
27.871523678454988
30.473950232286768
33.018286904822865
35.37673596871924
37.42149968841294
39.14096009709658
40.40731944276938
41.24381368986705
41.47617321094035
40.80233061832035
39.454645441299256
38.048870376818286
36.36426390554192
33.81992723300582
31.089702943611087
0.0
343.1252939754487
322.39882536966155
306.8307379097909
295.59615540800934
289.0900890850717
288.00961736036703
289.58966201736683
294.1322905012725
315.3467141444629
345.54183296173534
377.8746592537078
409.8705643541617
438.50887440695436
462.79044360913804
482.471294380369
495.99461809999855
503.44174050485765
502.72142604911767
490.301810028902
469.6101953132634
451.03305217980466
430.562178987611
401.58694766111023
370.3113570985857
0.0
64.37520328842196
60.95951843959985
58.36870986284909
56.358800062070095
54.999496910022714
54.48830598215401
54.56963180528338
54.348890269510036
58.14796831885681
64.46814709685128
70.79994384165313
76.42304407492026
81.12832423590564
84.71827871834118
87.06510980515651
88.29661522985987
88.50573879882585
87.33232325336344
84.78798657260843
81.63951516377432
79.71093119639835
77.14335857175494
72.92603339474985
68.32531502543902
0.0
218.35985306070074
207.99661875780717
200.2474289693886
194.5894747678932
191.25511579767817
190.45347546127633
190.76716076027492
192.38205941015968
205.765967404817
225.59785191919588
245.24384877973102
262.50816066741174
275.4505855946318
284.3499549907885
289.83363953606846
293.5281557957955
294.422739907751
291.65766173231714
284.40804487619374
275.0555744355186
267.8756654418814
258.546430996463
244.83721962298955
230.2915141257022
0.0
126.77535074429316
119.11910473142824
113.36820675437923
109.22058945013399
106.80405048439461
106.40903930473418
106.98993811769108
108.67454454787284
116.50506019640595
127.66993483570137
139.61321381614204
151.42869513088056
162.01267095721911
170.98174823640932
178.254600985053
183.25033049292963
186.0037907734716
185.73657734170249
181.14747690837805
173.50284897533066
166.63662530123926
159.0849411437455
148.37316754896835
136.8248996659989
0.0
52.850171404818646
50.48010436384126
48.73740801332392
47.35486890711447
46.42543085158748
46.01880169895549
46.15821741159948
46.495138707909476
48.7257900362429
52.12985691825764
55.66172152556168
59.35623779145285
63.01590013637456
66.4315849851967
68.97592166595172
70.60243825798712
71.63643809902445
71.8687976098241
70.6837640893354
68.36016895257264
65.83906822392497
63.1436978637186
59.4840355270158
55.766283302853104
0.0
352.7449778273455
331.43761042914883
315.4280399223882
303.8797721010607
297.18781808318477
296.0724924477842
297.7106269901892
302.3694353065471
324.17637565758616
355.21960669903734
388.4586350800464
421.34912429245566
450.8006926587313
475.75610444942555
495.99461809999855
509.88971702457934
517.5459630374443
516.8140305018867
504.03425729489567
482.7733617639284
463.6617917258369
442.6332557159429
412.8331481605201
380.69782739673593
0.0
62.7138327671982
58.601069375703474
55.47583391075777
53.23356460534332
51.89749739718434
51.53734015698592
51.86264347621489
52.57133998980434
55.870845086308734
61.0059903438145
66.68718044810366
72.26380878742981
77.41057201174294
81.90672860376233
85.64771677386817
88.43603094250385
90.2600531264242
90.7712440542929
89.29576114170885
86.3564132936218
83.27764973289077
79.58313346905432
74.00650513794712
68.0348656333437
0.0
11.478559979388649
10.909279170224263
10.44456014657023
10.096020872973725
9.805571480878381
9.712627675325681
9.712627675325681
9.88689731140478
10.63044775520995
11.594739739925298
12.59388564355536
13.546559651189677
14.406289852449406
15.138222324310375
15.591323370883378
15.92824466719338
16.079278356918394
15.986334548489072
15.602941347964407
14.917480788537022
14.534087588012357
13.860244995392351
12.895953010677001
11.931661034180575
0.0
218.3482350630724
204.01165309160172
193.12560986115642
185.34156618258933
180.6827578662315
179.43963448293968
180.55496020052934
183.00635307696453
194.49653099233956
212.3882135602068
232.18524410224796
251.57564554918963
269.50218200720525
285.1399773295621
298.1985820275924
307.8879737419755
314.2313884268732
316.0205567124261
310.88541143848255
300.6499748834803
289.9265833116221
277.0654842445166
257.67508279757493
236.85567031349768
0.0
105.36342155236716
99.78679318427483
95.53461408835506
92.24672696687693
90.01607563032461
89.19119935825323
89.3073791187899
88.94722187037256
95.18607481701873
105.51445521332596
115.88930751384784
125.0907442113749
132.78184411438835
138.66053983932866
142.49447184457532
144.51599956901234
144.87615683797696
142.94757288909358
138.78833758722
133.629956338567
130.46986698347285
126.27577770926158
119.3747002272109
111.84625198278458
0.0
1010.3572557254499
944.0302325011069
893.6546899803086
857.6389653440481
836.0760024089742
830.3367224501008
835.5183396118211
846.8458658891565
900.032958637544
982.7877994408283
1074.407155709026
1164.121164208523
1247.0967462064957
1319.4651173485959
1379.8669725081813
1424.7007410503354
1454.0942191613544
1462.354599715318
1438.6190755797738
1391.2061171940907
1341.6205967244034
1282.0668533164092
1192.341226552169
1096.0165906140662
0.0
28.464040439726702
27.197681087889706
26.256625055281688
25.50145663953231
25.013501653497297
24.792760117723944
24.862467974045938
25.04835558268566
26.245007078200658
28.080647239202033
29.985995256525403
31.972669096978144
33.94772496034985
35.783365121351224
37.15428624842493
38.03725240179199
38.5832972567943
38.711094994411994
38.072106328925614
36.817364954169655
35.458061800067526
34.01743281667185
32.0423769512454
30.044085127547447
0.0
196.8549800932211
186.43365590492238
178.51019648083567
172.36428728303162
168.19343406571892
166.65986127594863
166.86898482231257
166.19514223380204
177.8479718283115
197.14542949969956
216.535830864452
233.71881697420744
248.1018708129076
259.0924758165349
266.24914889710476
270.02499093475706
270.6872155872811
267.0856431236552
259.3132173399799
249.68191549045474
243.76836587536584
235.92623233194095
223.03027927195043
208.97252870932994
0.0
865.9922898173966
851.6208539557774
840.9323162740677
832.5557558054627
827.3044307812561
822.854746072904
820.112903892727
817.0573762286257
828.9077114335125
852.7826514789548
875.7397714377319
894.7467797231889
914.9388214243431
933.632144308065
947.8060746414958
956.8216237879155
960.8762973166071
957.4722303811695
947.2367938261672
933.4578746723968
919.3652701374388
907.7705304283343
889.3211850427667
879.062512513055
0.0
251.98227470593108
238.64483861959792
228.49072784252098
220.62535830383945
215.2927074811602
213.3176516445
213.60810105097843
212.73675285209038
227.65423361597064
252.3540498903348
277.1700460176985
299.16287400203413
317.5773654769058
331.6351160395263
340.8133168445331
345.64639471437005
346.4828889409204
341.87055259452853
331.9371834436331
319.58727522426176
312.0239730691397
301.99766003995416
285.48851660089844
267.4806542827682
0.0
348.5276526606141
325.640240564323
308.2713669240075
295.84013292671096
288.4046285194802
286.42957260063076
288.2187408861837
292.12238067172734
310.46716428411276
339.01253056135187
370.6134245026925
401.5637116658536
430.1904038032073
455.1574335709825
475.98846397049886
491.45198963664023
501.59448241608885
504.440886451637
496.2502135341394
479.9037217536708
462.79044360913804
442.24986253391086
411.2995752885607
378.07216488463274
0.0
513.3054018754561
504.78942566133156
498.4460109764337
493.4851353587056
490.38313580682734
487.7342374022039
486.10772075469083
484.2953165560704
491.3241918887488
505.474886226923
519.0795358272145
530.360590216773
542.3271051719229
553.3990359534756
561.7988324173372
567.1431012170975
569.5480222057558
567.5264943991297
561.4619111230819
553.2944741802935
544.9411497069452
538.0749260328539
527.1424109146317
521.0545916638747
0.0
109.98737581419815
104.5269272436276
100.08886055345121
96.81259140905412
93.95456939231536
93.09483919105564
93.09483919105564
94.74459173519837
101.88964679553787
111.14917341956468
120.7223853836847
129.80764233094874
138.11449501925674
145.1085163590503
149.442021296592
152.61372862876723
154.08921153313236
153.2178634164335
149.58143695992246
142.93595489146526
139.26467454480573
132.8399339997935
123.62687930463812
114.4022066118544
0.0
460.7689158025118
432.93224608612087
412.01988982648993
396.93975740402254
388.2030396664529
386.75079267515525
388.8768822344161
394.9763194828015
423.4635958746355
464.0103309971732
507.4267061505158
550.3899802593402
588.857097792583
621.4571375985139
647.8880322730257
666.0469282521146
676.0383873706045
675.085713311602
658.3906822392497
630.612102408264
605.6566906175698
578.1801780879543
539.2599595307405
497.28421339161457
0.0
159.52642419063545
149.0586281145599
141.10031471813548
135.41912462411997
132.00343977324312
131.09723768420656
131.9221139131286
133.71128219868154
142.1110786625432
155.16968327838435
169.64568099537465
183.80799339281907
196.90145198099793
208.33354003151516
217.87189810548668
224.947245325942
229.59443556248235
230.8956488311793
227.14304268604718
219.6610663088504
211.8305507425065
202.4316084140546
188.2576781011711
173.04974784862318
0.0
591.970715239353
563.8784500271794
542.8731499919948
527.5258040761165
518.4986370142576
516.3376935443009
517.1741877708513
521.5425465985415
557.8371026641993
611.6050942049964
664.8502767565998
711.6591007861098
746.7453873586243
770.8759228998492
785.7236958012431
795.7500088098815
798.1781657937966
790.6961894165995
771.0385745378888
745.6649156133723
726.2164243632147
700.9008553035559
663.7465690366384
624.303541634062
0.0
597.8145570741449
571.4882241522675
552.7832832503702
537.4591733297484
528.8618713171512
527.8162534825949
529.1639387212579
535.2633759696433
570.0475951380508
615.06725094365
661.0511987442381
704.8393490819846
744.7238596136398
780.4375168868881
806.2875127689905
824.7717121268957
836.8195528599709
836.5639574463775
819.09052203288
788.9186391286752
758.7816101762605
726.3093681387683
680.8366112681038
636.5256520233529
0.0
1654.4694462073912
1627.0277868487688
1606.5917681220478
1590.593815777294
1580.5791203964327
1572.063143976835
1566.8234372584664
1560.9795951565593
1583.6346484098378
1629.2468205534342
1673.093061249174
1709.4224708145819
1748.0057682624658
1783.6961890884168
1810.7776912808108
1828.0187669266675
1835.767956365782
1829.2386545201755
1809.6972193711804
1783.3708858945263
1756.452036326442
1734.296556950634
1699.059236532235
1679.4364755847675
0.0
382.1036024180676
359.03030270902735
341.68466496123204
329.1837231630912
321.934106327515
320.7258368343716
322.4917691452152
327.54558862068626
351.1649331703457
384.79897281320444
420.8030794723837
456.4354108649701
488.3267541100526
515.3734015698592
537.2849036940803
552.3418002034803
560.6370348119708
559.8353944755689
545.9983854569406
522.9599396175014
502.2683249840521
479.4854746814902
447.2107381721864
412.39166501089363
0.0
716.2482012194342
669.2186355842899
633.5049783315891
607.9802857461136
592.6910297156404
588.6247382715096
592.29601853598
600.3240398154379
638.0359889000557
696.6951481139055
761.6512502070653
825.248049063934
884.0698600185601
935.374840623652
978.1870810715176
1009.9738625639652
1030.8048932305967
1036.6603529808276
1019.8375239756583
986.2267202664144
951.0707258314138
908.8626201506672
845.2542032139811
776.963742150606
0.0
492.02127045196886
468.6691392313418
451.2189398131011
438.46240251917754
430.95719014672414
429.1564039662793
429.8534825089519
433.47829090619274
463.65017381039775
508.3329082600997
552.5973956376209
591.4943783023145
620.667115177551
640.7197412153748
653.058031437118
661.388120017946
663.4096477423831
657.1940307437349
640.8475389632664
619.7609130679671
603.6003089207951
582.5601549132729
551.6795755304088
518.893648193918
0.0
646.0059202119193
606.9811398815234
577.6689871785782
556.5242713978739
544.2673070362456
542.23416131418
545.208363118167
553.7591932224402
593.7017936600482
650.5485486752777
711.4267412650364
771.6659452386226
825.5849704403785
871.3017047270083
908.3630472183722
933.8064139437331
947.8293106162051
946.4816253775422
923.083022371875
884.1395679015938
849.1462251046328
810.6210177065323
756.0630038886035
697.1947210462005
0.0
663.1424343311613
619.6098794275557
586.5451205794783
562.9025400551094
548.7518457169352
544.9876215947221
548.3916884479705
555.8271929168434
590.7275918560612
645.0532461529166
705.1762703556924
764.0677891111628
818.5328591329907
866.0271438102815
905.6676768437827
935.0960092148016
954.393466906737
959.8074435689834
944.2277381320318
913.1147992280945
880.5612313921296
841.4783611763288
782.5868423592166
719.3618186867516
0.0
92.39776064632831
87.50659288697688
83.78884066897838
80.89596471688706
78.94414480356795
78.22383030673329
78.32839209224365
78.00308877095995
83.47515532477571
92.53717635897227
101.63405132030252
109.69692640771972
116.44697033154809
121.60535149801186
124.97456446111191
126.74049675140819
127.05418215314327
125.3579577047859
121.70991335338304
117.19052078254482
114.41382460948273
110.74254424227593
104.68957890221472
98.07895076089113
0.0
15.184694228525036
14.499233658823998
13.999660708036332
13.60464953043064
13.337436090442628
13.221256331960706
13.256110259094335
13.360672042549956
13.999660708036332
14.975570659559065
15.986334548489072
17.05518830844112
18.100806124504764
19.088334053108518
19.82026652496949
20.28498554862352
20.587052917799898
20.645142797040855
20.308221500730852
19.63437891632977
18.914064421549835
18.147278028719423
17.090042235574753
16.0211884756227
0.0
1057.839922158545
1007.6502674354214
970.1125880070192
942.6825473651805
926.5451791105285
922.6880111922145
924.1867300918364
931.9823917680317
996.8455500034486
1092.926209244742
1188.0890474747418
1271.7268549471303
1334.4290696098542
1377.5433772974484
1404.0788339917099
1421.9937527603067
1426.3272574307334
1412.9549675775356
1377.833826313528
1332.488867478417
1297.751120115597
1252.510722786553
1186.1139921928586
1115.6277330913176
0.0
1487.0892699620201
1416.5216860893713
1363.7644586573604
1325.2043969170707
1302.5144905133461
1297.0772780202217
1299.2033676616716
1310.1591182409206
1401.3369915238704
1536.4075773286945
1670.1769489196463
1787.7508632129798
1875.908062660335
1936.5190420648926
1973.812743563647
1999.0005152452661
2005.0999521854417
1986.3020672819705
1936.9140525870396
1873.177838457239
1824.3358684385485
1760.7390693762072
1667.4002530958883
1568.3105381604594
0.0
998.820605922298
951.4308831003784
915.9844392588993
890.0879714068309
874.8568053234048
871.1971429743735
872.6261539909618
879.9919505973484
941.2186824378964
1031.9434542037402
1121.7968783871147
1200.76425952497
1259.9694632095877
1300.690468358192
1325.7388241504602
1342.6545959860073
1346.7441234664893
1334.1270023290313
1300.9576814612044
1258.1454408489603
1225.3362781747267
1182.6285992740227
1119.9263846112988
1053.3786198635107
0.0
352.6287980770825
336.8632050890236
325.198757517433
315.962466827021
309.77008582362936
307.0630974308642
308.00415351278576
310.21156887051933
325.15228562965615
347.81895618195506
371.4034468209188
396.0219373173577
420.4429222034191
443.28386239138604
460.28096084729776
471.10891419233786
477.9983737794968
479.52032857163863
471.6549590329572
456.1101075683431
439.2988967251806
421.3607422900839
396.9281394269415
372.1005253841387
0.0
192.24264374682923
182.06529699504298
174.32772520425272
168.32123173142105
164.2433223102093
162.7446034105875
162.9653449340325
162.30312036369756
173.67711852880964
192.52147515567935
211.45877547591354
228.23513240838025
242.28126499391973
253.01627456340628
260.0102959031998
263.69319416529845
264.3438008407415
260.8235542166827
253.23701608685127
243.82645576077104
238.05232182955996
230.39607589888425
217.8021902430005
204.06974297700688
0.0
275.3576418190782
260.788700244345
249.69353348808303
241.09623147548572
235.26400765886953
233.11468218654116
233.41674957010062
232.47569348817913
248.77571340141816
275.7642709758196
302.8922441519096
326.91821794049974
347.0405517586207
362.41113366975566
372.4258286807657
377.71200761566797
378.6298277023329
373.5992442015713
362.72481896875433
349.24796719854334
340.97596850312027
330.0202173896415
311.97750118136287
292.2966503279428
0.0
372.4025927060563
352.6868879624877
337.68808140013476
326.0584877186928
318.1698821847545
315.2653882638011
315.67201744108985
314.3940400649131
336.4333400192146
372.94863760831737
409.62658683545993
442.12206478601956
469.3429819020416
490.11592239560554
503.67410002593095
510.81915510887256
512.0622784921643
505.2541447034781
490.55740544249545
472.31718360329205
461.1406910691048
446.3161540602308
421.91840510778417
395.3016227794285
0.0
49.0627113325529
46.8669139231342
45.24039733109878
43.96242000218076
43.10268980297577
42.7192966024511
42.847094338014045
43.16077968221672
45.24039733109878
48.388868739932896
51.67675586141099
55.09244071845202
58.49650759019312
61.668214951134566
64.03828199211196
65.54861883182963
66.50129284151869
66.710416400211
65.61832668815163
63.45738320792128
61.12217009613223
58.6243053278108
55.220238445796056
51.76969966984031
0.0
19.959682229394552
19.07671607602749
18.449345395841064
17.938154459753452
17.65932304473914
17.624469115550777
17.670941019765436
17.86844661165038
19.030244180031747
20.528963044723124
22.07415380541024
23.526400765886955
24.862467974045938
26.059119471615666
26.918849670820666
27.534602382144985
27.94123152655806
27.929613559750678
27.348714767341068
26.33795088662998
25.327186997699975
24.246715262721622
22.724760445922918
21.249277533338873
0.0
537.6334429654166
505.1612009279244
480.75183395730215
463.1622187935418
452.96163612868804
451.26541170087796
453.75165846746154
460.8618595780654
494.1008880618109
541.409285085258
592.075277012535
642.2068420968211
687.087082259637
725.1243346408817
755.9700600308607
777.1612476993416
788.8256953531214
787.6987517200926
768.227024392489
735.8128722404022
706.6982251478344
674.6326122670837
629.2295632794525
580.2365598052762
0.0
61.13378807115853
58.4035637817638
56.38203601417743
54.77875537424936
53.70990160607839
53.23356460534332
53.39621626187571
53.77960946240038
56.370418039151126
60.308911799087156
64.3984392405293
68.66223632174902
72.89117946556149
76.85290917965959
79.80387500482767
81.68598706798899
82.87102058847769
83.13823402846569
81.77893086819938
79.08356050799301
76.16744861201329
73.0538311303128
68.82488797828142
64.51461900106595
0.0
174.85053413180444
164.28979419798608
156.35471685846022
150.638672792107
147.3159317167838
146.76988689671188
147.57152721256645
149.88350434348195
160.6998397114411
176.082039517468
192.55632906637516
208.86796695669526
223.46014442394855
235.83328847419813
245.8596014828364
252.74906106999524
256.5481391645461
256.18798189558146
249.85618512612288
239.3070631899328
229.83841308118397
219.4170888928853
204.63902377178817
188.71077914568937
0.0
163.9412549061025
153.18300944409583
145.00395458586829
139.16011277162377
135.66310214282163
134.73366405852838
135.57015828507878
137.4057984584085
146.0379544433435
159.46833430523031
174.33934320188104
188.89666669679667
202.36190055156845
214.0960559856452
223.9016274708385
231.17448024002942
235.94946822446107
237.2855354654958
233.42836756772897
225.73726766471555
217.69762846981854
208.0314726479557
193.47414915304003
177.8479718283115
0.0
85.5083010694431
80.98890852531638
77.5383697473059
74.86623533920685
73.0538311303128
72.39160651477381
72.48455032320317
72.1941009311078
77.25953833229158
85.63609879678714
94.059131175771
101.51787157825844
107.76834245883632
112.54333052545718
115.65694799277453
117.29508253517949
117.58553194165795
116.01710526173919
112.64789229863914
108.45380302442788
105.88623039772972
102.48216355270013
96.88229926537612
90.7712440542929
0.0
629.7523722070042
598.4883996421081
573.0798868068956
554.2703841523636
537.9006563766384
532.986252646687
533.0211066190246
542.4549028581723
583.3966492220123
636.4094722525425
691.1766096784771
743.1670508491604
790.777515194525
830.7782054969907
855.6406735121312
873.7995694912203
882.222601847602
877.2152543420971
856.4306958509047
818.3469715818833
797.3300534874286
760.547542487104
707.8019328677957
654.9866153860013
0.0
741.3430286734588
696.5673503660141
662.9216928077165
638.663359580242
624.5939910405406
622.2587778321791
625.6744627652452
635.4916521658776
681.324566305507
746.5594998075169
816.4183875508107
885.5453429229253
947.434299457092
999.8894596699218
1042.4228684623697
1071.6304592688493
1087.7097382339675
1086.1645468301501
1059.3154054122142
1014.6210528005056
974.4693288370811
930.262931344965
867.6420423779772
800.0951317450515
0.0
1297.1469855539508
1211.9756057643797
1147.3099532626243
1101.0704098224223
1073.384773890274
1066.018976914036
1072.6760778225607
1087.2101651783887
1155.5006264883311
1261.7470137440796
1379.3673996580756
1494.5480103850543
1601.084847478775
1693.9937988536633
1771.543786828727
1829.0992388362981
1866.834423299753
1877.4300175346664
1846.956066692125
1786.089492654771
1722.434603501551
1645.9767059063338
1530.784476709138
1407.1111254756288
0.0
1365.3793567730152
1300.5975240895032
1252.1505656203246
1216.7389761621291
1195.9079450640047
1190.9238340057968
1192.8756537855586
1202.9368207870818
1286.644335382254
1410.65460827987
1533.4914649991672
1641.4340769909352
1722.3765136161462
1778.0266176700904
1812.2647919773312
1835.3961815512296
1840.9960454358265
1823.7317338769024
1778.3983924846427
1719.8670308954004
1675.021645115868
1616.6296992105035
1530.9355108632324
1439.9551431495652
0.0
108.63969065772436
102.88879270122268
98.50881586563045
95.11636696069675
92.81600777604133
91.96789555186264
92.09569327920667
91.71230008690094
98.14865861721313
108.80234231631148
119.50249789291301
128.9827661020267
136.9178435237418
142.98242677924205
146.9325385347517
149.0121561445939
149.38393141118684
147.3972575768983
143.1102245271334
137.78919164044063
134.52454053271174
130.20265357225105
123.08083448456618
115.32002669851926
0.0
1533.3752850228839
1460.6119033586365
1406.216541076011
1366.4482102124296
1343.0612258002623
1337.4497434454493
1339.6455404151554
1350.9382132749304
1444.9508724725165
1584.227164706741
1722.1673903985388
1843.4009664450323
1934.2883900954835
1996.7930998053434
2035.2485990122009
2061.2263925600055
2067.511717832086
2048.12131580982
1997.2113462405575
1931.488458564131
1881.1245334656364
1815.5410606511955
1719.2977505115653
1617.1292722660826
0.0
2.4281569189855254
2.2887412110674226
2.172561454229286
2.091235623702887
2.0447637213374836
2.0447637213374836
2.0563816965692565
2.079617648471114
2.2306513326483537
2.451392870270963
2.6721344087154644
2.904493922391739
3.10199950872891
3.276269143986115
3.41568485210969
3.520246633716054
3.5667185360814577
3.5667185360814577
3.473774730528759
3.3227410471734107
3.1949433144870816
3.055527606363506
2.8464040439726706
2.625662505528169
0.0
132.21256331960706
123.53393552908446
116.9465432638432
112.22964514426938
109.40647708343046
108.66292665298101
109.33676922094428
110.82387012293772
117.78303757258276
128.61099083543374
140.6007417858404
152.3348972199171
163.19770445510574
172.6663546665911
180.57819609304954
186.43365590492238
190.29082382323645
191.37129554794117
188.2576781011711
182.05367899741464
175.57084858754456
167.77518691134912
156.0294134796441
143.42390982613202
0.0
2050.886394190727
1953.5742295843172
1880.81084792007
1827.6237555826287
1796.3365469608339
1788.8429525654617
1791.7706823378405
1806.8856685477197
1932.6154018889504
2118.898023721968
2303.3914775776425
2465.543564547496
2587.1140622580956
2670.705397082457
2722.138175620366
2756.887541042456
2765.28733748577
2739.3560155586283
2671.263060023441
2583.3498379715043
2516.0004328873138
2428.28471640466
2299.557545757321
2162.906916014653
0.0
415.6446982237307
395.9173754825338
381.17416435432165
370.3926828765111
364.0608862097889
362.5389313354578
363.13144812549575
366.19859368448897
391.6768144027349
429.4352353545821
466.821881142573
499.67751638264457
524.3192428537928
541.2582513626575
551.6911935280372
558.7316868377967
560.4279112861542
555.1765862619474
541.3744311129204
523.5640744051677
509.9129530198359
492.13745020223183
466.04347680142774
438.3462227483672
0.0
502.72142604911767
469.72637506352635
444.6547835225692
426.7398649799927
416.00485549269536
413.1468334595188
415.7376420814736
421.37236026716505
447.8381088523728
489.01221467564426
534.6011512965719
579.2374139406861
620.5276995142206
656.5318061733998
686.5875092451527
708.8940226106761
723.5210539680778
727.6221993845463
715.818336067436
692.2222274308441
667.5572650466283
637.9198091292453
593.27192850805
545.3477788636867
0.0
129.50557500903113
123.3596658934163
118.77056543954463
115.41297047407294
113.42629663978437
112.96157759763777
113.14746523093424
114.1001392282949
122.0352166294627
133.8042259742352
145.44543765330556
155.69249218538877
163.36035619588208
168.64653511023718
171.88795032544587
174.0837476855511
174.61817461073113
172.98004004777889
168.68138900038565
163.12799667480874
158.87581751519238
153.33404316669652
145.21307813223228
136.58092222948648
0.0
98.17189456932046
92.23510899185065
87.78542430199118
84.56724503683509
82.70836892578109
82.39468358157843
82.84778463637036
84.14899790917679
90.21358122220954
98.85735513696675
108.10526375309159
117.260228645031
125.46251947796786
132.39845095290354
138.03316913859493
141.90195503399008
144.0280446137983
143.8305390034208
140.27543848921346
134.3502708764963
129.04085596688455
123.18539625774815
114.89016154652116
105.94432028313489
0.0
128.11141790313863
122.38375592134628
118.1431947593582
114.7972177709675
112.54333052545718
111.55580257630614
111.90434184764243
112.7059821840443
118.13157676172987
126.3687215670044
134.93116968945318
143.87701097338677
152.7531443742869
161.0483789827774
167.2291420912772
171.1560178720775
173.66550061337048
174.21154545398971
171.35352342081313
165.70718721694607
159.59613207366894
153.07844767091382
144.20231427001374
135.18676510304664
0.0
143.1102245271334
136.32532671315653
131.24827134516536
127.53051909018171
125.34633972770484
124.82353080015311
125.03265432596976
126.0898901787016
134.86146180641973
147.86197661904492
160.73469368377877
172.05060196348572
180.53172420527267
186.36394804243625
189.95390252898122
192.38205941015968
192.96295822311663
191.16217202212454
186.41041993021304
180.2761287916792
175.57084858754456
169.44817544663908
160.46748019036778
150.92912219858545
0.0
817.5220952707721
778.7296744614497
749.7312071396922
728.5284014941302
716.0623135861377
713.0648758896307
714.2382914104363
720.2564027781598
770.376349967554
844.6384505314229
918.1802366190046
982.8110354155375
1031.281229551216
1064.601584573137
1085.1073116554792
1098.9559386511887
1102.3019156806738
1091.961917311395
1064.822326055487
1029.7825110830875
1002.9333693363949
967.9632624319544
916.6582818268627
862.1815938074066
0.0
453.008108016465
425.64777533984886
405.08395837210156
390.25942136322766
381.67373728661676
380.2331083545893
382.33596193914093
388.31921941671595
416.33015878932235
456.1914333462683
498.88749404387096
541.130453676408
578.9469645342077
611.00095941733
636.9903710654993
654.8355817250424
664.6643891233032
663.7233331441181
647.3187514782445
620.0048905866688
595.4677259503444
568.4559324628756
530.1863205811048
488.90765290246225
0.0
500.3165050604593
475.4772730405754
455.2852312572319
440.3445145802841
427.34399976765894
423.4403598999262
423.4635958746355
430.95719014672414
463.48752209016874
505.6026839748144
549.123620901339
590.4255244725018
628.2420353097541
660.0288168843912
679.7793755181083
694.1972833702408
700.9008553035559
696.9158896578978
680.4067462188419
650.141919518536
633.446888446184
604.2276796009816
562.3216413448889
520.3575131006548
0.0
339.97682253579364
319.436241563303
304.0075698694993
292.87754912035234
286.42957260063076
285.36071885300714
286.92914561511503
291.4253022112439
312.4422202235095
342.3585076319318
374.4008845174259
406.1063402319484
434.4774368529722
458.53826444952153
478.04484566727353
491.44037163901186
498.8177861608375
498.0974717050974
485.79403545569215
465.28830837334993
446.8854348755594
426.61206731429064
397.89243140138325
366.90729024533726
0.0
904.9473622853061
862.0073241717384
829.9068573802919
806.4385464915912
792.6363913631114
789.3252682854164
790.6148635564851
797.2835815996517
852.7710334813264
934.9682115490995
1016.3753672164574
1087.918861451575
1141.5590552239332
1178.4461277303249
1201.1476526042654
1216.471762237225
1220.1778964329383
1208.745808711178
1178.6901051257425
1139.8976846657245
1110.1789033608145
1071.4794259366474
1014.6791426859107
954.3818489091088
0.0
678.0366791203322
637.083314841053
606.3072972108235
584.1169636982997
571.2558646311942
569.1181570537577
572.2550104957844
581.2124697773464
623.1417440286956
682.8116672075005
746.7105334479285
809.9239391433123
866.5267167425767
914.4973383569059
953.4059389370386
980.115665040948
994.8240222584644
993.4066292395045
968.8578466260991
927.9741901271168
891.2613869892785
850.8192136399227
793.5542114497764
731.7698166887915
0.0
475.48889101765644
446.76925510474916
425.1830562977022
409.62658683545993
400.59941969141187
399.10070089452654
401.29649825463173
407.5934411133946
436.98691961481245
478.83486800604715
523.6454002036404
567.9795954436479
607.666600447115
641.3122580054128
668.5912649041036
687.3310596756021
697.647822111266
696.6486762261287
679.430836246772
650.7576722216414
625.0122380921738
596.6527594687782
556.4894175077255
513.1659861299365
0.0
165.48644569350108
156.72649204286395
150.05777399969742
144.8877748356053
141.39076412461392
140.1011688535453
140.27543848921346
139.70615767388486
149.50011118199717
165.7304232122027
182.03044310489446
196.4715868495471
208.56589955258843
217.8021902430005
223.82030161072402
226.99200902508838
227.54967184278868
224.51738017394385
217.98807787629696
209.89034879599475
204.9178551806383
198.3304629975862
187.49089165491773
175.66379244528736
0.0
1545.2023842941558
1451.8751856621614
1381.7374664894703
1331.1760366435847
1301.8522658608222
1296.9727156922625
1304.11777118615
1324.5537899128708
1420.08840480668
1556.065191632081
1701.684899023791
1845.7594158335758
1974.7421821410755
2084.0905690308914
2172.735723269082
2233.613915776652
2267.143393810707
2263.9135965520322
2207.9614260391563
2114.7968787986347
2031.1125999110573
1938.9704346947601
1808.4424775998616
1667.644230491306
0.0
500.9438757406457
477.1734974683855
459.3979946507813
446.4090978357845
438.7644698205478
436.94044764484636
437.64914418514746
441.34366044487433
472.0615881896985
517.5575809528833
562.6237086462593
602.2293877896119
631.9249336745892
652.3377169813778
664.9083666420049
673.3894888837918
675.4458705805665
669.1140738316553
652.4771326447083
631.0071135673771
614.5560600137267
593.1325128447196
561.6826526465269
528.3042085199982
0.0
1172.8694995533224
1117.207778056527
1075.6038075949398
1045.1879466378034
1027.2962642754094
1023.0092313078336
1024.6822197198396
1033.3259933941936
1105.2296456585254
1211.7664825467727
1317.2693195569977
1410.004001070197
1479.5259682383912
1527.3339379681127
1556.7390345493484
1576.6173911569772
1581.4156149106452
1566.5910775113725
1527.6476237191523
1477.3766428893464
1438.8514355323405
1388.696633651453
1315.073521765399
1236.9310176989052
0.0
98.35778217590546
92.40937862340935
87.94807595852357
84.72989669336748
82.87102058847769
82.55733524427502
83.01043629290275
84.3116495739281
90.38785085582298
99.0432427456065
108.31438736109742
117.4925881661043
125.69487899904115
132.6540464486862
138.30038257036404
142.16916854794837
144.3068760226484
144.09775249683176
140.54265190043523
134.60586631063708
129.28483348558618
123.41775575827417
115.11090309051345
106.15344389114072
0.0
803.3946368456654
750.649027226357
710.6018650361144
681.9635549011324
664.8154227842621
660.2495584078362
664.373939737372
673.3778708861636
715.6789204041056
781.4831347214442
854.3278422663534
925.6622129962014
991.6523149262893
1049.196148319813
1097.224859737358
1132.868808942647
1156.244176733855
1162.8083325517987
1143.9291220553282
1106.2404090070618
1066.8089998075866
1019.4541308141736
948.1081420250551
871.5108282733723
0.0
922.4556516916884
866.7474582660216
824.8762738795303
794.6927730598861
777.1844836740511
774.2799897530975
778.5321688305248
790.7426613043764
847.7753039734497
928.9501000991869
1015.8874120968651
1101.8952860718914
1178.8992291652419
1244.1690164341164
1297.0888954630727
1333.4415417634398
1353.447695995676
1351.5191121289815
1318.1174315140613
1262.5021822543463
1212.544886353688
1157.5337718610924
1079.612009276949
995.5559547323801
0.0
133.61833842312788
126.9844742701098
121.59373358257274
117.59714993928628
114.12337520300429
113.08937536607641
113.08937536607641
115.0992851750743
123.7779129655969
135.02411346500685
146.6537071259016
157.67916601967738
167.78680490897744
176.26792715076442
181.54248806749123
185.39965606799447
187.18882427135824
186.11997052373462
181.71675772370665
173.63064664103283
169.16934403778896
161.37368227940433
150.1739537499604
138.97422522051647
0.0
99.36854606483546
94.65164793704271
91.11978332768393
88.54059271774055
87.03025588624182
86.6700986378245
86.80951434224954
87.5414468141105
93.62926607103167
102.65643318836828
111.60227446408294
119.45602600513621
125.34633972770484
129.38939525876813
131.8872600229801
133.5718664531619
133.97849560990332
132.7237542495305
129.42424914891663
125.16045209440838
121.89580088394302
117.64362182706309
111.41638683078646
104.79414075758591
0.0
901.613003315091
853.8863591989161
817.568567158549
789.406594145531
770.3066420845206
763.2777667723894
764.2769127191685
761.1749131672904
814.5478934873327
902.9374525584974
991.7452587018429
1070.4221899400843
1136.3077302408212
1186.625182691289
1219.4343461874146
1236.721894481298
1239.7541857597441
1223.245042094668
1187.6708002176354
1143.5108747982217
1116.4526093407871
1080.5646827400801
1021.498894451678
957.0656013066173
0.0
268.02669910284015
253.8411507923283
243.04805141962584
234.6714909510208
228.9903008570053
226.89906516734555
227.20113257145232
226.2833124847875
242.14184933058928
268.42171028250056
294.8177510668641
318.2163540725313
337.7926431733168
352.7565958249739
362.50407744530935
367.65084069633394
368.5454247877422
363.6426390554191
353.07028120616167
339.94196864564515
331.89071147366707
321.2254098488559
303.670648575244
284.5126066493757
0.0
1807.4433316941772
1698.269214460577
1616.2346878664648
1557.0875734508334
1522.791309258187
1517.08688366205
1525.4402076628103
1549.3500016600433
1661.1033095590647
1820.1533968948506
1990.4845388256686
2159.014894308926
2309.88592606733
2437.788220465199
2541.478653585012
2612.6968444618615
2651.9075130008778
2648.131670449543
2582.6759958761286
2473.711001243716
2375.817938605148
2268.0379782103246
2115.366159387943
1950.6697363414246
0.0
235.1013560208297
220.90418971268952
210.22727009025004
202.53617018723665
198.0748675018036
197.33131705080686
198.42340677313985
201.5254063250181
216.07111182230534
236.751108560863
258.90658818323845
280.82970836672973
300.45246927310274
317.08941046004975
330.57788020734176
339.83740687246313
344.94931615115013
344.44974321885496
335.9337670047303
321.7598366712995
309.0265353726326
295.01525669778886
275.1485182110723
253.73658901914632
0.0
1171.6263762522196
1116.0343629055726
1074.4652457999046
1044.0842390205785
1026.2041745119818
1021.9287594803923
1023.6017480978716
1032.2339040417119
1104.0562296856795
1210.4768868031163
1315.8751621018007
1408.5052829308254
1477.957541537925
1525.7190390305664
1555.100899698734
1574.9444021285522
1579.7426258822197
1564.9297069531635
1526.0327247816056
1475.8082155724617
1437.3294806580095
1387.221151219676
1313.6909825749458
1235.618186864073
0.0
1129.987551612822
1061.7319446861632
1010.4501995831929
973.4701829724909
952.0350178058554
948.4682992940197
953.6847703458888
968.6371051026541
1038.4959925788328
1137.9342466212192
1244.4246120942773
1349.7880332151515
1444.1143779583035
1524.0692867371001
1588.8975910412744
1633.4176738323893
1657.9316023912677
1655.573154030089
1614.6546431067286
1546.5268333937308
1485.3349561624873
1417.9506969004867
1322.497408627042
1219.5272902506306
0.0
517.534345039816
490.1391583908623
469.2965099320756
453.1242877872752
442.1685367559856
438.1254812249222
438.70637993514265
436.91721173177893
467.55381361648864
518.2895134062518
569.2691907969057
614.4282622658353
652.2563911007159
681.127060674582
699.9714172192625
709.8931684752663
711.624246875414
702.155596684476
681.7311954622485
656.3923904278802
640.8475389632664
620.2488681053704
586.3476150307428
549.3675984200406
0.0
38.1301962102213
36.43397176186391
35.167612407972186
34.16846649612321
33.49462391172212
33.20417451962678
33.308736296918205
33.541095815936785
35.167612407972186
37.61900528235261
40.16334195488871
42.82385838590672
45.47275684395316
47.935767691305166
49.77140785230653
50.944823397768936
51.68837383643728
51.85102550118859
51.002913268790984
49.329924772540906
47.505902588620565
45.565700652382475
42.928420171417066
40.24466778623699
0.0
132.0731476562766
126.26415981436973
122.12816040501633
118.73571154939613
116.84198149066123
116.60962196958793
116.9116893736947
118.25937450962118
125.9388564355536
135.88384366626656
146.04957233823532
155.7157281806455
164.53377169614043
172.42237714788945
178.1384212142427
182.21633073819095
184.87684714044272
184.81875725503758
180.9615893572708
174.29287131410422
167.63577116582948
160.46748019036778
150.41793126866202
140.62397776054976
0.0
10.665301682343582
10.200582654580087
9.863661359297447
9.596447918487543
9.445414234310304
9.42217828323034
9.445414234310304
9.549976016122141
10.17734670329465
10.978987026546253
11.803863298617623
12.58226766647433
13.290964188282697
13.929952851714342
14.394671875368376
14.719975196652083
14.940716732425434
14.929098755344404
14.61541341936065
14.080986531165706
13.546559651189677
12.965660866998993
12.152402572008658
11.36238022707092
0.0
15.335727907976397
14.66188531535639
14.185548314621325
13.790537139070361
13.569795603297008
13.546559651189677
13.58141358037804
13.73244726804832
14.627031396441676
15.77721098774202
16.96224450823072
18.08918814947846
19.111570005215853
20.02939008571654
20.691614701255514
21.16795170199058
21.470019069112226
21.470019069112226
21.01691802048449
20.238513652627784
19.471727253633183
18.63523300448079
17.473435436099415
16.334873819825376
0.0
4.321886956351241
4.112763393754932
3.9384937587032
3.8106960258113975
3.6945162689732602
3.6596623416341565
3.6596623416341565
3.72937019610689
4.008201612148568
4.368358858716645
4.751752056364686
5.111909302932763
5.437212622161736
5.704426062971639
5.878695698228847
6.006493431120649
6.064583309539717
6.029729382406086
5.8903136742825115
5.623100233472607
5.483684524527139
5.2280890597709
4.867931813202823
4.496156591608448
