0.0
117.1730142357498
110.9574949478417
107.2142159098944
105.51018590270033
106.52981041437154
111.0832020724129
120.5950417158344
125.80490393553546
130.9169940287551
136.9788712063535
142.9569437182264
148.59979712255156
153.37666820703362
158.99158676395456
161.88285072049172
164.00590448366728
165.83564169448076
164.14557909122672
161.24034764923104
156.33776946735054
154.36835774778785
149.1724629888427
138.5432266133989
126.69882132510574
0.0
113.4716375825406
109.2813998522785
106.57171279416913
105.18893434483769
105.8174700022773
109.85406567904556
116.90763251350018
121.08390277806585
124.70147465932861
128.7380703237456
133.45907149109627
137.46773228340646
141.0014994100146
145.3872815439251
148.64169957892702
151.32345172293526
153.3347657753607
153.01351425208162
151.40725641336329
147.77571703676102
145.12189983896727
140.95959705244928
131.89471608405086
122.45271375923059
0.0
202.10913290531764
199.59499029038074
198.05856975544214
197.09481506209218
196.6757912888189
197.86302532956142
200.22352597499315
201.42472740238395
202.77957092279277
204.88865732402255
207.97546568173794
211.39749324581115
214.54017154536044
218.42312511675956
221.663575666303
224.05201115913897
225.68620384526147
225.43478962576216
223.66092223326999
220.82552809505395
217.79458945684968
216.0765919814889
211.71874476909025
206.80219920056152
0.0
307.9405703807022
295.10447545284455
286.9335119481241
282.9388186165698
285.22948195822175
297.0738872465149
312.4380921759577
320.5950882940299
332.2718841273594
348.44620175594434
366.1429723599019
382.2893550175699
395.79588798760517
408.8414948020993
417.18006786059385
422.278190468355
422.5575395599611
416.42582505388043
403.32434842106505
391.2564638594869
385.6694801499703
373.7831725288144
352.44089498868846
329.60409944410713
0.0
41.94427962313288
39.667583789171694
38.10322837718578
37.12550624531215
36.83218959413987
38.01942362006088
40.687208310723925
41.60906060451429
42.89406683843512
45.46407931121733
48.43914809898707
51.274542291548656
53.73281509063457
56.107283130125325
57.964955190813264
59.110286836936716
59.64105027649546
58.747132901746724
56.7916886256482
54.58483008805597
53.91439205328905
52.58748344204087
49.319098015450116
45.45011185046138
0.0
720.4834418631835
677.6871472450995
650.8137559372908
637.2792880210412
644.2071477408057
681.6399381202784
746.2673712567309
781.1860189471591
806.4671199017079
840.7851668784406
880.5086205007551
917.2290704310795
951.1839634281579
985.3623358220335
1013.0039373973115
1034.0109958298895
1053.8028853496185
1060.1161768702286
1044.9056139102913
1012.4452390164788
991.2007337263472
957.0502963280908
883.0926004935793
800.3493728810857
0.0
50.63203917582335
47.629035469011974
45.72946103099672
44.77967381569446
45.26853488780691
47.89441718879136
52.447808849302966
54.8921141950437
56.66598149860674
59.08235191789506
61.875843733129315
64.45982366666746
66.84825916691416
69.25066212544657
71.1921389432594
72.65872214724548
74.05546805486262
74.50242673976672
73.42693239001224
71.15023656593208
69.65571844043411
67.25331548190171
62.0574206957838
56.2469577253335
0.0
214.3865294523425
200.57271246918918
192.35984643398558
187.988031760831
188.75624202830028
199.59499029038074
218.6745393609615
227.99083457356178
233.6476555621556
242.02813092881024
252.4897578739929
263.2307338860792
273.59458845775504
284.30762962243705
293.6518597812518
301.4317344589135
308.108179934476
310.7899320043766
307.74502597952403
299.74167192976716
293.67979462865605
282.6035996078322
260.60485153568965
235.93831878029482
0.0
249.84990803814486
236.59478943582425
228.61937023347164
224.98783088157197
227.16675448777124
236.87413860153805
257.1409217375638
268.27298657670894
279.15363719635474
292.0875042753962
304.8397944387182
316.879744152892
327.0480543974973
339.03213429334994
345.19178374564495
349.7312079725735
353.6281290541336
350.01055716298976
343.8369402252363
333.36134591810776
329.1571406999169
318.0949131645515
295.42572707493383
270.1585936058436
0.0
1278.930391209288
1202.9893157992171
1155.2764756126041
1131.2524459284703
1143.5438099609535
1209.9870128227612
1324.715721935093
1386.6893373549985
1431.580750938259
1492.4928402300043
1563.0005737765514
1628.200672235839
1688.4702582340008
1749.1309336767847
1798.2125842517012
1835.4917324640483
1870.6338603664583
1881.8357616200913
1854.822695828236
1797.2069278677545
1759.5087550916528
1698.8760155090774
1567.581900459855
1420.7140676558565
0.0
53.91439205328905
50.70187646478155
48.690562360480776
47.68490530709524
48.20170128836831
51.00916056188825
55.84190141034595
58.45381626292571
60.33942323030402
62.909435705556476
65.88450449332622
68.63609392876289
71.17817148497372
73.73421649699996
75.80140043938403
77.36575585136993
78.84630651611197
79.32120012746849
78.18983593963071
75.7594980620567
74.16720772114813
71.61116270665163
66.08004891673664
59.89246453798914
0.0
489.9644970904161
483.84675009449654
480.1174384679002
477.8128077643024
476.7931832526312
479.6565123370616
485.36920304516656
488.28840207143094
491.584722414593
496.6968124090025
504.169403024141
512.4800412105287
520.0923063344165
529.5063737970111
537.3421183671016
543.1386138644447
547.0914047396235
546.490804025928
542.2167615039575
535.3168367551101
527.9839207228283
523.8216179363103
513.2482513791878
501.33400878711484
0.0
946.7143766038191
890.4953537308305
855.1716497278851
837.391074359392
846.4978576853556
895.6772811031275
980.5994323218204
1026.4685679109714
1059.6971530722533
1104.798078492745
1156.994472989155
1205.2520441946547
1249.8641089827393
1294.7694893844898
1331.0988509571039
1358.6985498042784
1384.7059584711105
1393.0026288262038
1373.0012272963259
1330.3446074340166
1302.437624252591
1257.5741452944121
1160.3745981215554
1051.6658640762819
0.0
104.32295187677931
103.0100107262871
102.22783301535362
101.7250044948365
101.51549260325937
102.13006080982406
103.3452297449057
103.95979794158934
104.65817090527892
105.74763270343809
107.33992304434665
109.11379034790967
110.73401559550861
112.73136225140473
114.40745733955718
115.63659374280552
116.48860874022692
116.34893415489977
115.44104930951407
113.97446610552801
112.4101106935421
111.53016076719804
109.2813998522785
106.73932230594869
0.0
54.82227689867474
51.2885097523046
49.17942343012295
48.06202670304116
48.271538584737264
51.037095480929885
55.9117387067149
58.30017420696161
59.73882249437631
61.889811193885265
64.55759587219703
67.30918531998498
69.94903507925513
72.70062451716204
75.08906002728976
77.07243921254891
78.77646921727275
79.4748421710813
78.69266447249912
76.63944797851973
75.08906002728976
72.25366583225794
66.63874727533704
60.32545577201834
0.0
10.433691933753527
10.056570538795713
9.80515627532582
9.679449144084924
9.735318979944964
10.098472916370062
10.754943492604275
11.132064888550193
11.467283905933659
11.844405301632547
12.277396532203372
12.64055046492309
12.975769481071428
13.380825796058978
13.674142444761008
13.925556706254698
14.107133668909173
14.079198749867539
13.925556706254698
13.590337690106361
13.352890877017344
12.961802032666753
12.137721941688687
11.271739479311906
0.0
225.32304989030948
210.7968924333056
202.16500272363885
197.5697086783892
198.3937887641797
209.77726792163432
229.83453917102355
239.61176058857
245.56189815422852
254.3753648043174
265.3677551347132
276.6534620668763
287.548080147278
298.805852108524
308.6389433443917
316.795939462464
323.82157133341235
326.64299810968254
323.44444999181206
315.0220721687819
308.6529108298502
297.01801732938344
273.8879051336299
247.96430110782043
0.0
145.2336395744199
137.36996003341233
131.92265103026526
128.55649338332344
127.55083635711071
131.64330183984896
140.8897597733721
144.10227535199857
148.5299598434744
157.4411987435574
167.74918359572217
177.55433988537544
186.07448985958953
194.31529074219742
200.74032192415294
204.6791454126834
206.53681739679345
203.43604155361962
196.64785641671213
189.00765624779964
186.70302554420192
182.12169898441078
170.7801222339265
157.3853289252362
0.0
97.60460406094333
92.32490453005177
88.66543025664018
86.40270188096467
85.73226384619775
88.48385328410468
94.69937257942355
96.85036126905149
99.82543005682125
105.8174700022773
112.7453297121607
119.33797039354444
125.0646286142806
130.5957423819633
134.91168723679664
137.56550445929298
138.8086083183568
136.72745698685412
132.1600977890087
127.0340403338433
125.4836524122564
122.39684393102834
114.78457873550309
105.77556762247971
0.0
579.6355844226741
545.2197652947575
523.5981385642152
512.7035204838136
518.2765366831692
548.3903784417112
600.3912286357529
628.4658213709523
648.8164092715137
676.4161084151187
708.3876222318783
737.928798222939
765.2491481761277
792.7371076830904
814.9733024892736
831.8739279536551
847.8107988481992
852.8809864850434
840.6315247854227
814.5263438438936
797.4441413649826
769.9561818580199
710.4548061767326
643.8858962175266
0.0
167.5536391698415
161.26828252133782
157.3713614397777
154.67564190912117
154.36835774778785
158.3909859514489
168.30788197655485
173.7970933125646
177.1353161121022
181.71664267189342
187.13601680293365
192.513488502301
197.6395459574664
203.40810658270266
209.33030930095688
215.02903252360323
219.47068459934772
219.76400115170986
217.30572837979676
211.8723868621082
207.83579117298862
203.00305029488788
191.20054733945747
178.35048502495155
0.0
111.30668142474597
107.14437862093622
104.54643122911239
102.75859646726366
102.54908457568654
105.23083672463525
111.8095099452631
115.46898422855571
117.67584276614794
120.72074884040563
124.32435331772828
127.90002285130677
131.29411537035543
135.13516660889178
139.07399002331462
142.85917146823226
145.80630534190087
146.00184974307902
144.36765705695646
140.75008516581266
138.0683329971019
134.86978490393392
127.02007284838483
118.48595539612305
0.0
181.71664267189342
169.99794448099863
163.02818242837154
159.3268057726921
159.98327630470874
169.17386439520817
185.34818202379316
193.23979643690754
198.03063488333535
205.12610405806345
213.99544062528372
223.10222395124745
231.88775563041938
240.9666041089788
248.88615336949746
255.4787940805243
261.1356149703079
263.41231082650137
260.84229839324325
254.0401457955798
248.91408831571187
239.52795582403436
220.8674304279167
199.97211163198108
0.0
190.26472761702448
178.00129853075555
170.71028493014674
166.8273312599375
167.52570422362706
177.1353161121022
194.07784390934637
202.33261227741275
207.3469300959357
214.79158576485986
224.0799460065432
233.60575310578017
242.79634122098207
252.322148320219
260.60485153568965
267.5047763092396
273.4409464882498
275.81541449562724
273.119694841458
266.01025820597397
260.63278650660664
250.79969524603638
231.27318745596799
209.38617911927813
0.0
266.0800954850511
251.69361263560663
241.70687940553117
235.54722995323604
233.70352538047683
241.20405084301967
258.1465787637766
264.0268790256553
272.12800530070376
288.46993238425244
307.3399696670067
325.30212197592203
340.9317087091329
356.01656454696945
367.791132531483
374.9983414416637
378.40640142146833
372.7356130709287
360.2766395834816
346.2812455363934
342.0770404170127
333.66862998063095
312.88505092014793
288.34422528685405
0.0
409.4839978733602
404.37190787895065
401.25716445150823
399.3296551883209
398.491607617072
400.88004310990783
405.6569140955797
408.0872520200886
410.8388414678765
415.1268513764954
421.35633810786777
428.3121326997389
434.68129403867067
442.5310060942197
449.09571185903206
453.9284526630252
457.2387404916459
456.7359119291344
453.16024246966356
447.3916818691298
441.259967264239
437.7820699806547
428.94066838435134
418.9958375859487
0.0
1235.0027318747316
1161.6596043381844
1115.594924347855
1092.3949748236191
1104.267314984019
1168.419854602985
1279.2097396833306
1339.0463342992477
1382.4013271993542
1441.2182976247332
1509.309661152173
1572.26099907202
1630.463400828897
1689.0429242238044
1736.4345134305943
1772.428654808749
1806.3695807403117
1817.194361344016
1791.1031475668121
1735.456790683627
1699.057592795335
1640.5199720791256
1513.737344927275
1371.8977989835184
0.0
67.86788367858539
65.3258061248448
63.74748325210295
62.64405398577709
62.51834684885462
64.1525395572095
68.17516777569209
70.39599377404025
71.75083730185979
73.60850936254774
75.80140043938403
77.98032405793461
80.04750800031866
82.39404112323804
84.78247662348475
87.10107483477326
88.88890959909223
89.01461673354446
88.02292713103387
85.81606860332268
84.18187588508678
82.22643161886926
77.44956060849483
72.23969837397225
0.0
1333.445383672431
1247.4756726006117
1196.3827076274345
1169.1880647716441
1174.0208056744473
1241.3998279128525
1360.1092626983623
1417.990413055473
1453.1884104550709
1505.3149675241882
1570.3753921169932
1637.18174881024
1701.613637669027
1768.3082543797957
1826.4268517673777
1874.7682276139008
1916.3214181753006
1933.0264998560672
1914.1005922609409
1864.2646981629373
1826.5804944285542
1757.6790178808396
1620.8258538953974
1467.4212516314403
0.0
219.13546559061015
210.92259955540652
205.8244770464556
202.29070984573983
201.88565353322252
207.16535308140587
220.1271551313644
227.30642907062816
231.67824374378276
237.67028374111416
244.76575291584226
251.7774174248448
258.48179777251414
266.0381931521884
273.77616549698735
281.248756112126
287.0452515847665
287.42237302517697
284.20985734774035
277.1004207122563
271.82072116407295
265.5074296434625
250.07338741024003
233.25656663628666
0.0
45.100925373557104
42.670587495983085
40.96655748878899
39.9329655188321
39.611713960969446
40.88275273413435
43.76004930402324
44.75173889665282
46.134517345984264
48.90007424217688
52.09862237239868
55.14352845653738
57.79734567656346
60.353390691059964
62.35073734448583
63.565906279567464
64.13857210880481
63.18878488362155
61.07969856391016
58.705230521949154
57.9928901098549
56.56820928319615
53.034442136826016
48.872139323135244
0.0
359.5084292913098
340.0657262657771
326.57316080590283
318.24855513405674
315.7623474900368
325.8747878175107
348.7814207646819
356.7289049961176
367.66542540938195
389.7479782707628
415.23859101313786
439.5280024022298
460.6188656240462
481.0113558574704
496.9063242956391
506.65561076697117
511.2509048122209
503.59673715785
486.7799164827067
467.8540093816312
462.1832210310916
450.8137093343929
422.73911657449094
389.58036871698897
0.0
340.40094527451464
318.45806702069336
305.4124603050093
298.4706330997864
299.71373698355274
316.9076790991065
347.21706525882644
361.99463705884244
370.97571326270514
384.2867016833471
400.89401059536635
417.9482781280632
434.4019449470645
451.42827753354675
466.2617190283714
478.59498541842004
489.21025430840535
493.4703293449175
488.6375885409243
475.9132332497092
466.3036214600442
448.70462303197326
413.77200785608665
374.6072526146049
0.0
264.62747973935075
254.710583813055
248.55093436075987
244.27689183878928
243.80199822249224
250.17115958612646
265.8147137800933
274.48850584732526
279.7542379100501
286.98938176644526
295.56540165779074
304.04364929914203
312.13080811343457
321.25155892485674
330.6097564703199
339.6187675215869
346.63043203058953
347.07739077477964
343.2084045653263
334.6044498018741
328.2352884629424
320.60905575478586
301.9764653542877
281.6677798853992
0.0
102.01832113365752
98.23313972579368
95.80280183833865
94.55969798421539
95.11839634281577
98.74993570706675
105.0911621294271
108.8484086281303
112.10282659396513
115.7343659483351
119.98047350926976
123.58407795694936
126.75469114342694
130.69351465666
133.62668104487014
136.0430514839205
137.84485364970934
137.55153707264466
136.11288878770023
132.84450329194235
130.4700352845649
126.71278878586168
118.56976014089666
110.09151247978332
0.0
26.021376270863083
24.345281175299878
23.33962412191435
22.808860682355593
22.90663289776619
24.219574048258412
26.53817225213616
27.6695364399739
28.353941933026523
29.37356644469773
30.644605227743646
31.943578919950184
33.20065024224016
34.49962393197644
35.630988119814184
36.580775335116435
37.39088796509153
37.71213952295418
37.34898558529395
36.37126345342032
35.64495558057013
34.29011205028032
31.622327362087535
28.63329111356184
0.0
306.5577919140789
288.35819274761
276.91884377183413
271.15028314659787
274.1113845057249
290.03428779129786
317.5362147837188
332.38362376400187
343.1385672615466
357.7485294830862
374.64915494746765
390.2787416806784
404.72109437314674
419.26121929090664
431.02181981466407
439.96099358685393
448.3833714098841
451.06512355389225
444.5981900637766
430.7843729571105
421.7474269349266
407.2212694779225
375.7386167629186
340.54061988207405
0.0
63.87319037914442
60.42322798742892
58.02082502889654
56.54027436415451
56.107283130125325
57.90908535273
61.97361595101017
63.38432931691299
65.3258061248448
69.25066212544657
73.77611886691652
78.09206372422013
81.84931022292335
85.4668821264184
88.28830886069427
90.02027378445972
90.84435386530976
89.47554287673425
86.48650663808958
83.13431645437393
82.11469194270272
80.10337783840193
75.1169949463314
69.22272720640493
0.0
222.11053431168304
212.85010891740396
206.95584117006666
204.07854460017776
205.7267047964614
214.2747898157001
225.35098483652393
231.2312850984027
239.66763040689128
251.33045868065466
264.09671630473247
275.74557719184753
285.4808961777211
294.88099617955965
300.9009710242953
304.5883802192188
304.78392462039693
300.35624012892106
290.9002703334639
282.19854332001745
278.17591511635635
269.5998952250109
254.20775525054353
237.74012104489384
0.0
113.26212569096347
106.54377787512749
102.31163777247853
100.18858399201122
101.27804580252163
107.15834607181115
117.31268882848771
122.80190024354562
126.7826260896414
132.1740652744672
138.41751949129795
144.20004760199274
149.5356169684973
154.89912118240608
159.2569684689124
162.55328883677703
165.66803214070683
166.6597218049738
164.25731882667935
159.15919621891823
155.82097351819078
150.4574692054718
138.82257580381525
125.81887142099396
0.0
52.48971122663028
50.52029949965681
49.305130557164425
48.45311555727277
48.35534334186217
49.62638211502707
52.72715803724904
54.44515550272882
55.49271493344167
56.93136321838612
58.62142576482424
60.311488311262394
61.917746112926906
63.71954833306132
65.57722038386824
67.36505514818724
68.74783360492944
68.845605810459
68.07739556028149
66.37336555555767
65.10232678239277
63.593841198609105
59.89246453798914
55.86983632938758
0.0
315.1477792908829
296.4313841011466
284.6707835773891
278.74858088383735
281.77951952204165
298.1493815765073
326.43348619834336
341.69991897660225
352.76214661077773
367.7631976840787
385.1387167400546
401.20129463318693
416.06267109892843
431.0078523292056
443.1036719605109
452.2942599522001
460.9540846327838
463.7056740805717
457.05716355122365
442.8522576422014
433.56389737581543
418.6187161455383
386.2700808883682
350.08039446676946
0.0
56.93136321838612
53.271888937563745
51.07899786072746
49.91969876372911
50.12921064542521
53.00650721778436
58.0766948669798
60.54893512435141
62.04345323749811
64.27824669413197
67.05777104861028
69.9071327019278
72.65872214724548
75.508083800563
77.99429151869056
80.04750800031866
81.8213753038817
82.53371571597596
81.72360308847114
79.60054930800378
77.99429151869056
75.04715764749218
69.20875974811923
62.65802144406278
0.0
11.159999806356696
10.57336652451524
10.210212589078242
10.042603079521923
10.140375293697389
10.57336652451524
11.481251365454474
11.984079892394258
12.472940960554308
13.04560677991064
13.618272609147995
14.149036048706753
14.609962201777572
15.14072564133633
15.420074829282417
15.615619252692836
15.797196225228332
15.629586713448782
15.350237532913457
14.88931137984264
14.693766956432217
14.204905886790021
13.199248833404502
12.067884646307828
0.0
198.22617930921598
185.44595419967968
177.84765646244017
173.81106077332058
174.52340124717117
184.53806942346108
202.19293766985334
210.7968924333056
216.02072216316768
223.7726619687226
233.45211113627497
243.3829745480292
252.9506839801289
262.8675799064246
271.5134371015498
278.6927110655161
284.88029546402566
287.35253574609976
284.54507645528804
277.12835565847075
271.52740458700833
261.2892570386233
240.95263662352036
218.1437759263432
0.0
104.56039868986834
98.90357776056062
94.97872175995887
92.54838387991458
91.83604346782036
94.76920986591148
101.4316878560155
103.75028605989323
106.9348667293591
113.34593044808838
120.76265122020321
127.83018554752707
133.9619000536077
139.88410274715937
144.5212991252718
147.34272587683947
148.68360191178976
146.4627759727277
141.5601977661447
136.0709863560273
134.40885879779793
131.11253842993324
122.94157482640252
113.30402807076109
0.0
917.2709727639424
858.1327510870121
822.9906240244891
804.2742288100501
807.5984841241292
853.9564808150358
935.6102466120783
975.4314724102793
999.6370790348358
1035.491546447697
1080.2572528594512
1126.2101932378403
1170.5289409054046
1216.4120439800142
1256.3869116242076
1289.6434315834886
1318.22085317763
1329.7160719470246
1316.6984003010677
1282.4082880976314
1256.4986516066858
1209.093095433191
1114.9524211777843
1009.4282678390305
0.0
28.270137178371876
27.208610286903085
26.5521397128921
26.10518102798799
26.04931118990472
26.73371668542759
28.3958443128241
29.331664067370404
29.89036243585182
30.658572688499593
31.580424982289955
32.48830982767565
33.354292285853
34.31804695944094
35.323704022707474
36.28745869629542
37.04170148818725
37.083603865514576
36.66458009224133
35.75669524685564
35.07228975133277
34.26217713123869
32.264830477812836
30.099874317547926
0.0
195.3488827393271
184.78948364296045
177.4565676353813
172.93111086920882
171.5762673735026
177.07944629378102
189.5244522957696
193.84039715060294
199.79053471626145
211.78858207286999
225.64430151239878
238.82958283564224
250.2968667823351
261.373061803159
270.0189189982841
275.3125859331158
277.81276116140435
273.65045837488645
264.5017726172498
254.235690196758
251.14888174023247
244.96129734172288
229.70883204892257
211.69080982287585
0.0
921.2097962771754
909.7145774830783
902.7029129740756
898.3730006337839
896.4594587572449
901.8369305554224
912.5779065675086
918.0671180023287
924.2547024008383
933.8922491367177
947.9155780312101
963.5451647644209
977.8757778202468
995.5585809387456
1010.3082177431421
1021.188868362788
1028.6335241305223
1027.5021598833982
1019.4569035007789
1006.4811339900643
992.6952518296129
984.8734747202782
964.9838130493653
942.5939761501639
0.0
250.05941994948404
236.5249521320445
227.15278700231275
221.35629152967223
219.62432656885295
226.66392602407
242.58682930964295
248.1319105627841
255.7302083000236
271.0944133282766
288.81911887844853
305.7057769561816
320.3855763826908
334.5625473702012
345.62477500437683
352.3989926558258
355.61150823445223
350.2759388679477
338.5712081625114
325.4138617113747
321.47503819814176
313.56945639837903
294.04294860831067
270.9687062061757
0.0
316.40485053659495
296.0123603031708
283.8886058244613
277.43563972099383
278.5809714288737
294.5737120182263
322.74607702812244
336.4760892467401
344.8286297659904
357.18983110225355
372.63784082093457
388.490906901538
403.77130716525517
419.59643829964415
433.39628782204164
444.86357176873446
454.72459787670897
458.69135626204866
454.1938344667933
442.3633965404459
433.42422279295846
417.0822956105997
384.60795333013886
348.20875489839085
0.0
546.0438453805481
539.2277252974261
535.0654225109081
532.4954100035424
531.3640458552287
534.5625939730993
540.9177878265724
544.1722058368719
547.8456475463369
553.5583383532519
561.8689764408292
571.1294018351084
579.6216169372157
590.1111787298026
598.840840714166
605.2938067188231
609.7075238483532
609.0370858308781
604.2741822318545
596.5781123187285
588.4071487399003
583.769952361788
571.9814168671134
558.7123307793343
0.0
106.94883419011505
101.27804580252163
97.8699857906037
96.3056303687368
97.24145012328313
101.40375293697386
110.07754502149764
114.84044857111611
119.4916124470383
125.03669366806616
130.49797023077932
135.63799517140322
139.99584238380183
145.12189983896727
147.76174967481523
149.703226423461
151.3793215412565
149.8289335208594
147.1890838085241
142.70552939991688
140.90372723412804
136.16875860602147
126.46137456636231
115.65056120109121
0.0
411.66292155366705
387.2059007096114
371.85566316681695
364.11769082201795
368.0844492073578
389.46862908034643
426.3985907984975
446.34412238654164
460.7864750790098
480.39678765831655
503.09390869414864
524.0730321805123
543.4738328731822
563.0003406632507
578.7975368514251
590.7955842327362
602.1092261111137
605.712830516799
597.0250709641085
578.4762853281461
566.3385633639781
546.8260230346657
504.5604918511998
457.2946103099671
0.0
144.82858316309242
135.4983205885463
129.93927184994666
126.99213797627802
127.50893392543777
134.827882472261
147.7198472184398
154.01917127829432
157.83228766942642
163.50307604466855
170.55664286183134
177.81972159033336
184.81741861387744
192.0665298569209
198.37982137753139
203.6176184940418
208.14307523551182
209.94487747540825
207.89166099130992
202.48625434572813
198.3937887641797
190.90723076239283
176.04585429665133
159.38267559101334
0.0
602.1511284439765
577.0236695577431
561.0728313012531
553.2650216773771
557.7346086005258
580.906623252655
610.9366602219585
626.8735310176926
649.7242941218399
681.346621469106
715.9579850970109
747.5244426259559
773.9369077041157
799.4414880307595
815.7415127814454
825.7142785260625
826.2590094214368
814.2749295255841
788.6446421015418
765.053603750247
754.1310506989284
730.8752313810737
689.1544310929822
644.5004644166805
0.0
563.9361603856836
543.068776560665
529.6041460470052
522.7740584784248
525.8608669596528
545.9181381843395
580.9485255855176
601.7321046460007
619.7221920246432
639.7515282784128
663.2308270918754
683.1903260418653
700.7055197054005
722.5087233763649
738.6970084904084
752.0359318819673
761.994730239936
760.402439886676
752.427020709026
734.3531286646581
721.2237171597359
700.4960078187639
655.4369848299449
608.5621922145812
0.0
1759.9836491525955
1738.0128358043446
1724.6180422733314
1716.3353397248297
1712.6898321216927
1722.9698825958012
1743.4741125646783
1753.977642015641
1765.8080797443686
1784.1892552336963
1811.0067769208035
1840.8692041140105
1868.2314569188154
1902.018740436227
1930.1911052732055
1950.9746849512526
1965.1935583210304
1963.042568969374
1947.6783646080899
1922.886124483569
1896.557463675894
1881.598315577722
1843.606826520986
1800.8384666761983
0.0
341.3786674533231
321.1118843172973
308.3735616394339
301.96249786882925
305.24485075123545
322.9835237868659
353.60019408321665
370.1516331522121
382.1217455626063
398.3798679804295
417.2080028068083
434.6114568337011
450.7019696977505
466.89025471298373
479.9917313457992
489.93656224301196
499.32269473468943
502.3117309659233
495.10452205574256
479.72634964084136
469.6558116462302
453.4814940176452
418.43713920511607
379.2304815319614
0.0
650.2550575564584
608.3247453570275
583.4067983821334
570.1516797551102
572.5121803017316
605.3636440226029
663.2587619392796
691.4869967674971
708.6390365501878
734.0598120134858
765.7938790715019
798.3659937007671
829.7927766221522
862.3090213342862
890.6629632846044
914.2260667390898
934.4928498751156
942.6358785077293
933.4033880596645
909.1000092839244
890.7328005636816
857.1270940607995
790.390574523117
715.5808636566005
0.0
500.48199385392013
479.6006425187404
466.3315563321511
459.85065535657685
463.56599949771476
482.81315809736685
507.7869749152849
521.0281261556597
540.0238704370022
566.2966610311154
595.0696267547069
621.314482377903
643.2713280183725
664.4599634654805
678.0083987683787
686.3050694693078
686.7520281146877
676.7932298555293
655.4928547470763
635.8825421677697
626.8036937139128
607.4727304238328
572.791529492148
535.679990710062
0.0
577.1493766798441
542.8732321594869
521.3493776789387
510.51062941685825
516.0557106699995
546.0438453805481
597.8212162024947
625.7840692022415
646.0368849516192
673.5248443597714
705.3427162070257
734.7721524626339
761.9667952937215
789.3430150652314
811.4814377202308
828.3122259055349
844.1792594715969
849.235479647685
837.0418878651958
811.0344790748508
794.0221138750168
766.6598614901553
707.40990015188
641.134306745036
0.0
602.039388807334
563.2238200353457
540.163545019859
527.8861485716443
530.0650721778437
560.4861980730163
614.0793385215078
640.2124545080616
656.1074229462303
679.6425914792037
709.016157891788
739.1719020820029
768.2661193288735
798.3799610874155
824.6248167106114
846.4419878670344
865.2142528750919
872.7566806952002
864.208595750069
841.7070192142254
824.6946540143913
793.575155155529
731.7970836180484
662.5324541034831
0.0
91.69636887261218
86.73792089958327
83.2879585078678
81.16490472740047
80.53636906255011
83.12034899608824
88.9587468954612
90.98402845804766
93.77752027328192
99.406406283548
105.90127475940218
112.10282659396513
117.48029833285649
122.67619311156366
126.74072375677866
129.22693140079858
130.40019798078515
128.44475374668096
124.15674376395442
119.3240029327885
117.88535464784405
114.98012315644327
107.81481665570315
99.36450390375042
0.0
15.084855813134078
14.512189983896725
14.163003506992442
13.925556706254698
13.897621787213064
14.26077572487329
15.154693099622019
15.64355417173447
15.936870810555483
16.355894583828725
16.844755655941174
17.319649259886923
17.780575410487486
18.311338852516496
18.84210230195627
19.358898293110357
19.749987137460945
19.77792205650258
19.554442714050523
19.06558164440833
18.702427706748104
18.269436482599936
17.2079095936014
16.04861048672202
0.0
1076.0390801558017
1031.1476667207567
1002.6261152413671
988.6726236506543
996.6620102149525
1038.061558979765
1091.7245367073338
1120.218153240509
1161.0450361390303
1217.5434081283279
1279.4052840351037
1335.8198512598653
1383.0298639214734
1428.5917146823226
1457.7278342126508
1475.5503125068678
1476.5000993936262
1455.1159198417704
1409.3026542438586
1367.1488628205482
1347.622354363511
1306.0831308676263
1231.5108672786066
1151.7147735644844
0.0
1512.6618512395485
1449.5568709055508
1409.4562959169332
1389.8459830906015
1401.075820204443
1459.2782229494217
1534.7164689570945
1574.7751412670134
1632.1534631851255
1711.6003706273748
1798.547803458059
1877.8690038523148
1944.2284023448276
2008.2692017589925
2049.2357592650733
2074.2933810451477
2075.6342563884264
2045.5623177779312
1981.1583635442253
1921.894434918112
1894.4483777440125
1836.0504306472606
1731.2246512602983
1619.0519871698737
0.0
1016.0069410893013
973.6157027837345
946.686441657605
933.5151276963072
941.0575556152255
980.1385061909817
1030.812447712019
1057.7137738919344
1096.2639609342623
1149.6196546487129
1208.0176010290909
1261.2894904483542
1305.8596516437462
1348.8794255845205
1376.3953200623998
1393.2261087911602
1394.1200261807305
1373.9230802990792
1330.6658595748593
1290.8725681794165
1272.435522204799
1233.2148972438065
1162.8049360707666
1087.4504942841734
0.0
350.23403643627483
337.10462493135253
328.96159629873875
323.3047754089551
322.6622722388842
331.0846500619143
351.7983919421303
363.2796432507689
370.26337278885455
379.8310822456568
391.1726590702487
402.4024961593879
413.11553722525974
425.18342188564816
437.5585906085596
449.4728332994426
458.7611935411259
459.36179427952396
454.235736799656
442.8522576422014
434.4159123337128
424.33140695245334
399.6648741970585
372.7775154037915
0.0
190.76755617953597
180.44560384191269
173.29426484886338
168.88054771933332
167.5536391698415
172.93111086920882
185.08280031883527
189.30097292367452
195.0974684951252
206.81616658720978
220.3506345034595
233.22863176417982
244.43053390710466
255.2413472229707
263.69166001691775
268.8596199037561
271.3039252149132
267.22542711882323
258.30022083209195
248.2715851703435
245.25461399289517
239.22067166270105
224.3313603495553
206.73236189678173
0.0
273.25936944901747
258.48179777251414
248.22968283748077
241.88845634595336
240.00284941562882
247.69891940286254
265.1023733309452
271.15028314659787
279.46092133298544
296.2358396752659
315.62267288247733
334.0736862684456
350.1083293141738
365.61220892528365
377.6940610711304
385.0968143083816
388.6026465381804
382.7782161193254
369.98402359843817
355.61150823445223
351.2955633796189
342.64970618449365
321.32139622863644
296.11013257786743
0.0
369.55103233970647
349.5635984187996
335.69391159262244
327.13185918673554
324.5758141401257
334.98157114347447
358.51673975055553
366.7016707407346
377.9454753153324
400.6425962523543
426.8455495426877
451.80539887514703
473.4968629094691
494.44805149902334
510.78997860727463
520.8046467835645
525.5396154116712
517.6619685087178
500.37025411846747
480.92755106823216
475.1031206493772
463.4123574046969
434.5555869165697
400.46101931193215
0.0
48.73246473780809
46.902727596161775
45.77136340832403
44.975218239104876
44.89141349186098
46.06468004714505
48.941976619504196
50.548234418698456
51.51198909228639
52.83889770353456
54.41722058368718
55.98157599567308
57.476094118700814
59.15218921673428
60.870186682214054
62.532314309610555
63.83128799934685
63.915092756471736
63.18878488362155
61.61046201334994
60.43719544818488
59.04044954056775
55.604454609608204
51.86117556919068
0.0
18.828134841200328
18.129761887391766
17.682803195076893
17.459323852624834
17.557096070505683
18.227534105272614
19.400800660556662
20.08520615607954
20.68580690188827
21.356244936655198
22.13842264758867
22.808860682355593
23.39549395999762
24.121801832847822
24.66653274304354
25.113491425477395
25.434742983340037
25.392840615893736
25.113491425477395
24.51289068954968
24.079899455520493
23.38152650171193
21.88700837621396
20.322652966698303
0.0
480.3269503545368
451.80539887514703
433.88514889909453
424.86217036236894
429.48539927972547
454.4312812255367
497.52089249479303
520.8046467835645
537.6633699150832
560.5281004058791
587.0243702732771
611.5093260882497
634.1366097461944
656.9175355712648
675.3545815705849
689.3499754941603
702.5492244016725
706.7673970065116
696.6130542226622
674.9774601301743
660.8144566281225
638.0474982885106
588.742367748638
533.5709044076424
0.0
60.71654462624995
58.43984880216977
57.029135436266955
56.05141329204205
55.939673625756534
57.406256822331855
60.99589380678526
62.97927300192543
64.19444193700706
65.85656957428459
67.8259812987878
69.76745811660065
71.62513016740756
73.72024903871427
75.85727027746728
77.92445421985134
79.54467946992051
79.64245168533112
78.7485342982311
76.7791225737279
75.31253936727155
73.5666069852204
69.29256450524412
64.62743317103624
0.0
156.2120623452496
146.93766956432216
141.11323914546722
138.18007273255452
139.67459086052276
147.78968452221952
161.81301341671198
169.38337628184476
174.8586202559088
182.3032759001304
190.92119814904115
198.88264984123265
206.24350081972884
213.64625415579022
219.65226151506738
224.2056532274543
228.49366313607322
229.86247411723798
226.56615377407584
219.52655441766896
214.91729288696075
207.5145395508994
191.47989652987383
173.53171160760678
0.0
148.83724398010517
139.2415995770885
133.5428762556319
130.49797023077932
131.0427011261535
138.57116155961333
151.81231270117803
158.27924631480647
162.20410234258102
168.02853278613853
175.29161151464052
182.73626715886212
189.92950860828688
197.3741642525085
203.86903271354115
209.26047199717712
213.89766837528958
215.76930791896578
213.64625415579022
208.08720541719055
203.88300019899967
196.18693031057617
180.92049743350714
163.79639269584084
0.0
84.8523139198537
80.27098734277072
77.0864066708346
75.1169949463314
74.53036165880836
76.91879716893608
82.32420382439882
84.19584334337246
86.77982327691059
91.98968551143318
98.00966037593086
103.75028605989323
108.72270149120784
113.54147488137983
117.2847539094461
119.58938465503813
120.67884646307829
118.86307679206897
114.8963184091994
110.4267314984019
109.09982288715375
106.40410328980033
99.78352767949391
91.96175059239154
0.0
612.3473735606885
579.8450963093109
560.304621033784
551.4213170799153
556.7708539318784
580.5574367831614
630.2117538172301
657.4902013140434
684.1680482206735
715.8462453615583
747.133353798897
776.6186598728266
801.550574333179
830.9241407704659
846.0229640690586
857.1270940607995
866.694803492899
857.8114995390306
842.684741269521
817.0125515126159
806.7185342200175
779.6076960793579
724.0451439113035
662.1273978156685
0.0
662.3369097023051
623.0045449070494
598.2961097940894
585.8511036932905
592.2202650322222
626.6221167734906
686.0396877643499
718.1369087032103
741.3787606344167
772.9312506779029
809.4421887215909
843.2155048029495
874.4188083522397
905.8455912736249
931.252399325572
950.5554278670583
968.768994494283
974.5654899669236
960.5700959445379
930.7356033764124
911.209095586344
879.8102475123629
811.8166567289684
735.7498746167399
0.0
1177.6244100801325
1101.7112700362195
1056.5824096448107
1032.5723475449452
1036.8324225814572
1096.3477657235005
1201.1735460738623
1252.2944460673618
1283.3860105975732
1329.4087876127735
1386.8709146412566
1445.8694616118169
1502.772889468986
1561.6736652517618
1613.0180441727107
1655.6886320886367
1692.3951143111801
1707.144750992064
1690.4257032338835
1646.4142389865765
1613.1437522088056
1552.2875324142487
1431.427109265184
1295.9427562362043
0.0
1388.8682615787613
1330.9172734238202
1294.099051218799
1276.094996626426
1286.4029817256164
1339.8424795129315
1409.1210767105754
1445.8834294184085
1498.568684917764
1571.5207233555245
1651.3447524358046
1724.171084072597
1785.0971404298575
1843.9001430486453
1881.528478273942
1904.518915812731
1905.7480524086595
1878.134385507868
1819.0101307482375
1764.5929104609806
1739.3956148144237
1685.7745394938256
1589.538745754489
1486.5427025902382
0.0
107.80084919741746
101.9764187563302
97.92585561880598
95.43964790067844
94.68540512113786
97.73031119539557
104.58833360890998
106.97676910915668
110.25912199403314
116.87969759445853
124.51989771890642
131.7969439328669
138.12420281542313
144.24194993485548
149.01882092052736
151.93801992208918
153.30683092795644
151.01616758630448
145.97391489567474
140.3031265204326
138.59909643172014
135.19103642721296
126.76865860418292
116.82382775884551
0.0
1559.7461558650618
1494.6717634656654
1453.3280853096555
1433.1032038148214
1444.6822279416124
1504.7003988556858
1582.4991466204049
1623.7869552792267
1682.9670797830702
1764.8722599231255
1854.5293793005765
1936.3088526396632
2004.7354341383339
2070.77358123108
2113.025144830277
2138.8649437704175
2140.233754973905
2109.2259955540653
2042.824695370956
1981.7170617274376
1953.4050220358743
1893.2052735885177
1785.1111082364494
1669.4465794510893
0.0
2.1789236170684383
2.039249026306726
1.9694117309258694
1.9275093535985455
1.9414768121312609
2.053216484839441
2.2487609124492947
2.360500585157475
2.4303378805383313
2.542077552505435
2.653817225213615
2.7655568979217957
2.863329111356185
2.975068784064365
3.058873538966038
3.114743374826077
3.170613211674218
3.19854812972775
3.1566457524004266
3.058873538966038
2.9890362435851814
2.891264030397819
2.6677846847344324
2.4163704212645394
0.0
120.03634334735303
112.29837101737554
107.70307697953662
105.24480418292096
105.67779541695015
111.75364011953111
122.43874631823668
127.64860853299723
130.81922175405842
135.5122879751946
141.36465336496656
147.37066074894628
153.18112370704532
159.18713116513266
164.41096089499476
168.7688080826908
172.51208709593558
174.00660519920126
172.30257520929896
167.81902089950188
164.42492828164308
158.22337649648523
145.90407759189503
132.09026048522898
0.0
2086.1657214525726
1999.1205157049255
1943.8233458346901
1916.782345170728
1932.27225633298
2012.5292767955045
2116.586847076017
2171.8141803835492
2250.9538034915477
2360.5145522229905
2480.425188485296
2589.8183284781494
2681.333119691495
2769.6633315322583
2826.175670932907
2860.7171969853043
2862.560902002709
2821.0915158106045
2732.2724433374337
2650.5348724300193
2612.683058227869
2532.1466890442753
2387.5834875120336
2232.879911595395
0.0
422.7949863928121
405.1540856318785
393.9521833901434
388.46297195532355
391.6056502301703
407.877740133452
428.95463584510725
440.1565380868422
456.1911810337602
478.3994409925394
502.70281976827965
524.869177394196
543.417963054861
561.3242455454551
572.7635945212311
579.7752590302337
580.1384129851856
571.7439700342624
553.7399152689715
537.1745088133276
529.5063737970111
513.178414075408
483.8886524273592
452.53170680975364
0.0
456.40069292039675
426.9852241502471
409.4979653341161
400.1816701462183
401.84379780325776
424.9040726952318
465.535411192575
485.34126819776225
497.395185372692
515.2316305595065
537.5097278220652
560.3744583375637
582.4290762280274
605.2519043859604
625.1415661556833
641.6930051258687
655.9118784462419
661.6385367139128
655.1576356395284
638.0894007201834
625.1974359740047
601.6063975486023
554.7735072661013
502.269828608358
0.0
131.72710662908716
126.23789519426724
122.74603041534337
121.04200039826826
122.01972254249317
127.08991015216456
133.65461599108457
137.1464807601274
142.13286363243586
149.06072335220028
156.63108614322536
163.5310108920728
169.3135390027676
174.8865552021232
178.462224661594
180.64114834190102
180.75288797854347
178.1409731136124
172.52605458139405
167.37206215531168
164.98362666247576
159.89947154017307
150.76475334210255
141.0014994100146
0.0
87.70167557317123
82.49181333864863
79.22342791205787
77.57526774294706
78.42728274036847
82.98067441076108
90.84435386530976
95.09046142377416
98.17726988771044
102.35354015227612
107.1862809908528
111.65586790165025
115.79023578641835
119.95253859022812
123.31869624211048
125.87474123931518
128.2771441929071
129.0453544603764
127.20164988761718
123.24885893833076
120.66487900232237
116.50257620098289
107.4935650978405
97.42302709828886
0.0
127.24355222047994
122.46668122492703
119.50557990779426
117.4663308745708
117.22888407136281
120.28775761625745
127.81621806206856
131.9785208485865
134.5205984344404
137.9984957180247
142.1188961469774
146.19739416895968
150.08034786387148
154.46613002248458
158.96365179303754
163.29356413332937
166.67368926572973
166.88320107825874
165.02552909414865
160.89116117973748
157.83228766942642
154.15884586115124
145.20570462820544
135.4424506714149
0.0
145.56885858315746
139.50698130674888
135.63799517140322
133.75238814226856
134.84184995771946
140.44280102918188
147.69191237103553
151.5469309962202
157.07804486271306
164.71824495751792
173.08475296222676
180.72495303232904
187.10808185671925
193.2677312843118
197.22052228300328
199.62292516248752
199.74863235869614
196.85736832805125
190.65581644408323
184.95709319673435
182.31724338558888
176.70232482866797
166.6038519866526
155.82097351819078
0.0
831.5806114012929
796.8854429841496
774.8447925791444
764.0619141106826
770.2355310484363
802.2349798114103
843.7183332666508
865.7310487995492
897.2835388430356
940.9458159785829
988.75642841519
1032.34886817285
1068.8318713444312
1104.0438357107344
1126.5733471927924
1140.3452618677857
1141.071569703582
1124.548065580801
1089.1405568133198
1056.5544747974063
1041.4696189595697
1009.3723980207092
951.7426618089904
890.0763300316651
0.0
404.73506183390265
380.6970647631203
365.5982414645277
357.99994372728816
361.88289732338984
382.90392321672385
419.21931685923363
438.8296294385403
453.0345353722652
472.30962884402396
494.6296284394457
515.2595655304234
534.3251472143559
553.5304033823348
569.0622178655516
580.8507533355236
591.9828182734789
595.5165854000869
586.9685004549559
568.7409663422725
556.8127562647412
537.621467557518
496.06827672439005
449.5985404215436
0.0
486.4865998068318
460.6747354423674
445.14292095915084
438.0893541172854
442.33546169304157
461.2334338232002
500.67753825509817
522.3550347051515
543.5436701522594
568.7130314701657
593.5751086514412
616.9985375230697
636.8043944294468
660.1300511498914
672.1280985064998
680.9555326420474
688.5538303792869
681.5002635374215
669.4882486953544
649.0957584619301
640.9108273729408
619.373005530447
575.2218674166568
526.0284765134267
0.0
303.7363651625113
285.7043755498162
274.3767662106828
268.66407540376775
271.5832744053295
287.3665031080456
314.617015782157
329.3247502536908
339.99588898669987
354.4522091399241
371.1991925359901
386.6891046616415
401.00575023200884
415.4062005669119
427.0550614540269
435.9104305357887
444.262971055039
446.91678825283276
440.50572448222806
426.8176145964733
417.86447333882495
403.4779904893804
372.2886543267385
337.4119090679833
0.0
920.5114233134858
882.1148783394735
857.7137272890363
845.771549750749
852.6156046812752
888.0231135475665
933.9341514942829
958.307367573803
993.226015363041
1041.5813586950223
1094.4900936405802
1142.7476647472697
1183.1415564858696
1222.1107673755782
1247.0426812183675
1262.2951465852752
1263.1052596055506
1244.807888485518
1205.6151981496066
1169.5512187512986
1152.8461376880953
1117.312921823216
1053.5235361592022
985.250596185391
0.0
605.7687004339303
569.8024932856166
547.2031444750761
535.8196653176215
541.6440957611791
573.1127810154271
627.4601643447396
656.8057958358123
678.0782360721582
706.9210390748271
740.331201176531
771.1992857170836
799.74877206858
828.479835459309
851.7216873905151
869.3905231223658
886.0397342684375
891.3473687628355
878.5392087811923
851.2467937001105
833.3963810278377
804.6792851225674
742.4961572972719
672.924243646076
0.0
424.8063005440479
399.5810694078203
383.7419707879729
375.7525842236745
379.8450497311153
401.91363508233496
440.01686350398535
460.6048981385877
475.50817693719193
495.74702520111094
519.1704540727394
540.8200156753884
560.8493519291582
580.990427943083
597.2904526937689
609.6795888774363
621.3424172500098
625.0717288519037
616.0906526480409
596.9552336850313
584.4403903545606
564.2993143653382
520.692907146922
471.9045725315067
0.0
164.21541639500643
155.33211244113784
149.1724629888427
145.37331408316916
144.227982449397
148.86517895102216
159.3128382872336
162.9443776638359
167.9447279969003
178.02923347696995
189.67809436408498
200.7682568703673
210.40580360624682
219.72209881884712
226.98517754734908
231.44079700974183
233.535915826703
230.04405105766017
222.34798116923665
213.7160914348674
211.11814405539485
205.92224919763956
193.1001218293481
177.9593961978928
0.0
1380.5157204913528
1298.5267359820027
1247.0287143998776
1221.1051102011502
1234.3741963877396
1306.0831308676263
1429.9325910137034
1496.8227528173218
1545.2758679052463
1611.0346652888225
1687.1433497092112
1757.5114084011734
1822.5858008005691
1888.065248969027
1941.0298539305265
1981.2701035267035
2019.2057223451748
2031.3015419764802
2002.1374875740448
1939.9403921891833
1899.2531834041706
1833.8156379144114
1692.0878299769292
1533.5571699119719
0.0
509.56084220896685
488.30236953218684
474.7958365868541
468.1892283903688
471.9744098352864
491.57075492913447
516.9915304912427
530.484095951117
549.815059241197
576.5767109123631
605.8664725851144
632.5862218246076
654.9341563662438
676.5138806651128
690.3137301875104
698.750075495999
699.1970341413787
689.0706263037441
667.3791623929347
647.4196633194321
638.1732054106116
618.4930556263354
583.1833190100382
545.4013422351796
0.0
1193.0305174412485
1143.2644607705374
1111.6421334479737
1096.1661887830783
1105.0215577660301
1150.9325958115564
1210.4339714681412
1242.0143965813547
1287.2829310615696
1349.940952453757
1418.507209795114
1481.0674587643894
1533.403528238897
1583.9238273210808
1616.2305606406287
1635.9945148930096
1637.0420739556548
1613.3253285069618
1562.539647769225
1515.7905623500699
1494.1410001545598
1448.0902875261768
1365.4168977856211
1276.9470113372981
0.0
87.86928508742102
82.65942284301741
79.37706996555173
77.7289097865599
78.56695733557665
83.13431645437393
91.0119633770893
95.27203839877991
98.35884685283517
102.54908457568654
107.39579288242993
111.86537978334637
116.01371513875144
120.17601794256119
123.55614302555645
126.11218807216626
128.52855843710898
129.29676870457828
127.43909662165807
123.48630575636028
120.88835835465544
116.72605555084569
107.70307697953662
97.61857151922904
0.0
729.380713277808
682.3522784953187
654.4033928575178
639.528049005128
642.1818662276244
679.0280232800499
743.9627405531332
775.6269703073697
794.8741289317243
823.3817128515478
858.9847660202071
895.5236390348119
930.7635382485191
967.246541444803
999.0364783211402
1025.476878370217
1048.201934278156
1057.3506199369824
1046.9867653653066
1019.7222852304393
999.1202829868657
961.4221110012454
886.5704977771634
802.6540036093859
0.0
824.149923119017
775.2079465340964
744.4655691156447
728.9756569652909
736.909173711268
779.7194358148105
853.6491966537025
893.5821621873561
922.5087699792629
961.757330009983
1007.2074418011582
1049.2075913043686
1088.0510950225714
1127.1460129602733
1158.768340381647
1182.7923699916737
1205.4336211103744
1212.6547975060134
1195.2513434791206
1158.1118697508202
1133.8224584605384
1094.755475370241
1010.1545756748268
915.511072955719
0.0
129.92530436448814
123.02537959587869
118.87704424047362
117.005404731381
118.13676891921874
123.17902163455105
133.71048580940578
139.50698130674888
145.16380227064016
151.88215000495774
158.53066053430584
164.7741147758391
170.06778178477842
176.29726854085322
179.50978411947975
181.8563172547503
183.89556627809273
182.00995934776827
178.79744367033163
173.3501346671846
171.17121106098526
165.4166179212075
153.62808245123554
140.4847034608548
0.0
101.06853392082553
96.85036126905149
94.18257658826947
92.86963543777726
93.60991077138338
97.50683185294349
102.54908457568654
105.21686926387932
109.05792050982643
114.36555495975959
120.17601794256119
125.4696849267979
129.9113369037322
134.18537942570282
136.92300138803228
138.59909643172014
138.6829011962558
136.67158716853288
132.3696096756453
128.41681880046653
126.58708168846327
122.67619311156366
115.67849611025181
108.17797059336338
0.0
894.7135264097772
846.3162806461232
812.7524765502114
792.0247672339422
785.83718281073
811.0344790748508
868.0077446557425
887.7996341754714
915.0361793641243
969.970195921674
1033.4243625769502
1093.847590495212
1146.3652367125212
1197.0950480765823
1236.6788270172299
1260.9263363698894
1272.3796527076108
1253.3001031923845
1211.4396285931641
1164.3692914531093
1150.248190308623
1121.9501182013282
1052.0988553350137
969.5511721484006
0.0
265.98232333386716
251.58187299896417
241.60910715553703
235.4494577032419
233.60575310578017
241.1062786918357
258.0348391271341
263.9291068497688
272.0162655652511
288.34422528685405
307.2142625449058
325.1764148538211
340.79203410157345
355.8629224539515
367.6374904631675
374.84469937334825
378.25275935315295
372.58197100261333
360.1369649759222
346.14157095353653
341.93736583415574
333.5289553730714
312.7593437980469
288.2324856502116
0.0
1614.8058799399528
1518.919273213566
1458.677622087511
1428.3403008333614
1443.8721149213372
1527.7467071267904
1672.6171929932837
1750.84893090512
1807.5288797854344
1884.4476772260987
1973.4762608695326
2055.7864975197244
2131.8951819401136
2208.4927279810113
2270.4523763354014
2317.5227131543234
2361.8973312330695
2376.0463670520426
2341.923864575298
2269.1813373078003
2221.5802369307476
2145.03856137514
1979.2587890296322
1793.8128351016803
0.0
210.04264965129474
197.5697086783892
189.7339641824062
185.7951406691732
187.80645482040882
198.71504038626898
217.55714269810625
227.7394203293599
235.1142386945043
245.1149394100383
256.69396299337365
267.40700415805566
277.30993259889294
287.26873095686165
295.32795482493964
301.4457019196695
307.2142625449058
309.05796714236754
304.63028255208155
295.160345369976
288.9727609467639
279.0139625887952
257.44820577538445
233.32640394006637
0.0
1191.7734461955363
1142.0492918576879
1110.4548993825288
1095.00688958974
1103.8622586715019
1149.7174268987071
1209.1489652515122
1240.7014548750553
1285.9141208461838
1348.502304687566
1417.0126915436333
1479.5031034561543
1531.7833021983463
1582.2477317833418
1614.526530230783
1634.2625498580833
1635.3240767273194
1611.6212983441417
1560.8914871035934
1514.1982719227024
1492.5626777808095
1446.5678346496143
1363.978249278354
1275.592167940402
0.0
1009.5539749611314
949.6056405603565
911.9493708828963
892.9815614736606
902.6889455133196
955.1227869413908
1045.7017590498674
1094.6158007626811
1130.0512445010793
1178.127238642644
1233.78756293718
1285.257649498983
1332.8308150039288
1380.7112648431257
1419.456996434847
1448.8864324928347
1476.625806194594
1485.4672079144102
1464.138897859743
1418.6608514681886
1388.8961962038427
1341.043681236753
1237.405135025944
1121.4752245850314
0.0
513.5695030012771
485.78822684314224
466.52710083213935
454.62682562671483
451.07909103935077
465.535411192575
498.2472003305893
509.60274464063974
525.2323312750405
556.7708539318784
593.1979871863282
627.8791881427154
658.0209648474716
687.1431169417466
709.8681729484955
723.7797622063456
730.3584353331039
719.4079474343808
695.3839178243544
668.3568845470406
660.2557582472896
644.011603314925
603.9110283510101
556.5334070743247
0.0
37.879749024852714
36.45506820066421
35.57511828173091
34.96055008504725
34.8907127886783
35.79859762418297
38.04735853910252
39.29046239322578
40.044705185117614
41.078297155074516
42.30743355832285
43.522602503285505
44.66793413952792
45.980875302371416
47.321751371905265
48.60675760335587
49.61241465427112
49.682251953110345
49.1235535920397
47.89441718879136
46.97256489500099
45.88310308449057
43.215318396297775
40.31008691477801
0.0
124.58973502268614
119.98047350926976
117.005404731381
115.49691914759735
116.18132464312022
120.60900917659036
128.34698149668682
132.9422755419365
136.92300138803228
141.33671841875216
146.53261327650745
150.93236279706628
154.80134903122212
159.6201223497567
163.19579188333526
166.14292575700387
168.3497843094176
168.00059781522154
166.240698006998
162.24600467544374
159.3407732581506
154.75944657484666
144.80064831568814
134.45076113066068
0.0
10.070537998316528
9.69341660261764
9.45596979842154
9.33026266619254
9.386132503040685
9.749286439465779
10.363854638372672
10.74097603407156
11.062227593169334
11.425381529347408
11.844405301632547
12.193591778536826
12.500875879595938
12.891964736297796
13.185281375118812
13.422728175856557
13.60430514839205
13.576370229350418
13.436695634142247
13.101476617993908
12.877997275541855
12.500875879595938
11.704730710870834
10.86668316555948
0.0
14.470287606569402
13.939524167010642
13.590337690106361
13.408760715100613
13.492565472225515
14.009361463379602
14.903278840598585
15.43404229003836
15.89496843322816
16.411764421911993
17.012365160309965
17.52916115146405
17.976119833897904
18.534818202379316
18.953841978122806
19.30302845502709
19.554442714050523
19.5125403367232
19.30302845502709
18.84210230195627
18.506883283337682
17.976119833897904
16.81682073689954
15.615619252692836
0.0
4.204205183854347
3.980725838437987
3.8550187069500654
3.785181410581108
3.8270837881554574
3.994693297711778
4.3299123150952425
4.511489283431304
4.707033711041158
4.916545597183727
5.140024941859011
5.335569369468865
5.503178878037085
5.712690764179653
5.810462978602144
5.894267732515716
5.950137569363857
5.894267732515716
5.796495519081327
5.614918550992289
5.545081255611433
5.363504287275371
4.972415433043766
4.553391660758629
