0.0
163.2828457
160.1511767
156.6230938
156.4050662
157.8717973
161.4197008
168.832639
176.186115
180.090791
180.8836186
178.8024461
176.2257564
174.6995633
175.6905978
174.3427908
175.9482667
178.168184
184.0747497
187.4046257
187.7812188
186.0964601
181.3791358
173.4905012
163.5999768
0.0
164.7297561
161.855756
161.0034663
161.023287
162.6287629
166.5532596
172.1228735
178.0889013
182.4494531
182.8458669
180.5466669
177.9303358
175.4725702
174.1445839
173.0742667
173.4310391
175.8095219
181.7359083
185.2838118
186.0964601
183.8567221
179.4961703
172.4598253
165.6216871
0.0
319.8068361
318.7959809
317.6265601
317.1706843
318.340105
319.9257602
321.5312361
324.1079258
324.1673879
323.9493603
323.4538431
323.1763534
323.3150982
323.7709741
324.4250569
324.7025465
325.4359121
326.1296362
329.1225604
329.5387949
328.2306294
326.1098155
323.65205
321.154643
0.0
376.1570582
365.1962166
358.0409474
354.3939404
355.0083818
360.3401475
370.3297753
378.8328514
391.0423966
402.8158865
412.4883833
420.0995284
426.1250182
430.7630597
434.6677357
437.462453
438.6715151
445.4105497
449.1764809
447.8683153
441.5256945
431.000908
413.7172661
394.8876105
0.0
50.80042893
48.81835991
47.53001505
46.77682883
46.6182633
47.41109091
48.8580013
49.90849787
51.77164275
53.85281522
55.45829113
56.90520151
58.29264982
59.66027744
60.84951885
61.64234646
61.86037405
61.88019474
62.59373959
62.25678786
61.12700852
59.40260847
56.84573944
53.77353246
0.0
995.2761367
965.8622325
950.798508
948.3209217
960.6295703
990.5191711
1038.74291
1088.512663
1123.040306
1139.134706
1139.669865
1131.919975
1122.58443
1116.103064
1113.506554
1117.252664
1128.114402
1164.663755
1186.843107
1187.933245
1170.451397
1133.604734
1077.809491
1015.572523
0.0
69.94721565
67.86604318
66.8155466
66.63716039
67.50927076
69.61026391
72.99960194
76.48804341
78.9259883
80.05576764
80.09540902
79.54042969
78.88634692
78.43047104
78.25208483
78.50975381
79.28276072
81.83962976
83.40546428
83.48474704
82.25586425
79.65935384
75.73485718
71.37430534
0.0
278.6194419
268.9271244
263.5557173
261.6925725
264.0710553
272.019152
285.9332765
301.0366425
310.5703944
313.9993738
313.543498
311.4028634
311.0857324
312.8695945
316.675167
322.1258568
328.5081191
338.041871
346.5845885
345.4944505
338.2797193
326.9224638
310.0352358
291.0073732
0.0
348.1702437
341.5104918
333.9786295
333.502933
336.634602
344.2259264
360.0230164
375.7011824
384.0258723
385.6908102
381.2509756
375.7804651
372.5496926
374.6308651
371.756865
375.2056651
379.9428101
392.489307
399.6247554
400.3977623
396.8300381
386.7809482
369.9333615
348.8639679
0.0
1766.756861
1714.529342
1687.77141
1683.391038
1705.233438
1758.293426
1843.879166
1932.239803
1993.505556
2022.086992
2023.058205
2009.282826
1992.712729
1981.236549
1976.598508
1983.258259
2002.543791
2067.41691
2106.780801
2108.723228
2077.703848
2012.27575
1913.231761
1802.751234
0.0
74.46633301
72.2662364
71.13645706
70.95807085
71.8698226
74.10956059
77.7169262
81.44321595
84.03972637
85.22896778
85.26860916
84.69380914
84.00008499
83.50456773
83.32618152
83.60367118
84.41631948
87.15157472
88.79669201
88.89579546
87.58762991
84.81273328
80.65038835
75.99252615
0.0
775.2862964
772.8483515
769.9743514
768.8842135
771.7383929
775.5637861
779.4486414
785.6921588
785.870545
785.3155656
784.1461449
783.4326001
783.7695518
784.8993312
786.4849864
787.1588898
788.9229313
790.5878692
797.8620625
798.8729177
795.7016073
790.5680485
784.6020208
778.5368896
0.0
1307.808779
1269.158434
1249.337743
1246.106971
1262.260833
1301.545441
1364.912188
1430.300645
1475.670205
1496.818881
1497.532426
1487.32477
1475.075584
1466.572508
1463.143528
1468.07888
1482.349777
1530.37531
1559.511724
1560.938814
1537.986455
1489.564508
1416.247775
1334.467608
0.0
165.0667078
164.5513699
163.9369285
163.6990802
164.3135216
165.1261699
165.9586389
167.2866251
167.3262665
167.2073424
166.9496734
166.7911079
166.8703906
167.1082389
167.4451906
167.6037562
167.9803493
168.317301
169.8831355
170.0813424
169.407439
168.317301
167.0487768
165.760432
0.0
71.23556051
68.75797424
67.39034661
66.91465005
67.52909145
69.55080184
73.11852608
76.98356066
79.40168486
80.29361592
80.17469178
79.61971246
79.54042969
79.99630557
80.96751939
82.37478839
84.00008499
86.43802988
88.6183058
88.34081614
86.49749195
83.58385049
79.28276072
74.40687094
0.0
15.16282799
14.88533833
14.80605556
14.80605556
14.96462109
15.32139351
15.83673145
16.39171078
16.78812458
16.82776596
16.60973837
16.37189009
16.13404181
16.01511767
15.91601422
15.9556556
16.17368319
16.70884182
17.04579356
17.12507632
16.90704872
16.51063492
15.85655214
15.24211075
0.0
292.811056
282.643042
276.9941453
275.0318969
277.5491246
285.8936352
300.5213045
316.3976774
326.4071259
329.9946708
329.5387949
327.299057
326.9422845
328.8450708
332.8290295
338.557209
345.2566023
355.2858715
364.2448234
363.1150441
355.5237198
343.5916643
325.8323259
305.8530702
0.0
175.8888047
169.0506666
164.5513699
162.0143215
161.4593422
164.1549561
169.2092321
172.8562391
179.2781427
186.5126946
192.0426672
197.0573018
201.8935502
206.5910538
210.7137573
213.4886539
214.2220195
214.2814815
216.7788885
215.5698264
211.6849711
205.6991227
196.8789156
186.2153842
0.0
118.2105962
113.6121961
110.5994512
108.8948719
108.5182787
110.3417822
113.7311203
116.1690651
120.5097963
125.3658654
129.0723345
132.4418518
135.692445
138.8439347
141.6188313
143.4819762
143.9774935
144.0171349
145.7018935
144.8892452
142.2729141
138.249314
132.3229276
125.1478378
0.0
800.7162419
777.0503378
764.9200755
762.9380064
772.8483515
796.8908487
835.6799394
875.7177336
903.4865205
916.4492519
916.8853071
910.6417897
903.1297481
897.9367273
895.8357341
898.848479
907.5894034
936.9834869
954.8419288
955.7140391
941.6611698
912.0094173
867.115554
817.0484906
0.0
238.6609305
235.4103373
234.3994821
234.5778683
237.2338408
242.6250685
252.000255
261.6727518
264.982807
262.4854001
257.8275379
253.3084205
251.8218687
251.7822274
252.6939791
254.1408895
256.2022413
260.3844069
266.2116898
266.072945
263.3376897
258.3230551
249.6812342
240.9799512
0.0
158.5457008
156.4050662
155.7311627
155.8500869
157.6141283
161.1818525
167.42537
173.8472736
176.0473702
174.3824322
171.2904045
168.2974803
167.2866251
167.2866251
167.8614251
168.832639
170.2200873
172.9751632
176.8600185
176.760915
174.9374115
171.6273563
165.8793561
160.0917146
0.0
236.1437028
227.9379371
223.3791783
221.7935231
223.8152335
230.5542682
242.3475788
255.1517447
263.2187656
266.1324071
265.7558139
263.9323104
263.6548208
265.1810139
268.4117864
273.0300072
278.421235
286.5080766
293.7426285
292.811056
286.7062835
277.073428
262.7628897
246.6486686
0.0
247.26311
238.6609305
233.9039648
232.2390268
234.3598407
241.4160064
253.7642964
267.1630829
275.606697
278.6590832
278.2626694
276.3598832
276.0823935
277.6680487
281.0375661
285.8936352
291.5425319
300.0059666
307.5774702
306.6062564
300.2041735
290.1352629
275.1310004
258.2635931
0.0
322.244781
309.7181048
301.4925183
296.8346561
295.8238009
300.7789735
310.0352358
316.6949877
328.4882984
341.7285194
351.8767128
361.0338716
369.8937202
378.5157204
386.0674033
391.1415
392.489307
392.6082311
397.1868105
394.9668932
387.8314448
376.8904238
360.6969199
341.1735401
0.0
647.9581827
645.9166516
643.5183481
642.6065963
644.9850792
648.1762103
651.4268035
656.6594657
656.7982105
656.3423346
655.3513001
654.7566794
655.0341691
655.9855622
657.3135485
657.8685278
659.3550795
660.7425279
666.8274797
667.6797694
665.0237969
660.7227072
655.7477139
650.6736173
0.0
1706.046087
1655.642071
1629.795891
1625.554264
1646.643478
1697.879962
1780.53224
1865.860312
1925.025072
1952.635293
1953.566866
1940.247362
1924.252065
1913.172299
1908.712644
1915.134547
1933.746175
1996.399377
2034.415461
2036.278606
2006.329543
1943.141183
1847.506352
1740.831398
0.0
96.66550601
95.35734046
94.94110597
95.02038873
96.090706
98.27098192
102.0765544
105.9812304
107.3290373
106.3181821
104.4352166
102.5918924
101.9972717
101.977451
102.3540441
102.9288441
103.7811338
105.4658925
107.8245546
107.7650925
106.6551339
104.6334235
101.1251613
97.59707845
0.0
1732.84366
1672.648224
1639.210719
1627.575974
1642.441492
1691.854472
1778.391606
1872.341677
1931.565899
1952.912783
1950.137886
1936.858024
1934.816493
1945.995362
1969.621625
2003.554646
2043.176206
2102.45989
2155.57934
2148.780843
2103.966263
2033.305502
1928.255844
1809.926324
0.0
312.136229
307.8946013
306.566615
306.8044633
310.2730841
317.3292498
329.5784363
342.2438573
346.5647678
343.3141746
337.209402
331.3028364
329.340588
329.3207674
330.4901881
332.3929743
335.0885882
340.539278
348.1900644
347.9918575
344.4043126
337.8634848
326.5656914
315.1687946
0.0
54.62582214
52.50500829
51.11755998
50.32473237
50.14634616
50.97881514
52.56447036
53.6942497
55.67631872
57.9358774
59.64045675
61.20629128
62.71266373
64.15957411
65.44791898
66.30020865
66.53805694
66.55787763
67.33088454
66.95429143
65.74522933
63.88208445
61.14682921
57.83677395
0.0
435.3812805
418.4742318
407.3548246
401.0518451
399.6842175
406.3637901
418.8706456
427.8890596
443.8050738
461.7229778
475.399254
487.7871853
499.7787029
511.3936274
521.6211035
528.4592416
530.2827451
530.4413106
536.625366
533.6324417
523.9797656
509.2133514
487.3511302
460.9697915
0.0
442.3779841
426.9971286
418.4742318
415.5011283
419.2868801
431.9126597
453.9929086
477.9759437
493.0991303
498.5498201
497.8362753
494.4469372
493.9315993
496.7857787
502.8112685
511.4729101
521.5814621
536.7244694
550.2818215
548.5574214
537.1208832
519.0642345
492.2468406
462.0401088
0.0
376.9300652
371.7965064
370.2108512
370.4883409
374.6705065
383.1934033
397.9994588
413.281211
418.4940525
414.5497351
407.1962591
400.0608106
397.7021485
397.6625071
399.0697761
401.3887968
404.63939
411.2198592
420.4563008
420.2184525
415.8975421
407.9890867
394.3326311
380.5770722
0.0
148.100197
145.5036866
144.7505004
144.7505004
146.1974108
149.7254936
154.7401282
160.1115353
164.0162112
164.3729837
162.3116319
159.9529698
157.7528731
156.543811
155.5924179
155.909549
158.0501835
163.3621285
166.5532596
167.3064458
165.2847354
161.3602388
155.0374386
148.8930246
0.0
33.81409745
32.64467673
31.99059395
31.75274567
32.05005602
33.00144915
34.70602851
36.529532
37.67913203
38.09536653
38.05572515
37.79805617
37.75841479
37.97644239
38.43231826
39.08640104
39.85940795
41.02882867
42.05950456
41.92075973
41.04864936
39.68102174
37.61966996
35.3204699
0.0
423.4888664
410.9621902
404.5601073
403.5096107
408.7422729
421.4473353
441.9815703
463.1500675
477.8371989
484.6951577
484.9131853
481.6229507
477.638992
474.9037367
473.7937781
475.3794333
479.9976541
495.5568959
504.9915444
505.4474203
498.0146615
482.3364955
458.5913087
432.1108666
0.0
77.36015378
74.34740887
72.38516054
71.2553812
71.01753292
72.20677433
74.42669163
76.03216753
78.84670554
82.03783666
84.47578155
86.67587816
88.79669201
90.85804379
92.68154728
93.89060939
94.22756112
94.24738181
95.35734046
94.82218182
93.09778178
90.48145067
86.5965954
81.89909183
0.0
271.3056072
263.4169725
258.2437724
255.6274413
256.0634964
259.9087103
267.1234416
273.2282141
282.0484213
290.5514974
297.5283803
302.9988908
307.3594426
310.6893186
313.5236773
315.525567
316.3976774
321.2537464
323.9890017
323.0376086
318.4590291
310.8677048
298.4004907
284.8233179
0.0
156.4645283
151.8463075
149.4678247
149.0912315
151.0138385
155.7113421
163.3026664
171.1120183
176.5428874
179.0799358
179.1592185
177.9501564
176.4834254
175.4527495
175.0563357
175.6311357
177.3555357
183.0837152
186.5721567
186.7505429
183.9954669
178.2078254
169.4470804
159.6556594
0.0
74.76364336
73.75278816
73.43565712
73.49511919
74.30776749
76.01234684
78.94580899
81.97837459
83.00905048
82.23604356
80.76931249
79.36204348
78.88634692
78.88634692
79.16383658
79.61971246
80.25397454
81.56214009
83.40546428
83.34600221
82.49371253
80.92787801
78.21244345
75.4970089
0.0
435.3416391
422.4780112
415.8777214
414.8074041
420.1986318
433.2604667
454.349681
476.1326195
491.2359854
498.2723305
498.5101787
495.10102
491.0377785
488.2034198
487.0538198
488.6989371
493.4559027
509.431379
519.1435172
519.6192138
511.9684274
495.8542062
471.4549366
444.2213083
0.0
73.99063644
71.41394672
69.98685703
69.49133977
70.12560186
72.24641571
75.93306408
79.95666419
82.47389184
83.38564359
83.26671945
82.71174012
82.61263667
83.08833324
84.09918844
85.54609882
87.25067818
89.76790583
92.0472852
91.74997485
89.84718859
86.81462299
82.33514701
77.28087101
0.0
15.55924179
15.26193144
14.92497971
14.88533833
15.04390385
15.38085558
16.07457974
16.78812458
17.14489701
17.22417977
17.02597287
16.78812458
16.62955906
16.72866251
16.60973837
16.7484832
16.96651079
17.52149012
17.83862116
17.87826254
17.71969702
17.28364184
16.53045561
15.57906248
0.0
257.6095103
248.6505583
243.6755651
241.951165
244.1512616
251.5047377
264.3683656
278.3419522
287.1423386
290.3136491
289.8974146
287.9351663
287.6180352
289.2829732
292.7912353
297.8455113
303.7322563
312.5524635
320.4410982
319.430243
312.7704911
302.2655253
286.6468214
269.0658692
0.0
126.6145689
121.6990377
118.4682652
116.624941
116.2285272
118.1907755
121.8179619
124.434293
129.0723345
134.285176
138.2691347
141.8566796
145.3451211
148.7344591
151.7075626
153.6896317
154.2247903
154.2644317
156.0681145
155.1960041
152.3814661
148.0803763
141.7377555
134.0671484
0.0
1192.016307
1150.610886
1127.599064
1119.591506
1129.818982
1163.811465
1223.352819
1287.968269
1328.719608
1343.386918
1341.503953
1332.366615
1330.939525
1338.629953
1354.882919
1378.231692
1405.485141
1446.276121
1482.805653
1478.147791
1447.306797
1398.706465
1326.440228
1245.036654
0.0
40.27564245
39.72066312
39.5620976
39.58191829
40.03779416
40.94954591
42.51538044
44.16049772
44.71547705
44.29924255
43.50641495
42.75322872
42.49555975
42.49555975
42.63430458
42.89197355
43.22892528
43.94247013
44.91368395
44.89386326
44.43798739
43.58569771
42.13878732
40.67205625
0.0
236.579758
227.4027784
221.3574679
217.9284885
217.1753023
220.8223093
227.620806
232.5165165
241.1583374
250.8902963
258.3230551
265.0620898
271.5632762
277.8860763
283.4358696
287.1621593
288.1531938
288.2324766
291.6019939
289.9766973
284.7242144
276.6968349
264.8242415
250.4740618
0.0
1457.673018
1453.074618
1447.68339
1445.641859
1450.993445
1458.188356
1465.502191
1477.236039
1477.572991
1476.542315
1474.322398
1472.974591
1473.628674
1475.749487
1478.742412
1479.991115
1483.320991
1486.45266
1500.128936
1502.031723
1496.065695
1486.393198
1475.214329
1463.797611
0.0
302.8403253
291.0668353
283.3367661
278.9563936
278.0050005
282.643042
291.344325
297.6274838
308.6874289
321.154643
330.6685743
339.2905745
347.6152644
355.702106
362.8177338
367.5746994
368.8432236
368.9621477
373.2632375
371.182065
364.462851
354.1759128
338.9734435
320.6194844
0.0
411.1802178
396.9093209
388.9612241
386.2061482
389.734231
401.4680796
422.0023146
444.2807704
458.3336397
463.4077364
462.7536536
459.6021639
459.1066467
461.7626191
467.3718745
475.4190747
484.8140818
498.8867718
511.4927308
509.8872549
499.2435443
482.4752404
457.5606328
429.4747148
0.0
864.0235264
861.3080918
858.09714
856.8880779
860.0593883
864.3208367
868.6615679
875.6186301
875.816837
875.2023956
873.8942301
873.1014025
873.4779956
874.7465197
876.5105612
877.2637474
879.2259957
881.0693199
889.1958029
890.3255822
886.7776787
881.0494992
874.409568
867.6507127
0.0
149.0317695
146.1775901
142.9666383
142.7684314
144.0964176
147.3470108
154.1058662
160.8250801
164.3928044
165.1063492
163.2035629
160.8647215
159.4772732
160.3692043
159.1403215
160.6070525
162.6287629
168.0199907
171.0723769
171.389508
169.8633148
165.5622251
158.3474939
149.3290798
0.0
568.675422
551.8674767
543.2454765
541.8382075
548.8745525
565.9401667
593.5107468
621.9336165
641.6552032
650.8718242
651.1691345
646.7292999
641.3975342
637.7108859
636.2243341
638.3649686
644.5688447
665.4598521
678.1252732
678.7397145
668.7699074
647.7005137
615.8288439
580.2705257
0.0
188.217274
181.6764462
178.0492599
176.7807357
178.3862116
183.7576187
193.1526258
203.3602813
209.8020056
212.1012056
211.8038953
210.3768056
210.1389573
211.3678401
213.9247091
217.6113575
221.9124473
228.3541716
234.1219924
233.3886269
228.5127371
220.84213
209.4254124
196.5816052
0.0
735.5259919
714.0998258
700.1064186
692.9907908
694.1998529
704.5858945
724.1489157
740.7388334
764.6227651
787.6742278
806.5831662
821.4486838
833.2419945
842.2802292
849.9508363
855.4015261
857.7601883
870.9211265
878.314244
875.7375543
863.3496229
842.7757465
808.9814697
772.1348067
0.0
818.6936079
804.4028903
800.1414419
800.2207247
808.1688214
827.7516633
855.4015261
885.0532786
906.6578309
908.6399
897.2628238
884.260451
872.0310852
865.4307954
860.1584918
861.9027125
873.7554852
903.1099274
920.7503417
924.8532245
913.6545346
892.0301616
857.0664641
823.1136218
0.0
2784.886253
2776.125508
2765.798928
2761.894253
2772.121729
2785.857467
2799.850874
2822.268075
2822.902337
2820.940089
2816.67864
2814.121771
2815.370475
2819.433716
2825.122254
2827.540378
2833.90282
2839.868848
2865.992517
2869.639524
2858.222807
2839.749924
2818.38322
2796.58046
0.0
471.5936815
457.6597363
450.5044671
449.3350464
455.18215
469.3341228
492.1873786
515.7739999
532.1260693
539.757035
540.014704
536.3280556
531.9080417
528.8358347
527.6069519
529.390814
534.5441935
551.847656
562.3526218
562.8679597
554.6027319
537.1407039
510.6999032
481.2067162
0.0
845.0154845
815.6610423
799.368435
793.6798969
800.9342695
825.0362288
867.2344782
913.0400932
941.9188388
952.3247011
950.9768942
944.5153492
943.504494
948.9551838
960.4908255
977.0212811
996.346454
1025.264841
1051.170483
1047.860428
1025.998207
991.5300263
940.3133629
882.5955131
0.0
611.3295472
593.5305675
581.8958223
575.9892566
576.9802912
585.6221121
601.875078
615.6702784
635.5107893
654.6773967
670.395204
682.743494
692.5547356
700.0667772
706.4490394
710.9681568
712.9304051
723.8714261
730.01584
727.8752055
717.5882673
700.4830117
672.3970937
641.7741274
0.0
797.2872625
773.7204619
761.6496616
759.6675926
769.5382963
793.48169
832.0923945
871.9716231
899.6214859
912.5247552
912.9608104
906.7371137
899.2647135
894.0915134
891.9905202
895.0032651
903.7045481
932.9797075
950.7390459
951.6111563
937.617749
908.0849206
863.409085
813.5402285
0.0
782.3821035
755.1881166
740.1045713
734.8520884
741.5514817
763.8695789
802.9361592
845.3524362
872.0905473
881.7234027
880.4746992
874.4888508
873.5572783
878.6115543
889.2750856
904.5964792
922.4747417
949.2524941
973.2355293
970.1633223
949.9263976
918.0349071
870.6039955
817.1674148
0.0
111.0355064
106.7344166
103.9000579
102.294582
101.9378096
103.642389
106.8335201
109.1327201
113.1959616
117.7547204
121.2431618
124.4144723
127.4668586
130.4399621
133.0364725
134.7806932
135.2563898
135.2960312
136.8618657
136.1086795
133.6509139
129.8651621
124.2955481
117.5763342
0.0
21.48562816
21.1883178
21.08921435
21.10903504
21.34688332
21.84240058
22.67486957
23.54697993
23.84429029
23.6262627
23.2100282
22.79379371
22.65504888
22.65504888
22.73433164
22.87307647
23.05146268
23.42805579
23.96321443
23.94339374
23.70554546
23.24966958
22.47666266
21.68383506
0.0
1314.369428
1276.095675
1251.081964
1238.357081
1240.517536
1259.089523
1294.053221
1323.704973
1366.378919
1407.546492
1441.340769
1467.920315
1488.969888
1505.163392
1518.859489
1528.611268
1532.813254
1556.340414
1569.560814
1564.942593
1542.822703
1506.035502
1445.641859
1379.817347
0.0
1847.704559
1793.891385
1758.749302
1740.851219
1743.883784
1770.007454
1819.123124
1860.825856
1920.803265
1978.699501
2026.189874
2063.551875
2093.163987
2115.918139
2135.164029
2148.860126
2154.766692
2187.867244
2206.439231
2199.957865
2168.839382
2117.147022
2032.255006
1939.692382
0.0
1241.032874
1204.899756
1181.293314
1169.262155
1171.303686
1188.844997
1221.846446
1249.853081
1290.128724
1329.016918
1360.928229
1386.001402
1405.901375
1421.183127
1434.106217
1443.322838
1447.286976
1469.50597
1481.993005
1477.632453
1456.741446
1422.015596
1364.991471
1302.833786
0.0
498.8669512
492.0882751
489.9674613
490.3242337
495.8740269
507.1519997
526.7348416
546.9717662
553.8891871
548.6763456
538.9047453
529.4899175
526.3582484
526.3186071
528.1817519
531.2341382
535.535228
544.2563317
556.4658768
556.1487458
550.4205663
539.9750626
521.8985931
503.7031996
0.0
231.0299647
222.0511921
216.1644471
212.8147505
212.0813849
215.6491092
222.2692197
227.0658267
235.5094407
245.0035513
252.2777446
258.8383931
265.2008346
271.3650693
276.7959384
280.4231247
281.3943385
281.4736213
284.7638558
283.1782006
278.0446419
270.2154692
258.6005448
244.6071375
0.0
330.9262433
318.082436
309.6190013
304.8223943
303.7917184
308.8856358
318.3797464
325.2377052
337.3283262
350.9451403
361.3510027
370.7658305
379.8635273
388.7035551
396.4732657
401.6662865
403.0735555
403.1924797
407.8899832
405.6106039
398.2769485
387.0386172
370.4288788
350.3703403
0.0
447.5511843
430.168439
418.7319008
412.2505351
410.8432661
417.7210456
430.5846735
439.8409358
456.2128259
474.6262471
488.6791164
501.4238202
513.7324688
525.684345
536.1893108
543.2256558
545.1086213
545.2671869
551.6296284
548.5574214
538.6272557
523.4247863
500.9679443
473.8334195
0.0
69.41205701
68.46066388
68.16335353
68.2228156
68.99582252
70.56165704
73.2770916
76.0916296
77.06284342
76.32947789
74.98167095
73.6735054
73.23745022
73.21762953
73.4752985
73.91135368
74.50597439
75.71503649
77.41961585
77.37997447
76.58714686
75.12041578
72.60318813
70.08596048
0.0
27.33273176
26.85703519
26.71829036
26.71829036
26.97595934
27.63004211
28.56161455
29.55264906
30.26619391
30.32565598
29.94906286
29.51300768
29.11659388
28.89856628
28.72018007
28.77964214
29.17605595
30.14726976
30.74189047
30.8806353
30.50404219
29.79049734
28.62107662
27.47147659
0.0
663.5372452
643.9345826
633.8854927
632.2403754
640.4263204
660.3659347
692.5150942
725.6949296
748.7067509
759.449565
759.8063374
754.6331372
748.4094405
744.0885301
742.36413
744.861537
752.0960889
776.4557171
791.241952
791.9753175
780.3207517
755.7629166
718.5594811
677.0549559
0.0
86.49749195
85.30825054
84.95147811
85.01094018
85.982154
87.92458164
91.33374035
94.84200251
96.03124393
95.11949218
93.43473351
91.80943692
91.25445759
91.25445759
91.57158863
92.10674727
92.8599335
94.36630595
96.4871198
96.42765773
95.43662322
93.61311972
90.48145067
87.32996094
0.0
215.8076747
209.4254124
206.1549986
205.6198399
208.2956331
214.7769988
225.2225025
236.0247787
243.4971789
246.9856203
247.1045445
245.4197858
243.3980754
242.0106271
241.4358271
242.2484754
244.6071375
252.5354136
257.3320206
257.5698689
253.7841171
245.7963789
233.7057579
220.2078679
0.0
193.4102948
186.7109015
182.9647911
181.6764462
183.3215635
188.851536
198.5042122
208.9893573
215.6094678
217.9879506
217.6708196
216.1842678
215.9662402
217.2149437
219.8510955
223.6368473
228.0568612
234.6769717
240.6033581
239.8501719
234.8355373
226.9469026
215.2328747
202.032295
0.0
102.7702786
98.76649917
96.15016807
94.6636163
94.34648526
95.91231978
98.86560262
101.0062372
104.7523476
108.9741546
112.2049271
115.1383893
117.972748
120.7080032
123.1261274
124.7316033
125.1676585
125.2072999
126.6740309
125.9604861
123.6811067
120.1926653
115.0392858
108.7957684
0.0
853.300533
836.9881049
818.5350424
817.3854424
825.0164081
843.6478568
882.3378441
920.789983
941.2052939
945.2883561
934.3869765
921.0080106
913.0400932
918.1538312
911.0976655
919.5611002
931.1760247
961.9575565
979.4195846
981.3223708
972.5616258
947.9443286
906.6380102
855.024933
0.0
914.9627001
887.9272787
874.0527956
871.7932369
883.110851
910.5823276
954.9013908
1000.667364
1032.400289
1047.206345
1047.701862
1040.566414
1031.984055
1026.037848
1023.639544
1027.088344
1037.077972
1070.674042
1091.069532
1092.060567
1076.005808
1042.112428
990.8363021
933.6139696
0.0
1530.355489
1477.196398
1447.663569
1437.396452
1450.517749
1494.162909
1570.59149
1653.541078
1705.8677
1724.697356
1722.259411
1710.545383
1708.72188
1718.592583
1739.46377
1769.432654
1804.416172
1856.782435
1903.698009
1897.69234
1858.130242
1795.714889
1702.934238
1598.43956
0.0
1696.472693
1647.079533
1614.81145
1598.380098
1601.154994
1625.138029
1670.24992
1708.523673
1763.605371
1816.744641
1860.36998
1894.659774
1921.853761
1942.744769
1960.405004
1972.991142
1978.422011
2008.807129
2025.852923
2019.906716
1991.345101
1943.874548
1865.919774
1780.948475
0.0
130.5588862
125.4847895
122.1549136
120.271948
119.8557135
121.8576032
125.6037137
128.3191482
133.0959346
138.4673416
142.5702245
146.2766935
149.8642385
153.3526799
156.4248869
158.466418
159.0213973
159.0610387
160.9241836
160.0322525
157.1384318
152.6985972
146.1379487
138.2294933
0.0
1905.224202
1849.72627
1813.494048
1795.040986
1798.172655
1825.089152
1875.750836
1918.741913
1980.602287
2040.282385
2089.259311
2127.770912
2158.314595
2181.782292
2201.622803
2215.754955
2221.839907
2255.971136
2275.117922
2268.43835
2236.348652
2183.030996
2095.502828
2000.066205
0.0
2.992924217
2.913641457
2.874000076
2.854179386
2.893820766
2.992924217
3.131669049
3.29023457
3.389338021
3.428979401
3.428979401
3.409158711
3.389338021
3.369517331
3.349696641
3.369517331
3.409158711
3.508262162
3.587544923
3.587544923
3.528082852
3.409158711
3.25059319
3.052386288
0.0
155.9888317
150.5777833
147.5650384
146.5145418
147.8425281
152.3021833
160.0917146
168.5551493
173.886915
175.7897012
175.5518529
174.3626115
174.1644046
175.1752598
177.2960737
180.34846
183.9161842
189.2677705
194.0445569
193.4301155
189.4065154
183.0440738
173.5697839
162.9260733
0.0
2548.227212
2474.018548
2425.53714
2400.860381
2405.042547
2441.056741
2508.82368
2566.303682
2649.035243
2728.872983
2794.380364
2845.894338
2886.74478
2918.120933
2944.660837
2963.569775
2971.716079
3017.343308
3042.97146
3034.032329
2991.120534
2919.805691
2802.724874
2675.09945
0.0
516.4479033
501.4039995
491.5729372
486.5781232
487.4105922
494.7244269
508.4601652
520.0949103
536.8632142
553.0567181
566.3365805
576.7622636
585.0473121
591.4097536
596.7811606
600.6065539
602.2714918
611.5079335
616.7009543
614.8972715
606.1959885
591.7467053
568.0213392
542.1553385
0.0
593.114333
572.5206359
561.0642769
557.0803182
562.1742356
579.0812843
608.7132161
640.8623756
661.1389417
668.4329557
667.5013832
662.9426245
662.2489003
666.0742935
674.1611351
685.7760596
699.3334116
719.6297984
737.8053713
735.4863505
720.1451363
695.9638943
659.9893416
619.4956716
0.0
160.9043629
156.22668
153.154473
151.6084592
151.8661282
154.1455075
158.4267766
162.0539629
167.2668044
172.3210804
176.4636047
179.7141979
182.2908876
184.2729566
185.9378946
187.1469567
187.6424739
190.5362947
192.1417706
191.5867913
188.8713567
184.3720601
176.9789426
168.9119217
0.0
121.1638791
117.5763342
115.73301
115.4356996
116.9420721
120.5692584
126.4560034
132.5013139
136.7033002
138.6655485
138.7250106
137.7934381
136.6438381
135.8708312
135.5537001
136.009576
137.3375623
141.7773969
144.4730107
144.6117556
142.4909417
137.991645
131.212969
123.6216447
0.0
181.240391
178.7826254
178.0096185
178.1483633
180.1502531
184.2531359
191.3687637
198.7222398
201.2196467
199.3366811
195.7887776
192.3597982
191.2300189
191.2101982
191.8841016
192.9940603
194.5598948
197.7312052
202.1710398
202.0521157
199.9709432
196.1851914
189.6047223
183.0044324
0.0
177.8114116
172.6382115
169.2488735
167.5442941
167.8217838
170.3390114
175.0761564
179.0799358
184.8477566
190.4173706
194.99595
198.5834949
201.4376743
203.6377709
205.4810951
206.8090813
207.3640607
210.5551918
212.3390539
211.7246125
208.7316883
203.7566951
195.57075
186.6712601
0.0
1015.77073
986.1982606
966.8730877
957.0420254
958.7069633
973.057143
1000.072744
1022.985462
1055.96709
1087.799118
1113.902967
1134.437202
1150.709989
1163.216845
1173.801093
1181.332955
1184.583549
1202.778942
1212.986598
1209.438694
1192.313618
1163.890748
1117.232843
1066.353132
0.0
559.1020286
542.571573
534.1081383
532.72069
539.6381109
556.4262354
583.5211189
611.4682921
630.8727478
639.9109825
640.2082928
635.847741
630.6150788
626.9680718
625.5211614
627.6221546
633.7269271
654.2611622
666.7085556
667.322997
657.5117554
636.7991341
605.4626229
570.4989255
0.0
677.9270662
664.9445142
650.2970241
649.3852724
655.4504036
670.2366385
700.9983496
731.5420332
747.7553578
750.9861303
742.3443093
731.7005987
725.3777985
729.44104
723.8317847
730.5708194
739.7874403
764.2263513
778.1008344
779.6270276
772.6501446
753.1069441
720.2838812
679.2946939
0.0
419.5841904
407.1962591
400.8338175
399.7833209
404.9763418
417.5823007
437.9183289
458.8886191
473.4370057
480.2355024
480.45353
477.1831161
473.2586194
470.5233642
469.4332262
471.0188815
475.5974609
490.9981372
500.3535029
500.8093788
493.436082
477.8966609
454.3893224
428.1467286
0.0
1124.407933
1091.664153
1070.257808
1059.376249
1061.219573
1077.115766
1107.005367
1132.375851
1168.885562
1204.106928
1233.025315
1255.759647
1273.776654
1287.611496
1299.325524
1307.670035
1311.25758
1331.395401
1342.713015
1338.768698
1319.820118
1288.364682
1236.711964
1180.381562
0.0
836.8295394
812.0933181
799.4278971
797.3467246
807.6931249
832.82576
873.3590714
915.2203691
944.2378595
957.7753909
958.2312668
951.7102597
943.8612664
938.4105766
936.2303007
939.3817904
948.5191286
979.2411984
997.8924678
998.8042196
984.1170882
953.1175287
906.2217757
853.875333
0.0
586.8509949
569.507891
560.6084011
559.1614907
566.4158633
584.0364569
612.4593266
641.8137687
662.1696176
671.6637282
671.9808592
667.4022798
661.8921279
658.0865554
656.5405415
658.7604588
665.1625418
686.707632
699.7892875
700.4235496
690.1366114
668.3933143
635.4909686
598.802871
0.0
198.8808053
191.1507361
186.0766394
183.2026393
182.5683773
185.6207635
191.348943
195.4518259
202.7260192
210.9119642
217.1554816
222.824199
228.2947095
233.6066545
238.2645167
241.3961857
242.2286547
242.3079375
245.1224755
243.7548478
239.3546546
232.5957993
222.6061714
210.5551918
0.0
1907.067526
1850.717304
1821.818738
1817.081593
1840.668214
1897.930188
1990.334246
2085.711407
2151.85305
2182.694044
2183.744541
2168.859202
2150.98094
2138.593008
2133.598194
2140.793105
2161.60483
2231.631328
2274.126888
2276.20806
2242.730915
2172.109796
2065.196993
1945.9359
0.0
622.4291337
604.2932022
592.4602502
586.4347604
587.4456156
596.246002
612.7962783
626.8491477
647.0464309
666.5499901
682.5452871
695.1314253
705.1012325
712.7718396
719.2532053
723.8714261
725.8534951
737.0125437
743.2758818
741.0956059
730.6104607
713.1880741
684.5868181
653.4088725
0.0
1457.276604
1414.840506
1387.111361
1373.01885
1375.397333
1395.99103
1434.740479
1467.623004
1514.934992
1560.601862
1598.062967
1627.516512
1650.885106
1668.82283
1684.005479
1694.807755
1699.465617
1725.569466
1740.216956
1735.103218
1710.565204
1669.794044
1602.839753
1529.840151
0.0
121.3819067
117.7943617
115.9708582
115.6537272
117.1600997
120.8071067
126.6938516
132.7589828
136.9609691
138.9430382
139.0025002
138.0511071
136.9213278
136.1285002
135.8113691
136.267245
137.5952312
142.0548865
144.7505004
144.8892452
142.7486107
138.249314
131.4508173
123.8594929
0.0
947.8452251
914.9230587
896.6285617
890.2661202
898.3926031
925.4280245
972.7598327
1024.135062
1056.54189
1068.216277
1066.709904
1059.435711
1058.325752
1064.430525
1077.353615
1095.925601
1117.589616
1150.016265
1179.073397
1175.366928
1150.848734
1112.198388
1054.738207
990.0038331
0.0
1138.500444
1104.844912
1087.600912
1084.766553
1098.859064
1133.049754
1188.190914
1245.135757
1284.618572
1303.031993
1303.666255
1294.786586
1284.103234
1276.710117
1273.717192
1278.018282
1290.445855
1332.24769
1357.618174
1358.866877
1338.867801
1296.709193
1232.886571
1161.690651
0.0
181.0421841
177.593384
173.6688874
173.4310391
175.0563357
179.000653
187.2064188
195.3725431
199.6934536
200.5655639
198.2465432
195.4121845
193.7274258
194.8175638
193.3111913
195.1148741
197.5726397
204.0936468
207.8001159
208.2163503
206.3532055
201.140364
192.3597982
181.4187772
0.0
123.4630791
119.8557135
117.5168721
116.3276307
116.5258376
118.2700583
121.5404722
124.3351895
128.3389689
132.2040035
135.3753139
137.8727209
139.8547899
141.3809831
142.6693279
143.5810797
143.9774935
146.1775901
147.4262936
146.9902384
144.9090659
141.4602658
135.7915484
129.6074931
0.0
1083.557491
1041.458345
1013.788661
998.0906747
994.7013367
1011.350716
1042.4692
1064.906221
1104.527781
1149.084693
1183.156459
1213.977632
1243.807771
1272.726158
1298.156103
1315.182076
1319.740835
1320.137249
1335.518104
1328.085346
1304.062669
1267.275468
1212.867674
1147.201727
0.0
322.1060361
309.5991806
301.3735942
296.715732
295.7048768
300.6402287
309.896491
316.5760636
328.3495535
341.5897746
351.7181473
360.8951268
369.7549753
378.3571549
385.9088378
390.9631138
392.3307414
392.4496656
397.028245
394.8083277
387.6728792
376.7318583
360.5581751
341.0347952
0.0
2230.739397
2164.795961
2131.001684
2125.471712
2153.062112
2220.056045
2328.118448
2439.669292
2517.049267
2553.142744
2554.351806
2536.94924
2516.038412
2501.529666
2495.702383
2504.106356
2528.446164
2610.365076
2660.075367
2662.513312
2623.347628
2540.734991
2415.686257
2276.18824
0.0
290.1550836
281.5925454
277.1923522
276.4589866
280.0465316
288.7676352
302.8205046
317.3292498
327.3981604
332.095664
332.2542295
329.9946708
327.2792363
325.37645
324.6232638
325.7134017
328.8847122
339.5482435
346.0097885
346.3269195
341.2330021
330.4901881
314.2174014
296.0814699
0.0
1455.750411
1413.353955
1385.64463
1371.57194
1373.950423
1394.524299
1433.234107
1466.076991
1513.329516
1558.956745
1596.378208
1625.792112
1649.140885
1667.058789
1682.221617
1693.023893
1697.661935
1723.745963
1738.373632
1733.279715
1708.761521
1668.030003
1601.135173
1528.214854
0.0
1394.623402
1353.396367
1332.267511
1328.818711
1346.062712
1387.94383
1455.512563
1525.241751
1573.624056
1596.180001
1596.953008
1586.071449
1572.989793
1563.931738
1560.284731
1565.537214
1580.759504
1631.956347
1663.035189
1664.561382
1640.08283
1588.430111
1510.257309
1423.046272
0.0
621.9732579
597.8118365
581.9354637
572.9170497
570.974622
580.5281947
598.3866366
611.2700852
634.0044168
659.5929278
679.1361283
696.8360047
713.9412603
730.5509987
745.1588473
754.9304476
757.5467787
757.7648063
766.6048341
762.323565
748.5481854
727.4193296
696.2017426
658.5027899
0.0
53.95191867
53.21855314
52.98070485
53.02034623
53.63478763
54.84384973
56.96466358
59.1449395
59.89812573
59.3431464
58.27282913
57.26197393
56.9250222
56.9250222
57.1232291
57.44036014
57.91605671
58.84762915
60.17561539
60.13597401
59.52153261
58.39175327
56.44932563
54.46725662
0.0
180.8836186
177.7123082
176.7807357
176.8005564
178.5447771
182.8855083
188.9902809
195.5311086
200.307895
200.7439501
198.2267225
195.3725431
192.6571086
191.1903775
190.0407775
190.4173706
193.0337017
199.534888
203.4197433
204.3314951
201.8539088
197.0771225
189.3470533
181.8548324
0.0
14.60784866
14.35017969
14.29071762
14.29071762
14.42946245
14.76641418
15.26193144
15.79709007
16.19350388
16.21332457
16.01511767
15.77726938
15.55924179
15.44031765
15.36103489
15.38085558
15.59888317
16.11422112
16.43135216
16.51063492
16.31242802
15.91601422
15.30157282
14.68713142
0.0
21.00993159
20.63333848
20.53423503
20.53423503
20.73244193
21.24777987
21.94150403
22.71451095
23.26949027
23.30913165
23.03164199
22.69469026
22.37755921
22.199173
22.08024886
22.11989024
22.41720059
23.17038682
23.6262627
23.72536615
23.44787648
22.89289716
22.0009661
21.12885573
0.0
5.866924293
5.748000152
5.629076011
5.609255321
5.668717392
5.787641533
6.065131195
6.322800168
6.461544999
6.501186379
6.421903619
6.322800168
6.283158787
6.302979477
6.263338097
6.322800168
6.402082928
6.60028983
6.739034661
6.739034661
6.679572591
6.521007069
6.223696717
5.866924293
