0.0
168.4362252
163.9369285
161.8161146
161.9548595
165.6415078
176.9393012
193.588681
199.9709432
200.2286122
199.0591915
198.2861846
196.6014259
195.1545155
195.2139776
195.4518259
194.8175638
195.9671638
201.7349847
205.0252192
204.6288054
202.9440468
196.978019
188.1974533
176.5825288
0.0
169.14977
166.910032
166.2955906
167.1478803
170.7354252
179.6150944
194.0445569
199.9114812
199.7132743
198.3060053
196.6410673
194.4013293
191.606612
191.348943
190.5561154
190.3777292
192.181412
196.6410673
200.2087915
200.2087915
198.127619
192.4192603
183.5792325
175.5716736
0.0
321.2735671
320.005043
319.3906016
319.2716774
320.1239671
322.6610155
327.4972639
331.0451674
328.9243535
327.7747535
327.1206707
324.7223672
323.7907948
324.3457741
324.80165
325.7530431
327.0810294
327.7747535
330.430726
331.0451674
331.1442708
329.4793329
326.0503535
323.6916913
0.0
385.0763688
374.571403
368.6846581
367.9512925
375.661541
396.4138036
424.6186457
434.3109632
439.0679289
447.055667
455.3407155
461.326564
464.4978744
470.0476676
472.7036401
473.9523436
472.8225643
475.2406885
473.1198746
468.8187848
460.9103295
446.163736
424.1033078
400.9725624
0.0
54.15012557
51.98967034
50.6616841
50.08688409
50.48329789
53.0798083
58.29264982
59.58099468
59.60081537
61.24593266
62.93069132
64.51634654
65.86415347
67.33088454
68.30209836
68.73815355
68.81743631
68.40120181
68.73815355
68.08407077
66.93447074
64.65509137
61.12700852
57.04394634
0.0
1035.611241
1005.820744
994.0868953
997.4167713
1028.475793
1105.63774
1221.549136
1270.724268
1262.815813
1255.501978
1249.496309
1241.508571
1231.99464
1228.724226
1224.799729
1225.612377
1242.995123
1286.144765
1313.180187
1308.779993
1289.415179
1244.91773
1171.323507
1096.440939
0.0
72.78157434
70.68058118
69.8481122
70.08596048
72.2662364
77.69710551
85.84340917
89.29220926
88.73722994
88.22189199
87.8056575
87.25067818
86.57677471
86.33892643
86.06143676
86.12089883
87.34978163
90.38234722
92.28513348
91.96800244
90.62019551
87.48852646
82.31532632
77.04302273
0.0
297.032863
286.9441317
282.4844765
281.9691385
288.3514007
309.381153
341.1933608
354.2155542
351.2622714
348.3684506
346.5449471
345.2566023
345.1178574
346.9017195
349.6766162
353.9182439
361.014051
372.8866444
382.4600377
380.1806584
373.2235961
358.8139543
336.9517331
314.3363256
0.0
359.1509061
349.557692
345.0385747
345.3755264
353.1848783
377.2868376
412.7856937
426.4025079
426.9574872
424.4600802
422.8149629
419.2075973
416.1353903
416.2741352
416.7894731
415.4218455
417.8796111
430.168439
437.1849633
436.3524943
432.7649494
420.0202456
401.3095141
376.5336514
0.0
1838.349194
1785.447771
1764.636047
1770.522792
1825.683773
1962.664562
2168.403326
2255.673825
2241.660597
2228.658225
2217.994693
2203.8229
2186.955492
2181.14803
2174.171147
2175.598237
2206.478872
2283.066019
2331.05191
2323.242558
2288.853661
2209.86821
2079.249862
1946.292672
0.0
77.49889861
75.25916062
74.38705025
74.62489853
76.96373997
82.73156081
91.39320242
95.0798508
94.48523009
93.95007146
93.49419558
92.89957488
92.18603003
91.94818175
91.6508714
91.71033347
92.99867833
96.22945083
98.25116123
97.93403018
96.4871198
93.15724385
87.64709198
82.03783666
0.0
778.8143793
775.761993
774.2556205
773.9979516
776.0593033
782.2037173
793.8979245
802.5397454
797.386366
794.5916487
793.0059934
787.1985312
784.9389725
786.2471381
787.3769174
789.7157589
792.8870693
794.571828
801.033373
802.500104
802.757773
798.6945315
790.409483
784.7011243
0.0
1360.809305
1321.643621
1306.242945
1310.603497
1351.434119
1452.816949
1605.119132
1669.734582
1659.348541
1649.735506
1641.846871
1631.341905
1618.854871
1614.553781
1609.400401
1610.450898
1633.304154
1690.011148
1725.529825
1719.742184
1694.292417
1635.821381
1539.136055
1440.726328
0.0
165.8198941
165.1658113
164.8486802
164.7892182
165.2252733
166.5334389
169.0308459
170.87417
169.7642114
169.1695907
168.832639
167.6037562
167.1280596
167.4055493
167.6433975
168.1389148
168.8128183
169.1695907
170.557039
170.8543494
170.9138114
170.0615217
168.2776596
167.0685975
0.0
75.95288477
73.37619505
72.22659502
72.10767088
73.73296747
79.10437451
87.25067818
90.58055413
89.80754721
89.07418167
88.6183058
88.28135406
88.24171268
88.69758856
89.4111334
90.50127136
92.30495417
95.33751977
97.79528535
97.20066465
95.43662322
91.74997485
86.16054022
80.37289868
0.0
15.55924179
15.36103489
15.30157282
15.38085558
15.69798662
16.53045561
17.85844185
18.39360049
18.3737798
18.23503497
18.09629013
17.87826254
17.62059357
17.60077288
17.52149012
17.52149012
17.68005564
18.09629013
18.41342118
18.41342118
18.23503497
17.69987633
16.88722803
16.1538625
0.0
312.1758703
301.5916218
296.8742975
296.3589596
303.0583529
325.1584224
358.5959267
372.272203
369.1801753
366.127789
364.2250028
362.8573751
362.7186303
364.6015959
367.5152373
371.9550719
379.4274721
391.8946863
401.9635969
399.5652934
392.2712794
377.1084514
354.1362715
330.3712639
0.0
187.5235498
180.0709703
175.4329288
173.4706805
174.8184874
183.8369014
201.8340881
206.2937434
206.3928469
212.0813849
217.9284885
223.4188197
228.0965026
233.1507786
236.5401166
238.0266684
238.3437994
236.8572477
238.0663098
235.7869304
231.783151
223.9341577
211.6651504
197.5726397
0.0
126.0397689
121.0251342
117.9132859
116.5852996
117.4970514
123.5621826
135.6528036
138.6655485
138.7250106
142.5305831
146.4749004
150.1615488
153.2932179
156.7023766
158.9817559
159.9926111
160.190818
159.1799628
160.0124318
158.4862387
155.7906248
150.4985005
142.2530934
132.7788035
0.0
833.1627117
809.1994973
799.7648488
802.4208213
827.4345323
889.5129339
982.7494605
1022.311558
1015.968937
1010.062372
1005.245944
998.8240403
991.1732539
988.5371021
985.3657916
986.0198744
1000.013282
1034.71931
1056.462607
1052.934524
1037.355462
1001.539475
942.3548939
882.0999958
0.0
244.706241
240.801565
239.4537581
239.9889167
243.7152065
253.982324
273.0696486
282.3655523
279.5510143
276.6373729
272.53449
269.1847933
266.8657726
266.5882829
266.7864898
267.9360899
271.5038141
275.7058004
281.3348764
280.8790005
279.1347798
273.0300072
262.2079104
251.7029446
0.0
162.5693009
159.9727904
159.0808594
159.4376318
161.9152181
168.7335355
181.4187772
187.5830119
185.719867
183.7774394
181.0620048
178.8420875
177.2960737
177.0978668
177.2366116
178.0096185
180.3682806
183.162998
186.9091084
186.5919774
185.4423773
181.3791358
174.204046
167.2271631
0.0
251.742586
243.1998685
239.4141167
238.9780615
244.4089306
262.2277311
289.1838697
300.2239942
297.7067665
295.2688216
293.7228078
292.6326698
292.5137457
294.0201181
296.3787803
299.9663252
305.9719943
316.0409049
324.1673879
322.2249603
316.3382153
304.1088494
285.5963248
266.4098967
0.0
263.5953587
254.6562274
250.6920894
250.2362135
255.9049309
274.5760211
302.8006839
314.3561463
311.7398152
309.1631254
307.5576495
306.4080495
306.2891254
307.8747806
310.3325462
314.0786566
320.3816361
330.9262433
339.4293193
337.3877883
331.2235536
318.4392084
299.0347528
278.9563936
0.0
343.5520229
329.9153881
321.412312
317.8049464
320.2825326
336.8328089
369.7946167
377.9805617
378.158948
388.5648103
399.2878037
409.3368936
417.8994318
427.1556941
433.3793908
436.114646
436.6696254
433.9541908
436.1741081
432.0117632
424.6781078
410.268466
387.7918034
361.9654441
0.0
650.8916448
648.3545965
647.0860723
646.8680447
648.6122655
653.7260035
663.5174245
670.7321557
666.4112453
664.0922245
662.7642383
657.9081692
656.0053829
657.1153416
658.0667347
660.0091623
662.6651348
664.0724038
669.4636315
670.712335
670.9105419
667.5212039
660.5839623
655.807176
0.0
1775.200475
1724.102735
1704.004556
1709.693094
1762.971109
1895.234574
2093.917173
2178.194747
2164.657216
2152.090898
2141.80396
2128.127684
2111.815256
2106.206001
2099.486787
2100.854414
2130.664732
2204.635548
2250.976322
2243.424639
2210.224983
2133.935146
2007.816095
1879.437484
0.0
99.12327159
97.53761638
96.98263705
97.20066465
98.7070371
102.869382
110.5994512
114.3653823
113.235603
112.0463616
110.3814236
109.0336167
108.0822236
107.9831201
108.0624029
108.5182787
109.9651891
111.6697685
113.9491478
113.7707616
113.0572168
110.5796305
106.199258
101.9576303
0.0
1847.407249
1784.714406
1756.905978
1753.754488
1793.475151
1924.232244
2122.141836
2203.069714
2184.695934
2166.718568
2155.440595
2147.373574
2146.501464
2157.640692
2174.845051
2201.186748
2245.347246
2319.159496
2378.780132
2364.548876
2321.339772
2231.67097
2095.720856
1955.053417
0.0
320.0446843
314.9309463
313.1867255
313.8804497
318.7365188
332.1749467
357.1490164
369.2990994
365.6322718
361.8068786
356.4552922
352.055099
349.0225334
348.6459403
348.9234299
350.4298024
355.1074853
360.5779958
367.9512925
367.3566718
365.0772924
357.0895543
342.9574022
329.2018432
0.0
58.23318775
55.93398769
54.48707731
53.87263591
54.2888704
57.10340841
62.69284304
64.08029135
64.10011204
65.86415347
67.68765697
69.39223632
70.83914671
72.40498123
73.45547781
73.93117437
74.03027782
73.55458126
73.93117437
73.23745022
71.98874674
69.55080184
65.74522933
61.3648568
0.0
464.1807433
445.7475015
434.2515012
429.3954321
432.7451287
455.0830465
499.6201374
510.6800825
510.9179308
524.9708001
539.4795453
553.0567181
564.6121805
577.1388567
585.5428293
589.2294777
589.9826639
586.2960155
589.3087605
583.6995051
573.7693393
554.3054216
523.9401242
489.0557095
0.0
471.6135022
455.6182052
448.5025774
447.7097498
457.8381225
491.2359854
541.739104
562.4120839
557.7145803
553.1360009
550.2421801
548.200649
547.9628007
550.8169801
555.1973527
561.9363873
573.1945393
592.0440157
607.2663058
603.6391195
592.598995
569.7060979
535.0000694
499.0849787
0.0
386.4836378
380.2995825
378.1787686
379.0112376
384.8979826
401.1113072
431.2783976
445.9457084
441.5256945
436.887653
430.4459287
425.1339837
421.467156
421.0112801
421.3482319
423.1717354
428.8008114
435.4209219
444.3402325
443.5870462
440.8319703
431.1991149
414.1335006
397.543583
0.0
152.0643351
150.0426247
149.4876453
150.2606523
153.4914248
161.4791629
174.4418943
179.7141979
179.5358117
178.2672875
176.7807357
174.7590253
172.2616184
172.0039494
171.3102252
171.1516597
172.7769563
176.760915
179.9718668
179.9916875
178.108722
172.9751632
165.0468871
157.8321559
0.0
36.05383544
34.82495265
34.26997332
34.21051125
34.98351817
37.5403872
41.40542179
42.991077
42.63430458
42.27753216
42.05950456
41.90093904
41.88111835
42.09914594
42.43609768
42.95143562
43.8037253
45.25063568
46.4200564
46.14256674
45.29027706
43.54605633
40.89008384
38.1548286
0.0
440.6535841
427.9683424
422.9735285
424.3807975
437.6011978
470.4440814
519.7579586
540.6687867
537.3190901
534.2072417
531.6503727
528.241214
524.1977932
522.8103449
521.1454069
521.4823587
528.8754761
547.2492559
558.7452562
556.8622906
548.6367042
529.6881244
498.3912546
466.5195848
0.0
82.47389184
79.20347796
77.16194687
76.28983651
76.88445721
80.86841594
88.77687132
90.73911965
90.77876103
93.27616799
95.85285771
98.27098192
100.312513
102.552251
104.0388028
104.6928855
104.8316304
104.1775476
104.7127062
103.701851
101.9378096
98.48900951
93.09778178
86.89390575
0.0
277.7473315
270.1758279
265.9143795
265.3990415
270.9488348
285.9134559
306.2693047
313.2660083
316.675167
322.4429879
328.4288363
332.7497468
335.0291261
339.0329055
340.9356918
341.8474435
341.0347952
342.779016
341.2528228
338.1409745
332.4524364
321.8087258
305.8927116
289.2235111
0.0
162.8071491
158.1294663
156.2861421
156.80148
161.6773698
173.8076322
192.0426672
199.7727363
198.5240328
197.3744328
196.4230397
195.1743362
193.6679638
193.1724465
192.5381844
192.6769292
195.4121845
202.1908605
206.4324882
205.7387641
202.7061985
195.7094948
184.1342118
172.3607218
0.0
76.66642962
75.43754683
75.02131233
75.17987786
76.34929858
79.56025039
85.54609882
88.45974028
87.56780922
86.65605747
85.3875333
84.31721603
83.60367118
83.50456773
83.58385049
83.94062292
85.05058157
86.35874712
88.14260923
87.98404371
87.44888508
85.52627813
82.13694011
78.84670554
0.0
452.9820534
439.9598599
434.8263012
436.2732116
449.870205
483.6248404
534.3261659
555.8316147
552.3828146
549.1718628
546.535711
543.0472696
538.8849246
537.4578349
535.7532556
536.0902073
543.7013523
562.5706494
574.4036014
572.4809945
563.9977391
544.5338213
512.3450205
479.6012403
0.0
78.88634692
76.21055374
75.02131233
74.8825675
76.58714686
82.1567608
90.62019551
94.0689956
93.27616799
92.52298176
92.02746451
91.69051278
91.6508714
92.12656796
92.8599335
93.98971284
95.8726784
99.02416814
101.5810372
100.9665958
99.12327159
95.29787839
89.49041617
83.48474704
0.0
16.03493836
15.61870386
15.40067627
15.42049696
15.77726938
16.84758665
18.43324187
19.04768326
19.06750395
18.94857981
18.88911774
18.73055222
18.59180739
18.59180739
18.61162808
18.55216601
18.67109015
19.20624879
19.52337983
19.48373845
19.32517293
18.75037291
17.91790392
16.80794527
0.0
274.6354831
265.2999381
261.1772345
260.7015379
266.6081036
286.0522007
315.4661049
327.4972639
324.7620086
322.1060361
320.4212775
319.2122154
319.0932912
320.7582292
323.2952775
327.2197742
333.7804226
344.761085
353.6209335
351.5001197
345.078216
331.7587122
311.5416083
290.6307801
0.0
134.9987208
129.6273138
126.2974378
124.8703481
125.841562
132.3427483
145.3054797
148.5164315
148.5957143
152.6787765
156.9005835
160.8449008
164.1945975
167.8416044
170.2795493
171.3696873
171.5877149
170.5173976
171.389508
169.7443907
166.8703906
161.2016732
152.3814661
142.2332727
0.0
1270.823372
1227.69355
1208.566584
1206.406129
1233.71904
1323.665332
1459.813652
1515.470151
1502.844371
1490.47626
1482.70655
1477.176577
1476.562136
1484.232743
1496.065695
1514.181806
1544.566924
1595.327711
1636.35654
1626.565119
1596.834084
1535.152096
1441.618259
1344.87347
0.0
41.28649765
40.63241487
40.41438728
40.49367004
41.12793212
42.85233217
46.08310467
47.64893919
47.17324263
46.67772538
45.98400122
45.42902189
45.03260809
44.99296671
45.0127874
45.2109943
45.8254357
46.51915985
47.47055298
47.39127022
47.09395987
46.06328398
44.23978048
42.47573906
0.0
252.2381032
242.208834
235.9653166
233.3291648
235.1526683
247.2829307
271.4839934
277.5094832
277.6284074
285.2593731
293.1480078
300.5213045
306.8044633
313.60296
318.1815395
320.1834292
320.5996637
318.597774
320.2230706
317.1706843
311.7794565
301.2150287
284.7043938
265.7558139
0.0
1464.312949
1458.564949
1455.750411
1455.254894
1459.139749
1470.675391
1492.676357
1508.909502
1499.197364
1493.984522
1490.971777
1480.070398
1475.808949
1478.286536
1480.42717
1484.787722
1490.773571
1493.92506
1506.075143
1508.85004
1509.325737
1501.694771
1486.095888
1475.353074
0.0
322.8592224
310.0352358
302.0474977
298.6779803
300.9970011
316.5364222
347.5161609
355.2065887
355.3849749
365.1565752
375.2254858
384.679955
392.7271552
401.4284382
407.2755418
409.8522316
410.3675695
407.8107005
409.8918729
405.987197
399.0895968
385.5520654
364.4232097
340.1626849
0.0
438.3742047
423.4888664
416.8885766
416.155211
425.5700389
456.6092397
503.5644547
522.7707035
518.4101517
514.1487033
511.4729101
509.5503032
509.3520963
511.9882481
516.0713102
522.3148276
532.7999727
550.3214629
564.453615
561.0840976
550.8368008
529.5493796
497.2812959
463.9230744
0.0
867.948023
864.5388643
862.8739263
862.576616
864.8956367
871.7337748
884.775789
894.3888237
888.6408236
885.5487959
883.7649338
877.2835681
874.7663404
876.2528922
877.5015957
880.0981061
883.6460096
885.5091545
892.704065
894.369003
894.626672
890.1273753
880.871113
874.5086715
0.0
153.7490937
149.6263902
147.7037832
147.8425281
151.1922247
161.4989836
176.701453
182.5287359
182.7665842
181.6962669
181.0025427
179.4565289
178.1285427
178.1880047
178.4060323
177.8312323
178.8817289
184.1342118
187.1469567
186.7901843
185.2441704
179.7934806
171.7859218
161.1818525
0.0
591.7268847
574.7009118
567.9816978
569.8844841
587.6438225
631.7250374
697.965784
726.051702
721.5325846
717.350419
713.9214396
709.3626809
703.9318118
702.0488462
699.8091082
700.2649841
710.2149706
734.8719091
750.3122268
747.7949991
736.735054
711.3051085
669.2654246
626.4725545
0.0
200.6448467
193.84635
190.8137844
190.4768326
194.7977431
208.9893573
230.4948061
239.2753719
237.2933028
235.3310545
234.1021717
233.2300614
233.1309579
234.34002
236.2229856
239.077165
243.873772
251.8813308
258.3626965
256.8166827
252.1191791
242.3872202
227.620806
212.3390539
0.0
752.9681993
732.4339642
720.8983226
719.4712329
734.5547781
775.1277309
830.2887117
849.2372915
858.5331952
874.151899
890.3652236
902.0792515
908.2434861
919.1250451
924.2982452
926.7560108
924.5360935
929.2732384
925.1108935
916.7267415
901.2467825
872.4076783
829.2976772
784.0470415
0.0
840.6152913
829.4760634
826.4236771
830.6653048
848.4841053
892.644603
964.35586
993.5120953
992.4814194
985.5243572
977.2393087
966.0802601
952.2255977
950.8976114
946.9731148
946.1406458
955.0995977
977.1996673
994.9590057
994.9986471
984.6522468
956.2491978
912.346369
872.5067818
0.0
2797.571495
2786.590832
2781.219425
2780.248212
2787.68097
2809.721578
2851.761262
2882.760821
2864.248297
2854.258669
2848.510669
2827.659303
2819.55264
2824.289785
2828.353027
2836.697537
2848.134076
2854.159565
2877.349773
2882.681538
2883.553649
2869.005262
2839.194944
2818.68053
0.0
490.7008268
476.5884954
471.0387021
472.6045367
487.3313095
523.8806622
578.8037947
602.1129263
598.3668159
594.8981951
592.0440157
588.2582639
583.7589672
582.2129534
580.3498085
580.7264016
588.9718087
609.4069403
622.2111062
620.1299337
610.9529541
589.8637398
555.0189664
519.5201103
0.0
900.8900101
870.3066851
856.7493331
855.2231399
874.5879542
938.3511145
1034.858055
1074.321049
1065.362097
1056.601352
1051.0912
1047.166704
1046.730648
1052.181338
1060.56549
1073.409297
1094.934567
1130.92894
1160.005893
1153.068651
1131.999258
1088.274815
1021.974606
953.3751977
0.0
625.8382925
608.7726782
599.1794642
598.0100434
610.5367196
644.2517136
690.09697
705.8544187
713.5646672
726.56704
740.0252886
749.7572475
754.8908062
763.9488616
768.2301307
770.2716618
768.4283376
772.372655
768.9238549
761.9271512
749.083344
725.1003089
689.2843217
651.6646518
0.0
829.5949875
805.7308765
796.3358694
798.9918419
823.8866287
885.7073614
978.5474742
1017.931186
1011.608385
1005.741461
1000.925033
994.5427712
986.9118055
984.2954744
981.1638053
981.7980674
995.7320126
1030.299296
1051.94349
1048.415407
1032.915627
997.2582057
938.3114732
878.314244
0.0
834.0942842
805.7903386
793.2438417
791.816752
809.7544766
868.780492
958.1321633
994.681516
986.3766468
978.2699846
973.1760672
969.5290602
969.1326464
974.1671017
981.9368122
993.8292263
1013.768841
1047.087421
1074.003918
1067.582015
1048.078455
1007.584785
946.2001078
882.6946165
0.0
118.3889824
113.6914789
110.7580167
109.5093132
110.3616029
116.0699617
127.4272172
130.2417552
130.3012172
133.8887622
137.5952312
141.063852
143.9973142
147.1884453
149.3489005
150.2804729
150.4786799
149.5272867
150.3002936
148.8732039
146.3361556
141.3809831
133.6310932
124.7316033
0.0
22.02078679
21.66401437
21.54509023
21.6045523
21.94150403
22.85325578
24.57765582
25.41012481
25.15245584
24.89478687
24.53801444
24.2208834
24.0226765
23.98303512
24.00285581
24.12177995
24.43891099
24.81550411
25.31102136
25.27137998
25.11281446
24.57765582
23.60644201
22.65504888
0.0
1345.527553
1308.859276
1288.245758
1285.70871
1312.664849
1385.149113
1483.697584
1517.590964
1534.180882
1562.108235
1591.066263
1611.996912
1623.037036
1642.481133
1651.717575
1656.078127
1652.133809
1660.617065
1653.184306
1638.160223
1610.530181
1558.976565
1481.953363
1401.104768
0.0
1891.508285
1839.954669
1810.97682
1807.409096
1845.306256
1947.204424
2085.751048
2133.380167
2156.709119
2195.973906
2236.685604
2266.099508
2281.619109
2308.951841
2321.934393
2328.078807
2322.529013
2334.461069
2323.995744
2302.886709
2264.038157
2191.573713
2083.273462
1969.621625
0.0
1270.466599
1235.839853
1216.375936
1213.977632
1239.427398
1307.868242
1400.926382
1432.916976
1448.575321
1474.95666
1502.289392
1522.05062
1532.476303
1550.850082
1559.551365
1563.69389
1559.947779
1567.975159
1560.938814
1546.76702
1520.663171
1472.003377
1399.261444
1322.931966
0.0
511.4927308
503.3266064
500.5318891
501.6220271
509.4115583
530.8575451
570.7764151
590.2205122
584.3535879
578.2289946
569.6862772
562.6697528
557.8136838
557.219063
557.6551182
560.0534217
567.5258219
576.286567
588.0798777
587.0888432
583.4418362
570.6971324
548.1015456
526.1402208
0.0
246.3117169
236.5401166
230.435344
227.8586543
229.6226957
241.4952892
265.1215519
270.9884761
271.127221
278.5798005
286.2702283
293.4849595
299.6095528
306.249484
310.7091393
312.6713876
313.0678014
311.1253738
312.711029
309.7379255
304.4656219
294.1390423
278.0248212
259.5122965
0.0
352.8082852
338.7950573
330.0739536
326.3873052
328.9243535
345.910685
379.7644239
388.1683965
388.3467827
399.0301347
410.0504385
420.377018
429.1575838
438.6715151
445.0537773
447.8683153
448.4431153
445.648398
447.9277774
443.666329
436.114646
421.3284112
398.2373071
371.7370443
0.0
477.1434747
458.1948949
446.3817636
441.3869496
444.8357497
467.788109
513.593724
524.9509794
525.2086484
539.6381109
554.5432699
568.5168565
580.3894499
593.2530778
601.8948987
605.7004712
606.4734781
602.6877263
605.779754
599.9921125
589.8042777
569.8052013
538.5677936
502.7319857
0.0
71.15627775
70.02649841
69.6300846
69.78865013
70.87878809
73.85189161
79.40168486
82.11711942
81.30447112
80.45218144
79.26294003
78.27190552
77.59800206
77.5187193
77.57818137
77.9151331
78.96562968
80.17469178
81.81980907
81.68106423
81.16572629
79.40168486
76.25019512
73.19780884
0.0
28.0660973
27.68950418
27.59040073
27.72914556
28.32376627
29.81031803
32.18880085
33.16001467
33.14019398
32.9023457
32.62485604
32.24826292
31.79238705
31.75274567
31.61400084
31.59418015
31.8914905
32.62485604
33.21947674
33.21947674
32.88252501
31.93113188
30.46440081
29.13641457
0.0
690.4339218
670.5537695
662.7444176
664.9445142
685.6769561
737.1116471
814.3925181
847.1759397
841.9036361
837.0079256
833.0239669
827.6922013
821.3495804
819.1693045
816.5529734
817.088132
828.6832358
857.4430572
875.4798853
872.5464231
859.6233331
829.9517599
780.9153724
730.9672332
0.0
88.67776787
87.27049887
86.77498161
86.97318851
88.32099544
92.0472852
98.96470607
102.3342234
101.3233682
100.2530509
98.76649917
97.55743707
96.70514739
96.60604394
96.6853267
97.10156119
98.38990606
99.9160992
101.9576303
101.7990648
101.1648027
98.94488538
95.02038873
91.21481621
0.0
224.5485991
218.0870541
215.5500057
216.2635506
223.0025852
239.7312477
264.8638829
275.5274142
273.8030142
272.2173589
270.9290141
269.1847933
267.1234416
266.4297174
265.5774277
265.7359933
269.5217451
278.8771108
284.7242144
283.7728213
279.570835
269.9181589
253.982324
237.729358
0.0
206.2144606
199.217757
196.1059086
195.7491362
200.1889708
214.7769988
236.8770683
245.8954824
243.8539513
241.8520616
240.5835374
239.6916064
239.5925029
240.8412064
242.7638133
245.6972755
250.6326273
258.8582138
265.5179657
263.9323104
259.096062
249.1064342
233.9237855
218.2257989
0.0
109.5687753
105.2082235
102.4927889
101.3630096
102.1360165
107.4083201
117.9331066
120.5494377
120.5890791
123.918955
127.3281137
130.5390655
133.2743208
136.2276036
138.2096726
139.081783
139.2601692
138.3880588
139.1016037
137.7736174
135.434776
130.8363759
123.661286
115.4356996
0.0
880.2368509
856.7096917
845.6497466
846.4425742
865.6091816
924.6748383
1011.667848
1045.06571
1046.433338
1040.269103
1036.265324
1027.425296
1019.873613
1020.210565
1021.479089
1018.129393
1024.154882
1054.282331
1071.46687
1069.425339
1060.644773
1029.407365
983.5422881
922.8513348
0.0
952.0472114
924.6351969
913.8725622
916.9051278
945.486563
1016.424813
1122.961023
1168.172017
1160.917645
1154.17861
1148.648637
1141.314982
1132.574058
1129.561313
1125.953947
1126.707133
1142.68261
1182.343811
1207.198956
1203.155535
1185.356556
1144.446651
1076.798635
1007.941558
0.0
1631.540112
1576.161104
1551.603269
1548.828372
1583.910994
1699.386335
1874.165181
1945.63859
1929.405444
1913.529071
1903.579085
1896.443636
1895.67063
1905.521513
1920.704161
1943.973652
1982.98077
2048.17102
2100.814773
2088.248455
2050.073806
1970.890149
1850.816408
1726.600142
0.0
1736.708694
1689.357065
1662.757699
1659.487285
1694.272597
1787.826254
1915.055265
1958.779707
1980.186052
2016.259709
2053.62171
2080.63731
2094.868566
2119.98138
2131.893615
2137.542512
2132.428774
2143.389615
2133.796401
2114.411766
2078.734524
2012.216288
1912.775885
1808.419951
0.0
139.2007071
133.6707346
130.2219345
128.7750241
129.7660586
136.4654519
149.8245971
153.1346523
153.2139351
157.4357421
161.7764733
165.8595354
169.3083355
173.0742667
175.5914943
176.701453
176.9194806
175.8095219
176.7212737
175.036515
172.0634115
166.2163079
157.1186111
146.6532866
0.0
1950.395555
1897.216643
1867.346863
1863.660215
1902.726795
2007.816095
2150.683629
2199.779479
2223.821976
2264.335467
2306.295868
2336.621524
2352.636642
2380.821663
2394.200629
2400.54325
2394.81507
2407.123719
2396.321443
2374.558325
2334.520531
2259.796529
2148.12676
2030.927019
0.0
3.131669049
3.032565598
2.992924217
3.012744907
3.092027668
3.32987595
3.686648374
3.825393205
3.805572515
3.785751825
3.765931134
3.746110444
3.706469064
3.706469064
3.686648374
3.686648374
3.746110444
3.884855275
3.964138036
3.944317346
3.884855275
3.746110444
3.528082852
3.31005526
0.0
166.2955906
160.6665146
158.149287
157.8717973
161.4395215
173.2130115
191.031812
198.3258259
196.660888
195.0554121
194.0247362
193.3111913
193.2319086
194.2229431
195.7689569
198.1474397
202.1313985
208.7713297
214.1427367
212.8543918
208.9695366
200.9025157
188.6533291
175.9879081
0.0
2608.640676
2537.54386
2497.565528
2492.649997
2544.897336
2685.445851
2876.517304
2942.203071
2974.372051
3028.541998
3084.674192
3125.227324
3146.63367
3184.352443
3202.230706
3210.733782
3203.063175
3219.514347
3205.084885
3175.988112
3122.412786
3022.457046
2873.108145
2716.366127
0.0
528.6772692
514.2676274
506.1807858
505.1699306
515.7739999
544.2563317
582.9661396
596.2856434
602.8066505
613.7873128
625.164389
633.3701547
637.7108859
645.3616723
648.9888586
650.7132586
649.1474241
652.4773001
649.5636586
643.6570929
632.8151754
612.55843
582.2724154
550.5196698
0.0
632.3196581
610.8736714
601.3399194
600.2696021
613.8665956
658.621714
726.3688331
754.0583372
747.7751784
741.6109438
737.7657299
734.9908333
734.6935229
738.5189161
744.4056611
753.4240751
768.5274411
793.798821
814.2141319
809.3382421
794.5321866
763.8497582
717.3107776
669.1663212
0.0
164.7297561
160.2304594
157.7132318
157.3961007
160.706156
169.5660045
181.6368048
185.7793291
187.8208602
191.2498396
194.7779224
197.3546121
198.7024191
201.0809019
202.2106812
202.7458399
202.2503226
203.3008192
202.3890674
200.5457432
197.1762259
190.8534257
181.4187772
171.5282528
0.0
126.0595895
122.4324032
121.0053136
121.421548
125.2072999
134.5824863
148.6948177
154.6806662
153.729273
152.837342
152.1039764
151.1327626
149.9831626
149.5669281
149.0912315
149.190335
151.3111488
156.5636317
159.8538663
159.3187077
156.9600455
151.5489971
142.5900452
133.4725277
0.0
185.8387911
182.8656876
181.8350117
182.2512462
185.0657842
192.8751361
207.3640607
214.4400471
212.2994125
210.0794952
206.9676469
204.4305985
202.6467364
202.4485295
202.607095
203.4792054
206.1946399
209.3659504
213.6472195
213.290447
211.9624608
207.34424
199.1384742
191.1507361
0.0
182.0332186
177.0780461
174.2833288
173.946377
177.593384
187.384805
200.7241295
205.3027089
207.5622676
211.3281987
215.2526954
218.0870541
219.5736058
222.2097576
223.4584611
224.0530818
223.5179232
224.6675232
223.656668
221.6349576
217.8888472
210.9119642
200.4862812
189.5452602
0.0
1039.852869
1011.509282
995.5932678
993.6310194
1014.442744
1070.475835
1146.646748
1172.829879
1185.653866
1207.238598
1229.616157
1245.78984
1254.312737
1269.356641
1276.472268
1279.861606
1276.80922
1283.369869
1277.621868
1266.006944
1244.660061
1204.820473
1145.27912
1082.804305
0.0
581.7570775
565.028415
558.4281251
560.29127
577.7532981
621.1011475
686.2121147
713.8223362
709.3825016
705.2796187
701.9101014
697.4108047
692.079039
690.2357149
688.0356182
688.4914941
698.2630944
722.5037985
737.6864471
735.2088609
724.327302
699.3334116
657.9874519
615.9279474
0.0
699.313591
680.6226801
671.8421144
672.4763764
687.6986665
734.6142402
803.7289868
830.268891
831.3590289
826.4633185
823.2721873
816.255663
810.2499939
810.5274836
811.5185181
808.8625456
813.6591526
837.6025463
851.2391812
849.6138846
842.6568223
817.8214975
781.391069
733.1673298
0.0
436.5903426
424.024025
419.0886732
420.4761215
433.5775977
466.123171
514.9811723
535.7136142
532.3837383
529.2917106
526.7546622
523.3851449
519.3813655
518.0137379
516.3487999
516.6857516
524.019407
542.2148006
553.6116974
551.7485526
543.5824282
524.8320553
493.8126752
462.2383157
0.0
1151.066762
1119.690609
1102.050195
1099.869919
1122.941202
1184.940321
1269.257537
1298.255207
1312.446821
1336.350573
1361.106615
1379.004699
1388.459168
1405.088727
1412.977362
1416.723472
1413.353955
1420.608327
1414.245886
1401.402079
1377.755995
1333.654959
1267.751165
1198.596777
0.0
870.7427403
845.6893879
835.8186842
838.6134015
864.7370712
929.6101902
1027.068524
1068.414483
1061.774552
1055.610318
1050.575862
1043.856648
1035.84909
1033.113834
1029.803779
1030.477682
1045.105352
1081.377215
1104.111547
1100.405077
1084.132291
1046.710828
984.8504537
921.880121
0.0
610.6160024
593.0548709
586.13745
588.0996983
606.4140161
651.9223207
720.2640605
749.2419095
744.5840473
740.2631369
736.735054
732.0177298
726.4084744
724.4858675
722.1668467
722.6425433
732.9096608
758.3396063
774.2754412
771.6789308
760.2622133
734.0196195
690.6519493
646.4716309
0.0
212.0219229
203.6179502
198.3654673
196.14555
197.6717432
207.8793986
228.2352474
233.2697027
233.3886269
239.8105305
246.430641
252.634517
257.9068206
263.6350001
267.4603933
269.1649727
269.5019244
267.8171657
269.1847933
266.6279243
262.0889863
253.2093171
239.3348339
223.398999
0.0
1984.348397
1927.26481
1904.788147
1911.130768
1970.691942
2118.53447
2340.625303
2434.833044
2419.709857
2405.656988
2394.160988
2378.859415
2360.644201
2354.380862
2346.868821
2348.395014
2381.713594
2464.405514
2516.196977
2507.753363
2470.649031
2385.380422
2244.395853
2100.874235
0.0
637.1757272
619.8128026
610.0412024
608.851961
621.6164854
655.9459208
702.6038255
718.6585846
726.5075779
739.7477989
753.4637165
763.3542409
768.5869031
777.8035241
782.1640759
784.2452484
782.3622828
786.3858829
782.8578001
775.761993
762.6803375
738.2612472
701.7713565
663.4976038
0.0
1491.843888
1451.171832
1428.318576
1425.504038
1455.393639
1535.746717
1645.038002
1682.59821
1700.991811
1731.971549
1764.061247
1787.271275
1799.500641
1821.065552
1831.312849
1836.149097
1831.768724
1841.183552
1832.938145
1816.288765
1785.645978
1728.502929
1643.075754
1553.446593
0.0
126.3172585
122.6702515
121.2431618
121.6395756
125.4451482
134.8401553
148.9921281
154.9779765
154.0265834
153.1346523
152.4012868
151.4102523
150.2606523
149.8642385
149.3885419
149.4876453
151.6084592
156.8609421
160.1511767
159.616018
157.2573559
151.8264868
142.8675348
133.7301966
0.0
1010.518247
976.2086328
961.0061634
959.2817634
981.0052398
1052.538111
1160.7789
1205.058322
1195.009232
1185.158349
1178.994114
1174.593921
1174.118224
1180.203176
1189.618004
1204.027646
1228.169246
1268.543992
1301.168848
1293.379317
1269.733234
1220.696846
1146.329617
1069.385697
0.0
1184.62319
1150.551424
1137.132816
1140.918568
1176.476886
1264.73842
1397.319016
1453.570135
1444.5319
1436.147748
1429.28979
1420.152451
1409.270893
1405.524782
1401.045306
1401.957058
1421.857031
1471.210549
1502.130826
1497.096371
1474.936839
1424.037307
1339.878656
1254.193813
0.0
186.7703636
181.7755496
179.4168875
179.5952737
183.6585152
196.1851914
214.6580747
221.7340611
222.0313714
220.7232059
219.8709162
217.9879506
216.4022954
216.4617575
216.7392471
216.0257023
217.2942265
223.6963094
227.3433164
226.9072612
225.0441163
218.4041851
208.6920469
195.8085983
0.0
126.3767206
122.9477412
121.0053136
120.7674653
123.3045136
130.1030103
139.3592727
142.5504038
144.0964176
146.7325694
149.448004
151.4102523
152.4607489
154.2842524
155.136542
155.5527765
155.1761834
155.9888317
155.2752869
153.8680179
151.2715075
146.4352591
139.2007071
131.6093828
0.0
1155.209286
1109.324388
1080.742953
1068.652332
1076.977022
1132.574058
1243.431178
1270.942296
1271.556737
1306.520435
1342.594091
1376.428009
1405.16801
1436.345955
1457.236963
1466.433763
1468.316729
1459.139749
1466.612149
1452.658383
1427.961803
1379.539857
1303.943745
1217.129122
0.0
343.4132781
329.7766432
321.2735671
317.6860222
320.1636085
336.6940641
369.6360512
377.8219962
378.0003824
388.4062448
399.1292382
409.1783281
417.7210456
426.9971286
433.2010046
435.9362598
436.4912392
433.7758046
435.9957219
431.833377
424.4997216
410.1099005
387.6332379
361.8266992
0.0
2321.141565
2254.345839
2228.063604
2235.496363
2305.146268
2478.08179
2737.871576
2848.054793
2830.354916
2813.943385
2800.485136
2782.606874
2761.279811
2753.946156
2745.16559
2746.949452
2785.93675
2882.641897
2943.213926
2933.363043
2889.955732
2790.218019
2625.309876
2457.428631
0.0
301.9087528
293.2272905
289.8181318
290.769525
299.8474011
322.3240637
356.1183405
370.4486995
368.1494994
366.0286856
364.2646441
361.9456234
359.1707268
358.2193336
357.0697336
357.3075819
362.3816786
374.9479961
382.8366308
381.548286
375.8993893
362.9366579
341.4906711
319.6482705
0.0
1490.258233
1449.645638
1426.812203
1423.997665
1453.847625
1534.12142
1643.293781
1680.814348
1699.188128
1730.128225
1762.198102
1785.368489
1797.597855
1819.142945
1829.370421
1834.206669
1829.826297
1839.241125
1830.995718
1814.366158
1783.763013
1726.659604
1641.331533
1551.801476
0.0
1451.13219
1409.389817
1392.958465
1397.596506
1441.142562
1549.264427
1711.675163
1780.571882
1769.511937
1759.244819
1750.821026
1739.642156
1726.322653
1721.724253
1716.233921
1717.363701
1741.723329
1802.196255
1840.053773
1833.889538
1806.755013
1744.399122
1641.291892
1536.361158
0.0
663.10119
636.7594927
620.367782
613.4107197
618.187506
650.0988172
713.7430534
729.5401435
729.8770952
749.9554544
770.6680756
790.0725313
806.5831662
824.4614288
836.472767
841.7450706
842.8153879
837.562905
841.844174
833.8366152
819.6648217
791.8762141
748.4689026
698.6396875
0.0
55.31954629
54.42761524
54.13030488
54.24922902
55.08169801
57.40071876
61.72162922
63.82262238
63.1883603
62.53427752
61.60270508
60.84951885
60.31436022
60.25489815
60.31436022
60.57202919
61.3648568
62.31624993
63.60459479
63.48567065
63.08925684
61.72162922
59.26386364
56.90520151
0.0
185.719867
183.2621014
182.5881979
183.5197704
187.4640877
197.2158673
213.0525988
219.4943231
219.2762955
217.7302816
215.9067781
213.4291919
210.3768056
210.0794952
209.2073849
209.0289986
211.0110677
215.8869574
219.8114541
219.8312748
217.5320747
211.2687366
201.5565984
192.7760327
0.0
15.00426247
14.80605556
14.74659349
14.82587626
15.1430073
15.93583491
17.20435908
17.73951771
17.71969702
17.60077288
17.44220736
17.24400046
17.00615217
16.96651079
16.90704872
16.88722803
17.04579356
17.44220736
17.7593384
17.7593384
17.58095219
17.06561425
16.29260733
15.57906248
0.0
21.56491092
21.28742125
21.20813849
21.30724194
21.76311782
22.91271785
24.73622135
25.48940757
25.46958688
25.29120067
25.07317308
24.79568342
24.43891099
24.39926961
24.30016616
24.28034547
24.49837306
25.07317308
25.52904895
25.52904895
25.27137998
24.53801444
23.4082351
22.3973799
0.0
6.045310505
5.886744984
5.807462223
5.807462223
5.946207054
6.362441548
6.957062253
7.175089845
7.194910536
7.155269155
7.115627775
7.056165704
7.016524324
7.016524324
7.016524324
6.996703634
7.036345014
7.254372606
7.353476057
7.353476057
7.294013986
7.075986394
6.758855352
6.342620858
