0.0
106.93584759000001
101.62617137000001
97.316570136
94.120454363
91.33674063000001
90.501626511
90.511936566
92.109994451
99.058968735
108.06995316999999
117.36961903
126.1950226
134.27810252
141.07242603
145.28923681
148.371942
149.8050391
148.9596149
145.42326744000002
138.95886562
135.39158799
129.14369716
120.18426296000001
111.22482875
0.0
106.75026668000001
102.04888346999999
98.70842700700001
95.976263517
94.440065944
94.254485023
94.491616195
95.584481587
101.79113217
109.83297187
118.03977237000001
125.865101
132.98934610999999
139.36095760999999
143.97986037
147.27907664
149.43387728
149.382327
146.26869164000001
140.87653507
135.49468846
129.70043989
121.57611984
113.66831077
0.0
168.61057184
165.80623806
163.72360780999998
162.09461974
161.07392468999998
160.20788045999998
159.67175775
159.08408485
161.38322626000001
166.03305919000002
170.50762127
174.20892953
178.13705892000002
181.77650685
184.5396005
186.29230915
187.08618307
186.41602973000002
184.42618989
181.74557668
179.00310315000002
176.74520204
173.14699425
171.15715441
0.0
268.65930551
255.90577255
246.37928555000002
239.40969119000002
235.31660098999998
234.3268361
234.71861803
236.69814782
253.16329901
277.56718944
301.73394867
322.97265346
338.90168203
349.85095607
356.5937293
361.14046177
362.24363718
358.84132044
349.92312646
338.40679963
329.58139606000003
318.0959994
301.22875622000004
283.33050792
0.0
37.507965059
35.518125239999996
34.012857811
32.837512009
32.043638095
31.754956672000002
31.796196877
31.662166216
33.878827151
37.55951531
41.250513516000005
44.529109694
47.271583223
49.364523553000005
50.725450266
51.447153826999994
51.570874441
50.880101029
49.405763756999995
47.570574701
46.436469104000004
44.951821777
42.487719624
39.807106393000005
0.0
715.64125077
672.42151754
639.9345472800001
616.5204217400001
602.94208478
600.68418359
603.98339986
613.44802661
657.6987649399999
720.6725555700001
788.1209083699999
854.84755763
914.58399232
965.21665209
1006.2815845
1034.4692635
1049.9962006
1048.5115531
1022.5920855
979.44452232
940.68904112
898.00543052
837.5576022600001
772.34653054
0.0
50.292428128
47.250963121
44.972441879
43.322833743000004
42.374309066
42.209348248
42.44647942
43.106322674000005
46.219958035
50.642969857
55.38559326
60.076666403000004
64.27285711
67.82982465500001
70.7166389
72.69616866300001
73.789034056
73.68593354400001
71.861054544
68.829899592
66.108046157
63.107821353999995
58.860080397000004
54.272107765
0.0
209.56209391000002
195.80848608
185.35409445000002
177.88961768000001
173.41505561
172.22939975
173.30164499
175.6523366
186.68409108
203.85032579
222.85174948999997
241.46139127
258.66886619
273.68030025999997
286.20701209
295.50667795000004
301.59991804
303.31138646
298.39349218
288.5577037
278.27858290999995
265.92714203
247.30719011
227.33662162000002
0.0
228.02739499
216.70695922
207.50008377
200.6954502
194.76717091999998
192.9835321
193.00415221
196.41677909999999
211.24263225
230.42963687
250.26617473
269.09232767000003
286.33073267
300.81635417
309.8170286
316.39484103
319.44661606
317.63204708
310.10570997
296.31086193
288.70204439
275.38145863
256.28724442
237.16210014
0.0
1270.3426071000001
1193.6152089
1135.9614047
1094.3912790999998
1070.2863809
1066.2757707
1072.1421899999998
1088.9475726
1167.4895402
1279.2814219
1399.0017323
1517.4539069
1623.4927796000002
1713.3861136
1786.2575533000002
1836.3128499999998
1863.8716159
1861.2219332
1815.2184855
1738.6251178999999
1669.8261483
1594.0782045
1486.7711952
1371.0099439
0.0
53.550404203999996
50.31304823
47.879876226
46.127167579
45.116782595
44.94151173
45.188952949
45.900346463
49.209872791
53.921566036
58.973490964
63.963555576
68.438117658
72.22190631999999
75.294301485
77.407861908
78.562587608
78.44917705
76.510887482
73.283841564
70.386717273
67.190601503
62.674799225
57.787835106
0.0
408.73165659999995
401.9579532
396.90602819
392.95727877
390.4828665
388.37961614
387.08054976000005
385.6371426
391.23550029
402.50438588
413.3402493
422.30999355999995
431.84679060999997
440.66188412
447.35310717
451.61115816
453.52882761
451.91014959999995
447.08504581
440.57940368000004
433.92942086
428.45478393
419.75310093999997
414.90737704000003
0.0
940.34880946
883.56104924
840.87743864
810.1019368
792.26554884
789.29625417
793.6367856100001
806.081017
864.21939388
946.9678621200001
1035.593059
1123.2697320000002
1201.7601493000002
1268.3012172
1322.2537138
1359.2977263999999
1379.701317
1377.7424073
1343.6883090000001
1286.9933397999998
1236.0616883
1179.9853214999998
1100.5566895
1014.8698571
0.0
87.027139365
85.58373225199999
84.501176906
83.66606278699999
83.140250193
82.686607952
82.418546631
82.109245107
83.294900955
85.69714281
88.00659420000001
89.91395361
91.94503363300001
93.82146289399999
95.244249909
96.151534386
96.563936427
96.213394689
95.192699657
93.80084279200001
92.388365818
91.223330072
89.36752091299999
88.336515827
0.0
53.581334353
50.065607012
47.395303837
45.487944426999995
44.343528783
44.034227249
44.312598625
44.910581582
47.735535510000005
52.127617184
56.983651145
61.736584595
66.138976315
69.974315236
73.180741052
75.562362805
77.119180485
77.552202624
76.29437641300001
73.789034056
71.149661038
67.994785464
63.241852015
58.128066789
0.0
9.815168424900001
9.3924563396
9.0831548138
8.8254035418
8.691372880700001
8.6707527794
8.691372880700001
8.7944733893
9.3615261871
10.103849847
10.856483566
11.578187127
12.238030381
12.815393227
13.248415365
13.547406844000001
13.743297800999999
13.743297800999999
13.454616379
12.959733943
12.464851497
11.928728857
11.186405193
10.454391575999999
0.0
220.25361664000002
205.78861535
194.80841114
186.9624624
182.2610792
181.0135631
182.13735862
184.61177080000002
196.20026801999998
214.24285700000001
234.21342557999998
253.77159201999999
271.86573128
287.64010910999997
300.80604411999997
310.57997235
316.98251393
318.78677286
313.61112727
303.28045629999997
292.46521298000005
279.48485888
259.92669244
238.92511875
0.0
129.87571075
122.99890688
117.77171102
113.70955099
110.95676739999999
109.94638248
110.09072316999999
109.64739096
117.3283789
130.06129166000002
142.85606485
154.18681067
163.68236759
170.93033337
175.6523366
178.14736889
178.58039105
176.20907932999998
171.08498411
164.72368267000002
160.81617338
155.65083794
147.14504601
137.86600017
0.0
87.284890639
82.66598785
79.150260509
76.428407082
74.58290797
73.902444614
73.995235069
73.6962436
78.86157908599999
87.418921299
96.017503729
103.63663132
110.00824273
114.88489679
118.06039249
119.73062069
120.02961221
118.43155431
114.98799735
110.70932624000001
108.09057328
104.61608615
98.89400791700001
92.656427139
0.0
575.74417054
540.9683689999999
514.8323900400001
495.99592713
485.07758326
483.25270422
485.91269740999996
493.53182491999996
529.13243063
579.7960206
634.04750822
687.73194313
735.79740025
776.53241124
809.56581418
832.24792613
844.7437077
843.53743182
822.69050897
787.97656768
756.79897385
722.4665044400001
673.83399453
621.36614564
0.0
149.71224859999998
143.01071559000002
138.06189114
134.1440718
131.51500887
130.36028318
130.76237517
131.70058978
138.05158108
147.67085858000002
157.681918
168.13630955
178.49791069
188.19966854
195.41670415000002
200.0149868
202.93273119999998
203.58226443
200.24180794
193.64337539000002
186.49851016999997
178.88969263
168.51778142999999
157.98090943999998
0.0
99.461060716
95.007118747
91.71821251700001
89.12007969499999
87.367371048
86.604427282
86.872488603
87.491091662
91.70790246199999
98.100133996
104.76042684
111.69909113
118.58620505
125.02998685
129.82416056
132.87593558999998
134.82453519999999
135.2472473
133.03058632999998
128.64881476
123.90619133
118.84395635
111.95684234
104.94600774999999
0.0
177.62155632
165.9608888
157.10455516
150.77418387999998
146.98008512
145.96970020999998
146.88729471
148.87713454000001
158.22835068
172.77583243
188.88013185
204.65450968000002
219.24323173
231.95552439
242.57487683
250.46206569
255.62740122
257.08111835
252.9055478
244.57502663000002
235.85272361
225.38802201000001
209.61364418
192.67423061
0.0
185.98300757
173.77590737
164.49686163
157.86749891
153.8981293
152.84650407
153.79502874
155.88796913
165.67220743000001
180.91046254
197.77770581
214.28409722
229.56359265
242.88417831
253.99841315
262.25676393
267.66954062
269.18511808
264.81365655999997
256.09135346
246.95664839999998
235.99706439
219.48036283
201.74707533999998
0.0
237.94566400999997
225.35709183999998
215.76874451999998
208.33519792
203.29358295999998
201.43777385
201.70583521
200.89134116999998
214.97487059
238.29620572
261.74126133
282.50570383
299.88844962
313.16779506
321.82823783
326.39559031
327.18946423
322.83862282999996
313.44616647000004
301.79580901
294.65094369
285.17600698
269.58721006999997
252.58593616
0.0
341.60291535
335.94269742
331.71557659
328.41636030999996
326.34404012
324.59133148
323.50877607999996
322.30250012
326.98326320999996
336.39633968
345.44856439
352.95428138
360.91364063
368.28532699000004
373.88368468000004
377.44065216
379.03871005999997
377.6880934
373.65686354
368.22346674
362.65603922
358.08868674
350.80979078999997
346.75794082
0.0
1226.7001624999998
1152.6121364
1096.9378620999998
1056.790524
1033.5207391000001
1029.6441603
1035.3146882
1051.542708
1127.3834418000001
1235.3399845
1350.9362753
1465.3159797
1567.7154047
1654.5157229
1724.8921298999999
1773.2256489
1799.8462001
1797.2789977
1752.8529883
1678.8989937
1612.4610254000002
1539.3112149
1435.6952035
1323.9136315
0.0
60.633409146
57.921865775
55.921715901
54.333968072
53.272032828
52.797770494
52.962731303000005
53.34420319
55.911405854
59.808605082999996
63.87076512
68.097885976
72.304386729
76.222206059
79.150260509
81.01637971400001
82.19172551599999
82.45978683599999
81.109170169
78.428556947
75.541742703
72.459037491
68.252536738
63.984175678
0.0
1303.417251
1217.8438288999998
1152.8595781
1106.4024885
1078.5859712000001
1071.1730453
1077.8642682
1092.47361
1161.0973084
1267.857885
1386.0419984999999
1501.7826295
1608.8318875
1702.189398
1780.1127623
1837.9418377
1875.8725147
1886.5124878
1855.8916361
1794.7324147000002
1730.7688589
1653.9383601
1538.1874194
1413.9203758
0.0
195.79817603
187.04494285
180.57023088
175.44613557
172.01288867000002
170.49731121
171.02312378
172.25001986
180.54961077000002
193.13818294
206.23194747
219.90307493
233.46079188
246.14215436
255.57585095
261.59692064
265.42194947999997
266.25706363
261.89591217
253.26639956
243.92549348
233.96598433
220.39795742
206.61341935000002
0.0
40.33291899699999
38.198738461999994
36.580060475
35.311924218
34.466500052
34.146888471000004
34.188128676
34.054098016000005
36.446029815
40.394779293999996
44.364148885
47.890186282
50.838860824
53.086451917
54.550479141000004
55.323732953000004
55.468073669
54.725750006
53.138002168
51.158472405
49.952196454
48.343828514
45.704455496
42.817641252
0.0
321.49831623
304.47642221
291.52699828
281.48500877
274.67006515
272.1647228
272.52557457
271.42239916
290.44444298
321.96226846
353.63474478
381.68839319
405.18499908
423.12448759999995
434.82639534000003
440.99180572
442.06405106
436.18732205000003
423.49564942
407.75220176
398.10199409999996
385.307221
364.24378707
341.27299375
0.0
332.7465817
310.8995839
294.31071204
282.4438435
275.3402185
273.45347913
275.16494754999997
278.89718597999996
296.4139624
323.66342683
353.8409458
383.3792415
410.71118638
434.53771387
454.43611206
469.20010487999997
478.88124271000004
481.60309613
473.77776751
458.16835048
441.83722993000003
422.22751312
392.67890736
360.95488085
0.0
236.44039651
225.87259435
218.04726581999998
211.86123523
207.70628478999998
205.89171581
206.52062894
207.99496617
218.02664571
233.22366069
249.02896868
265.54567015000003
281.91803093
297.22845643
308.62106268
315.88964848
320.50855134
321.51893625
316.25050034
305.82703887
294.54784323
282.52632394
266.14365311
249.50323097
0.0
95.965953476
91.73883261900001
88.738607817
86.274505655
84.89295884
84.727998022
84.944509091
85.923963926
91.512011495
98.739357149
106.12135356
113.1424982
119.55534983
125.28773815000001
129.43237863000002
132.40167321
134.32965271
134.28841258
131.48407871
126.64866486999999
121.80294097000001
116.59636522000001
109.29684925
102.1829141
0.0
25.434895487
23.764667248
22.496530991
21.589246518000003
21.042813822
20.898473105999997
21.032503765999998
21.310875142
22.651181753
24.733812028
27.043263427
29.301164566
31.394104886999997
33.208673841
34.734561372
35.858356914
36.600680577000006
36.806881600000004
36.208898643000005
35.012932748
33.765416593
32.270459211
30.012558071
27.589696123
0.0
304.49704232
286.10391153999996
272.28844338
262.31862418000003
256.54499572
255.586161
256.98832794
261.01955780000003
279.84571065
306.6415329
335.33440449
363.72828456
389.14255990000004
410.69056627000003
428.1557924
440.15669158
446.76543427
446.12621109
435.10476666
416.74256613
400.25679474
382.09048518000003
356.37721831000005
328.62256134
0.0
57.127991852
54.0968369
51.797695557000004
50.014056761
48.807780801
48.354138569
48.426308923
48.230417956
51.60180459
57.210472261
62.829449987000004
67.81951459999999
71.99508520399999
75.180890927
77.263521201
78.356386594
78.541967505
77.500652364
75.242751225
72.448727445
70.737259002
68.458737761
64.716189295
60.633409146
0.0
193.77740603
184.58084062999998
177.70403677
172.68304202
169.7240574
169.01266382999998
169.29103524
170.72413235
182.60131094
200.20056771
217.63486377
232.95559933
244.44099598999998
252.33849500999997
257.20483901
260.48343518
261.2773091
258.82351694
252.3900452
244.09045428000002
237.71884287
229.43987198
217.27401201
204.36582829999998
0.0
112.50327501999999
105.70895151
100.60547635500001
96.924788196
94.780297617
94.429755888
94.945258434
96.440215811
103.38919007
113.29714894
123.89588126999999
134.38120299000002
143.77365935
151.73301859999998
158.18711045999999
162.62043230999998
165.06391441
164.82678323000002
160.75431314000002
153.97029969
147.8770596
141.1755265
131.66965962
121.42146908999999
0.0
46.900421391
44.797171014999996
43.25066339
42.023767336999995
41.198963264999996
40.838111489
40.961832093
41.260823571
43.240353334
46.261198238999995
49.395453702
52.67404988
55.921715901
58.952870861
61.210772
62.654179123
63.571773651
63.777974664
62.726349475999996
60.664339303999995
58.427058267
56.035126459000004
52.787460438000004
49.488244167
0.0
313.03376442
294.12513113
279.91788104
269.66969051
263.73110117
262.74133628
264.19505348999996
268.32938391
287.68134933000005
315.22980528
344.72686075999997
373.91461484
400.05059372
422.19658304
440.15669158
452.48751244
459.28183595
458.63230281
447.29124683
428.42385376
411.46382008
392.80262803
366.35734749
337.83974684000003
0.0
55.653654581
52.00389657
49.230492893000005
47.240653074
46.054997226
45.735385645
46.024067068
46.652980172999996
49.581034622
54.138077105
59.179691977000004
64.128516394
68.695868923
72.685858616
76.00569499
78.480107199
80.098785186
80.55242742600001
79.243050964
76.63460809600001
73.902444614
70.623848444
65.675024027
60.375657881
0.0
10.186330256000002
9.681137763999999
9.2687357296
8.959434203799999
8.701682931899999
8.6192025246
8.6192025246
8.773853288
9.4336965432
10.289430766999999
11.176095136999999
12.021519312
12.784463078
13.433996276999999
13.836088265999999
14.135079735
14.269110396
14.186629995999999
13.846398313
13.23810531
12.897873636
12.299890688
11.444156467
10.588422237
0.0
193.76709597
181.04449326
171.38397555
164.47624151
160.3419111
159.23873568
160.22850048
162.40392122999998
172.60056157
188.47803986
206.04636656
223.25384148
239.16224993999998
253.03957843
264.62807565
273.22665799
278.85594576
280.44369361
275.88665118
266.80349630999996
257.28731937000003
245.8740931
228.66661817
210.19100703
0.0
93.501851313
88.55302689700001
84.779548282
81.86180388800001
79.882274116
79.150260509
79.25336102
78.933749439
84.47024675700001
93.635881973
102.84275739
111.00831767
117.83357135
123.05045707
126.4527739
128.24672277
128.56633431
126.85486589
123.16386768
118.58620505
115.78187127
112.0599429
105.93577264
99.254859705
0.0
896.6135736399999
837.75349322
793.04911271
761.08795502
741.95250059
736.85933544
741.4576181799999
751.50991774
798.70933064
872.14782297
953.4528840300001
1033.0670972
1106.7014805
1170.9227867999998
1224.5247411
1264.3112282
1290.3956563
1297.7261028
1276.6626683000002
1234.5873515
1190.584054
1137.7347335
1058.1102101000001
972.62957871
0.0
25.259624622
24.13582908
23.300714961
22.630561651
22.197539513000002
22.001648555000003
22.063508852
22.22846967
23.290404905
24.919392948
26.610241288
28.373259982
30.125968629000003
31.754956672000002
32.971542668999994
33.755106537
34.239678927
34.353089485
33.786036695
32.6725512
31.466275249
30.187828936
28.435120289
26.66179154
0.0
174.69350187
165.44538629000002
158.41393159
152.95991468
149.25860642
147.89767970999998
148.08326062
147.48527766
157.82625869
174.95125317
192.15872810000002
207.40729327
220.17113629
229.92444442000001
236.27543570999998
239.62620225999999
240.21387517
237.01775936
230.12033538
221.57330323
216.32548725
209.36620294
197.92204650000002
185.44688495000003
0.0
768.50088159
755.74734863
746.26210186
738.8285551700001
734.16841218
730.21966268
727.7864907200001
725.07494735
735.59119923
756.7783537400001
777.15101422
794.01825749
811.9371259000001
828.52599775
841.10425977
849.10485925
852.70306705
849.6822221
840.59906732
828.37134701
815.86525529
805.57582454
789.20346376
780.09968878
0.0
223.61469325000002
211.77875488
202.7677704
195.78786597
191.0555526
189.30284395
189.56059525
188.78734143999998
202.02544675000001
223.94461485000002
245.96688351
265.48380982
281.82524043
294.30040198
302.44534215
306.73432331
307.47664705
303.38355685
294.56846334
283.60887924
276.89703618000004
267.99946222
253.34887992
237.36830107
0.0
309.29121594
288.9804158
273.56688974
262.53513526
255.93670271
254.18399407
255.77174191
259.23591897999995
275.51548935
300.84728434000004
328.89062269
356.35659819999995
381.76056349
403.91686278000003
422.40278406
436.12546172000003
445.12613614
447.6520986
440.38351271
425.87727119
410.69056627000003
392.46239628
364.99642077
335.50967535
0.0
455.51866744999995
447.96140009
442.33211233
437.92972063999997
435.17693705
432.82624545
431.38283829
429.77447042
436.01205118999997
448.5696931
460.64276267
470.65382209
481.27317444
491.09865296
498.55281976
503.2954431
505.42962363
503.63567485
498.25382823999996
491.00586246
483.59293587999997
477.49969588
467.79793803
462.39547131
0.0
97.60525155100001
92.75952765
88.821088217
85.913653879
83.377381364
82.61443759800001
82.61443759800001
84.078464823
90.419146102
98.636256644
107.13173856
115.19419837
122.56588473
128.77253534
132.61818429
135.43282821000003
136.74220465
135.96895084
132.74190495
126.84455583
123.58657978
117.88512163
109.70925129
101.5230709
0.0
408.8966174
384.19373554
365.63564395
352.25319795
344.50003972
343.2112833
345.09802259
350.51079936
375.79104407
411.77312156999994
450.30178164
488.42834981
522.5649281599999
551.49493094
574.95029661
591.0649061800001
599.93154988
599.0861257700001
584.2705826700001
559.6192510000001
537.47326177
513.08999145
478.55132102
441.3011073
0.0
141.56730843000003
132.27795263
125.21556776
120.17395289999999
117.14279798
116.338614
117.07062759
118.65837544
126.11254224000001
137.70103937
150.54736275
163.1153148
174.7347421
184.87983216
193.34438387
199.62320487
203.74722523
204.90195092000002
201.57180448
194.93213172
187.98315746
179.64232633
167.06406422
153.56820770000002
0.0
525.32802181
500.39831882000004
481.75774688
468.13816969000004
460.12726015
458.20959071
458.95191435
462.82849346999996
495.03709241
542.75200782
590.0029708999999
631.54216587
662.67851947
684.09249512
697.26874018
706.16631405
708.32111469
701.68144192
684.23683581
661.71968475
644.46065963
621.99505876
589.0235160699999
554.0208934
0.0
530.51397745
507.1514022
490.55222028000003
476.9532632
469.32382555
468.3959209
469.59188681
475.00466359
505.87295584000003
545.8244029599999
586.63158433
625.4901659999999
660.8845706
692.5776670299999
715.51753019
731.92082114
742.61234388
742.38552274
726.8792062699999
700.10400413
673.35973216
644.5431399900001
604.1896008800001
564.86706689
0.0
1468.2131041
1443.8607633000001
1425.7253841000002
1411.5284445
1402.64118
1395.083913
1390.43408
1385.2481240000002
1405.3527235
1445.8299834999998
1484.740115
1516.9796446999999
1551.2193229
1582.8917996
1606.9245280999999
1622.2246438
1629.1014475
1623.3071987
1605.9656931
1582.6031182000002
1558.7147299
1539.0534635000001
1507.7830794
1490.3694032
0.0
339.08726294
318.61150191
303.21859596
292.12498124
285.69150949000004
284.61926425
286.18639198
290.67126411000004
311.63159749
341.47919477
373.43004241
405.05096845
433.35205800999995
457.35385644999997
476.79861237
490.16043835
497.52181465
496.81042117
484.53115058000003
464.08631972
445.7241191
425.50610937
396.86478806
365.96556554999995
0.0
635.61463595
593.8795500199999
562.18645368
539.5352719
525.96724499
522.3587271399999
525.61670328
532.74094839
566.20737349
618.2628203400001
675.90631473
732.3435332399999
784.54332077
830.07250538
868.06504283
896.2733419799999
914.7592631800001
919.95552879
905.02657516
875.1995979899999
844.00138406
806.54496932
750.09744075
689.4949617499999
0.0
436.63065426
415.90745199
400.42175554000005
389.10131977
382.44102689
380.84296899
381.46157205
384.67830788
411.45351002
451.10596562
490.38725947999995
524.90530971
550.79384743
568.5889952599999
579.5382693
586.93057576
588.7245246299999
583.20864739
568.70240587
549.98966354
535.64838273
516.9768806200001
489.57276544999996
460.47780187
0.0
573.28006841
538.6486075700001
512.63634918
493.87205666
482.99495301
481.19069408999997
483.83006707
491.4182645
526.86421938
577.31129827
631.33596485
684.79357863
732.6425246700001
773.21257486
806.1016371100001
828.6806485
841.12487989
839.9289139699999
819.1644715599999
784.60518102
753.5513078600001
719.3631791399999
670.94718031
618.70615255
0.0
588.48739344
549.85563282
520.5132280800001
499.53227459
486.9746326
483.6341761
486.65502104999996
493.2534536
524.2248464
572.43464421
625.78915753
678.05080531
726.38432378
768.53181176
803.70970528
829.82506413
846.95005862
851.75454238
837.92876408
810.31844788
781.4296854099999
746.74667429
694.48502642
638.3777296
0.0
81.995834549
77.655303135
74.356086854
71.78888418999999
70.056795645
69.417572484
69.510362949
69.22168151700001
74.077715478
82.119555153
90.19232498599999
97.347500287
103.33763988
107.91530242
110.90521721
112.47234494
112.75071627000001
111.24544886000001
108.00809293
103.99748309
101.53338096
98.275404865
92.903868366
87.037449421
0.0
13.475236481000001
12.866943478000001
12.423611293
12.073069563
11.835938392000001
11.732837889999999
11.763768038
11.856558494
12.423611293
13.28965557
14.186629995999999
15.135154672999999
16.063059246999998
16.939413571
17.588946779
18.001348815
18.269410135
18.320960386000003
18.021968917
17.42398597
16.784762808
16.104299452
15.166084822
14.217560144
0.0
938.7507515599999
894.21133185
860.89955749
836.5575274
822.2368667
818.81392985
820.1439263999999
827.06197049
884.62298452
969.88710521
1054.3367319000001
1128.5587876
1184.2021328
1222.4627309
1246.0108875
1261.9089863
1265.7546350999999
1253.8877668
1222.7204823
1182.4803543
1151.6533023
1111.5059642
1052.5840233
990.03294458
0.0
1319.6762008
1257.0529523
1210.2350107000002
1176.0159519000001
1155.8804224
1151.0553193
1152.9420584
1162.6644362
1243.5777157
1363.4423671999998
1482.1522923
1586.4900074999998
1664.7226735
1718.5102087
1751.605472
1773.9576625
1779.370439
1762.6887764
1718.86075
1662.2998112999999
1618.9563578
1562.519139
1479.6881904
1391.7537670000002
0.0
886.3756931700001
844.32099569
812.86503045
789.88392707
776.36745044
773.11978436
774.38792066
780.92449287
835.25846093
915.76964818
995.50758162
1065.5849976999998
1118.1250165000001
1154.2617444000002
1176.4902141
1191.5016483999998
1195.1307864
1183.9340708
1154.4988764
1116.5063385
1087.3907546
1049.4910075
993.8476633800001
934.791692
0.0
312.93066396
298.93992485999996
288.58863385999996
280.39214342
274.89688629
272.4946444
273.32975855
275.28866822
288.54739364
308.66230282000004
329.59170611999997
351.43870392
373.11043086
393.37999087
408.46359524
418.07256268
424.18642279
425.53703944
418.55713502
404.76228698
389.84364340999997
373.92492481
352.24288789999997
330.21030917999997
0.0
170.60041168
161.56880718
154.70231328
149.37201695000002
145.75318913
144.42319258
144.61908355
144.03141065
154.12495042999998
170.84785292
187.65323586
202.54094926
215.00580076
224.53228775
230.73893836
234.00722456
234.58458739999998
231.46064199
224.72817872
216.37703753
211.25294231
204.45861871
193.28252363000001
181.09604345
0.0
244.35851564
231.42971182
221.58361319
213.95417562
208.77853004
206.87117064999998
207.13923200000002
206.30411786
220.76911925
244.71936741000002
268.79333614
290.11452138000004
307.97152945
321.61172675
330.49899056000004
335.19006371
336.00455775
331.54030573
321.89009816000004
309.93043911999996
302.58968293
292.86730497
276.85579595999997
259.39056973
0.0
330.47837045
312.98221415
299.67193854000004
289.35157762
282.35105309
279.77354035
280.13439212000003
279.00028654
298.55845297999997
330.96294289
363.51177348
392.34898576
416.50543494
434.93980586
446.97163520000004
453.31231653000003
454.41549195
448.37380214
435.33158779
419.14480792
409.226539
396.07091413
374.4198073
350.79948074000004
0.0
43.539344813
41.590745199
40.147338076
39.013232479
38.250288713
37.910057039
38.023467597
38.301838973
40.147338076
42.941361865
45.859106259
48.89026121
51.911106115
54.725750006
56.829000382
58.169306993
59.014731159
59.200312079
58.231167299999996
56.313497835
54.241177616
52.024516673
49.003671768000004
45.941586668
0.0
17.712667392
16.929103524
16.372360780999998
15.918718541
15.671277322
15.640347165
15.681587368999999
15.856858234
16.887863319999997
18.217859884
19.589096643999998
20.877853004000002
22.063508852
23.125444096000003
23.888387862
24.434820558000002
24.795672334
24.785362287999998
24.26985974
23.372885313999998
22.475910888999998
21.517076155999998
20.166459498
18.857083036
0.0
477.10791395
448.29132178
426.62990489
411.02048787
401.96826316
400.46299576
402.66934668000005
408.97909784
438.47615332
480.4586805
525.42081231
569.9086817499999
609.73640829
643.4915148499999
670.86469986
689.67023269
700.02152369
699.0214488299999
681.74180351
652.97676162
627.13977418
598.68403378
558.39235492
514.91487049
0.0
54.251487663
51.828625706
50.034676854000004
48.611889843
47.663365157
47.240653074
47.384993781
47.725225464
50.024366807
53.519474055
57.148611953999996
60.932400623999996
64.68525913699999
68.200986487
70.81973940200001
72.48996764900001
73.541592838
73.778724009
72.572448049
70.18051625
67.592693484
64.829599853
61.07674134
57.251712465000004
0.0
155.16626551000002
145.79442935
138.7526646
133.68011957
130.73144501
130.24687257
130.95826614
133.00996622
142.6086236
156.25913096
170.87878309
185.35409445000002
198.30351838
209.28372258
218.18129645000002
224.29515665000002
227.66654322000002
227.34693168
221.72795397
212.36642778
203.96373631
194.71562064
181.601236
167.46615621
0.0
145.48512777
135.93802067000001
128.67974483
123.49378928
120.39046397999999
119.56565988999999
120.30798353
121.9369716
129.59733943
141.51575824
154.71262332999999
167.63111701
179.58046599000002
189.99361741
198.69530031
205.14939217
209.38682305
210.57247891
207.14954206000002
200.32428838
193.18973312
184.61177080000002
171.69327713
157.82625869
0.0
75.88197438600001
71.87136459
68.80927949
66.43796778400001
64.829599853
64.241926952
64.324407361
64.066656087
68.561838263
75.995384944
83.47017181999999
90.08922447500001
95.636031849
99.873462747
102.63655637000001
104.09027359
104.34802479999999
102.95616792
99.966253202
96.24432484100001
93.965803601
90.944958696
85.975514177
80.55242742600001
0.0
558.85630724
531.1119604099999
508.5638791
491.87190677
477.34504514
472.98389359
473.01482375
481.38658505
517.71920427
564.76396642
613.36554616
659.50302378
701.75361231
737.25111738
759.3146262600001
775.4292357400001
782.90402265
778.46039074
760.01570968
726.21936298
707.56848099
674.92685989
628.11922902
581.24973772
0.0
657.88434585
618.1494098100001
588.2915024800001
566.76411631
554.2786447
552.2063244200001
555.23747943
563.94947238
604.62262304
662.51355867
724.5078945600001
785.85269721
840.7743381700001
887.32421784
925.06931404
950.98878196
965.25789233
963.88665558
940.0601280000001
900.39736235
864.7658265599999
825.53608297
769.96490877
710.02227306
0.0
1151.1171792
1075.5341959999998
1018.1484537
977.11445084
952.5455996000001
946.0090273899999
951.9166865100001
964.81456013
1025.4170393
1119.702454
1224.0814089
1326.2952539999999
1420.83842
1503.2878964000001
1572.1074861999998
1623.1834788
1656.6705240000001
1666.0732904000001
1639.0300264
1585.0156698
1528.5269016
1460.6764565
1358.4523026
1248.7018108
0.0
1211.6681079
1154.1792642
1111.1863520000002
1079.761317
1061.2753964
1056.852384
1058.5844732
1067.5129765000001
1141.7968931
1251.846376
1360.8545445
1456.6452269000001
1528.4753513
1577.8604944
1608.2442150000002
1628.7715255
1633.7409707000002
1618.4202346999998
1578.1904164
1526.2483797
1486.4515838
1434.633268
1358.5863331
1277.8483247000001
0.0
96.40928565899999
91.305810481
87.418921299
84.40838645000001
82.36699638
81.614362661
81.727773219
81.38754154499999
87.099309728
96.553626367
106.04918326
114.46218469
121.50394945
126.88579605
130.39121335
132.23671241
132.56663400999997
130.80361539
126.99920657999999
122.27720326
119.38007898
115.54474008
109.22467886000001
102.33756494
0.0
1360.7514439
1296.1795954
1247.9079372
1212.6166332
1191.8625003999998
1186.8827455
1188.8313455
1198.8527152
1282.2816469
1405.878536
1528.2897705
1635.8751505999999
1716.5306787
1771.9987528000001
1806.1250208000001
1829.1782948999999
1834.7560319
1817.5485577
1772.3699145
1714.0459566000002
1669.3518861
1611.1516491
1525.7431875
1435.0766002
0.0
2.1548006314
2.0310800205
1.9279795119
1.8558091558
1.8145689522
1.8145689522
1.8248790033
1.8454991056
1.9795297666999998
2.1754207326999997
2.3713116997
2.5775127169
2.7527835816999997
2.9074343441
3.031154955
3.1239454124000003
3.1651856161
3.1651856161
3.0827052088
2.9486745477
2.8352639889
2.711543378
2.5259624622
2.3300714961
0.0
117.3283789
109.62677085
103.78097201
99.595091373
97.089749014
96.42990576
97.027888711
98.347575219
104.52329565
114.13226309000001
124.77223555
135.18538697
144.82528457
153.22797595
160.2491206
165.44538629000002
168.86832314
169.82715787
167.06406422
161.55849712
155.80548869
148.8874446
138.46398313
127.27757799
0.0
1820.002349
1733.6453629999999
1669.0735144
1621.8741015
1594.1091345
1587.4591522
1590.0572846
1603.4706612
1715.0460312999999
1880.3573871
2044.0809949
2187.9783749
2295.862747
2370.0435631
2415.6861587999997
2446.5235204
2453.9776869
2430.9656532999998
2370.5384455
2292.5222904
2232.7549255999998
2154.9140416
2040.6786783
1919.4118596
0.0
368.85237978
351.34591342
338.26245894
328.69473173
323.07575393
321.72513727
322.25094993
324.97280335
347.58274491000003
381.09041023000003
414.26815386
443.42497777000005
465.2925956
480.32464977
489.5830755
495.83096633
497.33623374
492.67609075
480.42775033
464.62244233999996
452.50813254999997
436.73375473
413.57738049
388.99821921
0.0
446.12621109
416.8456666
394.59657681
378.6984784
369.17199141
366.6357189
368.93486021999996
373.93523486000004
397.42153079
433.96035102
474.41699069
514.02820606
550.6701268500001
582.62097449
609.29307608
629.0883738
642.06872781
645.70817573
635.23316407
614.29345081
592.4052127799999
566.10427302
526.4827475000001
483.95378774
0.0
114.92613701
109.4721201
105.39965002
102.42004528999999
100.65702659
100.244624586
100.40958539500001
101.25500955
108.2967743
118.74085579999999
129.07152677
138.16499169
144.96962526
149.66069841
152.53720257999998
154.4858022
154.96006458
153.50634736
149.69162857999999
144.76342424
140.98994559000002
136.0720513
128.86532575
121.20495801
0.0
87.11992982999999
81.85149383299999
77.902744353
75.046860258
73.397252122
73.118880746
73.520972735
74.675698435
80.05754498099999
87.728222824
95.935023315
104.05934342
111.33823927
117.4933397
122.49371434
125.92696133000001
127.81370061
127.63842976000001
124.48355416999999
119.22542823
114.51373497
109.31746935999999
101.95609306
94.017353861
0.0
113.68893088
108.60607578999999
104.84290729
101.87361262
99.873462747
98.997108422
99.306409948
100.01780346400001
104.83259723
112.14242325
119.74093074
127.67966998
135.55654879
142.91792509
148.40287217000002
151.88766935
154.11464038
154.59921272
152.0629402
147.05225550999998
141.62916877
135.84523026
127.96835136
119.96775188000001
0.0
126.99920657999999
120.97813688000001
116.47264464
113.17342837000001
111.23513881
110.77118648
110.95676739999999
111.8949821
119.6790705
131.21601735
142.63955377000002
152.68154327
160.20788045999998
165.38352596
168.56933171
170.72413235
171.23963486
169.64157695
165.42476618
159.98105933
155.80548869
150.37209189
142.40242258
133.93787078
0.0
725.48734939
691.06208948
665.3282025999999
646.5123597099999
635.4496751500001
632.78968206
633.83099714
639.1716035200001
683.6491629000001
749.55100807
814.8136300699999
872.1684430800001
915.18197528
944.75120115
962.94844097
975.23802162
978.20731616
969.03137089
944.94709211
913.8519787299999
890.02545115
858.9921980099999
813.46301341
765.1191848799999
0.0
402.00950338999996
377.72933363
359.48054362
346.32491867000005
338.70579106
337.4273448
339.29346397
344.60314017999997
369.46067279000005
404.83445737
442.72389426
480.21123924999995
513.77045485
542.2158852
565.27946893
581.11570709
589.8380101
589.00289596
574.44510416
550.2061746200001
528.43134712
504.46047885
470.49917135
433.86756061
0.0
443.99203056
421.94914179
404.03027339
390.77154797
379.23460102999996
375.77042396
375.79104407
382.44102689
411.30916933000003
448.68310371
487.3045542
523.95678504
557.51600064
585.7242998
603.25138627
616.04615946
621.99505876
618.4587113
603.808129
576.9504465
562.1349034
536.2051254600001
499.01677199
461.77686825
0.0
301.70301851
283.47484861
269.78310103
259.90607233
254.18399407
253.2354694
254.62732628
258.61731592
277.268198
303.81657892
332.25169920999997
360.38782807
385.5649723
406.91708761999996
424.22766300999996
436.11515166
442.66203401999996
442.02281084
431.10446695999997
412.90722715
396.57610659
378.58506788
353.09862206
325.60171648
0.0
803.0704821
764.96453413
736.47786357
715.65156082
703.4032204
700.4648559
701.60927153
707.52724076
756.76804369
829.71165361
901.95418003
965.44347322
1013.044978
1045.7793892999998
1065.9252293999998
1079.5241859
1082.8130922
1072.6680025
1045.995901
1011.5706411
985.1975307
950.8547512700001
900.4489126200001
846.93974856
0.0
601.7048786400001
565.3619493799999
538.05062461
518.35842745
506.94520117
505.04815175
507.83186551
515.78091471
552.98988829
605.9423095300001
662.6475893100001
718.74457607
768.97514388
811.54534396
846.07370434
869.77651125
882.82903565
881.5712094
859.78607194
823.505003
790.92524224
755.0359551500001
704.21771444
649.38886388
0.0
421.95945185
396.47300612
377.31693157999996
363.51177348
355.50086395
354.1708674
356.11946701
361.70751456
387.79194324
424.92874652
464.69461264
504.03776683999996
539.25690058
569.11480783
593.32280729
609.95291937
619.10824454
618.22158011
602.94208478
577.49687918
554.64980653
529.48297234
493.8411265
455.39494678
0.0
146.85636454000002
139.0825862
133.16461696
128.57664437
125.47331906
124.32890343
124.48355416999999
123.97836172
132.66973456
147.07287562000002
161.53787701
174.35327022
185.08603318000002
193.28252363000001
198.62312992
201.43777385
201.93265625
199.24173299
193.44748443
186.26137898
181.84867715
176.00287831
166.38360091
155.88796913
0.0
1371.247075
1288.426437
1226.1846596999999
1181.3153182
1155.29275
1150.9625284
1157.3032099000002
1175.4385891000002
1260.2181377
1380.8869734
1510.1131507
1637.9680917
1752.4302764
1849.4684752
1928.1341627000002
1982.158829
2011.9136366
2009.0474422999998
1959.3942372
1876.7179394
1802.4546431
1720.6856292
1604.8522082
1479.9047012
0.0
444.5487733
423.4544092
407.68003137
396.15339449
389.36938103
387.75070302
388.37961614
391.6582123
418.91798679
459.29214601
499.28483335
534.4317967
560.78428675
578.8990461200001
590.0545211799999
597.58085828
599.40573732
593.78675961
579.02276679
559.96979271
545.37076069
526.35902693
498.4497192
468.82894306000003
0.0
1040.8305653
991.43511142
954.51481936
927.5231062
911.64562782
907.84121909
909.32586638
916.9965442600001
980.80544901
1075.3486152
1168.9741877
1251.2690132
1312.9643577
1355.3902168
1381.4849555
1399.1254531
1403.3835041
1390.2278789000002
1355.6685885
1311.0569983
1276.8688694999998
1232.3603798
1167.0255877
1097.6801854
0.0
87.284890639
82.006144595
78.04708506
75.191200973
73.541592838
73.263221462
73.665313442
74.82003914200001
80.212195744
87.893183642
96.12060423400001
104.26554444
111.54444029999999
117.72016083
122.73084553
126.16409243
128.06114186
127.87556095
124.72068535999999
119.45224936999999
114.73024605
109.52367038
102.15198403
94.202934772
0.0
712.9503275100001
666.14269654
630.60395126
605.1896758299999
589.97204074
585.92019076
589.5802588
597.57054823
635.1094435
693.50557159
758.14959051
821.45330283
880.0143917199999
931.0800736799999
973.70182391
1005.3330600099999
1026.0768823
1031.9020611
1015.1482288
981.70242338
946.7101108200001
904.68634351
841.37232113
773.3981557699999
0.0
818.6077288299999
769.17103485
732.0136115500001
705.22809944
689.6908527100001
687.11334007
690.88681863
701.72268214
752.3347218399999
824.3710472299999
901.52115787
977.8464644400001
1046.1814818
1104.1033472
1151.0656290000002
1183.3257781
1201.079686
1199.3682171
1169.7268216
1120.3726075999998
1076.0393891
1027.2212981999999
958.0717869399999
883.4785688899999
0.0
118.575895
112.68885602
107.90499237
104.35833484999999
101.27562965999999
100.358035142
100.358035142
102.14167397
109.84328193
119.82341119
130.14377209999998
139.9280104
148.89775466
156.42409176
161.10485485
164.5277917
166.11553955
165.16701487999998
161.2595056
154.08371021
150.12465065
143.20660655999998
133.26771752
123.32882848
0.0
88.181865065
83.99598441399999
80.861728951
78.572897654
77.232591043
76.912979472
77.036700076
77.68623328400001
83.088699941
91.099609458
99.038348634
106.00794302999999
111.23513881
114.82303655
117.03969743
118.53465485999999
118.89550663
117.78202107
114.85396662
111.07017801
108.17305372999999
104.39957507
98.873387816
92.99665882100001
0.0
800.11149758
757.75780858
725.5285895300001
700.53702629
683.58730266
677.34972188
678.23638622
675.48360263
722.84797632
801.28684338
880.0968721700001
949.91653666
1008.3848353000001
1053.0376652
1082.1532492000001
1097.4946046
1100.1855278
1085.5349454
1053.9655702
1014.7770661999999
990.76495818
958.91721101
906.5009124
849.32137033
0.0
237.85287351
225.26430143000002
215.68626416
208.25271747
203.21110261
201.3552934
201.62335475999998
200.80886073000002
214.88208018
238.20341521999998
261.62785081
282.39229322
299.76472895
313.04407448
321.69420719
326.26155968
327.0554336
322.70459211
313.32244589000004
301.67208833999996
294.52722312000003
285.06259646
269.4841096
252.4828357
0.0
1603.9655437
1507.0819958
1434.2827266
1381.7942572
1351.3589872
1346.296752
1353.7096788000001
1374.9277632
1474.1001428000002
1615.2447395000002
1766.4003946
1915.9579928
2049.8443137
2163.3476634000003
2255.3648676000003
2318.5654789
2353.3619003999997
2350.0111340999997
2291.9243074
2195.2263402
2108.3538524
2012.7075102
1877.2231316
1731.0678509
0.0
208.63418935
196.03530722
186.56037041000002
179.73511674
175.77605726000002
175.11621397
176.08535874999998
178.83814235
191.74632606
210.09821653
229.75948362
249.21454959
266.62822545
281.39221827
293.36218737
301.57929793
306.11572034
305.67238812
298.11512086000005
285.53685874999996
274.23704299999997
261.80312167
244.17293472999998
225.17151093
0.0
1039.7273900999999
990.3937964
953.50443433
926.54365136
910.67648304
906.8823843700001
908.3670316600001
916.02739948
979.7641339
1074.2042001999998
1167.736981
1249.9390166
1311.5725009999999
1353.9571205
1380.0312389
1397.6408056999999
1401.8988567
1388.7535420000002
1354.2354913000001
1309.6651417
1275.5182534
1231.0510035
1165.7986916
1096.5151502
0.0
1002.7761674
942.20461858
896.6960540800001
863.87916213
844.85711831
841.69193267
846.3211454899999
859.59018097
921.58451686
1009.8282422
1104.3301686
1197.8320194
1281.5393227
1352.4930924
1410.0231767
1449.5312912
1471.2854987
1469.1925584
1432.8805594
1372.4224208
1318.1193837
1258.321088
1173.61371
1082.2357294
0.0
459.27152590000003
434.96042596999996
416.46419472
402.11260394
392.39022598
388.80232824
389.31783075
387.730083
414.91768709
459.94167924
505.18218247000004
545.25735017
578.82687582
604.44735218
621.1702546700001
629.97503813
631.5112357
623.10854423
604.9834748
582.4972539099999
568.70240587
550.4226856099999
520.33795723
487.52106527999996
0.0
33.837586946
32.332319517
31.208523976000002
30.321859596
29.723876648999997
29.466125375
29.55891584
29.765116853
31.208523976000002
33.383944705999994
35.641845845
38.002847495
40.35353909
42.539269876
44.168257918
45.209573051
45.869416305
46.013757020999996
45.261123311
43.776475984
42.157797997
40.436019499
38.095637951
35.714016207
0.0
117.20465823
112.04963284
108.37925475
105.36871984999999
103.68818160000001
103.48198057
103.75004184
104.94600774999999
111.76095137
120.58635493999999
129.60764948
138.18561180999998
146.01094034000002
153.01146495999998
158.08400989999998
161.70283781
164.06383947
164.01228919
160.58935234
154.67138311
148.76372393000003
142.40242258
133.4842286
124.79285566
0.0
9.464626695700002
9.0522246613
8.7532331866
8.516102016
8.3820713549
8.3614512536
8.3820713549
8.4748618124
9.0316045599
9.7429980692
10.475011679
11.165785091
11.794698196
12.361750985999999
12.774153022
13.062834445
13.258725412
13.248415365
12.970043988999999
12.495781655
12.021519312
11.506016765
10.784313204
10.083229745
0.0
13.609267141
13.011284194000002
12.588572111000001
12.238030381
12.042139414
12.021519312
12.052449461
12.186480121
12.980354045
14.001049075
15.052674264
16.052749201
16.960033673
17.774527699
18.362200591
18.784912683
19.052974003
19.052974003
18.650882023
17.96010861
17.279645254000002
16.53732159
15.506316504
14.495931521
0.0
3.8353389225
3.6497580066
3.4951072441
3.3816966843999996
3.2785961757999997
3.2476660233
3.2476660233
3.3095263283
3.5569675491
3.8765791261
4.216810804400001
4.5364223812999995
4.8251038057999995
5.0622349755
5.2168857388
5.3302962985999995
5.3818465524
5.350916399899999
5.22719579
4.9900646194
4.8663440094
4.6395228899
4.319911313
3.9899896858
