0.0
194.15
188.928
191.136
210.33800000000002
189.078
165.41
181.744
268.298
256.154
197.578
134.198
112.664
118.422
125.48
114.41
109.918
102.25200000000001
106.02600000000001
109.34400000000001
123.064
145.362
147.514
162.316
145.32999999999998
0.0
261.572
267.36
268.68399999999997
272.37399999999997
261.774
242.834
200.898
216.61399999999998
250.57999999999998
227.474
204.308
184.07999999999998
183.086
184.21
181.144
183.97400000000002
180.976
177.494
185.986
186.806
191.0
197.226
192.62800000000001
190.10799999999998
0.0
731.756
742.374
742.092
744.742
744.558
733.738
710.188
704.482
727.504
711.944
695.36
683.042
690.342
686.652
684.326
673.33
673.678
674.6519999999999
669.41
671.63
668.978
691.194
693.096
697.24
0.0
437.204
450.074
445.17
443.588
416.55400000000003
350.462
321.926
342.78000000000003
351.716
368.332
336.846
350.198
325.524
315.774
322.254
316.256
320.68800000000005
345.298
398.952
419.92199999999997
424.354
412.836
409.03000000000003
397.00399999999996
0.0
214.24200000000002
228.94400000000002
235.112
264.56800000000004
241.50199999999998
236.26999999999998
175.748
186.778
196.52999999999997
213.968
181.182
129.464
156.378
140.602
147.774
154.544
159.174
143.914
121.132
115.58200000000001
123.32600000000001
126.00200000000001
122.254
134.51
0.0
1448.936
1538.796
1643.596
1611.0140000000001
1630.824
1435.94
1284.858
1300.744
1279.196
984.294
861.78
797.226
760.932
760.398
706.154
685.338
736.7479999999999
849.886
882.536
875.46
863.52
892.322
869.588
827.64
0.0
101.822
108.138
115.49799999999999
113.208
114.604
100.91
90.292
91.41
89.894
69.168
60.564
56.022
53.474000000000004
53.440000000000005
49.62
48.164
51.774
59.724000000000004
62.013999999999996
61.519999999999996
60.684
62.705999999999996
61.108000000000004
58.162
0.0
681.134
720.96
758.4359999999999
802.888
842.9259999999999
891.742
683.8580000000001
741.2139999999999
1153.8100000000002
664.414
513.4540000000001
434.542
395.458
376.62
369.07
355.678
356.338
359.98
367.51800000000003
385.89
371.73
389.806
365.282
361.002
0.0
414.002
402.864
407.566
448.52200000000005
403.18800000000005
352.71799999999996
387.536
572.102
546.204
421.312
286.156
240.24599999999998
252.512
267.574
243.966
234.386
218.036
226.082
233.158
262.412
309.97400000000005
314.55
346.108
309.904
0.0
2572.022
2731.5440000000003
2917.574
2859.742
2894.902
2548.966
2280.7780000000002
2308.966
2270.724
1747.24
1529.768
1415.172
1350.74
1349.796
1253.506
1216.558
1307.818
1508.6519999999998
1566.596
1554.048
1532.8519999999999
1583.978
1543.616
1469.158
0.0
108.414
115.14
122.98
120.544
122.02799999999999
107.444
96.14200000000001
97.32600000000001
95.71600000000001
73.654
64.484
59.647999999999996
56.936
56.896
52.839999999999996
51.28
55.124
63.592
66.04
65.508
64.61
66.768
65.066
61.926
0.0
1773.916
1799.656
1798.98
1805.3980000000001
1804.95
1778.722
1721.642
1707.796
1763.616
1725.884
1685.698
1655.826
1673.53
1664.584
1658.9479999999999
1632.274
1633.13
1635.48
1622.778
1628.1499999999999
1621.73
1675.596
1680.1960000000001
1690.246
0.0
1903.898
2021.98
2159.6859999999997
2116.876
2142.9080000000004
1886.828
1688.306
1709.182
1680.868
1293.364
1132.3880000000001
1047.558
999.8679999999999
999.17
927.886
900.538
968.094
1116.758
1159.652
1150.36
1134.672
1172.516
1142.634
1087.52
0.0
377.688
383.17
383.024
384.388
384.29200000000003
378.706
366.556
363.608
375.49399999999997
367.464
358.902
352.544
356.316
354.408
353.212
347.528
347.71000000000004
348.212
345.508
346.654
345.284
356.756
357.736
359.874
0.0
174.162
184.34799999999998
193.93
205.296
215.53199999999998
228.012
174.86200000000002
189.52800000000002
295.024
169.886
131.292
111.11
101.114
96.30000000000001
94.36999999999999
90.94399999999999
91.116
92.048
93.974
98.672
95.054
99.67399999999999
93.402
92.306
0.0
24.062
24.596
24.718
25.054
24.078
22.34
18.477999999999998
19.926
23.05
20.924
18.791999999999998
16.934
16.838
16.95
16.668
16.926
16.65
16.328
17.108
17.182000000000002
17.57
18.142
17.722
17.490000000000002
0.0
715.8779999999999
757.732
797.1179999999999
843.838
885.914
937.2199999999999
718.734
779.016
1212.656
698.294
539.64
456.706
415.62399999999997
395.83
387.89
373.822
374.516
378.33799999999997
386.262
405.57
390.69
409.688
383.916
379.42199999999997
0.0
741.888
792.798
814.1579999999999
916.162
836.288
818.18
608.602
646.802
680.5540000000001
740.96
627.4259999999999
448.32
541.5060000000001
486.89199999999994
511.73400000000004
535.168
551.1940000000001
498.354
419.474
400.254
427.06600000000003
436.332
423.358
465.804
0.0
498.63
532.85
547.204
615.762
562.08
549.908
409.05199999999996
434.722
457.408
498.00800000000004
421.7
301.32
363.954
327.246
343.942
359.69
370.464
334.95
281.932
269.012
287.04
293.262
284.546
313.072
0.0
1165.688
1237.988
1322.292
1296.086
1312.022
1155.232
1033.686
1046.464
1029.132
791.88
693.3199999999999
641.3820000000001
612.18
611.75
568.106
551.366
592.7280000000001
683.746
710.01
704.318
694.7139999999999
717.89
699.594
665.8480000000001
0.0
560.26
579.0559999999999
641.638
666.2139999999999
708.642
628.778
586.906
679.638
704.46
537.5840000000001
464.30199999999996
403.526
393.454
388.962
373.798
368.752
356.55600000000004
365.808
387.12800000000004
394.54
390.80400000000003
413.892
417.69599999999997
407.548
0.0
372.204
384.694
426.274
442.59999999999997
470.784
417.726
389.90999999999997
451.51599999999996
468.006
357.14
308.454
268.08
261.39000000000004
258.408
248.328
244.98200000000003
236.878
243.02599999999998
257.184
262.10999999999996
259.628
274.97
277.494
270.754
0.0
577.304
611.062
642.822
680.4979999999999
714.432
755.806
579.6080000000001
628.222
977.928
563.128
435.186
368.3
335.174
319.21000000000004
312.80600000000004
301.45599999999996
302.022
305.104
311.492
327.064
315.07
330.386
309.59799999999996
305.976
0.0
604.492
639.8340000000001
673.092
712.542
748.07
791.396
606.906
657.804
1023.9739999999999
589.648
455.674
385.642
350.958
334.244
327.542
315.652
316.248
319.474
326.16200000000003
342.466
329.89799999999997
345.942
324.178
320.382
0.0
1359.262
1452.534
1491.6680000000001
1678.556
1532.21
1499.032
1115.056
1185.048
1246.884
1357.556
1149.542
821.394
992.1279999999999
892.06
937.576
980.5139999999999
1009.874
913.062
768.546
733.328
782.448
799.4259999999999
775.668
853.42
0.0
1482.56
1504.078
1503.506
1508.876
1508.502
1486.578
1438.874
1427.304
1473.95
1442.422
1408.8319999999999
1383.8700000000001
1398.666
1391.192
1386.478
1364.186
1364.904
1366.868
1356.248
1360.742
1355.3719999999998
1400.386
1404.236
1412.634
0.0
2483.6639999999998
2637.704
2817.344
2761.498
2795.45
2461.396
2202.422
2229.6499999999996
2192.718
1687.214
1477.214
1366.554
1304.34
1303.424
1210.442
1174.766
1262.886
1456.822
1512.7839999999999
1500.66
1480.192
1529.564
1490.588
1418.688
0.0
226.928
234.538
259.882
269.842
287.026
254.67999999999998
237.72
275.274
285.326
217.738
188.062
163.44
159.36
157.542
151.402
149.356
144.422
148.166
156.802
159.804
158.28799999999998
167.638
169.182
165.06799999999998
0.0
4236.418
4484.116
4717.179999999999
4993.6720000000005
5242.676
5546.288
4253.346
4610.076
7176.268
4132.38
3193.498
2702.686
2459.6059999999998
2342.444
2295.47
2212.1820000000002
2216.316
2238.9379999999996
2285.838
2400.0899999999997
2312.038
2424.462
2271.928
2245.32
0.0
732.75
757.338
839.1899999999999
871.336
926.8199999999999
822.368
767.606
888.89
921.35
703.096
607.254
527.764
514.5939999999999
508.72
488.884
482.284
466.34
478.43600000000004
506.314
516.018
511.12600000000003
541.318
546.296
533.0260000000001
0.0
230.414
246.226
252.858
284.544
259.734
254.11
189.022
200.886
211.368
230.126
194.86599999999999
139.24
168.18
151.216
158.932
166.214
171.188
154.78
130.28
124.30799999999999
132.642
135.516
131.488
144.666
0.0
1836.488
1962.516
2015.38
2267.89
2070.1659999999997
2025.3339999999998
1506.552
1601.116
1684.662
1834.192
1553.146
1109.782
1340.456
1205.254
1266.758
1324.7640000000001
1364.436
1233.634
1038.3799999999999
990.796
1057.164
1080.1000000000001
1048.002
1153.056
0.0
1081.4940000000001
1144.726
1204.222
1274.808
1338.376
1415.878
1085.814
1176.882
1831.986
1054.936
815.252
689.95
627.8979999999999
597.99
585.9979999999999
564.734
565.792
571.57
583.542
612.706
590.226
618.926
579.992
573.194
0.0
884.836
914.5319999999999
1013.3660000000001
1052.1860000000001
1119.1879999999999
993.054
926.926
1073.3799999999999
1112.578
849.032
733.286
637.3000000000001
621.4000000000001
614.3100000000001
590.352
582.384
563.128
577.736
611.402
623.118
617.2139999999999
653.672
659.678
643.658
0.0
235.146
240.348
241.54
244.852
235.324
218.304
180.602
194.728
225.262
204.486
183.668
165.49
164.584
165.604
162.846
165.39
162.694
159.562
167.2
167.936
171.7
177.302
173.17000000000002
170.9
0.0
82.656
87.488
92.034
97.42999999999999
102.288
108.218
82.988
89.94800000000001
140.016
80.628
62.306
52.736
47.986
45.706
44.788
43.164
43.242000000000004
43.686
44.598
46.83
45.11
47.302
44.330000000000005
43.808
0.0
616.5039999999999
654.742
699.332
685.4699999999999
693.898
610.978
546.692
553.452
544.282
418.808
366.678
339.212
323.76800000000003
323.54
300.46
291.608
313.48
361.62
375.50800000000004
372.498
367.42
379.67199999999997
369.998
352.15000000000003
0.0
326.304
348.698
358.092
402.956
367.828
359.85799999999995
267.68399999999997
284.484
299.33
325.896
275.96
197.184
238.168
214.148
225.07999999999998
235.38000000000002
242.434
219.196
184.498
176.042
187.84
191.91400000000002
186.208
204.874
0.0
315.346
324.63
321.086
319.95000000000005
300.45
252.786
232.196
247.236
253.68200000000002
265.67
242.954
252.592
234.79
227.762
232.434
228.108
231.31
249.05599999999998
287.752
302.884
306.082
297.772
295.026
286.34999999999997
0.0
227.78
241.904
258.382
253.256
256.37399999999997
225.738
201.988
204.48600000000002
201.09799999999998
154.738
135.474
125.326
119.62
119.53800000000001
111.014
107.738
115.82600000000001
133.606
138.738
137.628
135.75199999999998
140.278
136.704
130.108
0.0
175.504
181.394
201.004
208.7
221.99
196.976
183.85399999999998
212.908
220.676
168.404
145.452
126.41
123.252
121.84599999999999
117.098
115.514
111.698
114.596
121.27
123.594
122.42200000000001
129.66
130.846
127.67399999999999
0.0
633.78
673.086
718.926
704.6800000000001
713.336
628.094
562.014
568.96
559.534
430.544
376.954
348.718
332.842
332.608
308.878
299.772
322.26399999999995
371.75
386.03200000000004
382.934
377.712
390.316
380.366
362.02
0.0
180.892
191.466
201.42000000000002
213.22199999999998
223.858
236.822
181.614
196.846
306.42199999999997
176.45
136.362
115.406
105.026
100.02
98.014
94.456
94.634
95.602
97.604
102.482
98.72
103.522
97.012
95.87400000000001
0.0
18.488
17.994
18.201999999999998
20.034
18.006
15.752
17.306
25.548000000000002
24.394000000000002
18.816
12.78
10.73
11.278
11.952
10.896
10.466
9.736
10.094
10.415999999999999
11.719999999999999
13.846
14.05
15.458
13.844
0.0
629.774
666.598
701.24
742.344
779.356
824.492
632.288
685.322
1066.8020000000001
614.306
474.736
401.776
365.634
348.216
341.234
328.856
329.472
332.832
339.806
356.79
343.7
360.412
337.736
333.782
0.0
534.096
570.748
586.124
659.56
602.058
589.018
438.14599999999996
465.648
489.942
533.4300000000001
451.698
322.752
389.842
350.518
368.404
385.274
396.812
358.772
301.986
288.15000000000003
307.45
314.118
304.786
335.336
0.0
2914.2019999999998
3084.594
3244.92
3435.116
3606.404
3815.254
2925.848
3171.242
4936.508
2842.6400000000003
2196.788
1859.164
1691.946
1611.348
1579.042
1521.746
1524.596
1540.1499999999999
1572.414
1651.008
1590.44
1667.774
1562.848
1544.544
0.0
94.542
97.71600000000001
108.272
112.42
119.58
106.104
99.034
114.68799999999999
118.874
90.716
78.346
68.088
66.39399999999999
65.632
63.07600000000001
62.224000000000004
60.164
61.728
65.322
66.578
65.946
69.842
70.482
68.774
0.0
997.932
1066.414
1095.14
1232.352
1124.906
1100.55
818.648
870.028
915.432
996.6800000000001
843.968
603.044
728.394
654.928
688.342
719.864
741.4200000000001
670.346
564.248
538.392
574.452
586.9159999999999
569.474
626.5640000000001
0.0
3335.268
3383.672
3382.3880000000004
3394.458
3393.626
3344.304
3236.9840000000004
3210.9539999999997
3315.8979999999997
3244.968
3169.402
3113.2400000000002
3146.53
3129.708
3119.116
3068.962
3070.568
3074.9900000000002
3051.1079999999997
3061.21
3049.136
3150.412
3159.062
3177.962
0.0
1277.376
1365.0339999999999
1401.808
1577.442
1439.912
1408.73
1047.884
1113.656
1171.774
1275.774
1080.2939999999999
771.914
932.364
838.322
881.098
921.444
949.034
858.058
722.248
689.152
735.316
751.2660000000001
728.94
802.016
0.0
1005.256
1064.0339999999999
1119.334
1184.944
1244.0339999999999
1316.08
1009.2739999999999
1093.924
1702.8539999999998
980.572
757.782
641.322
583.636
555.836
544.688
524.9300000000001
525.914
531.278
542.408
569.52
548.626
575.3
539.104
532.792
0.0
1976.946
2005.634
2004.8799999999999
2012.03
2011.534
1982.306
1918.692
1903.262
1965.4679999999998
1923.4199999999998
1878.632
1845.34
1865.0720000000001
1855.1080000000002
1848.828
1819.096
1820.048
1822.67
1808.512
1814.5059999999999
1807.346
1867.374
1872.5040000000001
1883.706
0.0
177.22
172.45000000000002
174.466
192.0
172.588
150.98600000000002
165.892
244.894
233.812
180.35
122.49
102.842
108.092
114.53399999999999
104.428
100.33200000000001
93.33
96.77600000000001
99.806
112.33200000000001
132.686
134.644
148.158
132.66
0.0
827.874
879.216
939.096
920.48
931.798
820.448
734.1279999999999
743.2
730.892
562.396
492.39599999999996
455.50800000000004
434.76800000000003
434.468
403.46999999999997
391.582
420.956
485.594
504.25
500.212
493.386
509.848
496.84999999999997
472.886
0.0
460.128
487.03400000000005
512.348
542.374
569.418
602.4019999999999
461.964
500.712
779.4300000000001
448.83
346.854
293.548
267.142
254.42
249.32
240.27
240.718
243.176
248.26999999999998
260.68
251.11599999999999
263.32800000000003
246.76
243.87
0.0
854.894
880.062
870.47
867.376
814.516
685.294
629.49
670.268
687.732
720.23
658.65
684.774
636.518
617.4639999999999
630.128
618.398
627.068
675.184
780.104
821.112
829.774
807.25
799.8059999999999
776.294
0.0
1299.918
1328.6680000000001
1335.264
1353.576
1300.894
1206.782
998.392
1076.476
1245.2839999999999
1130.436
1015.334
914.826
909.854
915.468
900.22
914.276
899.38
882.076
924.292
928.356
949.188
980.1260000000001
957.296
944.75
0.0
6372.04
6464.514
6462.06
6485.128
6483.527999999999
6389.298000000001
6184.2699999999995
6134.5380000000005
6335.038
6199.512
6055.1539999999995
5947.8460000000005
6011.45
5979.313999999999
5959.08
5863.264
5866.33
5874.772
5829.154
5848.46
5825.388
6018.868
6035.398
6071.4980000000005
0.0
686.544
729.124
778.782
763.344
772.73
680.39
608.8
616.326
606.122
466.388
408.336
377.75
360.55199999999996
360.3
334.594
324.73
349.094
402.702
418.17
414.81600000000003
409.15799999999996
422.812
412.032
392.16
0.0
2065.882
2186.6659999999997
2300.324
2435.156
2556.578
2704.634
2074.136
2248.088
3499.494
2015.15
1557.3
1317.9579999999999
1199.418
1142.284
1119.3780000000002
1078.768
1080.78
1091.8139999999999
1114.684
1170.402
1127.458
1182.28
1107.904
1094.924
0.0
710.55
731.466
723.4979999999999
720.9300000000001
676.9879999999999
569.582
523.2040000000001
557.096
571.61
598.6220000000001
547.446
569.154
529.05
513.208
523.74
513.9879999999999
521.196
561.184
648.386
682.474
689.674
670.952
664.768
645.222
0.0
1160.6960000000001
1232.68
1316.632
1290.5359999999998
1306.398
1150.29
1029.26
1041.9859999999999
1024.724
788.49
690.344
638.6320000000001
609.554
609.13
565.676
549.006
590.1899999999999
680.818
706.968
701.302
691.74
714.812
696.5939999999999
662.998
0.0
1912.726
2024.56
2129.784
2254.62
2367.046
2504.1259999999997
1920.3680000000002
2081.426
3240.0519999999997
1865.75
1441.8480000000002
1220.248
1110.5
1057.602
1036.398
998.79
1000.66
1010.87
1032.046
1083.63
1043.874
1094.634
1025.766
1013.75
0.0
468.392
500.534
514.016
578.4159999999999
527.99
516.556
384.242
408.358
429.668
467.80600000000004
396.128
283.048
341.882
307.39799999999997
323.084
337.878
347.992
314.634
264.838
252.702
269.628
275.478
267.288
294.082
0.0
50.422000000000004
52.112
57.745999999999995
59.958
63.778
56.594
52.824
61.17
63.402
48.385999999999996
41.788000000000004
36.314
35.408
35.006
33.638
33.188
32.09
32.924
34.842
35.51
35.176
37.252
37.594
36.682
0.0
1527.682
1572.662
1555.5240000000001
1549.994
1455.528
1224.612
1124.894
1197.76
1228.97
1287.036
1177.0079999999998
1223.688
1137.452
1103.402
1126.0339999999999
1105.078
1120.566
1206.556
1394.028
1467.316
1482.804
1442.552
1429.25
1387.224
0.0
2147.578
2210.81
2186.716
2178.94
2046.1419999999998
1721.522
1581.342
1683.772
1727.652
1809.282
1654.606
1720.22
1599.0
1551.128
1582.952
1553.484
1575.262
1696.138
1959.6879999999999
2062.718
2084.48
2027.904
2009.202
1950.122
0.0
1442.4479999999999
1484.916
1468.732
1463.51
1374.316
1156.286
1062.132
1130.9279999999999
1160.396
1215.228
1111.336
1155.4099999999999
1073.992
1041.8339999999998
1063.21
1043.422
1058.048
1139.2340000000002
1316.25
1385.4499999999998
1400.07
1362.066
1349.5059999999999
1309.824
0.0
1171.076
1210.374
1341.186
1392.56
1481.2420000000002
1314.3020000000001
1226.79
1420.616
1472.496
1123.686
970.508
843.466
822.416
813.036
781.33
770.7860000000001
745.3000000000001
764.632
809.1899999999999
824.696
816.88
865.138
873.082
851.876
0.0
974.53
1041.406
1069.456
1203.448
1098.528
1074.74
799.446
849.626
893.9639999999999
973.312
824.174
588.902
711.308
639.564
672.2
702.98
724.034
654.624
551.0160000000001
525.764
560.982
573.154
556.118
611.868
0.0
1395.894
1491.682
1531.862
1723.79
1573.5059999999999
1539.432
1145.108
1216.984
1280.49
1394.146
1180.526
843.5300000000001
1018.8679999999999
916.0999999999999
962.848
1006.9399999999999
1037.086
937.668
789.2579999999999
753.092
803.5360000000001
820.972
796.572
876.422
0.0
1887.7959999999998
2017.3439999999998
2071.686
2331.25
2128.004
2081.922
1548.642
1645.842
1731.73
1885.432
1596.54
1140.786
1377.912
1238.924
1302.146
1361.7800000000002
1402.552
1268.106
1067.394
1018.4780000000001
1086.706
1110.276
1077.282
1185.272
0.0
162.926
168.394
186.596
193.74
206.07999999999998
182.85399999999998
170.676
197.646
204.862
156.33599999999998
135.026
117.35
114.42
113.114
108.706
107.238
103.692
106.38
112.576
114.738
113.648
120.362
121.47399999999999
118.518
0.0
43.402
44.356
44.580000000000005
45.19
43.43
40.288
33.332
35.936
41.571999999999996
37.744
33.898
30.542
30.374
30.564
30.054
30.526
30.022
29.452
30.856
30.992
31.688000000000002
32.724
31.962
31.544000000000004
0.0
965.974
1025.886
1095.7559999999999
1074.036
1087.24
957.318
856.592
867.178
852.818
656.212
574.5319999999999
531.496
507.298
506.944
470.784
456.906
491.182
566.608
588.364
583.654
575.694
594.894
579.738
551.77
0.0
203.04
209.852
232.532
241.444
256.81399999999996
227.874
212.696
246.306
255.3
194.826
168.266
146.236
142.59
140.96200000000002
135.466
133.63400000000001
129.222
132.57
140.296
142.984
141.628
149.992
151.374
147.696
0.0
314.164
333.65
356.37399999999997
349.31
353.59999999999997
311.346
278.58799999999997
282.032
277.364
213.422
186.852
172.858
164.98999999999998
164.87400000000002
153.112
148.598
159.75
184.27599999999998
191.356
189.824
187.23600000000002
193.478
188.548
179.454
0.0
472.86400000000003
500.51800000000003
526.532
557.39
585.184
619.074
474.758
514.572
801.0079999999999
461.25399999999996
356.456
301.674
274.54
261.464
256.21999999999997
246.92000000000002
247.388
249.906
255.144
267.896
258.06600000000003
270.616
253.59
250.62
0.0
433.484
463.232
475.71000000000004
535.308
488.64
478.06
355.604
377.924
397.648
432.94
366.60200000000003
261.954
316.398
284.49
299.002
312.696
322.06
291.186
245.10000000000002
233.864
249.53400000000002
254.948
247.364
272.162
0.0
1014.654
987.352
998.8860000000001
1099.262
988.152
864.454
949.802
1402.144
1338.672
1032.574
701.326
588.8
618.876
655.776
597.9200000000001
574.448
534.37
554.096
571.444
643.1279999999999
759.696
770.9240000000001
848.2620000000001
759.524
0.0
1331.996
1414.606
1510.95
1481.0
1499.21
1320.056
1181.166
1195.7620000000002
1175.96
904.862
792.236
732.8879999999999
699.518
699.028
649.162
630.032
677.2900000000001
781.298
811.312
804.808
793.8299999999999
820.312
799.406
760.8480000000001
0.0
3741.3779999999997
3960.138
4165.966
4410.152
4630.054
4898.192
3756.334
4071.3740000000003
6337.704
3649.508
2820.33
2386.868
2172.196
2068.724
2027.2440000000001
1953.688
1957.334
1977.312
2018.732
2119.632
2041.866
2141.156
2006.4520000000002
1982.95
0.0
1971.812
2029.866
2007.746
2000.608
1878.678
1580.626
1451.918
1545.9660000000001
1586.254
1661.204
1519.188
1579.43
1468.134
1424.1779999999999
1453.3899999999999
1426.344
1446.34
1557.318
1799.304
1893.896
1913.882
1861.93
1844.76
1790.518
0.0
550.722
588.51
604.362
680.0840000000001
620.796
607.3480000000001
451.778
480.134
505.19
550.026
465.75
332.794
401.96799999999996
361.428
379.87
397.262
409.15999999999997
369.94
311.386
297.11600000000004
317.02
323.898
314.27
345.774
0.0
2214.422
2279.622
2254.776
2246.7619999999997
2109.832
1775.108
1630.568
1736.18
1781.43
1865.602
1706.108
1773.768
1648.7740000000001
1599.408
1632.218
1601.842
1624.2939999999999
1748.932
2020.6899999999998
2126.922
2149.3579999999997
2091.02
2071.7380000000003
2010.826
0.0
4.37
4.644
4.954
4.86
4.914000000000001
4.33
3.874
3.9259999999999997
3.856
2.964
2.6
2.4
2.296
2.294
2.128
2.064
2.222
2.562
2.662
2.64
2.604
2.692
2.624
2.4939999999999998
0.0
381.358
403.658
424.63599999999997
449.52599999999995
471.944
499.274
382.882
414.998
646.006
371.996
287.476
243.29399999999998
221.408
210.864
206.638
199.14000000000001
199.51
201.544
205.768
216.054
208.128
218.246
204.518
202.122
0.0
2961.7839999999997
3048.988
3015.758
3005.042
2821.894
2374.202
2180.876
2322.138
2382.65
2495.232
2281.9139999999998
2372.406
2205.232
2139.206
2183.0899999999997
2142.462
2172.4919999999997
2339.196
2702.668
2844.754
2874.766
2796.736
2770.948
2689.472
0.0
600.25
617.924
611.1899999999999
609.02
571.902
481.17
441.99399999999997
470.62
482.886
505.698
462.466
480.80400000000003
446.92400000000004
433.542
442.436
434.204
440.288
474.07599999999996
547.738
576.534
582.616
566.806
561.5780000000001
545.064
0.0
1450.03
1534.8120000000001
1614.586
1709.2240000000002
1794.446
1898.368
1455.8220000000001
1577.926
2456.27
1414.42
1093.06
925.068
841.866
801.766
785.686
757.184
758.596
766.338
782.3919999999999
821.494
791.354
829.8380000000001
777.63
768.524
0.0
187.026
192.532
190.43
189.756
178.194
149.92
137.714
146.632
150.452
157.564
144.096
149.81
139.254
135.07999999999998
137.854
135.288
137.18200000000002
147.71200000000002
170.66
179.63400000000001
181.53
176.60399999999998
174.97
169.83
0.0
176.378
187.32
200.08
196.114
198.522
174.8
156.404
158.34
155.72
119.81599999999999
104.906
97.05
92.62599999999999
92.568
85.964
83.43
89.68799999999999
103.458
107.428
106.572
105.116
108.624
105.85600000000001
100.75
0.0
425.462
439.74
487.26199999999994
505.92600000000004
538.144
477.49600000000004
445.704
516.122
534.974
408.25
352.594
306.44399999999996
298.79200000000003
295.38
283.866
280.034
270.776
277.798
293.984
299.624
296.782
314.314
317.202
309.494
0.0
206.678
212.766
210.446
209.698
196.91199999999998
165.67600000000002
152.188
162.044
166.268
174.122
159.238
165.552
153.888
149.274
152.34
149.504
151.6
163.232
188.596
198.512
200.604
195.162
193.362
187.674
0.0
1180.626
1215.39
1202.148
1197.8700000000001
1124.868
946.4100000000001
869.344
925.654
949.7760000000001
994.654
909.624
945.6899999999999
879.048
852.734
870.226
854.028
866.002
932.45
1077.3400000000001
1133.982
1145.942
1114.842
1104.558
1072.076
0.0
813.94
864.422
923.2900000000001
904.984
916.118
806.638
721.768
730.694
718.592
552.928
484.106
447.842
427.454
427.154
396.68
384.99
413.868
477.428
495.762
491.79
485.082
501.26
488.49
464.928
0.0
806.1080000000001
784.414
793.584
873.326
785.0540000000001
686.776
754.588
1113.954
1063.524
820.344
557.182
467.77799999999996
491.678
520.992
475.024
456.378
424.538
440.206
453.996
510.944
603.55
612.468
673.918
603.418
0.0
610.834
648.7239999999999
692.906
679.17
687.518
605.3639999999999
541.6719999999999
548.366
539.28
414.958
363.308
336.09200000000004
320.79
320.57000000000005
297.7
288.924
310.596
358.296
372.05400000000003
369.072
364.04400000000004
376.184
366.598
348.914
0.0
1306.884
1345.3600000000001
1330.7
1325.9759999999999
1245.156
1047.6119999999999
962.312
1024.642
1051.342
1101.018
1006.894
1046.828
973.056
943.924
963.288
945.36
958.61
1032.168
1192.548
1255.246
1268.4859999999999
1234.058
1222.68
1186.7259999999999
0.0
1218.25
1293.808
1381.92
1354.526
1371.182
1207.326
1080.3
1093.6499999999999
1075.54
827.588
724.582
670.3040000000001
639.7860000000001
639.336
593.728
576.2280000000001
619.452
714.582
742.028
736.0799999999999
726.04
750.256
731.138
695.872
0.0
854.3199999999999
907.308
969.0999999999999
949.886
961.566
846.66
757.578
766.946
754.2420000000001
580.36
508.128
470.064
448.65999999999997
448.344
416.366
404.094
434.408
501.112
520.364
516.192
509.15200000000004
526.136
512.726
487.994
0.0
838.892
896.458
920.606
1035.948
945.634
925.1560000000001
688.176
731.37
769.538
837.84
709.464
506.938
612.308
550.552
578.646
605.1419999999999
623.2620000000001
563.514
474.31999999999994
452.584
482.90599999999995
493.37800000000004
478.716
526.7080000000001
0.0
2776.308
2948.494
3149.298
3086.874
3124.83
2751.412
2461.926
2492.36
2451.076
1886.016
1651.266
1527.5720000000001
1458.0240000000001
1457.0020000000002
1353.066
1313.182
1411.692
1628.4759999999999
1691.026
1677.478
1654.596
1709.782
1666.214
1585.844
0.0
723.442
744.738
736.624
734.002
689.268
579.916
532.692
567.202
581.984
609.4780000000001
557.38
579.4780000000001
538.646
522.516
533.24
523.31
530.644
571.366
660.144
694.854
702.186
683.122
676.828
656.926
0.0
1693.794
1743.662
1724.66
1718.53
1613.792
1357.7620000000002
1247.202
1327.988
1362.598
1426.978
1304.984
1356.742
1261.134
1223.3700000000001
1248.474
1225.232
1242.412
1337.742
1545.606
1626.864
1644.026
1599.406
1584.654
1538.062
0.0
176.722
187.676
200.46
196.484
198.902
175.134
156.706
158.642
156.012
120.04599999999999
105.106
97.23
92.806
92.744
86.12400000000001
83.586
89.854
103.654
107.638
106.77199999999999
105.322
108.83399999999999
106.05600000000001
100.942
0.0
2317.268
2452.7599999999998
2580.24
2731.48
2867.6800000000003
3033.752
2326.53
2521.6580000000004
3925.33
2260.366
1746.804
1478.34
1345.376
1281.29
1255.594
1210.042
1212.3000000000002
1224.6699999999998
1250.322
1312.8220000000001
1264.6580000000001
1326.15
1242.7199999999998
1228.164
0.0
1657.414
1760.2060000000001
1880.086
1842.818
1865.478
1642.55
1469.734
1487.898
1463.258
1125.924
985.784
911.936
870.422
869.808
807.7620000000001
783.9499999999999
842.7579999999999
972.178
1009.518
1001.4300000000001
987.772
1020.718
994.7040000000001
946.724
0.0
215.284
209.49200000000002
211.942
233.238
209.66
183.418
201.52599999999998
297.498
284.034
219.09
148.804
124.93
131.308
139.14
126.866
121.884
113.382
117.56400000000001
121.246
136.46
161.19
163.57
179.982
161.154
0.0
143.49599999999998
147.716
146.112
145.59199999999998
136.72
115.024
105.658
112.504
115.44
120.89
110.558
114.938
106.842
103.644
105.766
103.798
105.256
113.32799999999999
130.94
137.824
139.278
135.498
134.246
130.302
0.0
4570.514
4884.156
5015.728
5644.152
5152.074
5040.505999999999
3749.386
3984.7299999999996
4192.658
4564.794
3865.358
2761.938
3336.032
2999.5519999999997
3152.61
3296.9719999999998
3395.706
3070.176
2584.242
2465.8160000000003
2630.998
2688.078
2608.182
2869.642
0.0
1358.6999999999998
1451.944
1491.058
1677.868
1531.59
1498.418
1114.6
1184.5620000000001
1246.376
1357.0
1149.08
821.056
991.722
891.696
937.196
980.108
1009.458
912.692
768.234
733.032
782.132
799.1
775.346
853.076
0.0
3247.488
3448.896
3683.778
3610.764
3655.162
3218.37
2879.754
2915.35
2867.058
2206.096
1931.514
1786.82
1705.474
1704.28
1582.6960000000001
1536.05
1651.278
1904.85
1978.018
1962.166
1935.404
1999.962
1948.996
1854.9859999999999
0.0
422.40999999999997
448.61199999999997
479.16200000000003
469.664
475.44
418.628
374.584
379.20799999999997
372.928
286.956
251.236
232.422
221.836
221.68
205.86599999999999
199.798
214.788
247.772
257.286
255.226
251.74599999999998
260.14
253.514
241.284
0.0
1692.0
1741.816
1722.8339999999998
1716.71
1612.086
1356.33
1245.884
1326.5839999999998
1361.154
1425.468
1303.606
1355.3020000000001
1259.8
1222.0819999999999
1247.1499999999999
1223.934
1241.098
1336.328
1543.974
1625.144
1642.29
1597.714
1582.982
1536.4379999999999
0.0
2030.2820000000002
2156.202
2303.046
2257.4
2285.156
2012.08
1800.378
1822.634
1792.448
1379.22
1207.552
1117.096
1066.234
1065.494
989.48
960.312
1032.352
1190.89
1236.626
1226.718
1209.99
1250.348
1218.484
1159.71
0.0
2623.5159999999996
2803.5460000000003
2879.07
3239.79
2957.338
2893.292
2152.182
2287.268
2406.624
2620.232
2218.748
1585.374
1914.9099999999999
1721.768
1809.6299999999999
1892.4940000000001
1949.1660000000002
1762.3059999999998
1483.378
1415.404
1510.212
1542.9740000000002
1497.116
1647.196
0.0
126.64399999999999
130.892
145.04
150.596
160.18599999999998
142.132
132.668
153.63
159.238
121.516
104.95
91.212
88.94
87.922
84.496
83.352
80.598
82.69200000000001
87.508
89.184
88.342
93.556
94.41600000000001
92.126
0.0
287.192
293.546
295.002
299.048
287.408
266.616
220.578
237.83
275.126
249.75
224.32
202.112
201.018
202.256
198.888
201.99
198.702
194.88
204.208
205.106
209.71
216.54
211.496
208.72400000000002
0.0
23.2
23.718
23.83
24.16
23.216
21.54
17.824
19.216
22.226
20.176000000000002
18.126
16.328
16.238
16.34
16.072
16.32
16.054000000000002
15.741999999999999
16.498
16.572
16.945999999999998
17.492
17.086000000000002
16.864
0.0
33.352000000000004
34.088
34.26
34.734
33.382
30.965999999999998
25.616
27.625999999999998
31.952
29.008
26.05
23.476
23.346
23.492
23.096
23.46
23.076
22.632
23.72
23.822
24.356
25.146
24.562
24.244
0.0
6.976
6.7860000000000005
6.862
7.554
6.788
5.936
6.528
9.636
9.2
7.096
4.816
4.042
4.25
4.506
4.11
3.948
3.67
3.804
3.928
4.42
5.224
5.298
5.828
5.22
