0.0
96.35444577
91.243261082
88.165064458
86.763795848
87.602259852
91.34663336
99.168468776
103.45267527600001
107.65648114
112.64132192
117.55724786
122.1975144
126.12566086
130.7429558
133.12051814
134.86636094
136.37100186
134.98121904
132.59217092
128.56065224
126.94115326000001
122.66843254
113.92773246
104.18776706
0.0
93.310706572
89.864964088
87.636717278
86.499622256
87.01648363
90.335882226
96.136215418
99.570472104
102.545296456
105.86469508
109.74689824
113.04332526
115.94923472
119.55577852
122.23197187999999
124.43724704
126.09120344
125.82702986000001
124.5061619
121.51985176
119.33754814000001
115.9147773
108.4604877
100.696081292
0.0
166.199646
164.13220053999999
162.8687616
162.0762408
161.73166654
162.7079603
164.64906188
165.6368414
166.75096476
168.48532184
171.02368548
173.83770854000002
176.42201534
179.61507008
182.27977760000002
184.24385084
185.5876904
185.38094583999998
183.92224818
181.59062913999998
179.09820874
177.68545428000002
174.10188212
170.0588776
0.0
253.22761548
242.6721576
235.95295978
232.66801858
234.55169114
244.29165662
256.92604574
263.63375778
273.23589346
286.5364595
301.08897858
314.36657302
325.47334962
336.20109452
343.0581221
347.25044214
347.48015829999997
342.43788847999997
331.66420026
321.74046188
317.14613860000003
307.37171574
289.82140068
271.04210412000003
0.0
34.4918823
32.619695555999996
31.333285024
30.529278446
30.288076468
31.264370172
33.45815956
34.216222902
35.272917268
37.386305994
39.832783164
42.164402246
44.185904504
46.138491916
47.666104419999996
48.607940698
49.04440141
48.309309684
46.701296522
44.88653881
44.335220014
43.244068222
40.556389079999995
37.374820188
0.0
592.47244922
557.2799325999999
535.18123742
524.05148922
529.74845008
560.53041632
613.67525128
642.3897720599999
663.17908506
691.39971604
724.0653548399999
754.26154478
782.18354476
810.2893177
833.01973228
850.29438798
866.56977832
871.76136362
859.25331844
832.56029992
815.0903855399999
787.00758426
726.19022932
658.14830102
0.0
41.636055066
39.166606279999996
37.604536350000004
36.823501388
37.225504678
39.384836636
43.129210144
45.139226592
46.597924244000005
48.584969082
50.882130738
53.007005274
54.971078490000004
56.946637518
58.543164874
59.749174744
60.897755572
61.265301438
60.380894202
58.508707447999996
57.279725958
55.304166929999994
51.031446248
46.253349994
0.0
176.29567146
164.93620706000002
158.18255182
154.58749384
155.21921328
164.13220053999999
179.82181463999999
187.48284877999998
192.13460114
199.02608614000002
207.62895652
216.4615431
224.98401284
233.79362781999998
241.47763356
247.87522878
253.36544514
255.57072029999998
253.06681412
246.48544596
241.50060516
232.39235918
214.30221114
194.01827369999998
0.0
205.45813878
194.55810668
187.99971012
185.01339998
186.80518604
194.78782284000002
211.4537307
220.60791988
229.55536451999998
240.19122302000002
250.677766
260.57853274
268.94020118000003
278.79502472
283.86026614
287.59315382
290.79769434
287.82287002
282.74614278
274.13178654
270.67455826
261.5777981
242.93633118
222.158504
0.0
1051.69803624
989.2496966799999
950.01417556
930.25858528
940.3660965800001
995.0040869200001
1089.3485157999999
1140.3110474
1177.2264356
1227.316045
1285.296405
1338.9121584
1388.4734214
1438.3562868
1478.717417
1509.3730392
1538.2713332
1547.4829514
1525.2693986000002
1477.8904388
1446.8902424
1397.0303486
1289.0637504000001
1168.2904767999999
0.0
44.335220014
41.693484108
40.03952771
39.212549515999996
39.637524418
41.94617189
45.92026156
48.068107706
49.618691825999996
51.732080552
54.178557718
56.441261954
58.531679064
60.633581984
62.333481608
63.619892136000004
64.837387816
65.227905296
64.29755483
62.299024182
60.98964204
58.887739118
54.339359038
49.25114596
0.0
402.9106691
397.87988509999997
394.81317424
392.91801586
392.07955186
394.43414260000003
399.13183816000003
401.53237216
404.24302288
408.44682869999997
414.59173616000004
421.42579208
427.68555764
435.42699236
441.87053082
446.63714128000004
449.88762506
449.39373525999997
445.87907796
440.20508864
434.1750393
430.7522684
422.05751152
412.26011706
0.0
778.50808616
732.2777077
703.2300985400001
688.60866464
696.0974116
736.5389425999999
806.37265706
844.0920515
871.41678942
908.5044643599999
951.42692998
991.11039764
1027.7960696
1064.7229432000001
1094.5975306
1117.2934877999999
1138.6800624
1145.5026328000001
1129.0549556
1093.9772964
1071.0286522
1034.13623536
954.2064956
864.8124496
0.0
85.78750214
84.707836164
84.0646309
83.65114179800001
83.478854678
83.98423023800001
84.983495562
85.488871126
86.063161542
86.959054588
88.268436736
89.727134388
91.059488152
92.701958734
94.080255734
95.091006858
95.791641168
95.67678307999999
94.930205544
93.724195674
92.437785142
91.71417921999999
89.864964088
87.774546978
0.0
45.081797550000005
42.175888052
40.441531002
39.52266634
39.69495346
41.969143506
45.977690596
47.941763818
49.124802072
50.893616548000004
53.087405931999996
55.350110166
57.520927934
59.78363217
61.747705386
63.378690164000005
64.77995877400001
65.35424919
64.711043922
63.022630108
61.747705386
59.416086304
54.798791366
49.607206016
0.0
8.579898795
8.269781971
8.0630374216
7.9596651476
8.0056083804
8.304239396
8.8440723856
9.1541892096
9.429848609
9.7399654348
10.0960254868
10.3946565024
10.670315908000001
11.003404342
11.24460632
11.45135087
11.600666374000001
11.577694764
11.45135087
11.175691472
10.980432731999999
10.658830098
9.9811674076
9.2690472924
0.0
185.2890594
173.34381879999998
166.24558924
162.46675832
163.14442100000002
172.50535476
188.99897547999998
197.03904126
201.9319956
209.17954064
218.21887172
227.49940483999998
236.45833534
245.71589682
253.80190584000002
260.50961794
266.28697948
268.60711274
265.97686264
259.05092021999997
253.81339168
244.24571332
225.22521482
203.90755466
0.0
119.42943464
112.96292458
108.4834593
105.7153795
104.888401312
108.2537432
115.85734826
118.49908414
122.14008542
129.46803108
137.94455758
146.00759506
153.01393806000002
159.79056496
165.07403675999998
168.31303476
169.84064722
167.2907978
161.70869494
155.42595784
153.53079946
149.76345434
140.43697798
129.42208784
0.0
80.262828356
75.92119282
72.911911048
71.0512101
70.499891304
72.762595534
77.87378022600001
79.642594708
82.089071868
87.01648363
92.713444544
98.134746068
102.843927444
107.39230754
110.94142232
113.12372588000001
114.14596284
112.43457742000001
108.67871808
104.46342643999999
103.1885017
100.65013808
94.390372558
86.98202620400001
0.0
476.64955838
448.34852676
430.5684955
421.60956504
426.19240254000005
450.9558052
493.71746952
516.80394418
533.53876684
556.23472404
582.52573918
606.81822376
629.2844648
651.8885355
670.17394228
684.0717703400001
697.17707758
701.3464259799999
691.27337212
669.8063964199999
655.7592529
633.15518214
584.22563888
529.4842765000001
0.0
137.78375628
132.61514258
129.41060206
127.19384102000001
126.94115326000001
130.24906606000002
138.40398994
142.9179126
145.6630208
149.43036586
153.88685954
158.30889574
162.52418734
167.2678262
172.13780889999998
176.82401868
180.47650568
180.71770766
178.6962054
174.228226
170.90882738
166.93473772000002
157.22922976
146.6622861
0.0
91.53040629
88.10763541600001
85.971275076
84.501091612
84.328804488
86.534079682
91.943895388
94.953177164
96.767934848
99.27184106
102.235179608
105.175546556
107.96659796
111.12519528
114.36419318
117.47684724
119.90035278
120.06115408
118.71731452
115.74249016
113.537215
110.9069649
104.451940636
97.43411175600001
0.0
149.43036586
139.79377276
134.06235442
131.0186152
131.5584482
139.11611006
152.41667604
158.90615775999999
162.84579
168.68058062
175.9740689
183.46281586
190.6873893
198.15316466
204.66561798
210.08691948
214.73867184
216.61085862
214.49746986
208.90388122
204.68858957999998
196.97012646000002
181.62508656
164.44231732
0.0
156.45968056
146.37514092
140.379549
137.18649426
137.76078468
145.6630208
159.59530628000002
166.3834189
170.50682414
176.62875994
184.26682244
192.10014372
199.65780558
207.49112686
214.30221114
219.97620044
224.85766895999998
226.81025636
224.59349538
218.74721894
214.32518278
206.2391737
190.18201374
172.18375214
0.0
218.80464796
206.97426542
198.76191256
193.69667104
192.18054434
198.3484234
212.28070888
217.11623414
223.77800298
237.21639872
252.73372564000002
267.50447512
280.35709466000003
292.76176762
302.44430398
308.37098104
311.17351828
306.51028013999996
296.2649391
284.75615922
281.29893094
274.38447434
257.2935916
237.11302644
0.0
336.72944173999997
332.52563592
329.96430062
328.37925912000003
327.6901106
329.65418384000003
333.5823303
335.5808609
337.84356514
341.36970828
346.49237882
352.21231134
357.44983988
363.90486412
369.30319408
373.27728374
375.9994203
375.58593118
372.6455643
367.90192543999996
362.85965561999996
359.99968936
352.72917268
344.55127714
0.0
1015.5751690000001
955.26318998
917.38299424
898.30506662
908.0680037
960.82232114
1051.92775228
1101.132955
1136.784904
1185.1516426
1241.1449584
1292.9114962
1340.7728594
1388.9443394
1427.9156872
1457.5146146
1485.4251292
1494.3266306
1472.8711406
1427.1116804
1397.1796642
1349.0426416
1244.7859600000002
1128.147576
0.0
55.8095425
53.71912539
52.421229052
51.513850196
51.410477918
52.754317492000006
56.062230281999994
57.8884738
59.002597202000004
60.530209706
62.333481608
64.1252677
65.825167328
67.75478312
69.718856342
71.625500516
73.095683978
73.19905625199999
72.383563868
70.568806156
69.22496658200001
67.61695342
63.688806988
59.404600494
0.0
1096.5271464
1025.8319960000001
983.81690912
961.45404064
965.4281302999999
1020.8356692
1118.4535544
1166.0507436
1194.9949804
1237.8600174
1291.3609119999999
1346.297533
1399.2815672
1454.1263014
1501.9187498
1541.6711324
1575.841412
1589.578439
1574.0151684
1533.0338044
1502.045094
1445.3856012
1332.8476518
1206.6990194
0.0
180.20084631999998
173.44719108
169.25487098
166.34896152000002
166.01587304
170.35750862
181.01633872
186.92004414
190.51510212
195.44251394
201.27730456
207.04318032
212.55636828
218.77019054000002
225.13332832
231.27823582
236.04484624
236.35496302
233.71322714
227.8669507
223.52531522
218.33372982
205.64191168
191.81299848
0.0
37.08767498
35.089144332
33.687875722
32.837925912
32.573752320000004
33.618960873999995
35.985037384
36.800529772
37.937624794
40.21181483
42.842064936
45.345971138
47.528274716000006
49.630177636
51.272648224
52.271913542
52.742831682
51.961796718
50.227439664
48.274852258
47.689076036
46.517523591999996
43.611614088
40.188843219999995
0.0
295.63321966
279.64497454
268.54968372
261.70414198
259.65966806
267.9753933
286.81211890000003
293.34754382
302.3409317
320.4999946
341.46159478
361.43541538
378.77898588
395.54826596
408.61911584
416.63621002
420.41504096
414.12081802
400.29190482
384.7286346
380.06539642
370.7159485
347.62947378
320.36216494
0.0
279.9206339
261.8764291
251.14868414
245.4402374
246.46247436000002
260.60150434
285.52570836
297.67769356
305.0630683
316.00904354
329.66566966
343.68984154000003
357.22012372
371.22132406
383.41925246
393.56122118
402.29043548
405.793607
401.81951734
391.35594596
383.45370987999996
368.98159142000003
340.25558486
308.04937844
0.0
217.61012392
209.45520004
204.38995862000002
200.87530122
200.48478376
205.72231236
218.58641764
225.71910456
230.04925432
235.99890298
243.05118928000002
250.02307495999997
256.67335792
264.17359072
271.8690823
279.27742868
285.0433044
285.41085026
282.22928134
275.15402344
269.91649488
263.64524356
248.32317532
231.62281008
0.0
83.89234377
80.779689726
78.781159082
77.758922148
78.218354476
81.204664632
86.41922159800001
89.508904032
92.185097364
95.17140752
98.663093224
101.626431776
104.233710268
107.47270818
109.88472793999999
111.87177278
113.35344204
113.11224006
111.9292018
109.24152268
107.28893522
104.19925286
97.503026632
90.53114096600001
0.0
21.398060852
20.019763858
19.192785658000002
18.756324946
18.836725598
19.91639158
21.82303576
22.753386226
23.316190838
24.154654842
25.199863392
26.268043568
27.301766312
28.369946484
29.300296956
30.081331918
30.747508802
31.01168239
30.713051376
29.909044798
29.311782766
28.197659358
26.00386998
23.545907004
0.0
252.09052042
237.12451222
227.71763522
222.9739964
225.40898778
238.5028092
261.11836574
273.32777996
282.17185236
294.18600782
308.08383586
320.93645536
332.8127811
344.76950752
354.44055810000003
361.79147546
368.71741784
370.922693
365.60476382
354.24529942
346.81398138
334.86874078
308.97972894
280.03549200000003
0.0
52.524601325999996
49.687606678
47.712047652
46.494551972000004
46.138491916
47.620161184
50.9625314
52.122598034
53.71912539
56.946637518
60.668039406
64.21715416800001
67.306836602
70.281660948
72.601794224
74.02603445
74.70369714
73.578087928
71.12012495200001
68.363530962
67.525066958
65.87111056
61.770677002
56.923665901999996
0.0
182.64732352
175.03223258
170.18522148
167.81914496000002
169.17447036
176.20378506
185.31203100000002
190.14755626
197.08498446
206.67563446
217.17366321999998
226.75282734
234.7584357
242.4883847
247.43876806
250.47102146
250.63182275999998
246.99082152
239.21492932
232.05927074
228.75135799999998
221.6990717
209.04171098
195.49994296
0.0
93.13841945200001
87.613745662
84.133545752
82.387702886
83.283595932
88.119121222
96.469303858
100.983226536
104.256681872
108.69020386000001
113.82436018
118.57948482
122.96706359999999
127.37761397999999
130.96118618
133.6718369
136.23317215999998
137.04866456000002
135.0731055
130.8807855
128.1356773
123.72512692000001
114.15744862
103.46416108
0.0
43.16366757
41.544168598000006
40.544903274
39.84426897
39.763868312
40.809076868000005
43.358926306
44.771680726
45.633116346
46.816154606
48.205937406
49.59572021
50.916588164000004
52.398257432
53.925869936
55.396053398
56.533148416
56.613549078
55.98182962
54.58056101
53.535352454
52.294885158
49.25114596
45.94323317
0.0
259.1542925
243.7633094
234.09225882
229.22227614000002
231.71469648
245.17606382
268.43482562
280.9888141
290.08557422
302.42133237999997
316.70967788
329.91835742
342.13925742
354.42907232
364.37578226
371.93344418
379.05464528
381.31734952
375.85010482
364.16903776000004
356.53097526
344.24116036
317.64002834
287.88029905999997
0.0
46.816154606
43.806872834
42.003600932
41.050278844
41.222565964
43.588642472000004
47.757990882
49.790978952
51.019960442
52.85768977
55.143365616
57.486470508
59.749174744
62.092279636
64.13675351
65.825167328
67.283864986
67.869641208
67.203464324
65.457621464
64.13675351
61.713247960000004
56.912180092
51.525336006
0.0
9.1771608262
8.6947568778
8.3961258622
8.2582961628
8.338696821
8.6947568778
9.4413344174
9.854823514
10.2568268064
10.727744944
11.198663088
11.6351238
12.014155476000001
12.45061619
12.680332356000001
12.84113367
12.990449179999999
12.85261948
12.622903314
12.243871638
12.083070324
11.681067032
10.854088838000001
9.9237383652
0.0
163.0065913
152.49707672
146.248797
142.92939842
143.51517462
151.75049918
166.26856084
173.34381879999998
177.63951108
184.01413468
191.97379984
200.1402095
208.0079882
216.16291208
223.27262742
229.17633288
234.26454596000002
236.29753404
233.9888866
227.88992234
223.28411324
214.86501572
198.14167884
179.38535392
0.0
85.982760886
81.331008526
78.103496398
76.10496575
75.519189528
77.931209268
83.409939826
85.316584006
87.935348292
93.207334304
99.306298528
105.118117484
110.16038736
115.03037004000001
118.8436584
121.16379172
122.2664293
120.44018578000001
116.40866708
111.89474438
110.52793322
107.81728244
101.09808462
93.17287687800001
0.0
754.29600226
705.66508996
676.76679628
661.3758131799999
664.10943556
702.23083324
769.37686852
802.12290794
822.02781374
851.51188362
888.3238992
926.11220854
962.55667822
1000.28755848
1033.1599418399999
1060.5076518
1084.0076148
1093.4604350000002
1082.755662
1054.55800268
1033.2518285200001
994.26899484
916.8546470199999
830.07936534
0.0
23.247275986000002
22.374354556
21.83452157
21.4669757
21.421032468
21.983837074
23.350648258
24.120197416
24.579629744
25.211349202
25.969412553999998
26.71599009
27.428110206
28.220630974
29.047609178
29.840129946
30.460363594
30.49482102
30.15024677
29.403669228000002
28.840864622
28.174687742
26.53221716
24.751916874
0.0
160.64051478
151.95724374
145.92719438
142.20579247999999
141.09166912
145.6170775
155.85093272
159.4000475
164.29300184
174.15931114
185.55323298
196.39583603999998
205.82568464000002
214.93393058
222.0436459
226.39676726
228.45272694
225.02995604
217.50675164
209.06468258
206.52631894
201.43810585999998
188.8956032
174.07891052
0.0
757.5350002
748.08217996
742.31630418
738.75570364
737.18214786
741.60418406
750.43677064
754.9506933
760.03890638
767.9641141000001
779.49586564
792.34848508
804.13292442
818.67395774
830.80297124
839.75041592
845.87235178
844.94200128
838.32617568
827.6558597999999
816.3193669999999
809.88731436
793.53152334
775.11977268
0.0
205.63042586
194.50067766
186.79370026
182.0270898
180.60284956
186.39169698
199.48551846
204.04538436
210.29366404
222.92805316
237.5035439
251.38988612
263.46147060000004
275.11956606
284.21632622
289.78694326000004
292.42867914
288.04110036000003
278.41599304
267.59636162
264.35736368
257.85639618
241.79923618
222.82468088
0.0
260.18801528
243.41873514
233.44905355999998
228.14261016
229.08444638
242.23569694
265.40257224
276.69312178
283.56163518
293.7265755
306.42987946
319.46627186
332.03174617999997
345.04516698000003
356.39314556
365.82299416
373.93197478
377.19394438
373.49551408
363.76703442
356.41611716
342.97772142
316.27321718
286.34120076
0.0
449.0261894
443.42111494
439.9983441
437.88495538
436.95460488000003
439.58485498
444.81089776
447.4870911
450.50785872
455.20555428
462.0396102
469.6547011
476.6380726
485.26391458
492.44254476
497.74898816
501.37850362
500.8271848
496.91052416
490.5818438
483.86264597999997
480.04935762
470.35533544000003
459.44381758000003
0.0
87.946834102
83.283595932
80.481058712
79.19464818
79.964197342
83.38696821
90.519655156
94.436315784
98.26108995599999
102.820955836
107.31190692
111.53868433999999
115.1222565
119.33754814000001
121.50836598
123.1048933
124.48319024
123.20826558
121.0374478
117.35050336
115.86883404
111.97514506
103.992508296
95.102492668
0.0
338.52122784
318.40957748
305.7866742
299.42353636
302.68550596
320.27027844
350.63875556
367.04048984
378.91681558
395.04289044
413.70732896
430.95901296
446.9128007
462.9699607
475.96040986
485.82671916
495.13022388
498.09356242
490.94938966
475.69623628
465.71506886
449.66939472
414.91333882000004
376.0453635
0.0
119.09634616
111.42382624
106.85247456
104.428969032
104.85394390399999
110.87250742
121.4739085
126.65400808000001
129.7896337
134.45287188
140.25320508000001
146.2258254
151.98021534
157.94134988
163.13293518
167.44011328
171.16151517999998
172.64318446000001
170.95477064
166.50976282
163.14442100000002
156.98802777999998
144.76712772000002
131.06455846
0.0
495.16468136000003
474.50171224
461.38491916000004
454.96435230000003
458.63981096
477.69476688
502.38925474
515.494562
534.28534438
560.2892143400001
588.7510473
614.70897406
636.42863756
657.40172346
670.8056617799999
679.00652886
679.4544754
669.59965186
648.5231936800001
629.1236635
620.14176134
601.01789056
566.7097812000001
529.98965206
0.0
463.73950986
446.57971226
435.50739303999995
429.8908328
432.4291964
448.92281712
477.72922436
494.8201071
509.61382818
526.0844773
545.3921209800001
561.8053410800001
576.20854464
594.13789144
607.4499432
618.41889014
626.6082714
625.29888926
618.7404928
603.87785682
593.08119706
576.0362575199999
538.98304
500.43666734
0.0
1447.2807596
1429.2135834
1418.198693
1411.3876091999998
1408.3898126
1416.843368
1433.7045342000001
1442.3418622
1452.0703418
1467.1856654
1489.2384174
1513.7950758
1536.2957744
1564.0799442
1587.24682
1604.3377028
1616.0302552
1614.261441
1601.6270516
1581.2397418
1559.5889934
1547.2876928
1516.0462944
1480.876749
0.0
280.72464052
264.05873266
253.58367551999999
248.31168947999998
251.01085444
265.59783096
290.77472274
304.38540556000004
314.22874326
327.59822410000004
343.0810937
357.39241086000004
370.62406204
383.9361138
394.70980196
402.8876975
410.60616072
413.06412364
407.13744662
394.49157168
386.21030386
372.90973788
344.09184488
311.85118098
0.0
534.7218051
500.2414086
479.75072662
468.85069452
470.79179616
497.80641724000003
545.41509264
568.62791118
582.73248374
603.63665484
629.7324113
656.51731626
682.36038486
709.0993465800001
732.41553746
751.7920960399999
768.45800384
775.15423006
767.5621108199999
747.57680434
732.4729664800001
704.83811174
649.9589197
588.44093048
0.0
411.55948278
394.3881994
383.47668148
378.14726644
381.20249142
397.02993528
417.56656052
428.45510678
444.07580604
465.68061144
489.34137652000004
510.92321032
528.97890094
546.40287216
557.54410618
564.36667628
564.73422214
556.54484088
539.0289832
522.90290838
515.43713296
499.54077426
471.02151232
440.50371966
0.0
474.60508452
446.41891089999996
428.71928036
419.80629316
424.36615902
449.0261894
491.60408076
514.59866892
531.2530909999999
553.8571617
580.021833
604.22243108
626.5852998
649.0974841
667.3024902000001
681.14288922
694.1907673999999
698.34863002
688.3215193999999
666.93494434
652.94522984
630.4445314200001
581.7217326599999
527.22157226
0.0
495.07279486000004
463.15373366
444.19066414
434.09463862
435.88642472
460.9025152
504.97356164
526.46350894
539.53435876
558.88794574
583.04260062
607.84046066
631.76539938
656.52880204
678.11063584
696.0514684
711.4883947000001
717.69073118
710.66141652
692.1577793600001
678.16806486
652.57768398
601.77595388
544.81783062
0.0
75.404331446
71.32686950200001
68.489874856
66.74403199
66.22717062000001
68.35204515199999
73.15311302
74.81855522400001
77.11571688
81.744497624
87.085398482
92.185097364
96.607133552
100.879854252
104.222224464
106.26669832
107.23150624
105.623493092
102.09734992
98.123260268
96.940222008
94.55117386799999
88.658954218
81.710040202
0.0
12.404672957999999
11.933754814
11.646609606
11.45135087
11.428379249999999
11.727010267999999
12.462102
12.864105286000001
13.105307258
13.449881507999999
13.8518848
14.242402286
14.621433955999999
15.057894674
15.494355392000001
15.919330294
16.240932928
16.263904544
16.080131614
15.678128322000001
15.379497304
15.023437248
14.150515817999999
13.197193726
0.0
884.8551851
847.93979724
824.48577676
813.0114542
819.5813365399999
853.62527238
897.7537478
921.18479672
954.75781442
1001.2179086399999
1052.0885536399999
1098.4797337999998
1137.3017654
1174.7684724
1198.7278684
1213.38376
1214.1647948
1196.5800219999999
1158.906571
1124.2424014
1108.1852414
1074.0264478
1012.70371716
947.08529444
0.0
1243.9015524
1192.0086704
1159.0329152
1142.9068398
1152.14143
1200.0027931999998
1262.0376434
1294.9789422
1342.1626423999999
1407.49392
1478.9930764
1544.2209814
1598.7900572
1651.4524875999998
1685.1403638000002
1705.745904
1706.8485416
1682.1195962
1629.158534
1580.4242496
1557.8546366
1509.8324718000001
1423.6314804
1331.388954
0.0
835.48918108
800.6297529
778.4851145
767.65399732
773.8563338
805.99362538
847.66413788
869.78580462
901.48663548
945.3624232
993.38458736
1037.19146052
1073.8426746
1109.2189641999998
1131.8460066
1145.6864058
1146.4214972
1129.8130184
1094.2414704
1061.5184026
1046.35713536
1014.10498604
956.20502626
894.2390905
0.0
288.00664298000004
277.20998312
270.5137569
265.86200454
265.33365738
272.2595998
289.29305352
298.7343879
304.47729206
312.34507076
321.67154708
330.90613694
339.71575187999997
349.63949026
359.8159164
369.61331086
377.25137336
377.74526314
373.5299715
364.16903776000004
357.23160956
348.93885595999996
328.65491848
306.54473752
0.0
156.87316968000002
148.38515736
142.50442347999999
138.87490807999998
137.78375628
142.20579247999999
152.19844572000002
155.66715982
160.43377028
170.07036338
181.20011162
191.79002688
201.0016451
209.89166076
216.84057478
221.0903238
223.10034027999998
219.74648424
212.4070528
204.16024242
201.67930784
196.71743859999998
184.473567
170.00144858000002
0.0
224.70835348
212.55636828
204.12578498
198.91122804
197.36064392
203.68932428
218.00064144
222.9739964
229.80805232
243.6025081
259.54481002
274.71756278
287.90327066000003
300.65251788
310.58774208
316.67522046
319.55815832
314.76857626000003
304.24757589999996
292.42867914
288.87956436
281.76984908000003
264.2310198
243.49913582
0.0
303.89151582
287.45532416
276.04991651999995
269.00911604
266.9072131
275.46414031999996
294.81772726
301.5484109
310.79448664
329.4589251
351.00630142
371.53144083999996
389.36890114
406.59761358000003
420.03600932
428.27133388
432.16502282
425.68702698
411.46759632
395.47935116
390.6897691
381.07614754
357.34646766000003
329.30960958
0.0
40.073985136
38.569344248
37.638993776
36.984302701999994
36.915387854
37.880195748
40.246272256000005
41.567140214
42.359660982
43.450812774
44.74870911
46.035119638000005
47.264101128
48.642398118
50.055152544
51.421963728
52.490143904
52.559058746
51.961796718
50.663900382
49.699092484
48.550511656
45.725002814
42.64680619
0.0
15.482869582
14.908579165999999
14.5410333
14.357260364
14.437661025999999
14.988979822
15.95378772
16.516592326
17.010482086
17.561800882
18.205006146
18.756324946
19.238728889999997
19.835990922
20.28393745
20.65148331
20.915656904
20.881199478
20.65148331
20.157593556000002
19.801533495999998
19.227243084
17.998261594
16.711851068
0.0
394.98546142
371.53144083999996
356.79514884
349.37531668
353.17711922
373.6907728
409.1244914
428.27133388
442.13470446
460.93697262
482.72555098
502.86017288
521.46718232
540.20053564
555.3618026199999
566.8705825
577.72467134
581.19338544
572.84320282
555.05168578
543.4050761999999
524.68320866
484.13830534
438.76936258
0.0
49.92880865
48.056621896
46.896555258
46.09254868
46.000662212
47.206672082
50.158524816
51.789509594
52.788774918
54.155586102
55.775085074
57.371612426
58.899224924
60.622096174
62.37942484
64.079324468
65.411678232
65.49207889
64.756987158
63.137488186
61.931478316
60.49575228
56.981094944
53.144834974000005
0.0
128.45727996
120.83070324
116.04112122
113.62910146
114.85808296
121.53133758
133.06308906
139.28839714
143.79083402
149.91276982
156.99951356
163.54642429999998
169.59944524
175.68692362
180.62582126
184.37019472
187.8963379
189.02194708
186.31129629999998
180.52244894
176.73213222
170.6446538
157.45894592
142.69968222
0.0
122.39277318
114.50202288
109.8158131
107.31190692
107.7598534
113.95070406
124.83925032
130.1571796
133.38469172
138.17427378
144.14689406
150.26882986
156.18402116000001
162.30595696
167.64685784
172.08037986
175.89366822
177.43276652
175.68692362
171.11557194
167.65834365999999
161.32966330000002
148.77567482
134.69407386
0.0
69.776285378
66.008940264
63.390175974
61.770677002
61.288273054
63.252346270000004
67.697354078
69.236452392
71.361326924
75.645533422
80.59591679
85.316584006
89.40553175400001
93.36813561800001
96.446332242
98.341490636
99.23738365199999
97.744228604
94.48225902
90.80680036999999
89.715648578
87.498887574
82.054614448
75.622561802
0.0
503.5493214
476.8218455
460.75319972
453.4482256
457.84729016
477.4076217
518.2396702
540.67145382
562.60934766
588.65916086
614.3873714
638.63391272
659.1360805400001
683.29073536
695.70689414
704.83811174
712.70589038
705.40091632
692.96178594
671.85087028
663.3858295599999
641.0918757000001
595.40133032
544.48474218
0.0
544.6570292600001
512.31299308
491.99459822
481.76074303999997
486.9982716
515.28781744
564.1484459
590.54283336
609.65521836
635.60165934
665.6255622
693.3982466599999
719.0575424
744.9006110400001
765.79329632
781.66668342
796.6441774
801.41078782
789.90200794
765.36832142
749.31116142
723.49106442
667.57814966
605.0264376599999
0.0
968.3914686
905.96610076
868.85545416
849.11134972
852.61452124
901.55555038
987.75654172
1029.79459996
1055.36200948
1093.2077476000002
1140.4603626
1188.9764174
1235.7696004
1284.2052538
1326.4270852
1361.5162288
1391.7009334
1403.829947
1390.0814344
1353.8896522
1326.5304574
1276.4867904
1177.1000913999999
1065.6877511999999
0.0
1142.1028336
1094.4482144
1064.1716244
1049.3664172000001
1057.842944
1101.7876466
1158.7572558000002
1188.9879028
1232.3123718000002
1292.3027484
1357.944143
1417.8311474
1467.9322432000001
1516.2874964
1547.2302634
1566.1359038
1567.1466552
1544.4392124
1495.8197858
1451.0710764
1430.3506783999999
1386.2566602
1307.1194412
1222.4230909999999
0.0
88.647468408
83.85788635
80.52700194799999
78.482528064
77.86229441600001
80.366200628
86.005732496
87.969805718
90.66897066599999
96.113243798
102.395980964
108.38008708
113.5831582
118.61394224
122.54208866
124.94262259999999
126.06823184000001
124.18455928
120.03818244
115.3749443
113.97367566
111.17113848
104.245196072
96.067300566
0.0
1282.6202122
1229.1078312
1195.1098392000001
1178.4783884
1188.0001234
1237.354642
1301.3305936
1335.2826432
1383.9480126
1451.3007929999999
1525.0281962
1592.2776036
1648.5465788
1702.8514802
1737.5960506
1758.8447954
1759.970405
1734.4719108
1679.8683776
1629.6179664000001
1606.336233
1556.8323994
1467.9437292
1372.8297499999999
0.0
1.7917860942000001
1.6769280108
1.6194989692000001
1.5850415442
1.5965273526000001
1.6884138192
1.8492151354
1.941101602
1.9985306432
2.0904171097999997
2.182303576
2.2741900416000003
2.3545907004
2.4464771666
2.5153920160000003
2.5613352494000003
2.6072784822
2.6302500994
2.5957926744
2.5153920160000003
2.4579629744
2.3775623166
2.1937893838
1.9870448347999998
0.0
98.709036496
92.345898674
88.56706775
86.545565492
86.90162554599999
91.897952156
100.684595488
104.968801988
107.5760805
111.43531206
116.24786578
121.18676332
125.96485956
130.9037571
135.19944942
138.78302158
141.86121821999998
143.09019972
141.68893114
138.00198666
135.2109352
130.11123636
119.98075346
108.62128906
0.0
1715.508841
1643.9292838000001
1598.4569684
1576.2204436
1588.9582048
1654.9556596
1740.5249312
1785.9398172
1851.018407
1941.1130874
2039.7187512
2129.6756020000003
2204.9306178
2277.5668698
2324.03845
2352.442854
2353.9589808
2319.8576160000002
2246.8193607999997
2179.6044108
2148.4778706
2082.2506998
1963.3725842
1836.1557713999998
0.0
347.67541708000005
333.16884114
323.95722292
319.44330026
322.02760712
335.40857378
352.7406585
361.95227672
375.1379847
393.40041982
413.3857263
431.613704
446.86685744
461.59166372
470.99854066
476.76441648
477.06304744
470.16007665999996
455.35486976
441.73270112
435.42699236
422.0000825
397.91434248
372.12870286
0.0
375.31027178
351.12115952
336.74092756
329.07989341999996
330.44670458
349.4097741
382.82199044
399.10886656
409.02111912
423.68849632
442.00836058
460.81062873999997
478.94672004
497.71453077999996
514.0703218
527.68100462
539.37355746
544.08273884
538.75332384
524.71766604
514.116265
494.71673481999994
456.20481958
413.02966622
0.0
108.322658
103.808735336
100.937283264
99.53601469600001
100.340021232
104.509369648
109.90769954
112.77915162000001
116.87958522
122.57654613999999
128.80185422
134.47584348
139.23096812
143.81380562
146.75417256
148.54595866
148.63784512
146.48999898
141.87270404
137.6344408
135.67036756
131.48953333999998
123.97781472
115.94923472
0.0
72.119390276
67.835183782
65.14750464000001
63.79217926
64.492813566
68.237187068
74.70369714
78.19538286000001
80.733746494
84.168003178
88.142092842
91.817551494
95.217350752
98.64012162
101.408201408
103.510104348
105.485663344
106.11738284
104.601256128
101.350772396
99.22589784799999
95.80312697400001
88.39478063
80.11351284599999
0.0
104.635713536
100.707567092
98.27257576
96.59564775199999
96.400389006
98.915781
105.10663168
108.52940256
110.61981966
113.47978592
116.8680994
120.2219554
123.41501013999999
127.02155394
130.7199842
134.28058479999999
137.06015038
137.23243746
135.70482494
132.30502574000002
129.7896337
126.76886614
119.406463
111.37788304
0.0
119.705094
114.72025325999999
111.53868433999999
109.98810022
110.8839933
115.48980236
121.45093689999999
124.62102
129.16940008
135.45213718
142.33213636
148.61487352
153.86388793999998
158.92912936
162.17961308
164.15517214
164.25854442
161.88098212
156.78128322
152.09507344
149.9242557
145.30696072
137.0027213
128.1356773
0.0
683.8305683599999
655.2998205800001
637.1752150599999
628.3081711
633.3848983400001
659.69888514
693.81173576
711.91336964
737.85981056
773.7644473
813.0803691
848.92757676
878.92850798
907.88423074
926.4108395
937.73584648
938.33310854
924.74539728
895.62887326
868.83248256
856.42780956
830.03342214
782.6429770799999
731.93313348
0.0
332.82426692
313.05719088
300.6410321
294.39275236
297.58580706000004
314.87194858
344.7350501
360.86112496
372.54219202
388.39260748
406.74692906
423.71146792
439.3895963
455.18258268
467.9548015
477.64882368
486.80301292
489.70892238
482.67960772
467.69062792
457.88174757999997
442.10024698
407.92996732
369.71668314
0.0
400.05070284
378.82492912
366.05271026
360.25237712
363.74406282
379.28436144
411.72028408
429.54625854
446.97022972
467.66765626
488.11239506
507.37409554
523.6609717
542.84227156
552.70858092
559.96761172
566.21589146
560.4155582200001
550.53776308
533.768483
527.03779936
509.32668294
473.02004292
432.5670261
0.0
249.77038716
234.9422086
225.6272181
220.92952250000002
223.33005644
236.30901982
258.71783184000003
270.81238796
279.58754546
291.47535708
305.2468412
317.9846026
329.75755612
341.59942448
351.17858856
358.46059102
365.32910436000003
367.51140798
362.239422
350.98332982
343.62092674
331.7905442
306.14273428
277.46267098000004
0.0
756.96070974
725.3862228
705.3205157
695.50014958
701.12819566
730.24471966
767.99857158
788.0413069800001
816.75582776
856.51969606
900.02793786
939.7114054799999
972.92836332
1004.97376852
1025.47593592
1038.0184386399999
1038.68461544
1023.63820692
991.4090283600001
961.75267164
948.0156449
918.7957486
866.34006212
810.1974312
0.0
498.13950572
468.56354934
449.9795115
440.61857776
445.40815982
471.28568590000003
515.97696596
540.1086491799999
557.60153526
581.3197293200001
608.79378276
634.1774191
657.65441122
681.28071888
700.39310388
714.92265142
728.61373492
732.9783420399999
722.44585582
700.00258642
685.32372344
661.7089015600001
610.57408304
553.36327196
0.0
349.32937342
328.58600368
315.56109706
308.99121472
312.35655654
330.50413366
361.83741866
378.7675001
391.02285758
407.66579374
426.92749426
444.73049708
461.2011462
477.76368178
491.16762004
501.35553201999994
510.94618192
514.01289278
506.62751804000004
490.89196064
480.60067644
464.03814086
428.17944738
388.05951899999997
0.0
135.03864812
127.73367406
122.66843254
119.5442927
118.60245642000001
122.41574478
131.00712938
133.99343956
138.10535894
146.39811251999998
155.9772766
165.09700842
173.02221613999998
180.68325024
186.65587055999998
190.31984344
192.04271463999999
189.17126256
182.8425822
175.7443527
173.60799237999998
169.33527166
158.79129966
146.34068349999998
0.0
1135.2343198
1067.8126256
1025.46444996
1004.1467898000001
1015.0583082
1074.0264478
1175.87111
1230.8766454
1270.7209148
1324.7961002
1387.3822698
1445.247772
1498.7601526
1552.6056217999999
1596.1598067999998
1629.2504208
1660.4458758
1670.392586
1646.4102184
1595.2639138000002
1561.8057546
1507.9947422
1391.448246
1261.084322
0.0
419.02525814
401.54385794
390.43708134
385.004294
388.11694802
404.23153706
425.13570816000004
436.23099898000004
452.12735764
474.13416638
498.21990633999997
520.1922576000001
538.5695508800001
556.3151246799999
567.6631033
574.6005315
574.96807736
566.64086634
548.8034060599999
532.390186
524.78658094
508.60307704
479.56695366
448.49784224
0.0
981.06031532
940.13638042
914.13251042
901.40623486
908.68823732
946.44208918
995.37163236
1021.34104524
1058.56655
1110.0918858
1166.4757182
1217.9206542000002
1260.9579778
1302.502146
1329.068821
1345.3212396000001
1346.1826752
1326.6797726
1284.9173738
1246.4743734
1228.6713706
1190.8026604
1122.8181614
1050.06705132
0.0
72.25721997400001
67.973013476
65.273848528
63.918523154
64.607671648
68.363530962
74.841526844
78.34469837
80.88306199799999
84.328804488
88.31437996800001
91.989838624
95.401123682
98.82389458
101.603460172
103.705363052
105.6924079
106.32412733999999
104.796514892
101.54603109600001
99.409670748
95.98689990400001
88.56706775
80.27431416
0.0
599.7889091
561.1161925600001
538.13309018
525.9007043
528.08300786
558.38257018
611.7800929
637.81842032
653.64586418
677.08839888
706.3657242
736.41259872
765.39129308
795.3922243
821.5339240000001
843.2765591
861.96396916
869.4871736
860.96470386
838.54440606
821.6028388
790.60264228
729.05019558
660.04345934
0.0
677.72011832
637.47384606
612.1935820599999
599.45582062
605.97975976
641.1837622
701.97814548
734.8160714
758.60318036
790.87830164
828.25312182
862.79094734
894.73298024
926.88175764
952.88562764
972.64121792
991.259713
997.19787596
982.88655896
952.34579464
932.371974
900.24616824
830.67662736
752.84879042
0.0
106.84098878
101.166999436
97.755714404
96.21661607600001
97.14696657200001
101.29334332399999
109.9536428
114.72025325999999
119.37200562
124.89667940000001
130.36392415999998
135.49808044
139.85120178
144.97387228
147.61560816
149.54522396
151.22215196000002
149.67156784
147.02983196
142.55036674
140.75858064
136.0264276
126.33240542
115.52425978
0.0
83.111308808
79.642594708
77.448805324
76.369139338
76.97788718
80.182427698
84.328804488
86.522593876
89.681191152
94.045798308
98.82389458
103.177015896
106.82950296
110.34416026
112.59537872
113.97367566
114.04259056
112.38863412
108.85100522
105.600521428
104.095880576
100.879854252
95.125464284
88.957585232
0.0
735.7464218
695.94809608
668.34769876
651.30275926
646.2145462
666.93494434
713.78555642
730.06094676
752.4582729
797.63195694
849.8119840200001
899.4995907
942.68622984
984.40268584
1016.95346652
1036.89282976
1046.31119204
1030.6215781199999
996.19861048
957.49143674
945.87928458
922.60903696
865.16850968
797.2873826800001
0.0
218.72424734
206.88237902
198.68151188000002
193.61627036000002
192.10014372
198.26802272
212.18882242
217.03583352
223.68611647999998
237.11302644
252.63035341999998
267.40110284
280.24223656
292.6354237
302.3179601
308.24463715999997
311.0471744
306.38393622
296.15008104
284.64130116
281.18407284
274.26961624
257.19021932
237.02113993999998
0.0
1327.897268
1249.0471944
1199.5089032
1174.5617278
1187.3339464
1256.3062252
1375.4370294
1439.7690412
1486.3784512
1549.6307978
1622.8413396
1690.5272082
1753.1133772
1816.10155
1867.0525956
1905.7597694
1942.2501826
1953.885306
1925.8254768
1866.0073868
1826.8637524
1763.921523
1627.5964644
1475.0993874
0.0
172.72358508
162.46675832
156.02321990000002
152.7842219
154.4381783
163.40859458
178.90294996
187.27610422
193.340611
201.56444974000001
211.08618484
219.89579976
228.03923788
236.22861914
242.85593056000002
247.8867146
252.63035341999998
254.14648010000002
250.50547888
242.71810086
237.62988778
229.44050646
211.70641846
191.87042756
0.0
980.02659248
939.13711512
913.15621672
900.4529128
907.73491526
945.44282382
994.31493816
1020.26137908
1057.4409404
1108.9088474
1165.2467374
1216.6342434
1259.6256236
1301.123849
1327.6675520000001
1343.8969992
1344.7699208
1325.2785042
1283.5620482
1245.1649912
1227.3734744
1189.5507076000001
1121.635123
1048.9529284
0.0
830.18273762
780.8856484
749.9199092599999
734.3221816
742.30481836
785.4225427
859.90800948
900.1313101400001
929.27080576
968.8049579599999
1014.57590412
1056.9011076
1096.0217706
1135.3951214
1167.2567536
1191.4573516
1214.268167
1221.5386834
1203.9998546000002
1166.6020624
1142.1258050000001
1102.775426
1017.5507286000001
922.2185195000001
0.0
422.32168516
399.47641242000003
383.63748284
373.85157416
370.93417882
382.82199044
409.72175341999997
419.05971556
431.91233506000003
457.84729016
487.80227822
516.32154022
541.10791448
565.0558248
583.7432348599999
595.18309994
600.5929156799999
591.58804196
571.8324517
549.60741268
542.94564384
529.58764878
496.6118932
457.65203148
0.0
31.149512094000002
29.977959644
29.254353723999998
28.74897816
28.691549117999998
29.438126653999998
31.287341792
32.309578732
32.92981238
33.77976219
34.790513318
35.789778642
36.73161492
37.8112809
38.913918498
39.970612857999996
40.797591062
40.855020098
40.39558777
39.384836636
38.62677329
37.730880244
35.53709086
33.148042736
0.0
102.453409976
98.663093224
96.21661607600001
94.97614878
95.538953386
99.17995464
105.54309241600001
109.32192336
112.59537872
116.22489412
120.4976148
124.11564437999999
127.29721330000001
131.25981718
134.20018412
136.62368966
138.43844732
138.15130214
136.70409030000002
133.4191491
131.03010098000001
127.26275592
119.07337455999999
110.56239064
0.0
8.2812677794
7.971150955400001
7.7758922148
7.6725199398
7.7184631732
8.0170941888
8.5224697538
8.832586577799999
9.0967601684
9.395391184
9.7399654348
10.027110642
10.279798423199999
10.601401056
10.842603028
11.037861768
11.187177278
11.164205661999999
11.049347577999999
10.773688176
10.589915246
10.279798423199999
9.6251073496
8.9359588522
0.0
11.899297388
11.462836676
11.175691472
11.026375958
11.09529081
11.520265718
12.255357448
12.691818166000001
13.070849842
13.495824744
13.989714504
14.414689405999999
14.782235272000001
15.241667604
15.586241853999999
15.873387058
16.080131614
16.045674188
15.873387058
15.494355392000001
15.218695984
14.782235272000001
13.828913184
12.84113367
0.0
3.4572282962
3.2734553634
3.1700830890000002
3.1126540478
3.1471114728000003
3.2849411718
3.5606005712
3.709916079
3.8707173946
4.0430045192
4.226777451999999
4.387578768
4.5254084676
4.697695592
4.7780962498
4.8470110998
4.8929543332
4.8470110998
4.766610442
4.6172949342
4.5598658926
4.4105503848
4.0889477524
3.744373504
