0.0
162.64993401
154.41424781
147.71666856
145.26348541000002
142.45984765
145.96439492
147.91136563
154.64788432
164.79160178
177.19380522999998
185.11797606
194.03510196
201.99821222000003
208.20904885
210.27283785
214.7898099
216.54208352999999
217.57397803
213.89420332
206.90457841
203.94518292
194.67760232
185.58524907
172.05380254
0.0
162.45523694
155.67977882
151.26015525
148.55386599
147.38568356000002
148.63174476
150.32560933000002
154.27795988999998
163.74023757
172.46266639
179.51070045
185.64365820999998
190.23850913
195.26169353
199.09722588
201.93980316
204.31510744000002
205.21071393
202.79647022
197.65646752
194.13245053999998
189.65441783
179.27706394999998
167.439482
0.0
288.79416691
284.39401316
281.10363257999995
278.66991925
277.36544881
276.74241817
276.74241817
276.74241817
280.69476873
286.30204442999997
291.13053185
296.73780746
301.43000695
306.08326693
309.99667814
312.78084627
315.17562018
315.42872639
313.34546777
309.47099599
305.40182722000003
303.22122002
298.27591439
291.90932013
0.0
436.17985047
416.90484032
402.59460559999997
392.19778192
387.11618837
387.52505223000003
389.37467435
398.64225496
426.63969392999996
457.71334669
486.54798301
511.91701149
531.26990051
545.28808967
553.79635171
558.89741497
561.85681046
560.06559739
549.24044022
532.98323471
524.41656352
510.72935936000005
486.39222537
457.46024048
0.0
59.635713162
56.189574989
53.677982763
51.925709110999996
50.874344922
50.718587266
50.835405508
51.283208779000006
55.040862265
59.752531405
64.61995821000001
69.09799086599999
72.972462603
76.223903706
78.716026225
80.332011927
81.11080020899999
80.701936361
78.52132915499999
75.308827466
73.848599429
72.135265191
68.319202575
63.627003142
0.0
1044.04357888
980.88384893
935.69465852
906.2759309
893.75690916
898.83850279
917.19843665
953.13951617
1025.48894858
1105.91830892
1177.09955818
1239.3052726
1289.9459809
1325.5560759
1351.6260138
1375.3595865000002
1393.9336868
1399.5604327
1377.2481482
1334.9404742
1305.6190955
1265.9787718999999
1185.5883506
1090.65405856
0.0
73.36185674400001
68.922763502
65.749201227
63.685412262999996
62.809275437000004
63.15973017299999
64.44473084699999
66.97579277999999
72.057386363
77.723071157
82.726785911
87.088000325
90.65095674
93.14307926
94.992701446
96.647626563
97.952096944
98.341491085
96.783914512
93.805049308
91.741260344
88.957092219
83.310877123
76.652237261
0.0
308.94531392
289.18356114
274.69809898
265.02165442
260.25157615
260.40733388
265.89779129000004
274.91226576
294.36250318000003
315.99334789
335.69669161
353.64776161000003
370.02178542
385.22762672
399.7325586
412.89408070999997
424.92635973
432.26643935
430.45575657
418.73499282
408.27976007999996
393.73588876
366.43935928999997
334.89843362
0.0
346.81389443
329.2716882
314.98092311
309.76304164
303.7663718
311.24273934
315.40925668
329.75843091999997
351.36980592
377.84860767
394.72884382999996
413.75074776
430.72833249999996
443.9872031
448.36788722
457.98592254
461.76304574
463.94365295
456.09736098
441.20303495999997
434.87538013
415.11362726
395.7217989
366.88716258
0.0
1853.3019594
1741.1953853999999
1660.9607213
1608.7429666
1586.5280311
1595.523036
1628.1347955
1691.9370254
1820.3786846
1963.1305774
2089.469507
2199.9211565
2289.8127941
2353.0114643
2399.3104278
2441.4428746
2474.3856185
2484.3930482
2444.7721945
2369.6775338999996
2317.6155364
2247.2714839
2104.5585301
1936.0287448
0.0
78.11246529799999
73.40079615799999
70.013067105
67.812990192
66.878444245
67.248368679
68.63071789700001
71.317537486
76.73011608899999
82.74625561799999
88.080955393
92.734215412
96.511338614
99.17868851399999
101.145128934
102.91687228400001
104.299221493
104.72755506600001
103.053160207
99.879597932
97.698990752
94.720125548
88.703986018
81.617012601
0.0
700.09173162
689.44180181
681.47869155
675.5793702899999
672.3863383
670.86770116
670.88717079
670.86770116
680.44679705
694.03665272
705.75741647
719.36674177
730.7175811
742.01001127
751.49175866
758.24774707
764.06918946
764.67275039
759.5911568399999
750.2262276600001
740.35508613
735.05932579
723.0465164
707.62650831
0.0
1371.8745094
1288.8946169
1229.51201
1190.84517123
1174.41273881
1181.0713786400001
1205.2138157
1252.4278551
1347.4984352
1453.1800065
1546.7124794
1628.4657799000001
1694.99377
1741.7794759
1776.0461609
1807.2366321000002
1831.6321745
1839.0306639
1809.7092843
1754.1038007
1715.5732500000001
1663.5112534999998
1557.8686220999998
1433.106738
0.0
149.06007833
146.78212264
145.08825806000002
143.84219686
143.16075707000002
142.82977208
142.82977208
142.82977208
144.87409127
147.7750777
150.26720018999998
153.16818662
155.58243023999998
157.97720423
160.0020538
161.44281215
162.66940372
162.80569165
161.715388
159.72947786
157.62674952
156.49750653
153.94697490000001
150.65659433
0.0
78.988602124
73.945947964
70.24670359
67.774050778
66.547459225
66.586398639
67.98821755499999
70.30511271099999
75.269888052
80.799284896
85.841939065
90.41732025600001
94.622777013
98.497248723
102.215962777
105.584222122
108.660435906
110.529527836
110.06225483099999
107.063919911
104.39656998299999
100.67785592999999
93.707700773
85.627772279
0.0
14.952735134000001
14.329704499
13.920840651999999
13.66773446
13.550916218
13.66773446
13.823492116
14.19341655
15.069553376
15.867811373999999
16.510311706
17.074933219
17.503266774
17.970539752
18.320994479000003
18.57410067
18.788267448
18.885615991999998
18.651979499
18.18470653
17.85372151
17.444857653
16.490841999
15.400538396
0.0
324.696307
303.94159915
288.69681842
278.53363124
273.52991646
273.68567419000004
279.44870753000004
288.94992464
309.3736475
332.11426548
352.81056427
371.67671048
388.90740143
404.8725613
420.11734203
433.96030383
446.59614388
454.32561762999995
452.41758626999996
440.0932616
429.11234679
413.82862663000003
385.13027823000004
351.99283656
0.0
206.49571464000002
194.56078411000001
185.89676433999998
179.80274601000002
176.16191082
175.65569838
176.04509253
177.56372966
190.62790327
206.92404813000002
223.74587523
239.24376209
252.71679947
263.97029030000004
272.55643111
278.1442371
280.90893551000005
279.42923781
271.91393084
260.79672802000005
255.71513439000003
249.81581312999998
236.59588195999999
220.33867644999998
0.0
138.78007294
130.75855362
124.93711114
120.84847266
118.414759233
118.06430452400001
118.317410653
119.349305153
128.13014313
139.07211859
150.38401848
160.8003118
169.85372561
177.40797202
183.19047507
186.94812856000001
188.79775077
187.8047957
182.7621415
175.28577396
171.85910547
167.90675491000002
159.02856845
148.08659298
0.0
839.9426385
789.14617239
752.77675929
729.1015953799999
719.03575678
723.12439526
737.9019029799999
766.81441826
825.02884276
889.7266798200001
946.98708869
997.0437057700001
1037.77433337
1066.43374243
1087.40261679
1106.5023995000001
1121.43566549
1125.97210744
1108.02103681
1073.96851902
1050.39070343
1018.4993234899999
953.8209558699999
877.44129458
0.0
241.61906636
232.03997048
225.26451236
220.16344909
218.09966009000001
218.08019037999998
219.92981258999998
224.54413322
235.34982068
245.72717465
254.9363461
263.44460814
272.7705979
282.19393623
290.68272856
298.06174761
304.46728121
307.73819206999997
304.62303894
296.52364076
289.45613699
283.49840658
268.54567149999997
251.52914733000003
0.0
160.52773586
154.14167197
149.66363926
146.25644047999998
144.89356099
144.87409127
146.10068284000002
149.17689663
156.36121852
163.23402522
169.36698298000002
175.01319803
181.20456493999998
187.47381062
193.12002575
198.02639195
202.27078815
204.45139536
202.38760635999998
196.99449745
192.30229804
188.34994748
178.4203968
167.0890272
0.0
261.84809215
245.104144
232.81875876
224.62201199999998
220.57231295
220.70860087
225.36186085
233.01345583
249.48482813
267.82529227000003
284.51083136
299.73614238
313.61804361
326.50698977999997
338.81184473999997
349.96798699
360.15064388999997
366.38095014
364.8428433
354.91329262
346.03510615
333.71078148
310.58076934999997
283.84886129
0.0
274.17241682
256.6496804
243.78020394
235.19406304
230.96913655
231.10542447
235.97285132
243.97490101
261.24453122
280.4416626
297.90598997
313.85168011999997
328.39555143
341.88805853
354.75753498
366.43935928999997
377.10875882000005
383.63111073
382.01512502
371.61830142
362.33125110000003
349.44230493
325.22198915
297.22455018
0.0
378.33535039
356.45139946
340.60305781
329.42744593
322.76880601
321.85372981
322.55463922999996
325.33880736
349.24760786
379.11413868
409.95415485
438.34098796
463.00910703
483.62752696
499.37852003
509.61958608000003
514.6622402
511.97542064000004
498.19086789
477.82555419
468.49956443
457.69387697999997
433.49303092
403.68490916
0.0
585.1036408800001
576.2059846999999
569.54734488
564.62150888
561.9541590399999
560.68862804
560.68862804
560.68862804
568.67120801
580.0415170499999
589.83477972
601.20508876
610.7063058699999
620.14911383
628.05381494
633.70003007
638.56745683
639.07366927
634.82927306
627.0024508099999
618.7472949
614.32767143
604.3007721700001
591.411826
0.0
1789.6360167
1681.3844441
1603.9144794000001
1553.4684682
1532.0323205
1540.7158101
1572.2177957000001
1633.8004805
1757.8419849
1895.6875115
2017.7041662
2124.3592225
2211.1551772999997
2272.1732397
2316.8951568
2357.5673754
2389.3808771
2399.0378516
2360.7993471
2288.2746877
2238.0039038
2170.0740954000003
2032.2675079000003
1869.5202256
0.0
97.87421811600001
93.980276671
91.23504796
89.171258996
88.334061584
88.334061584
89.073910461
90.943002346
95.323686466
99.529143223
103.267326993
106.71346520200001
110.471118688
114.287181322
117.733319442
120.73165436000001
123.32112543
124.64506549000001
123.37953457
120.10862372
117.246576811
114.83233310199999
108.777254113
101.865508068
0.0
1921.465404
1798.6115516
1708.4862768
1648.3638212
1618.6725173
1619.6265331
1653.7763999
1709.9075650999998
1830.8533868
1965.3890634
2087.8729915
2199.5122922
2301.4167402000003
2395.9811079
2486.2232007999996
2568.1127894
2642.8959348
2688.5718677
2677.3183768999997
2604.4237932
2539.3560322000003
2448.9192422
2279.1823348000003
2082.9860952
0.0
316.01281760999996
303.47432614999997
294.63507911
287.95696957
285.25068021
285.23121049
287.62598449
293.68106348000003
307.81607093
321.36698709
333.41873582999995
344.55540836
356.74344511
369.06776979
380.18497261
389.84194735
398.19445176
402.49725702
398.40861853999996
387.8365675
378.56898689999997
370.78110399
351.23351799
328.96017292
0.0
64.133215534
60.43397116
57.727681863
55.839120262
54.709877245
54.554119588999995
54.670937831
55.157680507
59.207379608
64.269503483
69.487385006
74.315872398
78.48238974
81.986937035
84.654286927
86.38709086200001
87.243757981
86.79595471900001
84.45958984699999
80.993981967
79.416935687
77.586783208
73.478674986
68.436020817
0.0
511.17716264000006
481.60267739
460.18599946
445.09697637
436.1019717
434.8364407
435.79045633
439.54810982
471.86782378000004
512.20905714
553.87423057
592.24902343
625.56169246
653.44231314
674.7032334200001
688.52672551
695.36059278
691.7197575
673.10671743
645.57655146
632.97965094
618.39684019
585.6877320899999
545.42437759
0.0
490.51980328
459.15410496
436.16038075999995
420.79878182
413.22506569999996
413.45870219999995
422.18113103
436.51083556000003
467.38979116
501.73435467999997
533.00270443
561.50635575
587.51788459
611.6603215
634.69298514
655.6034507200001
674.68376371
686.34611831
683.4840714
664.87103132
648.2633711
625.17229832
581.83273012
531.75664314
0.0
381.60626116
366.45882901
355.76995976
347.70950092
344.45805987
344.41912044
347.3395765
354.62124706
371.69618019
388.07020400000005
402.63354494
416.06764298
430.78674156
445.68106758
459.07622619
470.73858079
480.84335882
486.04177066
481.11593476
468.32433707999996
457.14872511
447.74485658
424.12810173
397.24043612
0.0
146.04227369999998
139.96772508
135.97643509
133.54272167
132.49135754000002
133.62060053000002
135.13923766
138.68272445
147.19098649
155.03727846
161.38440301
166.89433013000001
171.02190804
175.53888018
178.9850183
181.53554993
183.67721779
184.47547579
182.3143383
177.68054795
174.52645539
170.47675626
161.17023622
150.52030641000002
0.0
37.498656077
35.084412385
33.332138734000004
32.163956302
31.579865082
31.599334788999997
32.261304837000004
33.371078148
35.726912718
38.355323195
40.730627472
42.911234679
44.897144815000004
46.746766992999994
48.518510352
50.115026338
51.575254384
52.45139121
52.237224424
50.815935801
49.550404834
47.778661475
44.468811251
40.633278937
0.0
444.24030931
417.35264361000003
398.13604261
385.61702086
380.2823211
382.44345859000003
390.25081121
405.55400109
436.33560811
470.56335343
500.83874811
527.3175499500001
548.85104608
564.01794795
575.1156810499999
585.20098946
593.10569058
595.5004645700001
585.99924746
568.00923794
555.52915563
538.66838918
504.46011367
464.06047124
0.0
90.82618410399999
85.569363157
81.77277025699999
79.085950659
77.48943467199999
77.255798188
77.431025551
78.092995591
83.83655922199999
91.001411467
98.419369949
105.233767413
111.15255839
116.097864014
119.87498722000001
122.34764007
123.55476193000001
122.91226157
119.60241137
114.715514805
112.476498541
109.867557761
104.065584991
96.920202462
0.0
314.61099868
300.69015801
290.39068291
282.87537593
279.21507103000005
279.50711659
280.85052645999997
287.528636
307.71872235
330.14782506
350.94147234
369.24299714
383.18330743999996
393.30755519
399.44051294999997
403.12028766000003
405.26195544
403.95748509
396.15013247
384.42936872999996
378.23800181
368.36686027999997
350.82465414
329.95312799
0.0
164.12963171
154.20008103
147.09363790999998
142.47931728
140.51287686
141.29166514
144.19265157
149.83886661
161.20917565
173.86448532
185.04009729
194.83335996
202.79647022
208.38427620000002
212.49238438999998
216.21109854
219.13155458999998
220.02716108
216.5031441
209.86397399
205.24965336
199.01934701
186.38350706
171.45024160999998
0.0
75.698221607
72.680416988
70.57768861
68.96170291600001
68.319202575
68.319202575
68.90329379500001
70.344052125
73.731781177
76.98322228
79.864738949
82.53208884099999
85.452544915
88.392470705
91.05982058800001
93.376715753
95.382095587
96.413990069
95.42103501
92.889973068
90.670426447
88.801334553
84.128604827
78.793905053
0.0
456.68145218999996
429.05393763999996
409.29218486
396.42270841000004
390.93225091
393.15179755
401.19278668000004
416.90484032
448.56258429999997
483.74434516
514.8764069800001
542.09505768
564.2321147399999
579.8078805499999
591.2171289300001
601.5944829
609.7133508000001
612.1860036600001
602.43168033
583.91598874
571.08545172
553.75741228
518.5951211299999
477.06623562000004
0.0
82.045346156
76.807994917
72.952992896
70.382991539
69.117460573
69.156399987
70.616628033
73.01140201700001
78.17087442799999
83.91443805
89.15178928899999
93.92186755
98.26361222
102.313311357
106.168313423
109.653390975
112.84642296499999
114.793393669
114.326120664
111.210967538
108.42679940400001
104.571797428
97.309596602
88.937622512
0.0
15.497886931
14.699628942
14.076598308
13.842961823
13.570385925
13.901370944
14.096068015
14.719098649
15.69258401
16.880236149
17.620085016
18.476752135
19.236070718999997
19.820161929999998
20.014859009000002
20.462662271000003
20.618419928
20.715768463
20.365313736
19.703343688
19.430767789
18.535161256
17.678494136999998
16.393493464
0.0
285.64007434999996
267.37748908000003
253.98233046999997
245.04573486
240.62611129
240.76239931
245.84399285
254.19649726
272.16703696999997
292.16242635
310.36660256000005
326.97426279
342.12169503
356.17882362
369.59345185
381.76201889000004
392.87922170999997
399.67414945999997
397.99975469000003
387.15512771
377.49815296
364.0445853
338.81184473999997
309.64622334
0.0
148.67068419
140.06507366
133.83476732
129.45408319
126.82567269
126.45574827
126.74779391999999
127.83809747999999
137.2419661
148.96272983999998
161.09235745
172.24849961
181.92494407
190.04381206
196.21570916
200.24593858
202.23184872000002
201.16101479000002
195.74843625
187.74638656
184.08608164999998
179.84168544
170.34046834
158.61970459
0.0
1321.7594827
1237.2609538
1175.2694056
1133.89627746
1113.4725546
1114.13452513
1137.61499169
1176.22342141
1259.4369502000002
1351.9764681
1436.2218917
1513.0298859
1583.1403022
1648.1691240999999
1710.2580203
1766.5838836
1818.0423196
1849.4469569999999
1841.7174833
1791.5635174
1746.8026603
1684.5969459
1567.8371118
1432.8731018
0.0
40.769566886
39.153581184
38.00486846
37.148201341
36.797746614
36.797746614
37.109261927
37.888050217
39.718202697
41.47047634
43.028052921000004
44.449341544
46.026387833
47.622903819
49.044192451
50.290253711
51.380557314
51.925709110999996
51.400027021
50.037147510000004
48.849495372
47.837070596000004
45.32547837
42.443961701
0.0
277.77431267000003
261.69233450999997
250.04944963
241.85270286000002
236.96580639
236.2843666
236.81004875
238.85436793999997
256.41604389
278.33893417
300.98220366
321.83426009
339.9216181
355.06905025
366.63405636
374.14936334
377.84860767
375.88216725
365.7579195
350.80518442000005
343.95184744
336.02767661
318.25183396
296.38735275000005
0.0
1316.2884949
1296.2736363000001
1281.2819613
1270.2036976
1264.1875582999999
1261.3449809
1261.3839209
1261.3644508999998
1279.3349906
1304.8987160000001
1326.9384252
1352.5216196
1373.8993583000001
1395.1213398
1412.9166514
1425.6303705
1436.5723461
1437.721059
1428.1614327
1410.5608172999998
1391.9867161
1382.0376964000002
1359.4723055999998
1330.4624413
0.0
355.53632326
334.97631248
320.08198646000005
309.58781428000003
303.33803822
302.46190145
303.12387143999996
305.73281221999997
328.22032407
356.27617211
385.24709644
411.94006498
435.10901663
454.50084499
469.29782243
478.91585783
483.66646639
481.13540438
468.16857944000003
449.02985721
440.26848904
430.12477157
407.3841535
379.36724489
0.0
455.94160334000003
426.79545156999995
405.41771308
391.14641770000003
384.09838373
384.31255052
392.43141842
405.74869816
434.44704656
466.35789666
495.42616948
521.92444104
546.10581738
568.5349200899999
589.95159802
609.38236581
627.13873874
637.9638959
635.29654607
618.00744605
602.56796825
581.0928811800001
540.8295266700001
494.27745677
0.0
780.20957677
768.3525251
759.47433864
752.8935775900001
749.33062117
747.65622631
747.6756960299999
747.65622631
758.32562584
773.47305808
786.51776189
801.68466385
814.35944323
826.9368740299999
837.48945536
845.02423204
851.5076446099999
852.18908431
846.52339955
836.10710615
825.08725191
819.18793065
805.81224176
788.62049032
0.0
148.4565174
140.96068015
134.82772239
132.60817575
130.01870468
133.23120639
135.02241945999998
141.15537722
150.40348811
161.75432743000002
168.97758884
177.11592646
184.37812721
190.04381206
191.93237362
196.05995153
197.65646752
198.59101343999998
195.24222381
188.87562955
186.14987056
177.70001767
169.3864527
157.04265830999998
0.0
596.5323589799999
560.45499153
534.61869014
517.81633275
510.67095021
513.55246692
524.0661088100001
544.58718016
585.94083831
631.88934729
672.54209593
708.09378132
737.0257662099999
757.37161021
772.2854059399999
785.8363221899999
796.4473125699999
799.65981428
786.90715603
762.7452493999999
745.98183154
723.3385620500001
677.4095227800001
623.1669184599999
0.0
208.69579148
195.35904211
185.56577935
179.02395773
175.81145602
175.9088046
179.62751866
185.72153699
198.86358938
213.46586975000002
226.76367976999998
238.89330738
249.97157076
260.23210653
270.04483890999995
278.92302538
287.06136299
292.00666862
290.79954676
282.87537593
275.80787225
265.97567015
247.53785743
226.23799771
0.0
852.8899938100001
815.19664066
787.2186714000001
766.89229703
756.9627463500001
757.74153463
761.38236991
779.5086673599999
834.23801431
895.00297044
951.38724254
1001.01552623
1038.80622823
1066.23904527
1082.90511482
1092.85413548
1098.63663854
1095.13209055
1073.96851902
1042.17448722
1025.41106954
998.65969122
951.05625745
894.4967580900001
0.0
807.31140917
773.70669458
751.66698602
738.25235778
732.4309153
738.62228221
747.09160482
766.6781302400001
813.6974731500001
857.0954505
892.1214538199999
922.57207585
945.44898184
970.37020704
989.43105013
1003.52711843
1015.3841698300001
1019.84273273
1007.8299241400001
982.24672842
964.78240105
942.47011664
890.9532714000001
832.11581616
0.0
2514.7657918
2476.5467564
2447.9068172999996
2426.7043058
2415.2366487
2409.8046000000004
2409.8630091
2409.8435391
2444.1881031000003
2493.0181287
2535.1116355999998
2584.0000703
2624.828046
2665.3834465
2699.3970252
2723.6757495
2744.5667457
2746.7668226
2728.5042376
2694.8995222999997
2659.3867763
2640.3648726
2597.2784109
2541.8676244
0.0
494.70579034
464.78085038
443.36417245
429.42386207000004
423.48560137
425.89984508000003
434.60280419000003
451.61932827
485.90548265
524.00769967
557.7487022600001
587.22583894
611.21251821
628.09275437
640.43654876
651.6900395
660.49034719
663.15769703
652.5856460800001
632.53184765
618.6304767
599.86167898
561.75946197
516.78443834
0.0
936.99912886
877.09083978
833.14771066
803.82633162
789.34086946
789.80814246
806.45474212
833.82915045
892.80289352
958.41580679
1018.14886824
1072.58616981
1122.29233228
1168.39659862
1212.3981371
1252.3305069
1288.7972688
1311.0706132999999
1305.5801556000001
1270.0284705
1238.3123177000002
1194.2134311
1111.4282357700001
1015.77356415
0.0
708.8725696
677.54581071
654.29898028
637.39927441
629.1635883
629.80608866
632.82389321
647.89344659
693.37468265
743.8791031100001
790.74268838
831.99899795
863.42310533
886.22213247
900.06509436
908.3397199
913.1487376
910.22828146
892.64713588
866.20727347
852.28643289
830.0520272499999
790.4895821599999
743.47023925
0.0
836.36021237
785.75844332
749.56425767
725.9864422600001
715.9595429999999
720.02871185
734.74781043
763.52403769
821.48535606
885.91061719
942.93738956
992.7798400300001
1033.33524046
1061.85836141
1082.7493567299998
1101.77126129
1116.62664734
1121.1436193
1103.27042862
1069.37366802
1045.89320145
1014.13810872
949.7323173899999
873.6836410999999
0.0
867.53121362
812.06201773
771.37032974
744.2295579099999
730.81492959
731.26273287
746.6827409599999
772.01283001
826.62535876
887.37084526
942.66481371
993.07188532
1039.07880354
1081.77587183
1122.52596851
1159.4989428
1193.2594153
1213.8778353
1208.7962419
1175.89243615
1146.5126484099999
1105.6652027
1029.03243474
940.46473679
0.0
130.36915939
122.8343827
117.363395017
113.52786266700001
111.230437254
110.899452261
111.15255839
112.106574116
120.34226022
130.64173533000002
141.27219552
151.04598847
159.55425051
166.66069362000002
172.07327225
175.61675895
177.34956296
176.41501695
171.66440839999999
164.65531385999998
161.44281215
157.72409810000002
149.3715937
139.11105794000002
0.0
21.747662945
20.890995826
20.267965201
19.820161929999998
19.62546486
19.62546486
19.800692223
20.20955608
21.183041441
22.117587387999997
22.935315084
23.714103374
24.551300786
25.388498198
26.167286478999998
26.829256528
27.393878032
27.705393353999998
27.413347739
26.692968579000002
26.050468236999997
25.524786147
24.161906636
22.643269478
0.0
1524.0886796
1456.7429627000001
1406.764224
1370.4142812
1352.6968477
1354.0986659999999
1360.5820786
1392.9602019
1490.7760105
1599.3585683
1700.1143025
1788.7988189999999
1856.3587031
1905.3639560000001
1935.133138
1952.9089815
1963.2668655
1956.9976199999999
1919.1874480000001
1862.3748424
1832.4109632000002
1784.5933623
1699.549681
1598.4824316
0.0
2142.5244592999998
2047.8432735
1977.5965701
1926.4885884
1901.5868327
1903.5338034000001
1912.6650963000002
1958.1852721
2095.6803443
2248.3423179
2389.9649686000002
2514.6295036
2609.6027357000003
2678.506029
2720.3464296
2745.3650034
2759.9088751
2751.0890974000004
2697.9367969
2618.0525881000003
2575.9396113
2508.7496525
2389.16671
2247.0962568
0.0
1439.0644683
1375.4569356
1328.2818344
1293.9567404
1277.2322626999999
1278.5367329
1284.6696903
1315.2371309
1407.5819517
1510.1288994000001
1605.2578895000001
1688.9776298000002
1752.7798606
1799.0593549999999
1827.1541425
1843.9564993000001
1853.7302928
1847.8115016
1812.1040584
1758.4650155
1730.1755308
1685.0252793
1604.7127371
1509.2917026
0.0
505.0636746
485.00987616
470.87486871
460.20546917999997
455.8831942
455.84425476
459.69925683
469.33676185999997
491.94109192999997
513.61087607
532.88588613
550.6617288699999
570.1509058
589.85424944
607.59115274
623.0306305400001
636.38684963
643.25965633
636.73730442
619.81812883
605.04062111
592.58000842
561.3505981100001
525.74050358
0.0
271.25196077
255.55937675
244.18906771000002
236.18701811
231.41693984
230.75496976
231.2611822
233.24709233
250.39990434
271.79711255
293.91469998
314.28001369
331.95850784000004
346.73601556999995
358.02844574000005
365.36852536000004
368.98989092
367.06238994
357.17177869
342.56949823
335.89138868000003
328.14244521
310.79493614
289.43666727
0.0
388.53747692
366.06943487
349.77328992
338.30563239
331.47176512
330.51774949
331.23812862
334.10017562
358.6709461
389.31626529
420.99347889
450.15910028999997
475.46971962000003
496.67223076
512.8320877900001
523.34572968
528.54414143
525.7599733
511.62496593
490.69503063999997
481.11593476
470.03767128
445.17485523
414.56847548
0.0
525.4484580200001
495.05624505
473.03600620000003
457.53811925
448.29000836
446.98553802
447.97849307999996
451.83349505999996
485.06828531
526.5192919499999
569.35264781
608.7982746
643.02601983
671.68542879
693.5499100000001
707.76279623
714.79136057
711.0531768
691.91445458
663.6055003199999
650.658145
635.66647049
602.04228619
560.66915832
0.0
70.26617329700001
67.482005172
65.515564743
64.016397283
63.432306071999996
63.41283636400001
63.95798816199999
65.30139796499999
68.436020817
71.453825436
74.14064503399999
76.61329784600001
79.319587152
82.06481586299999
84.537468675
86.67913646800001
88.548228362
89.50224401599999
88.587167776
86.231333206
84.167544241
82.434740297
78.092995591
73.147689966
0.0
26.94607477
25.83630146
25.096452583
24.648649321
24.453952251
24.668119028
24.940694927
25.602664975
27.160241548000002
28.620469594
29.788652025
30.8010768
31.560395375
32.397592787
33.040093128
33.507366097
33.896760238
34.052517902999995
33.643654046
32.786986928
32.202895716
31.463046839999997
29.749712611
27.783272182
0.0
696.04203258
653.94852557
623.80941882
604.20342368
595.85091928
599.2386483399999
611.4850941499999
635.4328339900001
683.67876847
737.29834215
784.74601854
826.23596461
859.97696721
883.73000998
901.11645849
916.9258608
929.3085945400001
933.06624802
918.19139172
889.9797859500001
870.43219996
844.01180726
790.4117033900001
727.1156852500001
0.0
87.574743001
84.089665413
81.636482308
79.786860121
79.04701124500001
79.02754153800001
79.70898129300001
81.383376117
85.29678725900001
89.054440754
92.383760685
95.479444131
98.847703432
102.27437192500001
105.350585709
108.01793554700001
110.334830766
111.522482905
110.393239824
107.472783768
104.90278242
102.74164492999999
97.329066309
91.157169132
0.0
226.37428563
212.68708147
202.87434908
196.50775481
193.78199583
194.8917691
198.86358938
206.670942
222.3440563
239.78891395
255.22839175999997
268.72089885
279.70181366
287.4118177
293.07750254999996
298.21750524
302.24773466
303.45485651999996
298.62636910000003
289.45613699
283.08954272
274.50340191
257.05854425
236.47906367
0.0
214.47829453
200.75215102
190.70578204
183.98873307000002
180.67888287
180.77623136
184.59229399999998
190.86153968
204.35404678
219.3651911
233.05239526
245.51300786
256.88331681
267.43589813
277.50173673999996
286.65249914
295.00500353999996
300.1060668
298.84053588999996
290.70219827
283.43999743
273.35468911000004
254.39119433
232.50724340000002
0.0
120.6537755
113.68362039499999
108.621496474
105.058540059
102.936342
102.64429635
102.858463136
103.754069714
111.386194892
120.90688172
130.73908391
139.79249773
147.65825941
154.23902046
159.26220495
162.513646
164.12963171
163.27296465
158.87281081
152.38939825
149.41053304
145.96439492
138.23492116
128.73370406
0.0
849.9695376699999
807.0193636099999
771.95442095
759.2017627
744.46319432
762.80365855
773.0252547900001
808.18754603
861.18408907
926.0571534899999
967.4108115500001
1014.06022967
1055.64752496
1088.14246636
1098.87027477
1122.46755945
1131.71567052
1137.0698401799998
1117.83376937
1081.34753843
1065.81071187
1017.3700805
969.84452497
899.1889575
0.0
959.77868628
901.72001942
860.1716642800001
833.12824094
821.62164398
826.29437376
843.17460992
876.21470301
942.74269249
1016.6691708999999
1082.0873871000001
1139.28938709
1185.84145682
1218.5700345
1242.5567135000001
1264.3627855
1281.4377193999999
1286.616661
1266.09559
1227.195115
1200.2490404
1163.8212176
1089.91420899
1002.63151167
0.0
1696.9407407
1588.4555319
1508.8633692
1455.7500078
1429.5243119
1430.3809795999998
1460.5395560000002
1510.0899603
1616.9202438
1735.7243976
1843.8980902
1942.4926873999998
2032.5011441
2116.0067181
2195.6962298
2268.026192
2334.0674387999998
2374.4086721
2364.4596523
2300.0928001
2242.6376938999997
2162.753485
2012.8562098999998
1839.5952854
0.0
1967.180276
1880.248034
1815.7448936
1768.8228996
1745.9459936
1747.7566762
1756.1286505
1797.930112
1924.1522234000001
2064.3146459
2194.3528197
2308.8346987
2396.020047
2459.2965953
2497.7103279
2520.6651128999997
2534.0213316
2525.9219336
2477.1308478
2403.7884607
2365.1216219000003
2303.42212
2193.6324409999997
2063.1854029
0.0
153.28500482
144.42628807
138.00128465999998
133.46484289
130.77802325
130.40809882000002
130.68067476
131.80991774999998
141.50583193
153.5965201
166.09607213
177.60266909
187.59062892
195.94313332
202.3291973
206.47624493
208.52056412
207.43026056
201.84245458
193.58729876
189.81017556
185.44896114000002
175.63622867
163.56501021
0.0
2209.2276766
2111.5870952
2039.1403139
1986.4552868
1960.7747424
1962.7995922
1972.1839914000002
2019.1449254
2160.9038634
2318.316446
2464.3587197
2592.8977261
2690.8303537
2761.8753158
2805.0201866
2830.8175491
2845.8092232000004
2836.7168702
2781.9096443
2699.5527824
2656.1158662999997
2586.8231778
2463.540992
2317.0314448999998
0.0
3.1540925668
2.9593954946
2.8231075444
2.7257590083
2.6868195941999997
2.7062893012
2.7646984232999996
2.8815166664
3.0956834457
3.3293199319999998
3.5434867112
3.7381837834000002
3.8939414407
3.9912899768
4.0691688058
4.147047634
4.205456756
4.2249264631
4.147047634
4.0302293908
3.9328808547000005
3.8160626116
3.5824261253
3.2903805179
0.0
172.96887883000002
161.91008506999998
153.79121717
148.37863863
145.7112887
145.78916757
148.86538126000002
153.92750518
164.8110715
176.92122939
187.94108362999998
198.00692223000001
207.17715435
215.68541639
223.80428428
231.18330333
237.91982202
242.02793021999997
241.01550544
234.45421419000002
228.59383227
220.45549466
205.17177449000002
187.51275005
0.0
2954.8201136000002
2824.2562574
2727.3555246
2656.8751841
2622.530621
2625.2369103
2637.7948713
2700.6041471999997
2890.2196250999996
3100.7455691
3296.0656719
3468.0026562000003
3598.9948467
3694.0070178
3751.7152293
3786.1960814000004
3806.269349
3794.1007823
3720.7973343
3610.6377310000003
3552.5595951
3459.8837882
3294.975368
3099.0322347
0.0
598.8492542
572.3704523499999
552.74498749
538.4542223999999
531.50353692
532.04868879
534.5992204199999
547.31293924
585.74614124
628.4237394500001
668.0056541700001
702.85643004
729.3936409400001
748.6491813800001
760.3504754100001
767.34010032
771.4092690800001
768.93661631
754.08122973
731.74947551
719.98977242
701.20150499
667.7720176600001
628.07328466
0.0
657.66723963
615.63214178
584.77265589
564.19317539
554.0299882099999
554.3609732
566.04279752
585.25939852
626.6519961
672.69785357
714.63560294
752.83516844
787.72488374
820.08353714
850.98196245
878.99887115
904.60153613
920.235711
916.38070894
891.44001403
869.1666689599999
838.20983458
780.11222828
712.96120808
0.0
186.57820413000002
178.34251803
172.22902989
167.77046699
165.6093295
165.76508714000002
166.56334513
170.53516541
182.50903537000002
195.80684531
208.13116997999998
218.99526667
227.26989221
233.26656205
236.90739724
239.08800445
240.35353545
239.57474717
234.96042654
227.99027134
224.32996644
218.46958451999998
208.07276091999998
195.6900271
0.0
127.09824863
119.4077143
113.897787182
110.31536105
108.796723829
109.419754472
111.658770827
116.01998524
124.83976256000001
134.63302532
143.29704499
150.87076111
157.02318859
161.36493329
164.53849556
167.42001227999998
169.67849826
170.37940777
167.65364868999998
162.513646
158.93121987
154.10273254
144.32893948999998
132.76393339
0.0
183.50199044
176.20085016000002
171.08031718
167.18637578
165.62879921
165.6093295
167.01114841999998
170.51569569
178.73191217000002
186.59767385
193.60676847
200.07071122999997
207.13821491000002
214.30306718
220.74754031
226.35481592
231.20277305
233.71436525
231.33906097
225.18663349
219.8129943
215.29602223999999
203.94518292
190.99782770000002
0.0
206.18419928
197.07237630999998
190.3163879
185.41002171
182.995778
183.19047507
184.06661193
188.44729606
201.68669694
216.36685617999998
229.9956512
242.00846049999998
251.13975319
257.77892339
261.80915281
264.20392680000003
265.60574564
264.7685483
259.64801523
251.9574809
247.90778185
241.44383901
229.93724204999998
216.25003788
0.0
1177.85887684
1125.79687937
1087.18845055
1059.09366299
1045.38698901
1046.47729293
1051.4810073499998
1076.51905029
1152.10045431
1236.0148917
1313.8742508
1382.4270907
1434.6253754
1472.5134254999998
1495.5071496
1509.2527625999999
1517.2548126000002
1512.4068554
1483.1828248
1439.2786354
1416.1291532
1379.1756489000002
1313.4459173999999
1235.3334521
0.0
586.48599009
551.01218357
525.62368538
509.09390393
502.06533968
504.92738658
515.2463314099999
535.41694814
576.0696967800001
621.25888719
661.23019604
696.1783204999999
724.62356267
744.63842168
759.27964157
772.61639094
783.03268434
786.20624661
773.6677551500001
749.89524267
733.4238703699999
711.16999501
666.00027431
612.6727462900001
0.0
675.26785492
641.1569279
613.2957769300001
603.15205946
591.45076543
606.01410646
614.15244408
642.07200419
684.1655111
735.72129578
768.58616161
805.6370144
838.67710749
864.47446955
873.0022013099999
891.7709990200001
899.11107864
903.35547484
888.0912244
859.0813606400001
846.7570359599999
808.2654249
770.5136625900001
714.363027
0.0
440.15167075
413.51711126000004
394.47573769999997
382.07353416
376.79724355
378.91944161000004
386.66838508
401.81581723
432.32484850000003
466.22160873
496.24389719
522.46959282
543.80839188
558.8195362
569.81992072
579.82735027
587.65417251
590.02947679
580.62560826
562.77188675
550.40862265
533.70361384
499.82632332
459.79660532
0.0
1303.8084129000001
1246.1975486000001
1203.4420722
1172.34894999
1157.18204776
1158.3891698
1163.93803572
1191.64342986
1275.3047611
1368.1947343
1454.3871277
1530.260577
1588.0466685
1629.9844172
1655.4313244
1670.6566357000002
1679.5153525
1674.1417137
1641.8025295
1593.1866710000002
1567.5645365
1526.6781509
1453.9003851999998
1367.4354156
0.0
877.83068872
824.71732748
786.73192868
761.98593084
751.47228895
755.73615487
771.17563267
801.3926182
862.23545319
929.85374632
989.68415635
1041.99926004
1084.57950932
1114.50444946
1136.4468096300002
1156.40325912
1171.99849474
1176.7491038399999
1157.98030549
1122.4091503900001
1097.74103178
1064.42836266
996.82953953
917.00373958
0.0
615.5932023400001
578.3476524800001
551.7130929900001
534.36558392
526.9865648699999
529.96543007
540.81005696
561.99309847
604.6512269699999
652.0794336399999
694.03665272
730.7175811
760.58411191
781.57245627
796.95352501
810.9522444500001
821.89421992
825.20407011
812.06201773
787.1018531
769.8127531800001
746.44910446
699.05983712
643.0649592599999
0.0
233.50019846
219.98822174
210.19495898
203.32215237
199.21404407999998
198.62995287
199.07775616
200.79109036
215.54912846000002
233.96747147
253.00884512000002
270.53158163
285.75689265000005
298.49008118
308.20546507
314.51365018999996
317.62880332000003
315.97387817
307.46561613
294.88818533
289.14462171
282.46651208
267.53324671
249.15384305
0.0
2000.5124151
1879.4887153
1792.8874575999998
1736.5226553
1712.5359763
1722.2513598
1757.4525906000001
1826.3169448
1964.96073
2119.0634627
2255.429292
2374.6617783
2471.6793291
2539.9011837000003
2589.8799224
2635.3416882
2670.9128433
2681.7185308
2638.9630534000003
2557.8911934
2501.6821483000003
2425.76976
2271.7254362999997
2089.8004922
0.0
721.74204605
689.85066566
666.17550167
648.96428052
640.5728366799999
641.23480676
644.31102045
659.6336800500001
705.95211354
757.37161021
805.09186262
847.0880210400001
879.07674992
902.28464091
916.38070894
924.8110922
929.71745839
926.73859319
908.82646253
881.9193272
867.7453803999999
845.10211091
804.81928669
756.9627463500001
0.0
1689.8148275
1615.1290311
1559.7182438
1519.4159505
1499.7710153
1501.3285925999999
1508.512914
1544.4345243
1652.8613232
1773.2619925000001
1884.9597031
1983.2817241
2058.2011576
2112.5411101
2145.542264
2165.2650772
2176.7327352
2169.7820492
2127.8637704
2064.8597974
2031.6444773
1978.647934
1884.3366724999998
1772.2885076
0.0
127.33188512999999
119.6413508
114.111953878
110.529527836
109.010890615
109.633921258
111.87293761299999
116.253621743
125.07339906
134.88613153
143.56962093
151.14333705
157.33470387
161.67644866
164.85001093
167.75099727
170.00948334
170.69092304
167.98463377
162.80569165
159.24273523
154.41424781
144.60151543
133.0170396
0.0
1051.01373398
983.8237751500001
934.5264761
901.64214064
885.3849351299999
885.91061719
904.60153613
935.28579466
1001.46332961
1075.03935296
1142.03461552
1203.1110869000001
1258.8528586999998
1310.5644009
1359.9395781
1404.7199051999999
1445.62576
1470.6248638
1464.4529665
1424.5790066
1389.0078515
1339.5353252
1246.684292
1139.3672652399998
0.0
1194.2718402
1122.01975607
1070.32768383
1036.66456037
1022.3543249300001
1028.15629797
1049.18358139
1090.28413333
1173.0498586899998
1265.0442251
1346.4665413
1417.6283205
1475.5507000999999
1516.2813277
1546.1089188
1573.2691606
1594.4911411
1600.9356138
1575.4108284
1527.0091361
1493.4628308000001
1448.1373522
1356.1819248
1247.5798979
0.0
180.34789779
171.23607482
163.79864672
161.09235745
157.95773451000002
161.85167601
164.0128135
171.46971133
182.72320206999999
196.4882851
205.26912307
215.15973432
223.97951164
230.87178806
233.14974375
238.15345853
240.11989895000002
241.24914194000002
237.17997317
229.4310297
226.14064912999999
215.86064374
205.77533541999998
190.78366091
0.0
143.16075707000002
136.83310224
132.14090283000002
128.71423434000002
127.0593092
127.19559721000002
127.79915804999999
130.8364324
140.02613423
150.22826075
159.69053852
168.02357321
174.37069775999998
178.96554858000002
181.76918643
183.44358129
184.41706664
183.81350572
180.27001902
174.93531925
172.11221168
167.63417907
159.63212937
150.15038198
0.0
1272.1506683
1198.574645
1145.2471173200001
1107.72899152
1085.33882797
1082.20420522
1084.57950932
1093.9444385
1174.37379884
1274.7596096
1378.4552702
1473.9541838
1556.8367272
1626.2267639
1679.1648980999998
1713.5678702999999
1730.5649251
1721.4920412000001
1675.1736077
1606.6597078
1575.3134794
1539.0024756
1457.5996295
1357.4085168000001
0.0
378.17959276
356.31511154
340.44730017
329.29115792
322.65198781
321.7174418
322.4183513
325.20251944
349.11131985
378.95838104
409.77892749
438.16576061
462.81440996000003
483.43282989
499.18382296000004
509.40541929
514.44807341
511.76125386
497.9767012
477.63085711
468.30486736
457.49917990999995
433.31780355999996
403.52915152
0.0
2340.025169
2198.4609282
2097.1795116
2031.235613
2003.1797654000002
2014.5500744
2055.7285045
2136.2746838000003
2298.4378745999998
2478.6884241999996
2638.2232047
2777.6652477000002
2891.1541709000003
2970.9605007
3029.4085618
3082.5998022
3124.2065666000003
3136.8424067
3086.8247289
2991.9877850000003
2926.2580534999997
2837.4567189
2657.2645784
2444.4606793
0.0
304.36993271999995
285.97105943
272.79006761
264.20392680000003
260.56309152
262.04278922
267.3969587
277.87166125
298.95735408999997
322.4183513
343.15358944
361.2993566
376.05739461
386.43474858
394.04740413
400.95915017
406.3717288
408.02665386
401.52377167000003
389.17997728
380.63277581
369.0872395
345.64571201
317.95978831
0.0
1688.0236149
1613.4351667
1558.0827883
1517.8194340999999
1498.1939690000002
1499.7320763
1506.9163985
1542.7990688999998
1651.1090496000002
1771.3929008
1882.9737924
1981.1984653
2056.0205505999998
2110.3020941
2143.2643080000003
2162.9676522
2174.4353092
2167.4846241
2125.6052836
2062.6791905
2029.5028095000002
1976.5452051999998
1882.3507619000002
1770.3999459
0.0
1462.9537991
1374.4445107
1311.1290224000002
1269.8921824
1252.3694460000002
1259.4564192
1285.2148427
1335.5635048
1436.9617404
1549.6524058999998
1649.3762461
1736.5615944
1807.5092074
1857.390598
1893.9547079000001
1927.208968
1953.2010268
1961.1057277
1929.8373783000002
1870.5521195000001
1829.4515676
1773.9434321
1661.2722366
1528.2357272
0.0
730.23083837
688.00104345
657.39466369
635.84169785
622.9916911099999
621.20047804
622.56335754
627.9369967299999
674.0996725
731.73000588
791.24890073
846.05612654
893.6400909500001
933.47511188
963.8478551300001
983.60960801
993.36393151
988.1460499499999
961.55042972
922.2410908500001
904.25108133
883.39902499
836.6717276400001
779.17768227
0.0
54.61252871
52.45139121
50.913284336000004
49.764571612000005
49.297298643
49.297298643
49.70616249
50.75752668
53.191240078
55.547074656999996
57.630333319
59.557834334
61.660562713
63.782760798
65.710261813
67.384656637
68.825414967
69.565263844
68.864354381
67.03420190099999
65.437685915
64.074806404
60.706547059
56.851545038
0.0
178.36198765
170.94402926
166.07660241
163.09773721
161.81273658
163.17561607
165.06417772
169.3864527
179.76380658000002
189.36237227
197.09184603
203.82836472
208.87101891999998
214.38094604
218.58640282
221.72102566
224.32996644
225.32292151000001
222.65557158
217.00935654
213.15435447
208.22851856
196.83873981
183.83297543
0.0
14.407583328000001
13.804022409000002
13.414628259
13.180991775
13.064173533
13.180991775
13.336749431000001
13.687204167
14.52440157
15.30318986
15.926220495
16.471372291999998
16.880236149
17.328039411
17.65902443
17.912130631
18.126297408
18.204176237000002
17.990009459
17.542206187999998
17.230690876
16.821827028
15.906750788000002
14.855386599
0.0
20.715768463
19.859101344000003
19.29447984
18.944025113000002
18.788267448
18.944025113000002
19.177661598
19.664404274
20.871526119
22.000769137
22.89637567
23.67516396
24.259255179999997
24.901755513
25.388498198
25.758422632
26.050468236999997
26.167286478999998
25.855771167
25.213270825
24.745997856000002
24.181376343
22.857436255
21.358268803999998
0.0
5.840912161
5.5488665527
5.2957603593
5.2178815303
5.1205329951000005
5.2373512382000005
5.3152300664
5.5488665527
5.9187909901
6.366594255600001
6.639170156900001
6.9701551793
7.2622007867
7.476367566
7.554246395
7.7100040532000005
7.7684131743
7.8073525884
7.6905343452
7.437428151900001
7.3206099087
6.9896248863
6.6586398638999995
6.1718971834
