0.0
201.93980316
191.9129039
183.77456628000002
177.7389571
172.48213611
170.90508983
170.92455955
173.94236418
187.06494684999998
204.08147093
221.64314679
238.30921617
253.57346661
266.40400363
274.36711389000004
280.18855637999997
282.89484565
281.29832964999997
274.62022011
262.41271373
255.67619504
243.87755242999998
226.95837684
210.03920134
0.0
201.58934836
192.7111619
186.40297678
181.24350437
178.34251803
177.99206322999999
178.43986651999998
180.50365552
192.22441927
207.41079084999998
222.9086778
237.68618552
251.13975319
263.1720323
271.89446113
278.12476738
282.19393623
282.09658765
276.21673611
266.03407921
255.87089211
244.92891665
229.58678734
214.65352188999998
0.0
318.40759160000005
313.11183127000004
309.17895043
306.10273664
304.17523565
302.53978023
301.52735544
300.41758217
304.75932686
313.54016484000005
321.99001773
328.97964264
336.39760103
343.27040773
348.4882892
351.79813949
353.29730691
352.03177599
348.27412251
343.21199859
338.03305646
333.76919063
326.97426279
323.21660929999996
0.0
507.34163028999996
483.25760253
465.26759301
452.10607099000003
444.37659723999997
442.50750531
443.24735425
446.98553802
478.0786604
524.1634573
569.800451
609.90804787
639.98874547
660.66557455
673.39876308
681.98490389
684.0681626100001
677.6431591999999
660.8018624700001
639.05419955
622.3881301800001
600.6988763200001
568.84643537
535.04702371
0.0
70.83079481
67.073141315
64.230564069
62.011017449
60.511849988
59.966698191
60.044577018999995
59.791470819
63.977457869
70.928143345
77.89829852
84.089665413
89.268607531
93.220958088
95.790959444
97.153838946
97.387475431
96.08300505
93.298836925
89.833229036
87.69156124300001
84.887923411
80.234663383
75.172539516
0.0
1351.4313166
1269.8143042
1208.4652566
1164.2495509999999
1138.60794658
1134.34408084
1140.57438727
1158.44757886
1242.0115619
1360.9325339
1488.3033583000001
1614.3113034
1727.1187871000002
1822.7345187
1900.2823625
1953.512542
1982.8339207000001
1980.0302832
1931.0834393999999
1849.6027142
1776.4160852
1695.8114977
1581.6606039
1458.5147061999999
0.0
94.973231739
89.22966811699999
84.926862825
81.811709671
80.020496606
79.70898129300001
80.156784555
81.40284582400001
87.282697395
95.635201788
104.591267144
113.449983893
121.37415472
128.0912037
133.54272167
137.28090552999998
139.34469444
139.14999737
135.70385925
129.97976525
124.83976256000001
119.174077799
111.15255839
102.488538711
0.0
395.74126861999997
369.76867920999996
350.02639614000003
335.93032812
327.48047513
325.24145887
327.26630835
331.70540163
352.53798834
384.95505088
420.83772125
455.98054269
488.475484
516.8233776899999
540.47907197
558.0407479200001
569.54734488
572.7793162099999
563.49226589
544.91816524
525.50686717
502.18215788
467.01986673
429.30704386
0.0
430.61151421
409.23377571
391.84732721
378.99732047
367.80223879
364.43397944
364.47291887
370.91739191
398.91483089
435.14795597
472.60767262999997
508.15935801
540.7127084699999
568.0676470899999
585.06470145
597.4863747100001
603.2494080399999
599.82273955
585.60985332
559.5593850500001
545.19074109
520.03587939
483.97798166
447.86167479
0.0
2398.9405035
2254.0469428
2145.1723396
2066.67048
2021.1503051000002
2013.5765886
2024.6548522
2056.3904749999997
2204.7107046
2415.8207393000002
2641.9029799
2865.5904455
3065.8363846
3235.5927610999997
3373.2046523
3467.7300800000003
3519.7726075
3514.7688931
3427.8950592
3283.2546046999996
3153.3332480999998
3010.28931
2807.6485969
2589.0427247000002
0.0
101.12565921800001
95.012171153
90.41732025600001
87.107470032
85.199438724
84.86845370399999
85.335726673
86.67913646800001
92.928912482
101.82656863599999
111.36672517599999
120.79006351000001
129.2399164
136.38529895
142.18727171999998
146.17856171
148.35916891
148.14500213
144.48469713
138.3906788
132.91969111
126.88408184
118.35635008499999
109.127708911
0.0
771.8570723700001
759.06547478
749.52531824
742.0684203300001
737.39569064
733.4238703699999
730.9706872200001
728.24492824
738.8169792799999
760.0973692800001
780.56003148
797.49867679
815.50815594
832.15475559
844.79059554
852.83158467
856.4529502299999
853.39620616
844.28438319
831.99899795
819.44103678
809.1026222400001
792.67018937
783.5194269699999
0.0
1775.7735847000001
1668.5344378999998
1587.9298494
1529.8127736000001
1496.1301802
1490.5229043000002
1498.7196514
1522.219588
1632.0092669
1788.2731365999998
1955.6347398999999
2121.2051297000003
2269.4280112
2395.0855012
2496.9704791999998
2566.9251374
2605.455688
2601.7564438
2537.4480006
2430.3840809
2334.2037269
2228.3079893000004
2078.3133652
1916.5006286999999
0.0
164.34379849
161.61803951
159.57372021999998
157.99667395
157.00371888
156.14705173
155.64083938000002
155.05674817
157.29576453
161.8322063
166.19342071
169.79531656
173.63084882
177.17433552
179.86115516
181.57448936
182.35327764000002
181.69130766
179.76380658000002
177.13539616999998
174.46804625000001
172.26796932
168.76342206
166.81645135000002
0.0
101.184068367
94.54489818399999
89.50224401599999
85.900348186
83.739210687
83.155119466
83.680801565
84.810044583
90.14474435700001
98.438839665
107.60907169000001
116.58460673500001
124.89817169999999
132.14090283000002
138.19598173
142.69348407
145.63340993
146.45113755
144.07583327999998
139.34469444
134.36044938
128.40271897
119.42718402
109.770209181
0.0
18.535161256
17.736903259
17.152812047
16.666069362
16.412963171
16.374023757
16.412963171
16.607660240999998
17.678494136999998
19.080313062
20.501601685
21.864481187
23.110542447
24.20084605
25.018573755000002
25.583195268
25.953119702000002
25.953119702000002
25.407967905
24.473421958
23.538876011
22.526451236
21.12463232
19.742283102000002
0.0
415.93135497
388.61535577999996
367.88011765
353.0636704
344.18548394
341.82964938
343.95184744
348.62457722
370.50852806
404.58051574
442.29333852
479.22737311000003
513.39670928
543.18536124
568.04817737
586.50545981
598.59614798
602.00334676
592.22955371
572.72090715
552.29718429
527.78482287
490.85078828
451.19099470000003
0.0
245.25990164
232.27360698
222.40246536
214.73140075
209.53298891
207.62495762999998
207.89753348
207.06033614
221.56526802
245.61035635
269.77226298
291.16947128000004
309.10107156
322.78827573
331.70540163
336.41707075
337.23479846
332.75676584
323.08032138
311.06751198
303.68849293
293.9341697
277.87166125
260.34892473
0.0
164.83054122
156.10811239
149.46894219
144.32893948999998
140.84386194
139.55886122
139.73408858000002
139.16946708
148.92379041
165.08364734
181.32138323
195.70949682
207.74177584
216.95094739
222.94761723000002
226.10170979
226.66633128
223.64852665
217.14564446
209.06571599
204.12041037
197.55911903
186.75343149000003
174.97425868
0.0
1087.2468596
1021.57553719
972.21982925
936.6486741499999
916.03025423
912.58411602
917.60730051
931.99541418
999.22431271
1094.89845432
1197.3480539
1298.7268186000001
1389.4945939000002
1466.4194072
1528.8003487
1571.6337051
1595.2309898
1592.9530347
1553.5852864
1488.0307821
1429.1543876
1364.3202629
1272.4816536
1173.40031394
0.0
282.71961830000004
270.06430863
260.71884916
253.32036039
248.35558505
246.17497785
246.93429650000002
248.70603985
260.69937944000003
278.86461632000004
297.76970196
317.51198511
337.07904082
355.40003534
369.02883036000003
377.71231975
383.22224687000005
384.44883844000003
378.14065332
365.68004073
352.18753363
337.81888967000003
318.23236424
298.33432345
0.0
187.82426542000002
179.41335187
173.20251524000003
168.29614905
164.98629885
163.5455405
164.05175293000002
165.21993536
173.18304562
185.25426407
197.83169488000001
210.93480783
223.94057229999999
236.10913924000002
245.16255314999998
250.9255864
254.60536111
255.40361911000002
251.21763205
242.94300651
233.98694118
224.42731493
211.42155055
198.18214958
0.0
335.42411568
313.40387683
296.67939839999997
284.72499815
277.56014588
275.65211461
277.38491853
281.14257202000005
298.80159646
326.27335328
356.68503597
386.47368801
414.0233237
438.02947269
458.08327112
472.97759714
482.73192038
485.47714916999996
477.59191768
461.86039432
445.38902201999997
425.62726915
395.8386172
363.84988823
0.0
351.21404828
328.16191493
310.63917841
298.12015666
290.62431941
288.63840927
290.42962234
294.38197289
312.85872505
341.63495230999996
373.48739326
404.65839451
433.51250064
458.66736233
479.65570668000004
495.25094212
505.47253845
508.33458536
500.07942954
483.60805724
466.35789666
445.66159787000004
414.47112698999996
380.98323061
0.0
449.34137258
425.56886009000004
407.46203235999997
393.42437349
383.90368666
380.3991393
380.90535174
379.36724489
405.96286495
450.00334256
494.27745677
533.48944706
566.31537345
591.3923562800001
607.74691038
616.37199063
617.87115813
609.65494165
591.91803844
569.9172693
556.4247622
538.53210126
509.09390393
476.98835676
0.0
645.0898088299999
634.40093949
626.4183596
620.18805326
616.2746421300001
612.9647919399999
610.92047265
608.64251687
617.48176399
635.2576066400001
652.35200958
666.52595638
681.5565704100001
695.47741099
706.04946203
712.76651101
715.7843156399999
713.23378401
705.6211284599999
695.36059278
684.8469508899999
676.22187065
662.47625733
654.8246623499999
0.0
2316.5252325
2176.6159171
2071.4794982000003
1995.6644579000001
1951.7213285
1944.4007191
1955.1090583999999
1985.7543772
2128.9735434
2332.8408477000003
2551.1352046
2767.1321364
2960.5052685
3124.4207329
3257.3209549999997
3348.5949418
3398.8657258
3394.0177686
3310.1228002000003
3170.466591
3045.0037974
2906.8662246
2711.1956675
2500.105102
0.0
114.50134810899999
109.38081504
105.603691838
102.605357008
100.599977155
99.70437057699999
100.01588594399999
100.736265078
105.584222122
112.943771456
120.61483616
128.59741604
136.54105658999998
143.93954534999997
149.46894219
152.99295917
155.21250581
155.71871825
153.16818662
148.1060627
142.65454472000002
136.83310224
128.88946169
120.82900294
0.0
2461.3993241000003
2299.8007548
2177.0831896
2089.3526888
2036.8234189
2022.8246995999998
2035.4605397
2063.0491148
2192.6394861
2394.2483044
2617.4295575
2835.9964906
3038.1504603999997
3214.4486595000003
3361.6007062000003
3470.8062937
3542.4353472999996
3562.5280849
3504.7030543
3389.2087512999997
3268.4186877
3123.3304298000003
2904.7440268
2670.0756456
0.0
369.74920949
353.21942813
340.99245195000003
331.31600748
324.83259501000003
321.97054800999996
322.96350308
325.28039821000004
340.95351252
364.72602509
389.45255321
415.26938498000004
440.87204997
464.81978981
482.63457189
494.00488093
501.22814225
502.80518853
494.56950242
478.27335746999995
460.63380275
441.8260656
416.2039309
390.17293235
0.0
76.165494585
72.135265191
69.078521158
66.68374717399999
65.087231179
64.483670261
64.561549089
64.308442897
68.825414967
76.282312827
83.778150101
90.436789963
96.005126222
100.24952235699999
103.014220774
104.474448848
104.747024782
103.345205857
100.34687093699999
96.60868714899999
94.330731407
91.29345708199999
86.309212034
80.857694017
0.0
607.12387974
574.9793931300001
550.52544085
531.5619460700001
518.69246962
513.96133078
514.6427704800001
512.55951185
548.4811216600001
608.0000166
667.8109571
720.78803041
765.15949311
799.0367836300001
821.1349013500001
832.77778623
834.8026358
823.7049026999999
799.73769314
770.0074502499999
751.78380422
727.6218976
687.8452858100001
644.46677818
0.0
628.36533031
587.10902074
555.78226184
533.3726288500001
519.95800062
516.3950442
519.62701554
526.67504959
559.75408212
611.21251821
668.20035124
723.98106241
775.59525614
820.5897494799999
858.16628443
886.04690511
904.3289602
909.4689628900001
894.6914551699999
865.2143184
834.37430223
797.34291915
741.54273826
681.6344491899999
0.0
446.49879529
426.54234543999996
411.76483763
400.08301331
392.23672135000004
388.81005285
389.99770499000005
392.78187313
411.72589829
440.42424668
470.27130778000003
501.46177875
532.37967378
561.29218896
582.8062154700001
596.5323589799999
605.25478781
607.1628191699999
597.2137987699999
577.52992476
556.23006513
533.52838649
502.59102174000003
471.16691435999996
0.0
181.22403465000002
173.24145468
167.57576992
162.92250985
160.31356907
160.0020538
160.41091765
162.26053987
172.81312110000002
186.46138593
200.40169622
213.66056682
225.77072470000002
236.59588195999999
244.42270421
250.02997990999998
253.67081519
253.59293633000001
248.29717599
239.16588331
230.01512091
220.18291881000002
206.39836606
192.96426811999999
0.0
48.031767676
44.877675108
42.482901115000004
40.769566886
39.737672404
39.465096505999995
39.718202697
40.243884787
42.774946729999996
46.707827578999996
51.069041992
55.33290787
59.285258436
62.711926902
65.593443571
67.71564165699999
69.117460573
69.506854713
68.377611696
66.119125661
63.763291091000006
60.940183552
56.676317674
52.100936473999994
0.0
575.01833256
540.2843749
514.19496728
495.36776042
484.46472439
482.65404159999997
485.30192173
492.91457728
528.46626266
579.0680317
633.25222678
686.8718004599999
734.86462872
775.5563168
808.53800074
831.20073995
843.68082227
842.47370041
821.66058341
786.9850348900001
755.8529730700001
721.54734898
672.98989922
620.5774474
0.0
107.881647625
102.157553719
97.815808994
94.44754964900001
92.169593907
91.312926789
91.44921473800001
91.079290304
97.445884552
108.037405263
118.648395736
128.07173398
135.95696538
141.97310493
145.90598577
147.96977477000001
148.32022948
146.35378906
142.08992314
136.81363252
133.58166110000002
129.27885583
122.21135215
114.50134810899999
0.0
365.93314685999997
348.56616807
335.57987341
326.09812593000004
320.51032003
319.16691016
319.69259232
322.39888159
344.8279843
378.06277446
410.98604935
439.91803424
461.6072881
476.52108384
485.71078558
491.90215249
493.40132
488.76752965
476.61843233
460.94531803
448.91303899999997
433.27886413
410.30460964
385.92853623
0.0
212.45344505
199.62290794
189.98540291
183.03471743
178.9850183
178.32304831
179.29653366
182.11964114
195.24222381
213.95261247
233.96747147
253.76816368
271.50506699
286.53568093
298.72371759
307.09569171
311.71001234
311.26220904999997
303.57167473
290.76060742
279.25401046
266.5987007
248.6476307
229.29474178
0.0
88.56769806899999
84.595877796
81.67542172200001
79.358526566
77.800949985
77.11951023900001
77.353146723
77.91776822700001
81.655952015
87.360576223
93.279367218
99.470734075
105.603691838
111.327785834
115.591651667
118.317410653
120.05021466000001
120.4396088
118.453698665
114.559757167
110.334830766
105.817858624
99.684900861
93.454594581
0.0
591.13925016
555.4318071399999
528.6025505800001
509.24966166
498.03511026
496.16601842
498.91124712
506.71859964999993
543.2632401
595.28629778
650.98913009
706.1078711800001
755.46357893
797.28451
831.20073995
854.48650972
867.31704683
866.09045526
844.67377734
809.0442131799999
777.01654478
741.77637477
691.8365758
637.98336562
0.0
105.097479491
98.205203135
92.967851896
89.21019841
86.971182082
86.367621155
86.912772961
88.10042510000001
93.629821945
102.235432493
111.756119317
121.10157878999999
129.72665912
137.26143581
143.53068150000001
148.20341128
151.26015525
152.1168224
149.64416953999998
144.71833363
139.55886122
133.36749431
124.02203493
114.01460538799999
0.0
19.236070718999997
18.282055064999998
17.503266774
16.919175563
16.432432878
16.276675222
16.276675222
16.568720827
17.814782096
19.430767789
21.105162613
22.701678598999997
24.142436929
25.369028491
26.128347065
26.692968579000002
26.94607477
26.790317114
26.147816772
24.999104048
24.356603716
23.227360698000002
21.611374996
19.995389302
0.0
365.91367722999996
341.88805853
323.64494286999997
310.60023907000004
302.79288643999996
300.70962773
302.57871966
306.68682785
325.94236829
355.9257174
389.10209851
421.59703981999996
451.63879799
477.8450239
499.72897482999997
515.9667106300001
526.59717073
529.5955056500001
520.9898950300001
503.83708303000003
485.86654331
464.31357737
431.81863606
396.92892075
0.0
176.57077458999998
167.22531521000002
160.09940238000002
154.58947517000001
150.8512914
149.46894219
149.66363926
149.06007833
159.51531117
176.82388081000002
194.2103294
209.63033749000002
222.51928366
232.37095547
238.79595888999998
242.18368794999998
242.78724886999998
239.55527745
232.58512226
223.94057229999999
218.64481187
211.61624762
200.05124150999998
187.43487128
0.0
1693.1830874
1582.0305283
1497.6098784
1437.2537857
1401.1180091
1391.4999736999998
1400.1834632
1419.1664277999998
1508.2987477
1646.981472
1800.5195832
1950.8646617
2089.9173103
2211.1941173
2312.4171248
2387.5507246
2436.8090836
2450.6520457
2410.8754339
2331.4195585
2248.3228488
2148.5211295
1998.156581
1836.733238
0.0
47.700782647
45.578584561999996
44.001538282
42.736007316
41.918279610999996
41.548355177000005
41.665173419
41.976688732
43.982068575
47.058282315
50.251314297
53.580634228
56.890484452
59.966698191
62.26412364
63.743821384
64.658897624
64.87306440200001
63.802230505
61.699502126999995
59.421546385
57.007302693999996
53.69745247
50.348662832
0.0
329.89471884
312.43039147
299.15205116
288.85257606
281.86295115
279.2929498
279.6434046
278.51416151999996
298.04227789
330.38146156
362.87640288
391.67209985
415.77559733
434.19394034
446.18728002
452.51493485
453.62470813
447.58909894000004
434.56386476
418.42347754
408.51339658
395.37134419
373.75996919
350.20162349
0.0
1451.2525048999998
1427.1684778000001
1409.2563470999999
1395.2186878999998
1386.4183802
1378.9614827
1374.3666317000002
1369.2460982
1389.1051996
1429.1154485
1467.5875892
1499.440031
1533.2783816
1564.605141
1588.3581837
1603.466676
1610.2616039
1604.5569799
1587.4041679
1564.3130948
1540.6963400999998
1521.2655721
1490.3476771
1473.155926
0.0
422.27847952
399.92725567
382.91073159
369.72973977
360.79314416
357.48329396
357.97003669
356.50980861
381.50891267
422.90151016
464.48880472999997
501.34496054
532.20444643
555.76279213
571.1438607800001
579.24325905
580.64507798
572.91560422
556.26900457
535.57270577
522.89792639
506.09556910000003
478.42911511
448.25106893
0.0
584.07174638
545.7164232399999
516.60921099
495.77662427999996
483.31601159
480.00616139
483.00449631
489.54631793
520.28898561
568.12605623
621.08365984
672.9509597900001
720.92431834
762.76471912
797.67390414
823.5880844000001
840.58513886
845.35521713
831.6290735299999
804.23519548
775.5563168
741.1338744100001
689.26657445
633.58321187
0.0
860.21060372
845.93930834
835.30884815
826.99528318
821.79687134
817.35777815
814.63201907
811.5947448100001
823.37391762
847.0880210400001
869.8870481800001
888.79213381
908.84593225
927.40056326
941.47716157
950.4332268999999
954.46345623
951.0757271699999
940.91254008
927.22533591
913.22661638
901.72001942
883.39902499
873.19689838
0.0
184.31971806
175.16895575
167.73152756000002
162.24107015
157.45152217
156.01076381
156.01076381
158.77546223
170.74933219
186.26668886
202.30972759
217.5350386
231.45587927
243.17664302
250.43884377
255.75407382000003
258.22672668
256.76649860000003
250.67248027
239.53580774
233.38338026
222.61663215000002
207.17715435
191.71820682999999
0.0
772.16858774
725.51916925
690.4736963099999
665.20201632
650.56079651
648.12708309
651.6900395
661.91163584
709.65135788
777.60063599
850.35893181
922.35790906
986.8221098
1041.4541076300002
1085.7476922800001
1116.17884396
1132.92279256
1131.3262762
1103.34830766
1056.79623704
1014.97530642
968.92944868
903.70592955
833.3618774500001
0.0
267.33854964
249.79634341
236.45959395
226.93890713
221.21481322
219.69617609
221.07852530000002
224.07686022000001
238.15345853
260.03740946
284.29666457
308.03023763000004
329.97259771
349.13078956000004
365.11541923
376.97247089999996
384.76035372
386.94096101
380.65224552
368.11375406
354.99117148
339.24017831
315.48713554
290.00128875999997
0.0
992.03999136
944.9622391199999
909.7610085399999
884.04152526
868.9135628299999
865.29219726
866.69401619
874.01462609
934.8379913699999
1024.94379617
1114.1734642000001
1192.61691476
1251.4154302
1291.8540125
1316.7362983
1333.5386559
1337.6078244999999
1325.0693326
1292.1265887
1249.6047475999999
1217.0124581
1174.58796598
1112.32384252
1046.22418671
0.0
1001.83325394
957.71489737
926.36866876
900.68812492
886.28054162
884.52826798
886.78675405
897.0083502900001
955.30065366
1030.74576921
1107.8068705599999
1181.18819675
1248.0277012000001
1307.8775815
1351.1976804
1382.1739845
1402.3640701999998
1401.9357368
1372.6532972
1322.0904679
1271.5860468
1217.1682153
1140.96378159
1066.70631863
0.0
2772.6031242000004
2726.615676
2692.368461
2665.5586736
2648.775786
2634.5044905
2625.7236528
2615.9303902
2653.8963194
2730.3343893
2803.8130644999997
2864.6948388
2929.3537372
2989.1646775
3034.5485651999998
3063.4416105
3076.4279049
3065.4859293
3032.7378817
2988.6195251
2943.5082137
2906.3794822
2847.3278604999996
2814.4435248
0.0
640.33920027
601.67236176
572.6040888499999
551.65468393
539.50558661
537.48073705
540.44013253
548.90945523
588.49136994
644.8561723199999
705.19279489
764.90638689
818.3507332199999
863.67621155
900.39607936
925.62881991
939.53019087
938.186781
914.99835973
876.38993037
841.71438185
803.53428597
749.44743938
691.09672695
0.0
1200.3074494
1121.4940745499998
1061.64419426
1018.8692478300001
993.2471134
986.4327154800001
992.58514287
1006.03871063
1069.23737992
1167.53993184
1276.395065
1382.9722422
1481.5473694
1567.5255966
1639.2714673
1692.5405868
1727.4497714000001
1737.2625039999998
1709.0703683
1652.7445051
1593.8291715
1523.0957247000001
1416.4990775
1302.0561394000001
0.0
824.54210013
785.4079886200001
756.1644883499999
734.78674986
722.20931906
719.19151442
720.3596968400001
726.4342454599999
776.9970750699999
851.87756903
926.0571534899999
991.2417327300001
1040.13016838
1073.73488279
1094.41171187
1108.37149206
1111.75922103
1101.3429270000001
1073.9490490399999
1038.61153107
1011.52916839
976.2695283
924.51904655
869.5755328099999
0.0
1082.59359954
1017.1948524300001
968.07278162
932.6379144499999
912.09737339
908.69017461
913.6744196699999
928.00412419
994.94097788
1090.20625518
1192.22752044
1293.1779527
1383.5368637
1460.1501617
1522.258527
1564.8971863
1588.3971228
1586.1386367999999
1546.9266464999998
1481.6641875
1423.0214302
1358.4598808
1267.0301358000002
1168.3771295400002
0.0
1111.3114176499998
1038.35842485
982.94763748
943.3267837000001
919.61268036
913.30449524
919.0091194299999
931.4697320299999
989.95673256
1080.99708318
1181.75281825
1280.4447636
1371.7187514
1451.3109140000001
1517.7415551000001
1567.0583241
1599.3975074
1608.4703913
1582.3615135
1530.2216379
1475.6675182000001
1410.171423
1311.4794776
1205.525331
0.0
154.84258139
146.64583462
140.41552837
135.56757124
132.29666047
131.08953862
131.26476597
130.71961419
139.88984621999998
155.07621789
170.32099862
183.83297543
195.14487531999998
203.78942528
209.43564042
212.3950359
212.92071797
210.07814069
203.96465264
196.39093660999998
191.73767654
185.58524907
175.4415316
164.36326821
0.0
25.446907318999997
24.298194595000002
23.460997183
22.799027134
22.351223872
22.156526802000002
22.214935923
22.390163286
23.460997183
25.096452583
26.790317114
28.58153018
30.333803822
31.988728939
33.215320491
33.994108782000005
34.500321164999995
34.5976697
34.033048196
32.903805179
31.696683324
30.41168265
28.639939301
26.848726235
0.0
1772.7557800000002
1688.6466454000001
1625.7400214
1579.7720422999998
1552.7286196
1546.264676
1548.7762682
1561.8404424999999
1670.5398175999999
1831.5542964
1991.0306678000002
2131.1930904
2236.2710993
2308.5231834
2352.9919943
2383.0142826
2390.2764839
2367.8668503999997
2309.0099259
2233.0196584
2174.8052344999996
2098.9901942
1987.7208179
1869.5981037
0.0
2492.103052
2373.8440506
2285.4321102999997
2220.8121518
2182.7878145
2173.6759915000002
2177.2389476
2195.5988816999998
2348.3971433
2574.7519592
2798.9261682
2995.9596054999997
3143.6957436000002
3245.2692054999998
3307.7669661
3349.9772911
3360.1988879
3328.6969014
3245.931176
3139.1203626
3057.2697131
2950.6925359
2794.2729082
2628.215775
0.0
1673.8496675000001
1594.4327320999998
1535.0306552
1491.6326782
1466.1078919000001
1459.9749345
1462.3697077
1474.7135024
1577.3188591
1729.3578029999999
1879.9365186999999
2012.2721184000002
2111.4897462
2179.7310699
2221.7077586
2250.0556523
2256.9089893
2235.7648878
2180.1788732
2108.4330025
2053.4505494
1981.8799058
1876.8018958999999
1765.2794125
0.0
590.94455309
564.52416039
544.9765743
529.49815716
519.1208031900001
514.58436142
516.1614076999999
519.86065204
544.89869553
582.88409424
622.4075999
663.66390947
704.58923396
742.86667833
771.3508600199999
789.4966270900001
801.04216349
803.59269512
790.4117033900001
764.36123511
736.1885687800001
706.1273409
665.1825466
623.57578232
0.0
322.16524509
305.10978157
292.14295663
282.07711794
275.24325075999997
272.73165855999997
273.10158298
271.99180962
291.05265297999995
322.63251809
354.36814083999997
382.48239802
406.02127400999996
424.01128353
435.73204718
441.90394438
442.99424803
437.09492677000003
424.38120795
408.61074507
398.93430061000004
386.10376357999996
364.99860094
341.98540701999997
0.0
461.45153045999996
437.03651762
418.44294726000004
404.03536387
394.26157092
390.65967507000005
391.16588742
389.58884114
416.90484032
462.13297016999996
507.59473651
547.8580910200001
581.5796239
607.33804652
624.1209341
632.97965094
634.5177577899999
626.08737452
607.8637285899999
585.27886824
571.41643672
553.05650286
522.82004753
489.83836358
0.0
624.0819947599999
591.0419015800001
565.9065096
546.4173326599999
533.1974015000001
528.3299746499999
529.01141444
526.86974666
563.8037812499999
624.99707096
686.4629366
740.91970762
786.53723161
821.34906814
844.07021641
856.04408637
858.127345
846.71809662
822.08891699
791.5214766600001
772.79161838
747.94827196
707.06188682
662.45678761
0.0
82.220573519
78.540798862
75.815039849
73.673372056
72.232613726
71.590113385
71.804280171
72.329962261
75.815039849
81.091330502
86.60125764
92.325351564
98.029975772
103.345205857
107.31702613
109.848088045
111.44460404
111.79505874899999
109.964906251
106.343540778
102.43012956300001
98.24414259400001
92.539518341
86.757015296
0.0
33.448956976
31.969259232
30.917895042999998
30.061227924
29.593954946
29.535545825
29.613424653
29.944409682
31.891380404
34.40297263
36.992443684
39.426157092
41.665173419
43.670553263
45.111311593
46.143206075
46.824645821000004
46.805176114
45.831690762
44.137826232
42.443961701
40.633278937
38.082747288
35.610094476
0.0
900.9801705699999
846.56233889
805.65648412
776.1793473500001
759.0849445
756.24236722
760.40888456
772.3243453800001
828.0271776799999
907.3078254
992.21521854
1076.227005
1151.43848378
1215.1823055
1266.8743777
1302.3871238000002
1321.9347098
1320.0461481999998
1287.4149195999998
1233.0944361
1184.30334952
1130.5669575499999
1054.4793419999999
972.37558689
0.0
102.449599279
97.87421811600001
94.486489063
91.79966946500001
90.008456408
89.21019841
89.482774309
90.12527465
94.467019356
101.06725007
107.920587057
115.065969604
122.152943
128.79211311
133.73741883
136.89151139
138.87742152
139.32522472
137.04726902
132.53029697
127.64340041000001
122.42551894
115.33854544900001
108.115284127
0.0
293.01909340000003
275.32112953
262.02331959
252.44422361999997
246.87588735
245.96081114999998
247.30422093
251.17869262
269.30499006
295.0828824
322.69092724
350.02639614000003
374.48034832999997
395.21558655
412.01794385000005
423.56348024
429.9300745
429.32651358
418.7155231
401.03702895
385.16921757
367.7048903
342.93942265
316.24645411
0.0
274.73703832
256.70808945
243.00141557
233.20815290000002
227.34777098
225.79019442
227.19201335
230.26822712999999
244.73421958
267.24120106000004
292.16242635
316.55796939
339.12336010999996
358.78776431
375.22019727
387.40823393
395.41028362000003
397.64929989
391.18535713
378.29641096
364.82337358
348.62457722
324.22903408999997
298.04227789
0.0
143.29704499
135.72332887000002
129.94082591
125.4627932
122.42551894
121.31574556999999
121.47150321000001
120.98476058
129.4735529
143.51121178
157.62674952
170.12630155
180.60100401
188.60305369999998
193.82093517
196.56616396
197.05290659
194.4244961
188.77828105999998
181.74971672
177.44691145000002
171.74228726
162.35788836
152.1168224
0.0
1055.35547877
1002.96249693
960.38224721
928.86079125
901.42797386
893.19228766
893.25069681
909.06009903
977.67134722
1066.5116214700001
1158.29182077
1245.4187609
1325.2056206999998
1392.2398223
1433.9049958
1464.3361484
1478.4516866
1470.0602423
1435.2289359
1371.4072361
1336.1865353
1274.5454424
1186.15297209
1097.64368275
0.0
1242.3620162999998
1167.3257646900001
1110.94149332
1070.28874476
1046.7109291699999
1042.79751777
1048.52161177
1064.97351417
1141.78150931
1251.1039148999998
1368.1752643
1484.0200225
1587.7351532
1675.6408811000001
1746.9194785
1795.8663232
1822.8123977
1820.2229265
1775.2284332
1700.3284697
1633.0411617999998
1558.9589251
1454.0172033000001
1340.8203263
0.0
2173.7928096
2031.0603858
1922.6919951
1845.2025603999998
1798.8062488
1786.462454
1797.6185967
1821.9752
1936.4181391
2114.4686117
2311.5799271
2504.6026048
2683.139819
2838.8390681
2968.7993637
3065.2522931000003
3128.4899023
3146.2462748999997
3095.1772332
2993.1754370999997
2886.5009108
2758.3707678
2565.328621
2358.0735878
0.0
2288.1383996
2179.5753127
2098.3866337
2039.0429658
2004.1337803000001
1995.781276
1999.0521869
2015.9129536
2156.1921942
2364.0118488999997
2569.8650629000003
2750.7581122
2886.4035627
2979.6634602000004
3037.0406874
3075.8048743
3085.1892735
3056.2572882
2980.2864907999997
2882.198106
2807.0450363
2709.1902878
2565.5817272
2413.1144498999997
0.0
182.06123208000002
172.42372696
165.08364734
159.39849286999998
155.54349089
154.12220225000002
154.33636904000002
153.69386868
164.48008642
182.33380793
200.2654083
216.15268938999998
229.45049942
239.6136866
246.23338698999999
249.71846464
250.34149519000002
247.01217528
239.8278533
230.9107274
225.43973971
218.19700867
206.26207814
193.25631368
0.0
2569.6703658
2447.7315901
2356.5744205
2289.9296131
2250.7370919
2241.3332237
2245.0129979000003
2263.9375535
2421.4864242
2654.8892742999997
2886.0531084
3089.2195030000003
3241.5310222
3346.2780468
3410.7227780999997
3454.2570432
3464.7901544
3432.2952130000003
3346.9789564000002
3236.8388231
3152.4376423
3042.5311451999996
2881.2440902
2710.0274855
0.0
4.0691688058
3.8355323195
3.6408352473
3.5045472971
3.4266684681
3.4266684681
3.4461381750999998
3.4850775892
3.7381837834000002
4.1081082199
4.4780326573
4.8674268008
5.1984118232
5.490457431499999
5.7240939178
5.899321283
5.9772001112
5.9772001112
5.8214424539
5.5683362606
5.3541694814000005
5.1205329951000005
4.7700782647
4.400153828200001
0.0
221.56526802
207.02139671
195.98207275
188.07737155
183.34623270999998
182.10017151
183.2294145
185.72153699
197.38389168
215.52965874999998
235.62239660999998
255.28680081000002
273.49097712
289.3587885
302.61765909
312.43039147
318.89433432
320.7050171
315.48713554
305.09031186000004
294.22621526
281.16204173
261.47816772000004
240.35353545
0.0
3436.9290039999996
3273.8507364
3151.9119598999996
3062.77964
3010.3477190000003
2997.7897571
3002.6961234
3028.0262126
3238.7273838
3550.9046697
3860.08362
4131.8223236
4335.5533397
4475.6378832
4561.8302766
4620.0641706
4634.1407689
4590.6843828
4476.572429
4329.2451543
4216.3792616
4069.3829720999997
3853.6586164
3624.6559202
0.0
696.54824492
663.48868212
638.78162362
620.71373532
610.10274494
607.55221331
608.54516838
613.68517107
656.3822389999999
719.65878733
782.31230512
837.3726371500001
878.6678861500001
907.05471918
924.5385162700001
936.3371588800001
939.17973607
930.37942847
907.24941625
877.4023551500001
854.52544915
824.7367972000001
781.0078347699999
734.59205279
0.0
842.47370041
787.1797319699999
745.1641038299999
715.14181528
697.1518058500001
692.36225786
696.70400256
706.14681061
750.49880359
819.4994459200001
895.8985770200001
970.70119203
1039.89653125
1100.23315399
1150.60128698
1187.9831246800002
1212.4954860999999
1219.3682922
1199.5870699
1160.04409431
1118.70990615
1069.0426827600002
994.2205983
913.90805617
0.0
217.02882616
206.72935106
199.03881673
193.4120714
190.0827514
189.30396312000002
189.61547849
191.21199448000002
204.50980451
224.23261786
243.74126451
260.91354623
273.76355297
282.62226981000003
288.05431806
291.73409277
292.62969926
289.88447056
282.68067886
273.37415883
266.24824599
256.96119567000005
243.35187037
228.88587792
0.0
164.51902585000002
154.57000545
147.11310763
141.71999871
138.60484559
138.07916352
138.83848208999999
141.01908930000002
151.18227648
165.66773856
181.1656255
196.50775481
210.25336813
221.8767833
231.31959126
237.80300382000001
241.36596022999998
241.03497515
235.07724474
225.14769406
216.25003788
206.4373055
192.53593454
177.54426003
0.0
214.69246131999998
205.09389571999998
197.98745251000003
192.38017689999998
188.60305369999998
186.94812856000001
187.53221976999998
188.87562955
197.96798289
211.77200526000001
226.1211795
241.11285402
255.98771032000002
269.88908127
280.24696553
286.82772649
291.03318327
291.94825956
287.15871157
277.69643381
267.45536784999996
256.5328621
241.65800579
226.54951298999998
0.0
239.8278533
228.45754435
219.94928231
213.71897597
210.05867106
209.1825342
209.53298891
211.30473225999998
226.00436121
247.79096356000002
269.36339912
288.326894
302.53978023
312.31357327
318.32971283
322.39888159
323.37236694
320.3545623
312.39145204
302.11144665
294.22621526
283.96567958
268.91559592
252.93096624999998
0.0
1370.0248869000002
1305.0155341
1256.4191455
1220.8869295
1199.9959342
1194.9727498000002
1196.9391896
1207.0244983
1291.0168148
1415.4671836
1538.7104302999999
1647.0204111
1728.24803
1784.0871499
1818.451183
1841.6590742
1847.2663501
1829.93831
1784.4570741999999
1725.7364378
1680.7419445
1622.1381253
1536.1598982
1444.8664413
0.0
759.16282327
713.31166278
678.85028105
654.00693472
639.61882105
637.20457734
640.72859441
650.75549358
697.6969576299999
764.49752304
836.0486970000001
906.8405524
970.2144494
1023.9313712999999
1067.48510637
1097.39057653
1113.86194892
1112.28490255
1084.79367646
1039.02039448
997.90037346
952.63330373
888.50008825
819.32421857
0.0
838.4434709899999
796.817237
762.9788859099999
737.94084242
716.15424007
709.61241845
709.65135788
722.20931906
776.72449922
847.30218783
920.235711
989.45052012
1052.8244174800002
1106.09353609
1139.19203806
1163.3539451400002
1174.58796598
1167.90985617
1140.24340201
1089.52481557
1061.54684613
1012.58053234
942.35329834
872.02871595
0.0
569.74204195
535.31959956
509.46382844000004
490.81184893
480.00616139
478.21494833
480.84335882
488.37813551
523.59883581
573.73333184
627.43078439
680.56361534
728.1086403200001
768.43040388
801.12004235
823.56861469
835.9318787899999
834.72475694
814.1063370100001
779.74230377
748.9022876
714.9276485
666.7985323099999
614.87282321
0.0
1516.5344339
1444.574396
1390.7795950000002
1351.4507866000001
1328.3207744
1322.7719075
1324.9330445
1336.1086572
1429.0959785
1566.844157
1703.2683953
1823.1628521
1913.0544906
1974.8708107
2012.9146190000001
2038.5951624
2044.8059988999998
2025.6478071000001
1975.279675
1910.2703222
1860.4668116
1795.6132169
1700.4258178
1599.3780373999998
0.0
1136.27158246
1067.64086446
1016.0656094400001
978.87846908
957.32550323
953.7430771
958.999898
974.01104232
1044.27721601
1144.27363152
1251.3570210999999
1357.2916986999999
1452.1481116999998
1532.5385330000001
1597.742582
1642.5034391
1667.1520886
1664.7767845
1623.6372926
1555.1233928000001
1493.5991189000001
1425.8250677
1329.8588808
1226.3189782
0.0
796.8367067099999
748.70759053
712.5328745
686.4629366
671.3349740799999
668.8233818799999
672.5031565
683.05573783
732.31409709
802.44398241
877.53864307
951.83504583
1018.3435654000001
1074.72783768
1120.4427106
1151.84734809
1169.13644819
1167.4620527900001
1138.60794658
1090.55670953
1047.4118387600001
999.88628324
932.57950539
859.97696721
0.0
277.32650938
262.64635015
251.47073827000003
242.8067185
236.94633667000002
234.78519917999998
235.07724474
234.12322910999998
250.53619226
277.73537324
305.05137251
329.25221848
349.52018369999996
364.99860094
375.08390926
380.3991393
381.33368531
376.25209168000004
365.3101163
351.73973034
343.40669566
332.3673717
314.20213481999997
294.38197289
0.0
2589.4905281
2433.0903694
2315.5517476
2230.8195815000004
2181.6780406000003
2173.5007634000003
2185.4746338
2219.7218488
2379.8212507999997
2607.694704
2851.7280144
3093.1718535
3309.3245425
3492.5734267000003
3641.1272925999997
3743.1485588
3799.3381339
3793.9255552
3700.1594452
3544.0318627
3403.7915621
3249.3773141
3030.6351538
2794.6817725
0.0
839.49483521
799.65981428
769.87116223
748.1040296
735.2929623
732.23621823
733.4238703699999
739.61523728
791.09314309
867.3365165499999
942.85951078
1009.23174244
1058.99631396
1093.20458983
1114.27081323
1128.48369964
1131.92983767
1121.31884738
1093.43822606
1057.4582075600001
1029.88910153
993.98696207
941.2824645000001
885.3459957
0.0
1965.5253515
1872.2459840000001
1802.524963
1751.5532693999999
1721.5699202
1714.3855979999998
1717.1892364
1731.6746981000001
1852.1727164
2030.7099314999998
2207.5143421000002
2362.921545
2479.4282729
2559.5461179000004
2608.823947
2642.1366160999996
2650.1776052
2625.3342585
2560.0718004
2475.8263767999997
2411.2648283
2327.2141018
2203.8345679
2072.8813165
0.0
164.83054122
154.8620511
147.38568356000002
141.99257465
138.87742152
138.35173937
139.11105794000002
141.29166514
151.47432204
165.97925392000002
181.5160803
196.89714896
210.64276227
222.30511686999998
231.76739455
238.25080702000002
241.83323315
241.48277844
235.52504803
225.57602763
216.65890174
206.82669964
192.90585897
177.89471474
0.0
1346.3497231
1257.9572518999998
1190.84517123
1142.85234324
1114.11505514
1106.46346043
1113.37520647
1128.46422965
1199.3534336
1309.6298551
1431.7049187999999
1551.2489213000001
1661.8368581
1758.2703183
1838.7580877
1898.4911499
1937.6642002
1948.6645848
1917.0263111
1853.8665809
1787.7863942000001
1708.4278678
1588.8643961999999
1460.500616
0.0
1545.8752826
1452.5180360000002
1382.3492116000002
1331.7669124
1302.4260637
1297.5586365
1304.6845497
1325.1472116
1420.7240042
1556.7588481999999
1702.4506675
1846.5849096
1975.6301294
2085.0109441
2173.6954606
2234.6161748
2268.1430102000004
2264.9110393
2208.9356304000003
2115.7341428
2032.0144017000002
1939.8253381
1809.2420118999999
1668.3786798
0.0
223.92110258
212.80389976
203.76995557
197.07237630999998
191.25093382
189.51812991
189.51812991
192.88638925
207.43026056
226.27693714
245.76611408
264.24286614
281.18151145
295.39439768
304.2336448
310.69758756
313.69592248
311.90470941
304.52569036
290.97477412
283.49840658
270.43423305
251.66543534000002
232.89663754
0.0
166.5244057
158.61970459
152.70091361000001
148.37863863
145.84757663
145.2440157
145.4776522
146.70424377
156.90637039
172.03433282
187.02600742
200.18752944
210.05867106
216.83412909
221.02011614999998
223.84322372
224.52466351
222.42193508
216.89253824
209.74715569
204.27616801
197.15025517
186.71449206
175.61675895
0.0
1510.9466271000001
1430.9650702
1370.1027659000001
1322.9081956
1290.8999967
1279.1208234
1280.7952188000002
1275.5968073
1365.0406415
1513.166174
1661.9926161
1793.8414734
1904.254183
1988.5774847
2043.5599378
2072.5308621
2077.6124556
2049.9460013999997
1990.3297582
1916.3254015
1870.9804529
1810.8385273
1711.8545358000001
1603.8755403
0.0
449.16614522000003
425.39363274
407.30627472
393.26861585
383.74792901999996
380.24338166999996
380.7495941
379.21148717
405.78763749999996
449.82811520999996
494.06328998
533.2752802699999
566.08173695
591.15871987
607.49380416
616.1188845
617.6180519100001
609.40183552
591.68440193
569.6836327999999
556.1911257
538.3179344800001
508.89920685999994
476.79365968999997
0.0
3028.9607584
2846.0039204
2708.5283172
2609.4080385
2551.9334623
2542.3738359999998
2556.3725560999997
2596.4412132
2783.7203268999997
3050.2606189000003
3335.7059956
3618.1335685
3870.9671865
4085.309193
4259.0763299
4378.425635199999
4444.135896700001
4437.8082421
4328.1159113
4145.5095276
3981.4577742
3800.8373012
3544.9858785
3268.9833092
0.0
393.98899498
370.19701277999997
352.30435184000004
339.41540567000004
331.93903813
330.69297684000003
332.52312934
337.72154118000003
362.09761460000004
396.7536934
433.88242506
470.62176249000004
503.50609803000003
531.38671871
553.99104878
569.50840544
578.07507663
577.2378792000001
562.96658382
539.21354105
517.8747419
494.39427507
461.10107567
425.21840528999996
0.0
1963.4420927
1870.2795433000001
1800.6169314
1749.7036469
1719.7397676
1712.5749154
1715.3785529
1729.8445455
1850.2062756999999
2028.5487936
2205.1779771
2360.4099528
2476.7998626
2556.8398285999997
2606.0787186
2639.3329786
2647.3739677000003
2622.550091
2557.365511
2473.1979665
2408.7142961
2324.7414496
2201.5176719
2070.6812395
0.0
1893.6626617
1779.2781327
1693.3388446
1631.3667664
1595.445157
1589.4679567
1598.2098554000002
1623.2673683
1740.3387177
1906.9799414000001
2085.4392783999997
2262.0100528
2420.084605
2554.0751302000003
2662.7160962000003
2737.3240144
2778.4050972
2774.4527459
2705.8804378
2591.7100741
2489.1631264
2376.2388247
2216.2757108
2043.7156959
0.0
867.29757712
821.38800748
786.45935283
759.35752034
740.99758649
734.22212836
735.19561372
732.19727879
783.53889669
868.5631080300001
953.99618332
1029.67493528
1093.0683017299998
1141.45052404
1173.0303896
1189.65751918
1192.5585056999998
1176.6906938799998
1142.4629489200001
1099.99951776
1073.9490490399999
1039.42925879
982.61665312
920.6445748599999
0.0
63.899579040999996
61.057001794
58.934803709
57.260408885000004
56.131165868
55.644423192
55.819650555
56.209044696
58.934803709
63.042911921999995
67.30677779999999
71.765340757
76.204433999
80.332011927
83.408225658
85.37466608700001
86.620727347
86.893303254
85.472014622
82.66837679
79.611632758
76.36019165500001
71.940568121
67.44306575799999
0.0
221.33163152
211.59677791000001
204.66556215
198.98040758
195.80684531
195.41745117
195.9236636
198.18214958
211.05162613
227.7176955
244.75368930000002
260.95248566
275.72999339
288.94992464
298.52902052
305.36288779
309.8214507
309.7241022
303.26015945
292.08454748
280.92840523
268.91559592
252.07429919999998
235.66133595
0.0
17.873191217
17.094402925999997
16.529781413000002
16.081978151
15.82887196
15.789932545000001
15.82887196
16.004099323
17.055463512
18.398873307
19.781222516
21.085692906000002
22.273345044
23.344178941
24.122967222
24.668119028
25.038043462
25.018573755000002
24.492891665
23.597285132
22.701678598999997
21.728193238
20.365313736
19.041373648
0.0
25.700013511
24.570770493
23.772512494999997
23.110542447
22.740618013000002
22.701678598999997
22.76008772
23.013193912
24.512361372
26.439862387
28.425772514
30.314334114999998
32.027668353
33.565775218
34.675548529000004
35.473806526000004
35.980018908999995
35.980018908999995
35.220700335
33.916229945000005
32.631229270999995
31.229410355
29.282439633000003
27.374408325
0.0
7.2427310797
6.8922763501999995
6.6002307419
6.3860639626
6.1913668904
6.1329577693
6.1329577693
6.2497760125
6.717048985
7.3206099087
7.9631102465
8.566671169300001
9.1118229718
9.5596262374
9.8516718439
10.065838621300001
10.1631871566
10.104778035399999
9.871141550900001
9.4233382863
9.1897018
8.7613682415
8.1578073187
7.534776688
