0.0
137.57399999999998
139.106
142.39
143.252
153.954
169.09
179.778
186.174
177.112
172.584
166.29000000000002
149.896
135.2
125.972
123.89
123.33
126.22
135.558
156.692
160.09
156.798
156.618
143.562
134.216
0.0
133.898
134.268
136.13
138.058
141.382
148.356
161.546
161.87
159.76
154.93
150.206
143.75
137.348
130.912
126.85400000000001
123.644
125.434
134.538
144.928
146.14800000000002
146.84199999999998
142.85
136.498
128.272
0.0
252.286
251.548
251.724
252.064
252.676
254.912
256.788
259.01800000000003
257.326
257.14
256.6
255.026
252.68400000000003
250.85000000000002
249.532
248.586
248.896
250.938
255.346
257.532
258.372
256.444
254.058
251.72
0.0
269.886
266.006
263.34000000000003
266.69
276.382
300.60200000000003
325.808
332.484
335.912
335.222
331.382
325.70799999999997
314.322
309.774
299.146
298.876
301.21799999999996
316.34
347.432
337.326
328.432
319.542
303.928
287.57
0.0
44.826
43.97
43.786
43.708
46.43
50.757999999999996
56.632000000000005
57.902
56.388
54.396
52.082
49.440000000000005
45.396
43.962
42.717999999999996
42.068
41.906
43.702
48.608
50.946
51.254000000000005
49.611999999999995
47.552
44.18
0.0
774.702
769.264
778.324
795.854
819.172
877.576
993.058
1035.976
1017.5680000000001
983.886
936.544
878.456
831.366
782.0060000000001
751.096
728.516
732.346
787.472
881.446
898.186
902.34
863.97
798.574
741.736
0.0
54.44
54.056000000000004
54.693999999999996
55.93
57.562
61.666
69.786
72.804
71.508
69.13799999999999
65.816
61.732
58.422000000000004
54.954
52.778
51.193999999999996
51.462
55.336
61.942
63.118
63.412
60.712
56.118
52.122
0.0
212.104
210.196
212.454
217.222
226.118
242.686
278.902
293.98
284.98199999999997
267.176
245.202
229.754
218.298
207.75199999999998
199.85
195.48
196.64
208.588
233.108
239.602
240.666
232.014
218.184
203.92
0.0
293.368
296.62
303.63
305.462
328.28799999999995
360.556
383.35400000000004
396.982
377.66
368.006
354.59000000000003
319.636
288.3
268.61
264.182
262.988
269.14799999999997
289.05199999999996
334.116
341.372
334.34999999999997
333.972
306.126
286.192
0.0
1375.1860000000001
1365.5339999999999
1381.624
1412.732
1454.128
1557.7939999999999
1762.796
1838.982
1806.304
1746.512
1662.476
1559.364
1475.778
1388.1480000000001
1333.288
1293.2
1299.994
1397.862
1564.674
1594.384
1601.7559999999999
1533.654
1417.56
1316.664
0.0
57.967999999999996
57.56
58.242
59.55
61.291999999999994
65.66
74.306
77.518
76.14
73.616
70.078
65.732
62.206
58.512
56.2
54.510000000000005
54.796
58.924
65.958
67.21
67.52000000000001
64.644
59.757999999999996
55.498000000000005
0.0
611.596
609.81
610.226
611.056
612.5260000000001
617.958
622.498
627.914
623.806
623.362
622.0640000000001
618.2239999999999
612.56
608.106
604.914
602.62
603.3720000000001
608.332
619.01
624.316
626.338
621.662
615.882
610.222
0.0
1017.962
1010.8159999999999
1022.724
1045.75
1076.394
1153.136
1304.882
1361.278
1337.086
1292.83
1230.622
1154.29
1092.42
1027.556
986.948
957.274
962.304
1034.7459999999999
1158.224
1180.22
1185.672
1135.262
1049.332
974.636
0.0
130.218
129.834
129.924
130.1
130.416
131.574
132.536
133.69
132.818
132.722
132.442
131.626
130.422
129.47
128.794
128.302
128.468
129.522
131.796
132.926
133.35399999999998
132.36
131.126
129.922
0.0
54.234
53.746
54.321999999999996
55.542
57.814
62.056
71.316
75.166
72.86800000000001
68.316
62.696
58.745999999999995
55.818
53.122
51.1
49.984
50.276
53.336
59.602
61.262
61.535999999999994
59.324
55.79
52.14
0.0
12.32
12.347999999999999
12.52
12.700000000000001
13.006
13.644
14.863999999999999
14.89
14.698
14.254
13.818
13.224
12.634
12.044
11.67
11.378
11.540000000000001
12.374
13.334
13.442
13.506
13.14
12.554
11.803999999999998
0.0
222.926
220.91400000000002
223.29
228.298
237.64600000000002
255.06599999999997
293.13
308.97
299.51599999999996
280.80199999999996
257.708
241.472
229.42600000000002
218.35
210.04
205.454
206.67
219.222
245.0
251.82600000000002
252.94
243.844
229.31
214.31799999999998
0.0
155.226
152.272
151.624
151.346
160.776
175.762
196.11
200.49399999999997
195.274
188.368
180.35399999999998
171.216
157.20600000000002
152.24599999999998
147.92000000000002
145.68200000000002
145.122
151.336
168.31400000000002
176.424
177.496
171.81
164.678
152.99399999999997
0.0
104.328
102.348
101.91
101.71799999999999
108.062
118.134
131.81
134.75799999999998
131.25
126.606
121.218
115.074
105.658
102.322
99.418
97.916
97.536
101.712
113.124
118.574
119.298
115.476
110.686
102.832
0.0
623.26
618.886
626.178
640.272
659.038
706.0219999999999
798.932
833.4580000000001
818.65
791.55
753.466
706.732
668.8499999999999
629.134
604.27
586.1
589.182
633.534
709.136
722.602
725.944
695.0799999999999
642.466
596.732
0.0
187.726
188.53199999999998
190.19799999999998
192.404
195.356
205.59199999999998
216.84
225.916
221.52
214.88
207.56199999999998
198.372
188.862
179.942
175.82600000000002
173.32
174.0
181.914
197.464
201.18
200.106
195.53
188.16000000000003
179.69799999999998
0.0
124.712
125.248
126.358
127.82400000000001
129.782
136.588
144.058
150.084
147.17
142.754
137.89000000000001
131.788
125.46799999999999
119.54599999999999
116.812
115.144
115.594
120.856
131.182
133.654
132.93800000000002
129.904
125.008
119.386
0.0
179.77599999999998
178.154
180.066
184.108
191.646
205.688
236.39
249.162
241.54
226.448
207.82
194.728
185.018
176.084
169.38400000000001
165.682
166.666
176.788
197.578
203.07999999999998
203.98
196.644
184.926
172.834
0.0
188.238
186.538
188.548
192.778
200.672
215.38
247.522
260.894
252.914
237.10999999999999
217.60399999999998
203.904
193.73
184.37199999999999
177.364
173.484
174.514
185.11599999999999
206.878
212.64000000000001
213.584
205.9
193.636
180.976
0.0
284.404
278.986
277.806
277.286
294.568
322.03
359.314
367.344
357.78
345.116
330.434
313.69
288.022
278.932
271.01800000000003
266.916
265.88800000000003
277.27
308.374
323.23400000000004
325.206
314.78
301.71799999999996
280.31399999999996
0.0
511.15000000000003
509.65
510.00200000000007
510.69800000000004
511.922
516.4639999999999
520.254
524.782
521.35
520.978
519.8879999999999
516.686
511.956
508.234
505.562
503.64399999999995
504.272
508.41999999999996
517.34
521.778
523.468
519.562
514.7239999999999
509.99800000000005
0.0
1327.942
1318.624
1334.1580000000001
1364.1979999999999
1404.174
1504.278
1702.236
1775.8020000000001
1744.248
1686.514
1605.366
1505.794
1425.0819999999999
1340.462
1287.486
1248.776
1255.338
1349.836
1510.9160000000002
1539.612
1546.73
1480.97
1368.864
1271.4279999999999
0.0
76.038
76.36200000000001
77.038
77.93
79.122
83.274
87.83000000000001
91.506
89.728
87.036
84.066
80.344
76.496
72.878
71.218
70.2
70.478
73.686
79.976
81.482
81.052
79.19800000000001
76.212
72.78200000000001
0.0
1319.234
1307.338
1321.384
1351.028
1406.352
1509.416
1734.6660000000002
1828.432
1772.498
1661.74
1525.048
1428.996
1357.714
1292.134
1242.982
1215.816
1223.018
1297.322
1449.852
1490.24
1496.842
1443.024
1357.032
1268.304
0.0
245.51999999999998
246.57999999999998
248.75799999999998
251.646
255.50400000000002
268.894
283.602
295.47200000000004
289.728
281.036
271.464
259.44399999999996
247.008
235.33800000000002
229.964
226.682
227.574
237.928
258.262
263.116
261.718
255.73999999999998
246.092
235.026
0.0
48.212
47.292
47.092
47.004000000000005
49.936
54.59
60.906
62.272
60.653999999999996
58.501999999999995
56.012
53.174
48.824
47.284
45.94
45.25
45.074
47.0
52.272
54.796
55.129999999999995
53.358
51.147999999999996
47.519999999999996
0.0
384.254
376.936
375.342
374.642
397.992
435.09000000000003
485.466
496.318
483.4
466.282
446.448
423.826
389.14
376.866
366.176
360.62800000000004
359.238
374.616
416.644
436.722
439.382
425.29999999999995
407.656
378.73400000000004
0.0
336.77799999999996
333.74399999999997
337.33
344.9
359.022
385.33
442.836
466.772
452.49
424.216
389.322
364.802
346.606
329.86
317.312
310.38
312.216
331.186
370.12399999999997
380.436
382.122
368.37800000000004
346.43
323.78000000000003
0.0
296.476
297.76
300.38800000000003
303.876
308.53200000000004
324.70000000000005
342.47
356.798
349.86
339.372
327.808
313.296
298.27799999999996
284.188
277.69399999999996
273.724
274.806
287.31
311.862
317.728
316.038
308.82
297.17199999999997
283.804
0.0
120.37400000000001
120.696
122.38
124.11200000000001
127.102
133.37199999999999
145.222
145.514
143.62199999999999
139.27599999999998
135.034
129.222
123.474
117.684
114.04
111.152
112.764
120.944
130.288
131.38
132.004
128.414
122.708
115.312
0.0
25.736
25.504
25.782
26.362
27.442
29.45
33.846
35.674
34.584
32.424
29.756
27.882
26.494
25.212
24.252
23.724
23.862
25.31
28.29
29.076
29.206
28.152
26.474
24.75
0.0
329.624
327.314
331.172
338.62399999999997
348.548
373.4
422.538
440.796
432.962
418.634
398.488
373.776
353.738
332.732
319.586
309.974
311.604
335.06
375.042
382.168
383.932
367.608
339.788
315.596
0.0
68.274
66.974
66.686
66.562
70.718
77.31
86.256
88.184
85.888
82.852
79.324
75.304
69.14
66.958
65.05799999999999
64.072
63.832
66.564
74.026
77.594
78.068
75.564
72.428
67.294
0.0
194.662
191.864
189.942
192.36
199.342
216.81799999999998
235.0
239.808
242.286
241.788
239.016
234.926
226.70999999999998
223.434
215.764
215.572
217.26
228.168
250.594
243.30599999999998
236.892
230.47799999999998
219.216
207.41400000000002
0.0
121.78399999999999
120.932
122.358
125.11399999999999
128.77800000000002
137.958
156.118
162.86
159.968
154.67399999999998
147.23
138.096
130.698
122.934
118.074
114.528
115.13
123.79599999999999
138.56799999999998
141.198
141.85
135.822
125.54
116.602
0.0
58.81
59.06
59.578
60.274
61.196
64.406
67.92999999999999
70.77199999999999
69.39200000000001
67.314
65.024
62.144
59.164
56.368
55.078
54.292
54.510000000000005
56.989999999999995
61.86
63.018
62.69
61.252
58.944
56.290000000000006
0.0
338.862
336.48400000000004
340.448
348.114
358.314
383.86199999999997
434.372
453.14799999999997
445.096
430.36199999999997
409.654
384.246
363.648
342.05400000000003
328.536
318.662
320.34000000000003
344.45
385.55400000000003
392.878
394.688
377.908
349.30199999999996
324.442
0.0
56.332
55.821999999999996
56.42
57.686
60.048
64.452
74.07
78.076
75.68599999999999
70.956
65.116
61.016
57.972
55.172000000000004
53.078
51.918
52.22
55.396
61.906000000000006
63.632000000000005
63.914
61.614000000000004
57.948
54.152
0.0
13.104
13.248
13.56
13.642000000000001
14.66
16.104
17.122
17.727999999999998
16.866
16.436
15.835999999999999
14.276
12.872
11.998
11.796
11.746
12.022
12.908000000000001
14.922
15.246
14.932
14.914
13.67
12.783999999999999
0.0
196.116
194.342
196.434
200.84199999999998
209.064
224.386
257.868
271.808
263.496
247.026
226.708
212.43
201.832
192.084
184.778
180.74
181.812
192.858
215.53199999999998
221.536
222.52
214.514
201.734
188.542
0.0
111.75200000000001
109.622
109.16
108.954
115.742
126.536
141.188
144.34199999999998
140.586
135.608
129.836
123.25999999999999
113.172
109.602
106.492
104.882
104.474
108.948
121.168
127.01400000000001
127.78399999999999
123.684
118.55799999999999
110.142
0.0
907.49
899.306
908.972
929.364
967.424
1038.318
1193.268
1257.766
1219.292
1143.104
1049.07
982.9979999999999
933.962
888.856
855.042
836.3539999999999
841.3100000000001
892.418
997.348
1025.128
1029.666
992.6479999999999
933.4939999999999
872.458
0.0
31.68
31.812
32.096
32.467999999999996
32.964
34.69
36.589999999999996
38.123999999999995
37.376
36.262
35.026
33.472
31.87
30.366
29.669999999999998
29.248
29.362
30.698
33.324
33.948
33.766
32.994
31.752
30.326
0.0
208.798
204.82399999999998
203.95600000000002
203.574
216.262
236.424
263.798
269.69399999999996
262.674
253.376
242.594
230.30599999999998
211.46
204.786
198.974
195.95999999999998
195.20999999999998
203.562
226.40200000000002
237.312
238.75400000000002
231.106
221.514
205.796
0.0
1149.906
1146.548
1147.326
1148.8980000000001
1151.652
1161.866
1170.4
1180.588
1172.8719999999998
1172.026
1169.5819999999999
1162.372
1151.722
1143.352
1137.342
1133.034
1134.446
1143.77
1163.854
1173.826
1177.634
1168.842
1157.962
1147.328
0.0
267.27
262.18
261.07
260.58
276.824
302.63
337.664
345.212
336.226
324.328
310.532
294.79200000000003
270.67
262.134
254.69199999999998
250.83599999999998
249.872
260.57
289.798
303.76
305.618
295.82
283.548
263.428
0.0
313.038
310.216
313.55
320.586
333.70799999999997
358.17
411.618
433.866
420.594
394.31
361.88
339.084
322.17
306.612
294.948
288.504
290.212
307.842
344.036
353.618
355.188
342.416
322.008
300.952
0.0
681.598
679.6020000000001
680.066
680.994
682.63
688.684
693.7439999999999
699.78
695.206
694.708
693.256
688.9839999999999
682.674
677.712
674.146
671.596
672.432
677.962
689.8620000000001
695.7719999999999
698.03
692.8199999999999
686.3679999999999
680.0699999999999
0.0
125.578
126.972
129.974
130.758
140.532
154.34199999999998
164.102
169.936
161.66400000000002
157.53
151.786
136.826
123.41
114.982
113.086
112.57600000000001
115.21
123.734
143.026
146.13
143.12199999999999
142.96
131.042
122.51
0.0
442.642
439.53000000000003
444.71200000000005
454.722
468.046
501.41600000000005
567.4
591.922
581.404
562.158
535.112
501.918
475.016
446.812
429.154
416.252
418.436
449.938
503.63199999999995
513.196
515.57
493.644
456.28
423.8
0.0
143.288
141.99800000000002
143.518
146.736
152.748
163.94400000000002
188.412
198.59
192.518
180.484
165.644
155.208
147.462
140.34
135.002
132.054
132.834
140.91
157.472
161.862
162.576
156.732
147.39000000000001
137.75199999999998
0.0
527.726
520.136
514.93
521.478
540.426
587.794
637.084
650.126
656.836
655.49
647.972
636.874
614.612
605.722
584.948
584.412
588.986
618.558
679.366
659.5980000000001
642.21
624.826
594.29
562.302
0.0
665.442
667.236
676.516
686.104
702.6080000000001
737.286
802.806
804.422
793.944
769.942
746.474
714.368
682.56
650.574
630.408
614.464
623.3620000000001
668.584
720.232
726.28
729.734
709.888
678.344
637.446
0.0
2196.908
2190.476
2191.974
2194.9700000000003
2200.232
2219.75
2236.058
2255.514
2240.77
2239.156
2234.486
2220.714
2200.368
2184.374
2172.9
2164.658
2167.3680000000004
2185.176
2223.54
2242.6
2249.864
2233.0699999999997
2212.288
2191.978
0.0
367.072
364.496
368.79200000000003
377.096
388.146
415.82
470.538
490.872
482.154
466.194
443.764
416.24
393.926
370.538
355.894
345.192
347.01
373.12600000000003
417.654
425.59
427.556
409.378
378.386
351.452
0.0
643.3240000000001
637.522
644.37
658.828
685.802
736.062
845.908
891.63
864.3520000000001
810.342
743.686
696.844
662.086
630.1080000000001
606.136
592.89
596.404
632.6360000000001
707.018
726.714
729.932
703.688
661.75
618.482
0.0
438.624
432.316
427.986
433.43
449.178
488.544
529.516
540.354
545.936
544.816
538.5699999999999
529.342
510.83799999999997
503.45
486.182
485.736
489.542
514.1179999999999
564.66
548.236
533.778
519.3299999999999
493.954
467.36
0.0
620.588
616.2339999999999
623.494
637.534
656.2139999999999
702.9939999999999
795.51
829.8879999999999
815.14
788.158
750.236
703.702
665.982
626.4359999999999
601.682
583.594
586.6600000000001
630.824
706.102
719.5120000000001
722.8340000000001
692.1
639.712
594.182
0.0
595.626
590.26
596.5980000000001
609.984
634.962
681.5
783.198
825.528
800.276
750.27
688.55
645.186
612.9979999999999
583.394
561.2
548.936
552.188
585.738
654.6
672.838
675.818
651.516
612.694
572.634
0.0
98.00399999999999
96.13400000000001
95.73
95.55000000000001
101.508
110.97200000000001
123.816
126.584
123.288
118.924
113.864
108.096
99.24799999999999
96.11999999999999
93.388
91.97800000000001
91.626
95.54599999999999
106.266
111.386
112.062
108.47
103.97399999999999
96.592
0.0
16.892
16.966
17.118
17.32
17.584
18.502
19.518
20.332
19.933999999999997
19.34
18.682000000000002
17.854
17.002
16.196
15.824
15.597999999999999
15.658000000000001
16.376
17.77
18.108
18.012
17.6
16.932000000000002
16.176000000000002
0.0
943.0400000000001
929.482
920.172
931.876
965.732
1050.376
1138.456
1161.766
1173.76
1171.356
1157.92
1138.088
1098.304
1082.426
1045.29
1044.34
1052.516
1105.366
1214.012
1178.7
1147.628
1116.5620000000001
1061.994
1004.83
0.0
1325.7
1306.636
1293.552
1310.002
1357.6019999999999
1476.5919999999999
1600.414
1633.18
1650.0420000000001
1646.654
1627.772
1599.894
1543.96
1521.638
1469.442
1468.104
1479.6
1553.8899999999999
1706.628
1656.986
1613.302
1569.628
1492.922
1412.564
0.0
890.42
877.624
868.8299999999999
879.882
911.8539999999999
991.7719999999999
1074.938
1096.942
1108.268
1106.0
1093.314
1074.5900000000001
1037.02
1022.03
986.97
986.068
993.7919999999999
1043.6860000000001
1146.28
1112.94
1083.594
1054.268
1002.738
948.764
0.0
392.39
394.082
397.56399999999996
402.178
408.33799999999997
429.736
453.25
472.224
463.036
449.152
433.856
414.644
394.77
376.12
367.52599999999995
362.278
363.698
380.25
412.75
420.50800000000004
418.278
408.716
393.304
375.61199999999997
0.0
203.902
200.018
199.176
198.804
211.196
230.882
257.606
263.366
256.514
247.43
236.906
224.904
206.5
199.98399999999998
194.31
191.36599999999999
190.63
198.792
221.09199999999998
231.74599999999998
233.162
225.684
216.322
200.97
0.0
292.06399999999996
286.51
285.29200000000003
284.76
302.50800000000004
330.708
368.99199999999996
377.242
367.422
354.418
339.33799999999997
322.142
295.78200000000004
286.452
278.322
274.108
273.05600000000004
284.74
316.68399999999997
331.944
333.974
323.264
309.856
287.87
0.0
394.99
387.47
385.828
385.106
409.11199999999997
447.24800000000005
499.026
510.18
496.9
479.31399999999996
458.92
435.664
400.016
387.394
376.4
370.70399999999995
369.272
385.082
428.28000000000003
448.92600000000004
451.658
437.17600000000004
419.04200000000003
389.312
0.0
54.596000000000004
54.83
55.312
55.954
56.814
59.788
63.05800000000001
65.69800000000001
64.42399999999999
62.492
60.361999999999995
57.688
54.924
52.324
51.132000000000005
50.397999999999996
50.604
52.906
57.428
58.5
58.192
56.864000000000004
54.72
52.254000000000005
0.0
22.216
22.278
22.586000000000002
22.907999999999998
23.458
24.612000000000002
26.802
26.852
26.504
25.702
24.922
23.848
22.786
21.724
21.048
20.512
20.812
22.322
24.046
24.248
24.36
23.702
22.646
21.282
0.0
516.476
512.852
518.894
530.578
546.1239999999999
585.062
662.058
690.666
678.394
655.94
624.376
585.654
554.258
521.346
500.742
485.686
488.246
524.9979999999999
587.646
598.806
601.5740000000001
575.996
532.392
494.5
0.0
68.032
68.324
68.92999999999999
69.728
70.8
74.506
78.584
81.872
80.28
77.874
75.218
71.894
68.444
65.208
63.722
62.80799999999999
63.05800000000001
65.926
71.564
72.908
72.52
70.864
68.19200000000001
65.122
0.0
167.972
166.796
168.762
172.562
177.614
190.276
215.31799999999998
224.626
220.63400000000001
213.332
203.06799999999998
190.46800000000002
180.262
169.562
162.858
157.95999999999998
158.78799999999998
170.744
191.12199999999999
194.75
195.65
187.328
173.154
160.83
0.0
147.25
145.92600000000002
147.492
150.80200000000002
156.97799999999998
168.478
193.62
204.092
197.842
185.482
170.226
159.506
151.548
144.226
138.742
135.71
136.51
144.80800000000002
161.832
166.34
167.078
161.072
151.47
141.566
0.0
90.696
88.97200000000001
88.596
88.432
93.94
102.702
114.586
117.148
114.1
110.06
105.378
100.03800000000001
91.856
88.952
86.432
85.124
84.79
88.428
98.346
103.082
103.71199999999999
100.39
96.224
89.394
0.0
718.994
726.972
744.154
748.648
804.5840000000001
883.676
939.544
972.95
925.59
901.932
869.054
783.386
706.576
658.332
647.472
644.5400000000001
659.636
708.422
818.876
836.654
819.438
818.51
750.27
701.414
0.0
712.18
707.1800000000001
715.516
731.6220000000001
753.0600000000001
806.748
912.914
952.37
935.446
904.484
860.966
807.562
764.274
718.898
690.48
669.722
673.24
723.924
810.312
825.7
829.512
794.244
734.126
681.872
0.0
1165.074
1154.5720000000001
1166.974
1193.156
1242.012
1333.042
1531.966
1614.776
1565.3799999999999
1467.566
1346.842
1262.014
1199.064
1141.144
1097.7340000000002
1073.7440000000001
1080.114
1145.732
1280.434
1316.104
1321.936
1274.406
1198.46
1120.098
0.0
1217.198
1199.696
1187.68
1202.7839999999999
1246.492
1355.746
1469.43
1499.5159999999998
1514.988
1511.886
1494.5439999999999
1468.95
1417.6
1397.098
1349.172
1347.95
1358.506
1426.712
1566.952
1521.372
1481.262
1441.166
1370.734
1296.954
0.0
115.23
113.036
112.55799999999999
112.342
119.35
130.476
145.578
148.832
144.958
139.826
133.87800000000001
127.096
116.69200000000001
113.01400000000001
109.80600000000001
108.146
107.72800000000001
112.338
124.944
130.966
131.762
127.538
122.24600000000001
113.574
0.0
1366.964
1347.31
1333.816
1350.7759999999998
1399.86
1522.552
1650.23
1684.01
1701.398
1697.908
1678.438
1649.692
1592.02
1569.002
1515.174
1513.798
1525.656
1602.256
1759.75
1708.566
1663.514
1618.4920000000002
1539.39
1456.532
0.0
2.34
2.32
2.346
2.396
2.472
2.644
2.9899999999999998
3.122
3.066
2.968
2.828
2.652
2.506
2.356
2.266
2.194
2.21
2.378
2.656
2.706
2.722
2.606
2.41
2.238
0.0
118.756
117.68400000000001
118.952
121.61999999999999
126.596
135.876
156.154
164.59
159.558
149.586
137.284
128.636
122.22
116.32000000000001
111.89
109.446
110.092
116.782
130.514
134.15
134.746
129.9
122.16
114.17
0.0
1828.308
1802.026
1783.974
1806.662
1872.3100000000002
2036.412
2207.18
2252.362
2275.616
2270.948
2244.9100000000003
2206.46
2129.326
2098.538
2026.5500000000002
2024.702
2040.558
2143.0119999999997
2353.656
2285.204
2224.95
2164.7239999999997
2058.9300000000003
1948.1080000000002
0.0
370.534
365.212
361.55400000000003
366.148
379.452
412.71
447.324
456.476
461.194
460.248
454.97
447.172
431.54200000000003
425.3
410.712
410.34000000000003
413.55199999999996
434.316
477.00600000000003
463.13599999999997
450.924
438.716
417.274
394.81800000000004
0.0
451.542
447.47
452.278
462.43
481.36199999999997
516.638
593.7379999999999
625.8340000000001
606.6840000000001
568.778
521.99
489.11
464.714
442.268
425.442
416.144
418.612
444.046
496.254
510.07599999999996
512.332
493.914
464.47999999999996
434.108
0.0
115.448
113.792
112.648
114.08
118.22800000000001
128.594
139.374
142.224
143.696
143.40200000000002
141.756
139.328
134.454
132.518
127.964
127.852
128.85399999999998
135.32
148.62800000000001
144.302
140.494
136.696
130.012
123.01599999999999
0.0
94.304
93.64399999999999
94.75
96.878
99.718
106.82600000000001
120.888
126.10799999999999
123.872
119.77199999999999
114.006
106.938
101.20599999999999
95.19
91.43599999999999
88.686
89.15
95.86
107.3
109.342
109.844
105.174
97.212
90.292
0.0
142.56
143.17
144.44199999999998
146.112
148.35399999999998
156.12800000000001
164.67000000000002
171.562
168.228
163.182
157.624
150.642
143.42600000000002
136.64600000000002
133.526
131.62
132.138
138.15200000000002
149.954
152.778
151.966
148.49
142.892
136.468
0.0
127.58000000000001
125.748
124.488
126.072
130.65
142.104
154.018
157.172
158.794
158.472
156.652
153.97199999999998
148.588
146.44
141.414
141.286
142.394
149.544
164.242
159.46800000000002
155.26000000000002
151.056
143.67399999999998
135.944
0.0
728.804
718.326
711.1320000000001
720.174
746.3399999999999
811.76
879.832
897.84
907.1080000000001
905.25
894.866
879.538
848.796
836.518
807.826
807.088
813.41
854.2520000000001
938.216
910.9300000000001
886.91
862.906
820.734
776.5559999999999
0.0
435.19
432.13599999999997
437.226
447.07
460.172
492.974
557.852
581.962
571.616
552.6999999999999
526.104
493.474
467.018
439.29200000000003
421.93
409.246
411.392
442.362
495.156
504.558
506.886
485.336
448.596
416.664
0.0
571.214
577.5540000000001
591.202
594.774
639.21
702.0500000000001
746.438
772.9739999999999
735.35
716.548
690.434
622.37
561.35
523.018
514.394
512.066
524.052
562.818
650.566
664.688
651.014
650.276
596.062
557.2520000000001
0.0
326.59999999999997
324.304
328.12600000000003
335.514
345.346
369.964
418.652
436.746
428.984
414.78000000000003
394.83
370.338
350.488
329.67199999999997
316.646
307.126
308.74
331.982
371.6
378.656
380.404
364.23
336.662
312.698
0.0
806.742
795.1419999999999
787.178
797.188
826.154
898.568
973.914
993.8539999999999
1004.114
1002.058
990.562
973.596
939.558
925.9739999999999
894.212
893.4
900.3979999999999
945.6
1038.554
1008.344
981.758
955.182
908.504
859.604
0.0
651.358
646.788
654.41
669.144
688.752
737.8539999999999
834.958
871.0459999999999
855.566
827.246
787.436
738.594
699.008
657.502
631.516
612.53
615.7520000000001
662.104
741.1139999999999
755.188
758.6800000000001
726.424
671.4340000000001
623.642
0.0
456.782
453.576
458.92
469.252
483.00399999999996
517.438
585.5319999999999
610.832
599.978
580.12
552.2099999999999
517.96
490.194
461.086
442.866
429.55
431.80400000000003
464.312
519.722
529.59
532.042
509.42
470.86
437.344
0.0
175.52800000000002
172.18400000000003
171.452
171.128
181.802
198.74599999999998
221.754
226.70999999999998
220.808
212.994
203.936
193.602
177.756
172.15
167.264
164.73
164.10000000000002
171.12
190.31799999999998
199.492
200.70999999999998
194.26999999999998
186.214
173.0
0.0
1484.406
1473.99
1491.358
1524.934
1569.6200000000001
1681.5240000000001
1902.806
1985.042
1949.772
1885.226
1794.52
1683.2140000000002
1592.992
1498.402
1439.1860000000001
1395.914
1403.246
1508.882
1688.9460000000001
1721.018
1728.974
1655.4660000000001
1530.154
1421.24
0.0
446.58
440.156
435.75
441.29
457.324
497.406
539.1220000000001
550.156
555.8340000000001
554.7
548.3399999999999
538.944
520.104
512.5799999999999
495.00199999999995
494.546
498.424
523.446
574.898
558.1759999999999
543.464
528.75
502.90599999999995
475.838
0.0
1045.578
1030.5439999999999
1020.2239999999999
1033.198
1070.74
1164.588
1262.246
1288.084
1301.3819999999998
1298.7179999999998
1283.824
1261.834
1217.722
1200.114
1158.946
1157.894
1166.96
1225.554
1346.018
1306.868
1272.412
1237.968
1177.464
1114.09
0.0
94.486
93.82000000000001
94.926
97.06400000000001
99.908
107.032
121.114
126.35
124.108
119.998
114.222
107.14
101.396
95.376
91.608
88.852
89.32
96.042
107.506
109.544
110.056
105.376
97.398
90.468
0.0
721.606
715.098
722.78
738.9979999999999
769.258
825.636
948.842
1000.13
969.5400000000001
908.952
834.178
781.646
742.654
706.786
679.894
665.038
668.982
709.62
793.056
815.1419999999999
818.7520000000001
789.318
742.28
693.748
0.0
886.1700000000001
879.95
890.318
910.366
937.044
1003.844
1135.948
1185.038
1163.982
1125.454
1071.3000000000002
1004.852
950.9920000000001
894.5260000000001
859.174
833.34
837.718
900.784
1008.272
1027.424
1032.174
988.288
913.476
848.458
0.0
152.554
154.244
157.89
158.844
170.71200000000002
187.492
199.35
206.434
196.388
191.364
184.394
166.214
149.918
139.68200000000002
137.37800000000001
136.758
139.96
150.31
173.74200000000002
177.52
173.864
173.666
159.186
148.826
0.0
88.582
87.31
86.43
87.532
90.708
98.66
106.936
109.12599999999999
110.254
110.02199999999999
108.762
106.89999999999999
103.164
101.67
98.18599999999999
98.096
98.862
103.824
114.03
110.716
107.796
104.88
99.75399999999999
94.382
0.0
956.302
938.096
934.124
932.376
990.4920000000001
1082.82
1208.186
1235.192
1203.038
1160.454
1111.088
1054.782
968.4739999999999
937.912
911.302
897.504
894.048
932.316
1036.908
1086.882
1093.508
1058.4479999999999
1014.534
942.556
0.0
284.288
278.874
277.69399999999996
277.174
294.45
321.898
359.16200000000003
367.192
357.63199999999995
344.974
330.302
313.562
287.9
278.82000000000005
270.906
266.804
265.78
277.158
308.246
323.106
325.07399999999996
314.652
301.6
280.2
0.0
1736.336
1724.152
1744.466
1783.742
1836.006
1966.9
2225.744
2321.938
2280.674
2205.184
2099.076
1968.876
1863.3419999999999
1752.706
1683.438
1632.82
1641.4
1764.9679999999998
1975.586
2013.1
2022.406
1936.424
1789.842
1662.442
0.0
225.85
224.26399999999998
226.90800000000002
232.01999999999998
238.816
255.84
289.514
302.022
296.654
286.838
273.036
256.1
242.37199999999999
227.984
218.97400000000002
212.38400000000001
213.502
229.576
256.974
261.854
263.06
251.87599999999998
232.81
216.238
0.0
1044.474
1029.456
1019.144
1032.108
1069.61
1163.352
1260.91
1286.722
1300.01
1297.346
1282.466
1260.496
1216.434
1198.846
1157.718
1156.666
1165.7240000000002
1224.256
1344.59
1305.484
1271.064
1236.6599999999999
1176.2199999999998
1112.912
0.0
1085.532
1077.912
1090.61
1115.172
1147.8419999999999
1229.68
1391.5
1451.642
1425.848
1378.648
1312.308
1230.916
1164.9379999999999
1095.768
1052.46
1020.814
1026.182
1103.4279999999999
1235.106
1258.562
1264.382
1210.6200000000001
1118.982
1039.334
0.0
548.9259999999999
538.4780000000001
536.192
535.192
568.548
621.55
693.508
709.01
690.556
666.1120000000001
637.7760000000001
605.452
555.908
538.374
523.092
515.174
513.192
535.156
595.194
623.8779999999999
627.684
607.56
582.35
541.0360000000001
0.0
42.436
42.622
42.994
43.494
44.162000000000006
46.474000000000004
49.018
51.066
50.074
48.574
46.916000000000004
44.844
42.69
40.676
39.748
39.178000000000004
39.33
41.122
44.634
45.474
45.232
44.202
42.536
40.618
0.0
147.01999999999998
147.41400000000002
149.46200000000002
151.58200000000002
155.232
162.888
177.368
177.722
175.40800000000002
170.106
164.918
157.826
150.79999999999998
143.734
139.278
135.756
137.718
147.71
159.11999999999998
160.46
161.218
156.834
149.868
140.83
0.0
11.878
11.912
12.078
12.244
12.540000000000001
13.161999999999999
14.331999999999999
14.362
14.176
13.742
13.326
12.752
12.184
11.612
11.254
10.966000000000001
11.124
11.932
12.856
12.959999999999999
13.024
12.672
12.112
11.382
0.0
17.076
17.12
17.358
17.604
18.024
18.919999999999998
20.599999999999998
20.642
20.37
19.752
19.152
18.33
17.51
16.696
16.176
15.764
15.998
17.154
18.482
18.636
18.722
18.214
17.404
16.355999999999998
0.0
4.9399999999999995
4.9959999999999996
5.109999999999999
5.146
5.53
6.072
6.46
6.684
6.359999999999999
6.196
5.974
5.386
4.852
4.5280000000000005
4.45
4.43
4.532
4.872
5.63
5.75
5.632
5.6240000000000006
5.154
4.82
