133.36
131.16
129.816
129.546
131.24
137.08
152.464
153.586
149.544
149.872
150.932
152.062
151.64000000000001
150.626
149.66
150.108
151.61599999999999
153.404
158.0
157.2
152.99
146.45600000000002
137.316
131.218
102.892
100.524
99.294
99.444
101.41199999999999
107.454
119.766
122.816
119.408
118.654
118.696
117.566
115.39999999999999
114.314
114.07600000000001
113.86200000000001
115.47800000000001
118.572
122.5
122.688
122.386
118.89999999999999
112.672
106.636
420.75600000000003
416.382
414.642
415.962
417.842
426.09999999999997
439.16200000000003
442.544
439.3
438.932
439.128
439.19599999999997
436.56399999999996
435.75600000000003
434.302
433.248
434.29
436.302
439.572
441.344
442.186
440.864
437.964
430.204
326.788
321.436
317.862
315.574
319.07
331.64
349.6
352.162
353.312
357.362
363.07
365.338
364.928
368.146
370.14799999999997
373.254
375.396
379.634
378.834
375.59
367.64599999999996
356.92400000000004
342.822
331.10200000000003
85.094
85.64
86.09400000000001
86.28
86.44
86.798
87.846
87.79400000000001
86.26599999999999
85.288
85.1
85.012
84.96600000000001
85.378
85.678
85.49000000000001
85.584
85.87
86.33
85.764
85.032
84.256
84.376
84.302
665.078
640.254
624.57
623.078
642.878
696.0260000000001
781.364
839.004
815.444
813.47
811.384
803.93
799.0740000000001
804.4159999999999
799.344
793.336
788.3679999999999
808.678
831.426
820.06
804.63
771.1
721.286
680.812
46.738
44.994
43.891999999999996
43.79
45.176
48.91
54.91
58.96
57.304
57.164
57.02
56.496
56.152
56.528
56.172
55.748000000000005
55.402
56.832
58.43
57.628
56.544
54.186
50.686
47.842
224.948
220.69
217.484
216.384
220.398
230.898
251.55599999999998
257.792
251.08599999999998
251.50599999999997
253.47
253.56199999999998
253.87
256.11
258.48199999999997
261.964
262.904
265.316
269.532
265.252
259.522
250.20800000000003
237.144
225.902
284.366
279.682
276.814
276.242
279.858
292.30199999999996
325.118
327.502
318.886
319.57
321.834
324.25600000000003
323.358
321.186
319.132
320.086
323.302
327.11
336.918
335.206
326.226
312.298
292.806
279.814
1180.594
1136.526
1108.688
1106.04
1141.188
1235.5240000000001
1387.01
1489.3339999999998
1447.506
1444.0
1440.308
1427.066
1418.4560000000001
1427.936
1418.9279999999999
1408.262
1399.448
1435.498
1475.884
1455.6979999999999
1428.314
1368.8
1280.362
1208.5220000000002
49.762
47.906
46.734
46.622
48.104
52.082
58.466
62.78
61.018
60.867999999999995
60.708
60.154
59.788
60.19
59.814
59.36
58.986000000000004
60.512
62.21
61.362
60.206
57.698
53.968
50.938
1020.004
1009.392
1005.172
1008.374
1012.928
1032.95
1064.616
1072.812
1064.948
1064.058
1064.5320000000002
1064.6979999999999
1058.32
1056.354
1052.838
1050.2659999999998
1052.81
1057.684
1065.604
1069.898
1071.944
1068.7359999999999
1061.71
1042.904
873.912
841.296
820.69
818.73
844.752
914.582
1026.7160000000001
1102.454
1071.494
1068.898
1066.162
1056.362
1049.988
1057.008
1050.338
1042.44
1035.92
1062.604
1092.5
1077.56
1057.288
1013.234
947.766
894.588
217.17
214.91
214.012
214.69199999999998
215.662
219.928
226.668
228.41400000000002
226.736
226.552
226.648
226.684
225.328
224.908
224.158
223.616
224.15200000000002
225.196
226.88
227.792
228.23
227.542
226.052
222.042
57.52
56.431999999999995
55.608
55.33
56.358000000000004
59.04
64.32000000000001
65.918
64.202
64.306
64.814
64.836
64.91199999999999
65.49
66.096
66.982
67.22800000000001
67.842
68.918
67.824
66.35600000000001
63.980000000000004
60.636
57.764
9.464
9.244
9.134
9.144
9.326
9.884
11.016
11.296
10.986
10.916
10.916
10.816
10.618
10.512
10.492
10.472
10.622
10.906
11.27
11.288
11.26
10.936
10.362
9.814
236.416
231.946
228.57600000000002
227.422
231.638
242.672
264.386
270.936
263.896
264.332
266.394
266.49399999999997
266.818
269.174
271.666
275.32399999999996
276.318
278.846
283.282
278.786
272.75399999999996
262.966
249.23999999999998
237.42
294.67
296.562
298.148
298.786
299.336
300.572
304.192
304.03000000000003
298.736
295.336
294.676
294.374
294.22200000000004
295.64
296.68
296.044
296.376
297.352
298.97
296.996
294.46799999999996
291.766
292.19
291.926
198.05599999999998
199.324
200.38799999999998
200.816
201.188
202.018
204.45
204.342
200.778
198.496
198.058
197.856
197.75
198.704
199.40200000000002
198.97
199.198
199.858
200.94
199.614
197.92
196.1
196.382
196.208
535.066
515.092
502.47200000000004
501.27599999999995
517.208
559.962
628.62
674.996
656.034
654.4440000000001
652.774
646.77
642.8679999999999
647.168
643.084
638.244
634.256
650.5939999999999
668.898
659.752
647.336
620.362
580.284
547.722
230.212
225.684
222.162
223.266
227.544
242.524
264.24600000000004
274.264
271.56800000000004
272.324
272.33799999999997
266.396
257.884
251.988
250.216
249.214
250.764
258.596
272.984
273.804
270.968
262.668
250.86200000000002
238.552
152.942
149.934
147.596
148.326
151.166
161.12400000000002
175.548
182.21
180.416
180.916
180.922
176.984
171.322
167.408
166.232
165.564
166.594
171.798
181.356
181.902
180.016
174.5
166.654
158.478
190.656
187.048
184.334
183.398
186.798
195.7
213.21
218.49
212.812
213.16400000000002
214.828
214.908
215.16799999999998
217.07
219.07999999999998
222.034
222.83
224.872
228.448
224.818
219.958
212.066
200.99599999999998
191.468
199.63
195.854
193.01
192.03
195.602
204.918
223.246
228.78
222.83599999999998
223.2
224.948
225.026
225.304
227.29
229.396
232.48600000000002
233.32
235.46
239.206
235.406
230.314
222.048
210.46
200.484
539.884
543.352
546.256
547.418
548.43
550.6999999999999
557.324
557.026
547.326
541.0980000000001
539.9019999999999
539.348
539.0559999999999
541.662
543.57
542.398
543.01
544.798
547.76
544.146
539.52
534.568
535.338
534.86
852.474
843.604
840.078
842.754
846.568
863.298
889.762
896.616
890.0360000000001
889.294
889.692
889.824
884.504
882.852
879.922
877.768
879.892
883.964
890.592
894.176
895.886
893.206
887.332
871.614
1140.034
1097.4840000000002
1070.6000000000001
1068.04
1101.99
1193.078
1339.364
1438.168
1397.784
1394.394
1390.8300000000002
1378.04
1369.724
1378.884
1370.1799999999998
1359.88
1351.372
1386.182
1425.18
1405.692
1379.248
1321.78
1236.38
1167.004
93.248
91.408
89.98400000000001
90.428
92.164
98.234
107.03
111.088
109.99
110.298
110.306
107.898
104.446
102.062
101.35
100.94
101.57000000000001
104.738
110.57
110.89800000000001
109.748
106.392
101.608
96.622
1399.0720000000001
1372.6100000000001
1352.674
1345.8220000000001
1370.802
1436.106
1564.578
1603.358
1561.668
1564.258
1576.478
1577.046
1578.976
1592.904
1607.662
1629.324
1635.182
1650.16
1676.3999999999999
1649.782
1614.116
1556.178
1474.966
1405.0339999999999
301.09
295.164
290.56
292.00600000000003
297.604
317.196
345.6
358.71000000000004
355.18
356.166
356.18600000000004
348.412
337.27799999999996
329.572
327.26
325.95
327.96999999999997
338.21000000000004
357.034
358.106
354.386
343.54
328.096
311.998
91.52199999999999
92.11
92.598
92.792
92.966
93.35399999999998
94.47200000000001
94.426
92.77799999999999
91.72200000000001
91.52
91.428
91.378
91.82
92.142
91.94399999999999
92.048
92.354
92.852
92.244
91.454
90.618
90.748
90.67
729.432
734.114
738.046
739.612
740.986
744.048
752.996
752.5999999999999
739.4879999999999
731.08
729.458
728.706
728.318
731.834
734.416
732.83
733.656
736.076
740.074
735.196
728.942
722.246
723.29
722.644
357.16
350.408
345.32
343.564
349.94800000000004
366.618
399.414
409.31399999999996
398.666
399.33
402.45
402.596
403.092
406.642
410.41200000000003
415.942
417.438
421.25800000000004
427.958
421.164
412.062
397.266
376.536
358.68199999999996
363.586
356.43399999999997
350.866
352.61199999999997
359.37199999999996
383.032
417.332
433.158
428.90000000000003
430.094
430.108
420.728
407.282
397.972
395.186
393.602
396.044
408.41
431.136
432.432
427.942
414.844
396.19399999999996
376.752
92.498
90.366
89.266
89.396
91.16600000000001
96.594
107.66799999999999
110.41
107.342
106.664
106.706
105.696
103.742
102.768
102.548
102.35600000000001
103.812
106.592
110.122
110.29599999999999
110.024
106.89
101.286
95.868
27.298000000000002
26.782
26.394000000000002
26.259999999999998
26.746000000000002
28.022
30.528
31.284000000000002
30.466
30.52
30.758000000000003
30.766
30.810000000000002
31.078
31.363999999999997
31.792
31.907999999999998
32.2
32.708
32.188
31.494
30.366
28.776
27.414
282.986
272.422
265.75
265.11400000000003
273.544
296.15
332.464
356.988
346.96000000000004
346.124
345.238
342.062
339.998
342.27
340.112
337.55
335.44
344.084
353.762
348.924
342.36
328.09799999999996
306.896
289.678
129.602
130.438
131.138
131.41400000000002
131.66
132.202
133.79
133.724
131.39000000000001
129.902
129.60999999999999
129.476
129.40800000000002
130.032
130.492
130.208
130.358
130.78400000000002
131.494
130.632
129.518
128.328
128.516
128.396
235.70000000000002
231.84799999999998
229.26600000000002
227.618
230.142
239.202
252.154
254.00400000000002
254.834
257.76
261.874
263.512
263.21
265.534
266.982
269.21999999999997
270.762
273.824
273.25
270.906
265.178
257.442
247.26999999999998
238.816
104.55
100.652
98.186
97.952
101.068
109.414
122.834
131.894
128.194
127.88000000000001
127.554
126.38
125.618
126.462
125.658
124.71799999999999
123.934
127.132
130.704
128.918
126.49199999999999
121.22
113.388
107.024
72.11999999999999
70.69800000000001
69.594
69.942
71.278
75.978
82.776
85.918
85.074
85.308
85.31
83.454
80.78
78.938
78.388
78.07000000000001
78.556
81.00999999999999
85.516
85.774
84.884
82.288
78.586
74.72999999999999
290.90999999999997
280.058
273.194
272.542
281.202
304.446
341.772
366.986
356.68600000000004
355.822
354.91
351.64599999999996
349.524
351.858
349.63800000000003
347.014
344.846
353.726
363.674
358.702
351.952
337.28999999999996
315.5
297.792
59.736
58.61
57.756
57.461999999999996
58.536
61.324
66.806
68.464
66.68
66.788
67.316
67.342
67.418
68.016
68.648
69.568
69.824
70.462
71.58200000000001
70.442
68.924
66.448
62.98
59.998
12.698
12.49
12.366
12.334
12.498
13.052
14.52
14.626
14.238
14.276
14.374
14.484
14.446
14.342
14.252
14.298
14.436
14.612
15.044
14.968
14.57
13.946
13.078
12.498
207.982
204.048
201.086
200.066
203.78
213.488
232.584
238.348
232.154
232.534
234.356
234.442
234.728
236.79399999999998
238.98999999999998
242.21
243.084
245.306
249.20800000000003
245.254
239.952
231.336
219.26399999999998
208.86599999999999
212.138
213.502
214.642
215.1
215.496
216.392
218.986
218.874
215.066
212.614
212.146
211.93
211.812
212.834
213.584
213.128
213.362
214.068
215.23000000000002
213.81199999999998
211.996
210.05200000000002
210.352
210.164
962.412
944.2139999999999
930.496
925.778
942.966
987.8900000000001
1076.262
1102.938
1074.26
1076.04
1084.4499999999998
1084.84
1086.168
1095.754
1105.9
1120.804
1124.834
1135.134
1153.186
1134.8799999999999
1110.342
1070.484
1014.622
966.514
38.846000000000004
38.083999999999996
37.486
37.676
38.396
40.928
44.588
46.282
45.824
45.952
45.952
44.952000000000005
43.514
42.522
42.22
42.058
42.316
43.632
46.066
46.204
45.724000000000004
44.322
42.33
40.252
396.364
398.90999999999997
401.044
401.904
402.64799999999997
404.31
409.168
408.954
401.832
397.262
396.378
395.972
395.76
397.674
399.074
398.216
398.662
399.976
402.15000000000003
399.5
396.09999999999997
392.462
393.03000000000003
392.678
1917.778
1897.834
1889.898
1895.9199999999998
1904.484
1942.128
2001.664
2017.0800000000002
2002.2939999999999
2000.6139999999998
2001.512
2001.8120000000001
1989.826
1986.1280000000002
1979.518
1974.688
1979.4560000000001
1988.6280000000002
2003.5259999999998
2011.5900000000001
2015.45
2009.414
1996.2
1960.8400000000001
507.358
510.614
513.352
514.442
515.398
517.524
523.748
523.474
514.356
508.502
507.37600000000003
506.85600000000005
506.586
509.03200000000004
510.826
509.724
510.29999999999995
511.982
514.762
511.364
507.02
502.36
503.09000000000003
502.634
331.984
325.70799999999997
320.978
319.346
325.274
340.774
371.256
380.464
370.572
371.18199999999996
374.084
374.216
374.672
377.984
381.48199999999997
386.62
388.01
391.562
397.79400000000004
391.474
383.01
369.26800000000003
349.992
333.40000000000003
1136.742
1124.922
1120.218
1123.79
1128.866
1151.1760000000002
1186.468
1195.602
1186.834
1185.846
1186.376
1186.5539999999999
1179.45
1177.26
1173.338
1170.4740000000002
1173.306
1178.74
1187.57
1192.352
1194.636
1191.06
1183.224
1162.266
121.726
119.72399999999999
118.494
118.252
119.79599999999999
125.122
139.166
140.196
136.506
136.796
137.764
138.804
138.42000000000002
137.494
136.608
137.016
138.394
140.02200000000002
144.22
143.49
139.644
133.684
125.34199999999998
119.778
380.004
365.82000000000005
356.858
356.008
367.322
397.686
446.44800000000004
479.38
465.916
464.79
463.6
459.336
456.566
459.616
456.716
453.282
450.45
462.04999999999995
475.05
468.552
459.738
440.58
412.118
388.996
151.956
149.082
146.918
146.172
148.888
155.98000000000002
169.93200000000002
174.148
169.61599999999999
169.894
171.226
171.286
171.5
173.014
174.61399999999998
176.96800000000002
177.6
179.228
182.078
179.188
175.312
169.018
160.2
152.60399999999998
638.992
628.53
621.538
617.072
623.908
648.476
683.592
688.606
690.8639999999999
698.782
709.938
714.372
713.564
719.856
723.7719999999999
729.848
734.0419999999999
742.332
740.768
734.424
718.884
697.924
670.346
647.432
511.322
499.55
493.47
494.206
503.978
533.986
595.1940000000001
610.3539999999999
593.4
589.658
589.8679999999999
584.2719999999999
573.504
568.106
566.9060000000001
565.836
573.88
589.246
608.764
609.724
608.222
590.908
559.9219999999999
529.952
3663.926
3625.8160000000003
3610.654
3622.1620000000003
3638.5280000000002
3710.44
3824.188
3853.638
3825.384
3822.18
3823.892
3824.468
3801.57
3794.504
3781.88
3772.638
3781.76
3799.278
3827.75
3843.148
3850.522
3838.9900000000002
3813.75
3746.192
315.134
303.37
295.94
295.232
304.612
329.798
370.23199999999997
397.542
386.382
385.442
384.456
380.926
378.62399999999997
381.156
378.75
375.904
373.552
383.174
393.954
388.564
381.256
365.37
341.768
322.59
682.252
669.35
659.6279999999999
656.284
668.47
700.312
762.9639999999999
781.876
761.5459999999999
762.802
768.764
769.044
769.984
776.776
783.974
794.5360000000001
797.398
804.692
817.496
804.512
787.1220000000001
758.8639999999999
719.26
685.158
531.102
522.412
516.592
512.8820000000001
518.568
538.986
568.1719999999999
572.338
574.214
580.7940000000001
590.07
593.75
593.082
598.316
601.57
606.618
610.0999999999999
616.9920000000001
615.694
610.422
597.506
580.082
557.1659999999999
538.1179999999999
532.7719999999999
512.888
500.324
499.12800000000004
514.994
557.566
625.924
672.104
653.226
651.646
649.976
644.0039999999999
640.116
644.396
640.328
635.514
631.536
647.804
666.028
656.918
644.562
617.704
577.796
545.38
631.676
619.728
610.726
607.63
618.91
648.394
706.396
723.9100000000001
705.086
706.256
711.774
712.026
712.898
719.192
725.854
735.636
738.28
745.038
756.884
744.87
728.766
702.606
665.9399999999999
634.364
186.04
187.23399999999998
188.238
188.636
188.98399999999998
189.768
192.046
191.94799999999998
188.608
186.46200000000002
186.044
185.854
185.754
186.654
187.31
186.906
187.12
187.732
188.75799999999998
187.512
185.918
184.21
184.47
184.31
20.722
20.31
19.994
20.096
20.48
21.83
23.782
24.682
24.438
24.508
24.512
23.976
23.21
22.682000000000002
22.52
22.434
22.568
23.272000000000002
24.572
24.642
24.386
23.638
22.576
21.466
1141.8700000000001
1123.184
1110.682
1102.698
1114.916
1158.824
1221.578
1230.538
1234.56
1248.712
1268.652
1276.57
1275.132
1286.3860000000002
1293.378
1304.2359999999999
1311.73
1326.54
1323.75
1312.412
1284.6380000000001
1247.178
1197.91
1156.9499999999998
1605.212
1578.946
1561.362
1550.144
1567.314
1629.036
1717.258
1729.8500000000001
1735.514
1755.3999999999999
1783.43
1794.57
1792.546
1808.362
1818.192
1833.456
1843.988
1864.812
1860.886
1844.956
1805.912
1753.25
1683.984
1626.414
1078.162
1060.516
1048.706
1041.174
1052.7079999999999
1094.164
1153.4180000000001
1161.878
1165.68
1179.04
1197.864
1205.348
1203.99
1214.606
1221.212
1231.464
1238.54
1252.5259999999998
1249.886
1239.184
1212.964
1177.596
1131.0720000000001
1092.406
481.204
471.734
464.37
466.678
475.628
506.93800000000005
552.336
573.288
567.644
569.222
569.248
556.838
539.034
526.7139999999999
523.018
520.928
524.156
540.528
570.606
572.3199999999999
566.384
549.04
524.3639999999999
498.626
387.07
389.556
391.642
392.474
393.204
394.826
399.578
399.36
392.41200000000003
387.944
387.082
386.686
386.48
388.344
389.712
388.87600000000003
389.312
390.6
392.716
390.124
386.806
383.262
383.812
383.468
554.434
557.9879999999999
560.9739999999999
562.172
563.212
565.542
572.342
572.042
562.076
555.682
554.4499999999999
553.8820000000001
553.5840000000001
556.258
558.216
557.016
557.644
559.482
562.52
558.812
554.06
548.97
549.764
549.272
749.814
754.622
758.6659999999999
760.28
761.692
764.8340000000001
774.03
773.622
760.15
751.504
749.832
749.068
748.664
752.2819999999999
754.9300000000001
753.308
754.15
756.638
760.748
755.73
749.308
742.426
743.498
742.834
66.95
65.634
64.608
64.92999999999999
66.168
70.53
76.848
79.762
78.976
79.19399999999999
79.2
77.47200000000001
74.998
73.282
72.76599999999999
72.476
72.926
75.202
79.388
79.626
78.796
76.38799999999999
72.952
69.372
17.07
16.674
16.474
16.5
16.828
17.83
19.87
20.374
19.81
19.688
19.692
19.506
19.148
18.966
18.926000000000002
18.89
19.162
19.674
20.326
20.358
20.306
19.724
18.69
17.694
443.396
426.846
416.388
415.396
428.602
464.024
520.922
559.352
543.638
542.32
540.938
535.966
532.7280000000001
536.2959999999999
532.908
528.904
525.5939999999999
539.132
554.3
546.716
536.4300000000001
514.082
480.866
453.884
83.43
81.788
80.512
80.916
82.46600000000001
87.89200000000001
95.764
99.4
98.418
98.69
98.69399999999999
96.542
93.456
91.32
90.67999999999999
90.32
90.878
93.71600000000001
98.934
99.226
98.196
95.19
90.916
86.452
144.204
138.82399999999998
135.422
135.102
139.39600000000002
150.91400000000002
169.418
181.916
176.808
176.37800000000001
175.93
174.314
173.258
174.418
173.32
172.014
170.94
175.34199999999998
180.27599999999998
177.808
174.464
167.194
156.39000000000001
147.616
156.162
153.21
150.986
150.22
153.006
160.29600000000002
174.642
178.96200000000002
174.31
174.602
175.964
176.032
176.246
177.798
179.448
181.864
182.51999999999998
184.186
187.12
184.15200000000002
180.166
173.702
164.63400000000001
156.826
172.178
173.28199999999998
174.21
174.578
174.898
175.626
177.736
177.642
174.546
172.564
172.176
172.004
171.912
172.744
173.348
172.97799999999998
173.17
173.742
174.688
173.534
172.062
170.474
170.724
170.57
696.942
685.468
678.436
677.024
685.894
716.3960000000001
796.808
802.664
781.542
783.226
788.778
794.694
792.506
787.186
782.14
784.478
792.362
801.6940000000001
825.736
821.542
799.524
765.396
717.63
685.778
611.402
588.584
574.164
572.79
590.996
639.852
718.3
771.29
749.634
747.816
745.906
739.0459999999999
734.588
739.4979999999999
734.832
729.31
724.748
743.416
764.3299999999999
753.874
739.696
708.874
663.072
625.866
1235.588
1212.222
1194.608
1188.558
1210.6180000000002
1268.296
1381.754
1416.0
1379.186
1381.468
1392.262
1392.762
1394.472
1406.7759999999998
1419.804
1438.936
1444.108
1457.3319999999999
1480.51
1457.0059999999999
1425.5059999999999
1374.336
1302.612
1240.854
1473.836
1449.714
1433.572
1423.276
1439.044
1495.71
1576.708
1588.2740000000001
1593.474
1611.73
1637.472
1647.692
1645.838
1660.358
1669.386
1683.396
1693.068
1712.186
1708.584
1693.952
1658.102
1609.7559999999999
1546.166
1493.302
218.74
220.142
221.322
221.792
222.202
223.124
225.802
225.68599999999998
221.75799999999998
219.232
218.744
218.524
218.40800000000002
219.45999999999998
220.232
219.76000000000002
220.00400000000002
220.732
221.93
220.466
218.592
216.588
216.898
216.7
1655.174
1628.086
1609.96
1598.396
1616.102
1679.74
1770.71
1783.694
1789.532
1810.04
1838.942
1850.424
1848.34
1864.6499999999999
1874.786
1890.522
1901.388
1922.854
1918.808
1902.376
1862.12
1807.822
1736.402
1677.04
2.002
1.932
1.886
1.876
1.942
2.1
2.358
2.53
2.4619999999999997
2.456
2.4459999999999997
2.42
2.41
2.424
2.41
2.394
2.378
2.438
2.508
2.472
2.422
2.326
2.176
2.056
125.946
123.564
121.768
121.15
123.4
129.278
140.84
144.334
140.584
140.816
141.912
141.962
142.138
143.392
144.72199999999998
146.668
147.20000000000002
148.544
150.906
148.51600000000002
145.304
140.088
132.774
126.482
2213.7980000000002
2177.564
2153.318
2137.852
2161.528
2246.65
2368.32
2385.69
2393.5
2420.924
2459.58
2474.938
2472.15
2493.96
2507.528
2528.5679999999998
2543.102
2571.8179999999998
2566.404
2544.43
2490.582
2417.96
2322.432
2243.036
448.662
441.32
436.402
433.27
438.07
455.322
479.976
483.49399999999997
485.082
490.64
498.47200000000004
501.586
501.022
505.44000000000005
508.194
512.454
515.4019999999999
521.224
520.126
515.672
504.756
490.042
470.68
454.586
478.87
469.818
462.99399999999997
460.64599999999996
469.19399999999996
491.54400000000004
535.518
548.792
534.5260000000001
535.414
539.594
539.788
540.4499999999999
545.22
550.268
557.68
559.688
564.808
573.798
564.6859999999999
552.4720000000001
532.646
504.844
480.91200000000003
139.792
137.504
135.976
134.996
136.488
141.868
149.548
150.646
151.14200000000002
152.872
155.314
156.286
156.104
157.482
158.338
159.668
160.59
162.4
162.054
160.666
157.26999999999998
152.684
146.652
141.634
80.96
77.944
76.028
75.85000000000001
78.256
84.728
95.116
102.134
99.262
99.024
98.768
97.86
97.27199999999999
97.92399999999999
97.306
96.572
95.97200000000001
98.442
101.212
99.82600000000001
97.952
93.868
87.804
82.874
174.826
171.386
168.70999999999998
169.548
172.798
184.178
200.666
208.284
206.23000000000002
206.79999999999998
206.816
202.302
195.836
191.36200000000002
190.016
189.256
190.43
196.378
207.308
207.928
205.772
199.472
190.508
181.152
154.482
151.958
150.264
149.182
150.836
156.778
165.262
166.474
167.02
168.94
171.63400000000001
172.706
172.512
174.034
174.978
176.448
177.462
179.46800000000002
179.084
177.554
173.798
168.732
162.06199999999998
156.522
882.462
868.024
858.36
852.19
861.63
895.558
944.066
950.984
954.098
965.032
980.44
986.5600000000001
985.448
994.146
999.556
1007.94
1013.732
1025.178
1023.026
1014.26
992.8
963.848
925.77
894.1179999999999
373.60999999999996
359.66200000000003
350.85200000000003
350.018
361.13800000000003
390.996
438.932
471.312
458.078
456.964
455.796
451.604
448.88
451.88399999999996
449.032
445.658
442.86400000000003
454.274
467.058
460.668
452.0
433.168
405.178
382.44599999999997
553.694
544.582
538.99
537.868
544.9159999999999
569.15
633.0360000000001
637.692
620.908
622.244
626.658
631.356
629.618
625.392
621.384
623.242
629.5020000000001
636.912
656.0120000000001
652.688
635.192
608.086
570.1320000000001
544.824
280.38
269.916
263.306
262.67400000000004
271.024
293.432
329.406
353.70799999999997
343.774
342.93800000000005
342.064
338.918
336.87399999999997
339.12600000000003
336.988
334.452
332.358
340.922
350.514
345.71799999999996
339.214
325.078
304.07800000000003
287.014
976.834
960.846
950.154
943.326
953.778
991.336
1045.02
1052.684
1056.1280000000002
1068.2279999999998
1085.29
1092.07
1090.834
1100.4560000000001
1106.444
1115.728
1122.1380000000001
1134.812
1132.422
1122.726
1098.964
1066.922
1024.772
989.736
559.19
538.324
525.132
523.88
540.532
585.212
656.964
705.426
685.62
683.9540000000001
682.204
675.934
671.856
676.35
672.08
667.024
662.856
679.928
699.058
689.4979999999999
676.53
648.338
606.45
572.4200000000001
392.144
377.50600000000003
368.262
367.38
379.05400000000003
410.392
460.70799999999997
494.698
480.80199999999996
479.63599999999997
478.414
474.012
471.154
474.3
471.308
467.764
464.844
476.81600000000003
490.23
483.52599999999995
474.43
454.66
425.284
401.418
333.202
335.336
337.13
337.852
338.47799999999995
339.872
343.962
343.784
337.794
333.95
333.208
332.866
332.69
334.298
335.474
334.752
335.12600000000003
336.23199999999997
338.062
335.82800000000003
332.976
329.916
330.394
330.094
1274.358
1226.8
1196.742
1193.886
1231.826
1333.658
1497.176
1607.6219999999998
1562.474
1558.69
1554.704
1540.41
1531.116
1541.354
1531.6299999999999
1520.106
1510.598
1549.51
1593.106
1571.316
1541.758
1477.518
1382.056
1304.506
540.736
531.888
525.968
522.1859999999999
527.974
548.76
578.478
582.722
584.63
591.328
600.7719999999999
604.5260000000001
603.8439999999999
609.172
612.48
617.624
621.172
628.184
626.864
621.496
608.342
590.604
567.272
547.876
1266.0320000000002
1245.306
1231.446
1222.596
1236.144
1284.822
1354.3999999999999
1364.3319999999999
1368.8
1384.48
1406.594
1415.378
1413.778
1426.252
1434.0059999999999
1446.044
1454.354
1470.778
1467.68
1455.116
1424.318
1382.784
1328.1599999999999
1282.752
81.116
78.08999999999999
76.17399999999999
75.996
78.41199999999999
84.888
95.302
102.326
99.45400000000001
99.21600000000001
98.96
98.05199999999999
97.46
98.11
97.492
96.758
96.154
98.628
101.408
100.016
98.13799999999999
94.05000000000001
87.97
83.036
765.2760000000001
750.8
739.896
736.144
749.8100000000001
785.534
855.806
877.018
854.21
855.63
862.318
862.624
863.684
871.302
879.3720000000001
891.218
894.426
902.6179999999999
916.972
902.414
882.9019999999999
851.21
806.788
768.5360000000001
760.774
732.378
714.436
712.73
735.382
796.1719999999999
893.792
959.726
932.774
930.516
928.136
919.6039999999999
914.052
920.168
914.358
907.484
901.8059999999999
925.036
951.06
938.054
920.41
882.054
825.066
778.772
147.874
145.43800000000002
143.94400000000002
143.648
145.53
152.004
169.064
170.308
165.824
166.18
167.358
168.614
168.148
167.02
165.948
166.448
168.118
170.098
175.20000000000002
174.314
169.64
162.40200000000002
152.262
145.508
107.254
105.502
104.328
103.574
104.722
108.848
114.74199999999999
115.586
115.962
117.286
119.162
119.91
119.776
120.828
121.486
122.51
123.21
124.598
124.338
123.276
120.666
117.14999999999999
112.52
108.672
1815.3600000000001
1827.0140000000001
1836.7939999999999
1840.6979999999999
1844.1059999999998
1851.722
1873.998
1873.008
1840.388
1819.454
1815.4099999999999
1813.556
1812.5819999999999
1821.34
1827.754
1823.818
1825.87
1831.884
1841.84
1829.692
1814.132
1797.474
1800.076
1798.46
539.658
543.126
546.03
547.192
548.204
550.4739999999999
557.092
556.8
547.1
540.878
539.682
539.128
538.836
541.442
543.344
542.178
542.786
544.578
547.5360000000001
543.92
539.3
534.348
535.1179999999999
534.64
1490.642
1435.006
1399.844
1396.5040000000001
1440.89
1559.996
1751.262
1880.456
1827.652
1823.222
1818.558
1801.838
1790.968
1802.94
1791.568
1778.0919999999999
1766.968
1812.49
1863.48
1837.992
1803.4160000000002
1728.274
1616.6119999999999
1525.904
193.892
186.66
182.086
181.648
187.424
202.916
227.792
244.6
237.73
237.156
236.548
234.372
232.956
234.516
233.034
231.28199999999998
229.836
235.758
242.386
239.074
234.57999999999998
224.802
210.278
198.48000000000002
1264.688
1243.992
1230.142
1221.308
1234.836
1283.462
1352.97
1362.892
1367.3539999999998
1383.02
1405.1
1413.874
1412.28
1424.7440000000001
1432.492
1444.516
1452.816
1469.22
1466.126
1453.578
1422.816
1381.326
1326.752
1281.394
931.93
897.146
875.164
873.072
900.82
975.292
1094.868
1175.64
1142.62
1139.852
1136.938
1126.482
1119.69
1127.172
1120.06
1111.636
1104.684
1133.1399999999999
1165.02
1149.086
1127.4740000000002
1080.49
1010.684
953.972
1042.032
1048.72
1054.334
1056.574
1058.538
1062.902
1075.6899999999998
1075.126
1056.4
1044.38
1042.066
1040.996
1040.442
1045.464
1049.152
1046.884
1048.068
1051.522
1057.23
1050.26
1041.328
1031.768
1033.26
1032.328
52.038000000000004
51.016
50.22
50.47
51.438
54.818000000000005
59.73
61.998
61.388
61.55799999999999
61.56
60.218
58.292
56.958
56.562
56.336
56.681999999999995
58.458
61.71
61.894000000000005
61.248000000000005
59.376
56.71
53.924
112.966
110.368
109.024
109.184
111.342
117.974
131.498
134.848
131.098
130.26999999999998
130.322
129.086
126.708
125.50999999999999
125.248
125.00800000000001
126.79
130.18200000000002
134.494
134.71
134.376
130.55
123.704
117.08
9.129999999999999
8.914
8.809999999999999
8.824
8.996
9.53
10.626
10.895999999999999
10.59
10.526
10.526
10.43
10.238
10.142
10.118
10.102
10.242
10.516
10.87
10.884
10.854000000000001
10.546
9.992
9.459999999999999
13.118
12.815999999999999
12.662
12.682
12.93
13.7
15.27
15.66
15.226
15.129999999999999
15.134
14.994
14.716
14.574
14.549999999999999
14.518
14.724
15.118
15.620000000000001
15.648
15.61
15.158
14.364
13.602
4.788
4.708
4.664
4.648
4.712
4.9239999999999995
5.478000000000001
5.516
5.37
5.3839999999999995
5.42
5.462
5.446
5.41
5.374
5.390000000000001
5.444
5.508
5.678
5.646
5.494
5.258
4.93
4.71
