0.0
205.822
196.36599999999999
186.654
183.138
186.714
200.522
228.35199999999998
239.072
245.62199999999999
253.29199999999997
263.802
269.888
276.36
280.948
281.08
280.63599999999997
280.664
276.636
277.15
273.93399999999997
270.72
263.618
248.768
229.078
0.0
132.928
126.078
120.89399999999999
118.416
118.164
125.27199999999999
141.902
148.136
149.528
154.834
164.24
171.95
178.894
186.022
191.53
196.21
199.336
197.098
192.778
186.358
184.162
178.112
163.302
147.394
0.0
578.73
579.7479999999999
580.962
582.348
583.8879999999999
586.53
593.09
596.346
592.2719999999999
589.846
588.254
584.526
580.088
578.944
577.3919999999999
575.326
573.436
572.868
572.66
574.324
575.62
576.656
578.826
578.8820000000001
0.0
422.534
415.79400000000004
411.536
407.052
414.576
436.938
455.67199999999997
461.564
463.96999999999997
477.322
485.112
493.264
501.744
510.326
517.058
520.6039999999999
523.678
520.5260000000001
507.61600000000004
497.218
493.796
483.366
465.908
449.884
0.0
114.154
115.4
118.262
119.97200000000001
121.622
123.61399999999999
125.298
125.67000000000002
122.71600000000001
118.824
116.356
116.74000000000001
117.486
119.1
120.324
120.48400000000001
120.75399999999999
119.894
118.07
118.818
118.768
116.82600000000001
114.83200000000001
114.55
0.0
883.04
821.554
786.048
773.654
791.774
863.184
1012.808
1102.328
1128.9460000000001
1169.5919999999999
1224.08
1272.786
1324.37
1379.282
1413.68
1434.874
1429.836
1402.054
1358.904
1301.11
1271.184
1224.196
1125.734
1003.5440000000001
0.0
62.050000000000004
57.73
55.24
54.366
55.64
60.656
71.174
77.462
79.334
82.188
86.016
89.444
93.066
96.926
99.346
100.832
100.478
98.526
95.494
91.436
89.332
86.024
79.108
70.526
0.0
291.484
280.634
274.904
272.81600000000003
277.692
296.078
325.51599999999996
335.488
333.718
341.646
351.04200000000003
359.62
366.586
376.758
383.552
389.892
393.916
391.724
384.748
375.666
371.926
364.138
344.192
318.194
0.0
438.886
418.71799999999996
398.006
390.52000000000004
398.144
427.586
486.928
509.78999999999996
523.7520000000001
540.1039999999999
562.526
575.4979999999999
589.304
599.0780000000001
599.358
598.4240000000001
598.472
589.886
590.98
584.13
577.2819999999999
562.13
530.4680000000001
488.476
0.0
1567.51
1458.3480000000002
1395.334
1373.32
1405.488
1532.254
1797.848
1956.754
2004.01
2076.1620000000003
2172.886
2259.344
2350.914
2448.388
2509.4519999999998
2547.07
2538.132
2488.808
2412.216
2309.628
2256.506
2173.088
1998.3120000000001
1781.412
0.0
66.072
61.472
58.82
57.892
59.244
64.586
75.786
82.47999999999999
84.472
87.51400000000001
91.59
95.236
99.098
103.204
105.77799999999999
107.364
106.988
104.904
101.678
97.358
95.118
91.60000000000001
84.232
75.09
0.0
1402.958
1405.42
1408.3719999999998
1411.716
1415.458
1421.856
1437.766
1445.6619999999998
1435.784
1429.892
1426.04
1416.996
1406.238
1403.476
1399.698
1394.6979999999999
1390.12
1388.7459999999999
1388.234
1392.27
1395.42
1397.936
1403.176
1403.326
0.0
1160.322
1079.516
1032.872
1016.5799999999999
1040.39
1134.23
1330.832
1448.458
1483.4379999999999
1536.85
1608.4460000000001
1672.444
1740.23
1812.376
1857.58
1885.43
1878.816
1842.304
1785.606
1709.66
1670.34
1608.598
1479.2160000000001
1318.66
0.0
298.702
299.228
299.862
300.574
301.37
302.73199999999997
306.11400000000003
307.798
305.696
304.442
303.62
301.692
299.404
298.81399999999996
298.012
296.94599999999997
295.972
295.678
295.57
296.428
297.10200000000003
297.638
298.748
298.78
0.0
74.53
71.76
70.294
69.76
71.002
75.71000000000001
83.23400000000001
85.784
85.332
87.36
89.762
91.956
93.732
96.336
98.074
99.698
100.722
100.164
98.382
96.05799999999999
95.104
93.11
88.006
81.362
0.0
12.228
11.598
11.122
10.894
10.872
11.524
13.054
13.626
13.756
14.244
15.108
15.815999999999999
16.46
17.116
17.616
18.048000000000002
18.34
18.131999999999998
17.732
17.14
16.942
16.386
15.026
13.562000000000001
0.0
306.34999999999997
294.948
288.922
286.734
291.854
311.178
342.11400000000003
352.598
350.744
359.06600000000003
368.95
377.96200000000005
385.282
395.976
403.112
409.778
414.00600000000003
411.7
404.368
394.826
390.898
382.708
361.748
334.42199999999997
0.0
395.3
399.606
409.532
415.456
421.16200000000003
428.06
433.904
435.178
424.952
411.472
402.93
404.266
406.832
412.432
416.668
417.238
418.16200000000003
415.168
408.87199999999996
411.452
411.282
404.558
397.652
396.678
0.0
265.688
268.58
275.24800000000005
279.23199999999997
283.06600000000003
287.70399999999995
291.62800000000004
292.49
285.62
276.552
270.818
271.71
273.438
277.202
280.05
280.428
281.052
279.036
274.81
276.542
276.43
271.91
267.266
266.616
0.0
710.424
660.946
632.392
622.416
636.994
694.442
814.814
886.832
908.25
940.952
984.788
1023.98
1065.476
1109.65
1137.326
1154.374
1150.326
1127.972
1093.26
1046.764
1022.69
984.8820000000001
905.6700000000001
807.364
0.0
264.542
261.386
259.094
257.636
259.04200000000003
269.33
284.78
290.08
289.89799999999997
289.11
293.34799999999996
297.51
301.512
307.23
313.324
319.16
321.376
317.324
313.376
309.714
305.572
302.18
291.37
278.494
0.0
175.74599999999998
173.65200000000002
172.124
171.162
172.094
178.928
189.19400000000002
192.712
192.592
192.068
194.884
197.648
200.31
204.106
208.156
212.036
213.506
210.81799999999998
208.19199999999998
205.76
203.006
200.754
193.57
185.018
0.0
247.054
237.85399999999998
232.99800000000002
231.228
235.358
250.942
275.89599999999996
284.344
282.848
289.566
297.53
304.802
310.7
319.328
325.082
330.458
333.868
332.00399999999996
326.1
318.396
315.22999999999996
308.62600000000003
291.726
269.69
0.0
258.682
249.05599999999998
243.972
242.118
246.444
262.762
288.882
297.736
296.168
303.19800000000004
311.542
319.156
325.332
334.36600000000004
340.388
346.018
349.59
347.64
341.456
333.392
330.07800000000003
323.162
305.462
282.388
0.0
724.25
732.14
750.3320000000001
761.1859999999999
771.638
784.27
794.98
797.3240000000001
778.5820000000001
753.8820000000001
738.232
740.6800000000001
745.384
755.644
763.4100000000001
764.444
766.14
760.6479999999999
749.118
753.846
753.534
741.226
728.568
726.782
0.0
1172.53
1174.588
1177.054
1179.854
1182.976
1188.326
1201.626
1208.224
1199.966
1195.038
1191.8239999999998
1184.272
1175.2740000000001
1172.962
1169.81
1165.63
1161.806
1160.656
1160.23
1163.6000000000001
1166.23
1168.336
1172.72
1172.838
0.0
1513.656
1408.25
1347.396
1326.138
1357.206
1479.6119999999999
1736.084
1889.5339999999999
1935.166
2004.84
2098.234
2181.726
2270.152
2364.276
2423.2419999999997
2459.568
2450.942
2403.306
2329.348
2230.282
2178.988
2098.432
1929.662
1720.21
0.0
107.152
105.872
104.942
104.35000000000001
104.92
109.088
115.346
117.488
117.422
117.102
118.814
120.498
122.126
124.434
126.912
129.27
130.17000000000002
128.53
126.932
125.44200000000001
123.768
122.39399999999999
118.018
112.79599999999999
0.0
1812.934
1745.4479999999999
1709.79
1696.816
1727.14
1841.49
2024.5839999999998
2086.598
2075.6220000000003
2124.9
2183.352
2236.714
2280.02
2343.306
2385.532
2424.9880000000003
2450.018
2436.358
2392.998
2336.4919999999997
2313.256
2264.796
2140.75
1979.056
0.0
345.99
341.866
338.858
336.952
338.794
352.25600000000003
372.45799999999997
379.39
379.156
378.12
383.664
389.11
394.346
401.818
409.796
417.432
420.32800000000003
415.024
409.858
405.072
399.654
395.218
381.08
364.236
0.0
122.77
124.10600000000001
127.192
129.036
130.802
132.94400000000002
134.764
135.156
131.98399999999998
127.79400000000001
125.142
125.556
126.352
128.09
129.40800000000002
129.58599999999998
129.876
128.942
126.988
127.786
127.736
125.65
123.50399999999999
123.202
0.0
978.5340000000001
989.192
1013.764
1028.434
1042.5520000000001
1059.626
1074.094
1077.26
1051.942
1018.564
997.4259999999999
1000.732
1007.086
1020.956
1031.436
1032.836
1035.132
1027.712
1012.1320000000001
1018.5139999999999
1018.098
1001.4660000000001
984.3639999999999
981.956
0.0
462.814
445.586
436.484
433.17
440.914
470.104
516.846
532.674
529.872
542.4540000000001
557.378
570.996
582.054
598.21
608.99
619.058
625.452
621.966
610.892
596.47
590.538
578.1700000000001
546.4979999999999
505.21999999999997
0.0
417.80400000000003
412.81600000000003
409.19
406.89
409.11
425.366
449.766
458.134
457.85
456.6
463.298
469.866
476.20000000000005
485.212
494.848
504.06600000000003
507.568
501.164
494.932
489.144
482.606
477.248
460.176
439.83799999999997
0.0
119.496
113.346
108.682
106.452
106.228
112.612
127.56
133.168
134.42399999999998
139.18800000000002
147.644
154.578
160.818
167.226
172.178
176.386
179.2
177.19
173.3
167.526
165.554
160.12
146.81
132.502
0.0
35.37
34.052
33.356
33.108
33.7
35.93
39.498000000000005
40.712
40.498000000000005
41.458
42.598
43.642
44.484
45.716
46.548
47.312
47.8
47.538000000000004
46.692
45.588
45.138
44.19
41.766
38.616
0.0
375.726
349.562
334.46
329.178
336.894
367.278
430.938
469.02599999999995
480.352
497.648
520.83
541.556
563.508
586.8720000000001
601.5020000000001
610.5219999999999
608.384
596.56
578.202
553.61
540.878
520.8820000000001
478.986
426.996
0.0
173.864
175.762
180.126
182.732
185.238
188.274
190.844
191.41
186.91
180.978
177.21800000000002
177.81
178.942
181.404
183.264
183.51
183.918
182.606
179.84
180.97
180.89600000000002
177.94
174.9
174.474
0.0
304.768
299.90000000000003
296.836
293.598
299.028
315.154
328.67
332.918
334.652
344.282
349.904
355.782
361.898
368.086
372.938
375.502
377.71799999999996
375.442
366.128
358.628
356.164
348.63800000000003
336.048
324.49
0.0
138.82
129.154
123.57
121.626
124.474
135.696
159.21800000000002
173.29
177.47799999999998
183.868
192.43
200.09
208.196
216.834
222.238
225.57
224.776
220.414
213.63
204.54399999999998
199.834
192.452
176.972
157.766
0.0
82.874
81.88
81.164
80.708
81.144
84.374
89.214
90.86999999999999
90.812
90.568
91.894
93.2
94.45400000000001
96.242
98.156
99.982
100.678
99.41
98.172
97.02199999999999
95.728
94.658
91.276
87.24199999999999
0.0
386.252
359.358
343.826
338.406
346.32800000000003
377.566
443.014
482.172
493.812
511.588
535.422
556.73
579.294
603.314
618.3580000000001
627.6279999999999
625.428
613.274
594.398
569.122
556.032
535.474
492.412
438.96
0.0
77.414
74.53
73.01
72.452
73.75
78.632
86.446
89.098
88.628
90.73400000000001
93.22399999999999
95.51
97.354
100.058
101.86
103.544
104.614
104.03
102.178
99.764
98.77600000000001
96.702
91.408
84.50800000000001
0.0
19.602
18.7
17.774
17.44
17.78
19.096
21.75
22.768
23.392
24.122
25.124000000000002
25.698
26.318
26.758
26.766
26.727999999999998
26.727999999999998
26.344
26.396
26.086
25.782
25.105999999999998
23.69
21.82
0.0
269.50600000000003
259.476
254.17000000000002
252.244
256.752
273.75
300.964
310.18399999999997
308.55600000000004
315.878
324.568
332.50399999999996
338.942
348.344
354.624
360.494
364.212
362.18
355.736
347.338
343.88
336.676
318.236
294.2
0.0
284.582
287.682
294.826
299.094
303.202
308.164
312.374
313.296
305.934
296.224
290.07399999999996
291.038
292.882
296.918
299.96799999999996
300.374
301.038
298.884
294.356
296.212
296.086
291.25399999999996
286.278
285.576
0.0
1247.106
1200.684
1176.15
1167.23
1188.092
1266.748
1392.7
1435.36
1427.806
1461.708
1501.912
1538.624
1568.414
1611.9460000000001
1640.9959999999999
1668.1360000000002
1685.35
1675.958
1646.128
1607.258
1591.2740000000001
1557.94
1472.608
1361.38
0.0
44.64
44.112
43.717999999999996
43.472
43.712
45.45
48.056
48.95
48.918
48.786
49.5
50.206
50.876
51.842
52.872
53.86
54.228
53.546
52.884
52.262
51.56
50.988
49.168
46.995999999999995
0.0
531.7280000000001
537.516
550.87
558.838
566.51
575.792
583.65
585.3720000000001
571.618
553.48
541.992
543.7900000000001
547.242
554.774
560.476
561.232
562.48
558.444
549.986
553.456
553.226
544.19
534.894
533.5840000000001
0.0
2637.8
2642.432
2647.978
2654.276
2661.3
2673.3379999999997
2703.252
2718.1
2699.5260000000003
2688.444
2681.202
2664.206
2643.98
2638.772
2631.678
2622.2780000000002
2613.672
2611.084
2610.124
2617.7039999999997
2623.634
2628.362
2638.2200000000003
2638.492
0.0
680.62
688.038
705.1279999999999
715.332
725.146
737.0219999999999
747.09
749.292
731.678
708.466
693.762
696.06
700.476
710.1279999999999
717.4179999999999
718.394
719.992
714.83
703.9939999999999
708.436
708.14
696.5699999999999
684.678
683.002
0.0
430.194
414.178
405.718
402.638
409.83599999999996
436.97
480.418
495.12399999999997
492.524
504.214
518.09
530.7479999999999
541.028
556.04
566.064
575.426
581.364
578.124
567.83
554.424
548.916
537.4159999999999
507.974
469.614
0.0
1563.534
1566.278
1569.5659999999998
1573.296
1577.464
1584.594
1602.328
1611.126
1600.114
1593.548
1589.252
1579.184
1567.19
1564.108
1559.898
1554.334
1549.23
1547.698
1547.126
1551.616
1555.134
1557.9360000000001
1563.7820000000002
1563.942
0.0
187.87199999999999
179.236
170.374
167.16400000000002
170.43
183.034
208.43599999999998
218.224
224.2
231.20000000000002
240.802
246.348
252.26000000000002
256.44800000000004
256.566
256.164
256.182
252.50799999999998
252.98000000000002
250.04399999999998
247.10999999999999
240.628
227.074
209.09799999999998
0.0
504.54200000000003
469.406
449.122
442.04
452.392
493.194
578.684
629.836
645.04
668.266
699.398
727.228
756.702
788.074
807.732
819.8399999999999
816.962
801.086
776.434
743.414
726.314
699.462
643.208
573.3919999999999
0.0
196.90800000000002
189.574
185.704
184.294
187.586
200.008
219.896
226.63199999999998
225.44
230.788
237.13799999999998
242.934
247.64000000000001
254.514
259.098
263.386
266.104
264.622
259.908
253.774
251.25
245.98600000000002
232.51000000000002
214.952
0.0
826.216
813.03
804.716
795.948
810.66
854.3820000000001
891.01
902.534
907.236
933.346
948.582
964.518
981.102
997.876
1011.038
1017.9839999999999
1023.99
1017.824
992.578
972.246
965.562
945.162
911.022
879.692
0.0
660.594
626.582
600.8140000000001
588.47
587.226
622.538
705.18
736.172
743.094
769.468
816.206
854.5219999999999
889.028
924.448
951.816
975.078
990.642
979.502
958.0300000000001
926.106
915.2
885.154
811.564
732.4879999999999
0.0
5039.526
5048.38
5058.974
5070.998
5084.428
5107.414
5164.576
5192.938
5157.448
5136.280000000001
5122.442
5089.969999999999
5051.3240000000005
5041.384
5027.826
5009.874
4993.432000000001
4988.492
4986.652
5001.1320000000005
5012.4580000000005
5021.498
5040.3279999999995
5040.848
0.0
418.412
389.27599999999995
372.454
366.57599999999996
375.166
409.00199999999995
479.894
522.3100000000001
534.924
554.184
580.004
603.08
627.5219999999999
653.54
669.84
679.8820000000001
677.496
664.328
643.8919999999999
616.502
602.3240000000001
580.062
533.4060000000001
475.51
0.0
884.072
851.16
833.778
827.446
842.236
897.998
987.288
1017.528
1012.174
1036.204
1064.706
1090.728
1111.846
1142.706
1163.302
1182.538
1194.744
1188.088
1166.94
1139.388
1128.056
1104.4260000000002
1043.928
965.082
0.0
686.716
675.758
668.842
661.556
673.786
710.126
740.566
750.144
754.0519999999999
775.754
788.424
801.6659999999999
815.452
829.396
840.3340000000001
846.098
851.09
845.974
824.986
808.088
802.53
785.576
757.202
731.16
0.0
707.38
658.114
629.68
619.744
634.266
691.468
811.326
883.038
904.3620000000001
936.922
980.568
1019.592
1060.912
1104.898
1132.454
1149.432
1145.404
1123.136
1088.576
1042.28
1018.306
980.664
901.792
803.906
0.0
818.534
788.058
771.9639999999999
766.104
779.798
831.424
914.09
942.09
937.13
959.38
985.7719999999999
1009.87
1029.42
1057.994
1077.06
1094.872
1106.1680000000001
1100.0059999999999
1080.426
1054.912
1044.424
1022.546
966.542
893.538
0.0
249.572
252.29
258.558
262.3
265.9
270.252
273.946
274.75
268.294
259.784
254.39
255.23399999999998
256.854
260.39
263.06600000000003
263.42199999999997
264.00600000000003
262.11400000000003
258.144
259.77
259.666
255.422
251.06199999999998
250.44799999999998
0.0
23.808
23.522000000000002
23.318
23.188
23.316000000000003
24.238
25.63
26.106
26.09
26.024
26.4
26.778000000000002
27.136
27.652
28.202
28.724
28.922
28.56
28.204
27.874
27.5
27.2
26.222
25.064
0.0
1476.434
1452.882
1438.016
1422.346
1448.638
1526.768
1592.232
1612.818
1621.222
1667.878
1695.106
1723.584
1753.226
1783.2
1806.7179999999998
1819.126
1829.852
1818.8480000000002
1773.734
1737.3899999999999
1725.446
1689.002
1627.992
1572.006
0.0
2075.534
2042.424
2021.522
1999.4920000000002
2036.4560000000001
2146.29
2238.308
2267.256
2279.0699999999997
2344.658
2382.94
2422.9700000000003
2464.638
2506.768
2539.84
2557.272
2572.358
2556.884
2493.462
2442.378
2425.58
2374.35
2288.586
2209.882
0.0
1394.062
1371.8200000000002
1357.7800000000002
1342.9859999999999
1367.808
1441.588
1503.394
1522.836
1530.77
1574.818
1600.532
1627.418
1655.404
1683.704
1705.914
1717.6299999999999
1727.76
1717.366
1674.768
1640.456
1629.176
1594.766
1537.156
1484.2939999999999
0.0
552.958
546.366
541.566
538.52
541.4599999999999
562.97
595.26
606.3380000000001
605.962
604.308
613.166
621.874
630.2420000000001
642.178
654.932
667.134
671.764
663.288
655.036
647.374
638.7239999999999
631.6320000000001
609.0360000000001
582.124
0.0
519.252
524.912
537.954
545.734
553.226
562.288
569.966
571.6479999999999
558.208
540.5
529.284
531.0360000000001
534.408
541.766
547.33
548.068
549.288
545.354
537.088
540.478
540.248
531.422
522.346
521.072
0.0
743.7719999999999
751.87
770.548
781.6959999999999
792.434
805.4100000000001
816.4060000000001
818.806
799.5699999999999
774.1980000000001
758.13
760.642
765.4680000000001
776.016
783.9839999999999
785.046
786.7860000000001
781.146
769.308
774.1659999999999
773.8399999999999
761.196
748.2
746.3679999999999
0.0
1005.8699999999999
1016.826
1042.088
1057.166
1071.6799999999998
1089.232
1104.106
1107.3580000000002
1081.33
1047.0240000000001
1025.2939999999999
1028.692
1035.218
1049.474
1060.256
1061.692
1064.046
1056.4260000000002
1040.406
1046.974
1046.54
1029.4460000000001
1011.866
1009.384
0.0
76.932
76.016
75.344
74.92
75.33
78.32400000000001
82.818
84.35600000000001
84.302
84.074
85.308
86.518
87.684
89.344
91.118
92.81400000000001
93.46
92.28399999999999
91.136
90.07000000000001
88.86
87.88000000000001
84.732
80.988
0.0
22.056
20.916
20.056
19.644000000000002
19.607999999999997
20.788
23.544
24.580000000000002
24.808
25.689999999999998
27.254
28.526
29.678
30.864
31.776
32.553999999999995
33.076
32.702
31.986
30.918
30.552
29.55
27.096
24.458
0.0
588.7080000000001
547.7139999999999
524.046
515.78
527.86
575.47
675.222
734.9
752.646
779.746
816.068
848.544
882.936
919.544
942.476
956.606
953.246
934.726
905.956
867.4300000000001
847.48
816.148
750.504
669.0459999999999
0.0
95.874
94.73
93.898
93.36800000000001
93.88
97.606
103.206
105.124
105.062
104.778
106.312
107.822
109.274
111.34
113.548
115.67
116.47
115.00399999999999
113.566
112.244
110.74000000000001
109.512
105.59599999999999
100.928
0.0
191.464
178.132
170.434
167.744
171.676
187.16
219.602
239.012
244.784
253.598
265.40999999999997
275.972
287.156
299.064
306.522
311.116
310.026
304.0
294.64799999999997
282.116
275.628
265.434
244.084
217.59
0.0
202.35999999999999
194.828
190.844
189.4
192.786
205.54399999999998
225.984
232.902
231.68
237.178
243.704
249.66
254.494
261.56
266.274
270.676
273.46799999999996
271.942
267.108
260.8
258.206
252.79399999999998
238.94799999999998
220.904
0.0
230.974
233.48999999999998
239.286
242.75
246.082
250.114
253.526
254.276
248.296
240.41600000000003
235.43
236.21
237.71
240.984
243.462
243.79
244.32999999999998
242.57999999999998
238.89800000000002
240.41000000000003
240.31
236.38600000000002
232.344
231.77800000000002
0.0
1075.636
1026.216
975.466
957.104
975.792
1047.9579999999999
1193.384
1249.42
1283.65
1323.712
1378.67
1410.4560000000001
1444.308
1468.2559999999999
1468.946
1466.646
1466.762
1445.72
1448.4099999999999
1431.614
1414.83
1377.696
1300.092
1197.182
0.0
811.78
755.2520000000001
722.612
711.216
727.8760000000001
793.522
931.064
1013.36
1037.836
1075.202
1125.29
1170.0659999999998
1217.49
1267.97
1299.594
1319.076
1314.4460000000001
1288.902
1249.238
1196.106
1168.596
1125.396
1034.884
922.558
0.0
1601.09
1541.49
1509.9959999999999
1498.54
1525.3220000000001
1626.306
1788.01
1842.774
1833.086
1876.606
1928.224
1975.348
2013.602
2069.488
2106.778
2141.6220000000003
2163.728
2151.666
2113.37
2063.468
2042.948
2000.1480000000001
1890.598
1747.806
0.0
1905.662
1875.262
1856.074
1835.8500000000001
1869.7839999999999
1970.6280000000002
2055.116
2081.7
2092.542
2152.764
2187.908
2224.6639999999998
2262.92
2301.604
2331.97
2347.974
2361.824
2347.618
2289.388
2242.48
2227.06
2180.022
2101.2780000000002
2029.0120000000002
0.0
293.442
296.632
304.006
308.404
312.63800000000003
317.76
322.1
323.048
315.452
305.44
299.104
300.096
302.002
306.156
309.306
309.72
310.408
308.18600000000004
303.516
305.428
305.30400000000003
300.312
295.19
294.462
0.0
2140.136
2105.996
2084.446
2061.728
2099.842
2213.1
2307.978
2337.83
2350.0099999999998
2417.64
2457.11
2498.39
2541.352
2584.794
2618.896
2636.876
2652.426
2636.472
2571.072
2518.396
2501.0820000000003
2448.25
2359.824
2278.662
0.0
2.662
2.476
2.37
2.336
2.388
2.606
3.054
3.324
3.408
3.526
3.69
3.84
3.9939999999999998
4.16
4.264
4.324
4.314
4.228
4.102
3.9259999999999997
3.836
3.69
3.394
3.026
0.0
163.2
157.124
153.916
152.748
155.47400000000002
165.774
182.25199999999998
187.83
186.846
191.28199999999998
196.546
201.346
205.25
210.94
214.744
218.296
220.546
219.322
215.418
210.32999999999998
208.24
203.874
192.708
178.154
0.0
2862.432
2816.762
2787.9379999999996
2757.56
2808.534
2960.012
3086.92
3126.84
3143.134
3233.59
3286.376
3341.588
3399.054
3457.154
3502.762
3526.812
3547.612
3526.274
3438.806
3368.352
3345.192
3274.534
3156.256
3047.71
0.0
580.116
570.862
565.024
558.864
569.196
599.8960000000001
625.616
633.704
637.004
655.34
666.04
677.23
688.874
700.6479999999999
709.894
714.764
718.984
714.6560000000001
696.932
682.6479999999999
677.958
663.636
639.67
617.67
0.0
620.528
597.426
585.2199999999999
580.782
591.164
630.3
692.9699999999999
714.194
710.438
727.3059999999999
747.312
765.576
780.402
802.058
816.518
830.0179999999999
838.582
833.912
819.07
799.73
791.776
775.186
732.7280000000001
677.388
0.0
180.75199999999998
177.864
176.042
174.132
177.346
186.914
194.92600000000002
197.448
198.48
204.19199999999998
207.524
211.008
214.636
218.30599999999998
221.18800000000002
222.704
224.016
222.668
217.15
212.69400000000002
211.23600000000002
206.77
199.304
192.446
0.0
107.498
100.00999999999999
95.69
94.17999999999999
96.384
105.07600000000001
123.292
134.186
137.43
142.376
149.006
154.938
161.216
167.9
172.094
174.668
174.054
170.67600000000002
165.418
158.386
154.744
149.02
137.038
122.166
0.0
200.894
198.50400000000002
196.752
195.65
196.716
204.528
216.264
220.292
220.15
219.554
222.77
225.93
228.976
233.312
237.942
242.37800000000001
244.056
240.982
237.986
235.198
232.056
229.478
221.266
211.49200000000002
0.0
199.746
196.558
194.544
192.424
195.984
206.554
215.41
218.198
219.33
225.642
229.328
233.184
237.19400000000002
241.246
244.426
246.106
247.56
246.072
239.966
235.04999999999998
233.434
228.502
220.24800000000002
212.672
0.0
1141.0220000000002
1122.826
1111.334
1099.224
1119.54
1179.924
1230.51
1246.424
1252.916
1288.976
1310.02
1332.0259999999998
1354.934
1378.094
1396.278
1405.86
1414.154
1405.648
1370.776
1342.698
1333.4660000000001
1305.3
1258.154
1214.882
0.0
496.05
461.50800000000004
441.564
434.6
444.778
484.892
568.942
619.232
634.186
657.0219999999999
687.626
714.99
743.97
774.8100000000001
794.134
806.038
803.212
787.604
763.37
730.902
714.088
687.692
632.3820000000001
563.74
0.0
854.554
815.292
774.966
760.384
775.2299999999999
832.566
948.104
992.6220000000001
1019.8119999999999
1051.6380000000001
1095.304
1120.556
1147.45
1166.48
1167.022
1165.1979999999999
1165.29
1148.574
1150.708
1137.37
1124.03
1094.528
1032.874
951.12
0.0
372.276
346.348
331.382
326.154
333.794
363.902
426.976
464.718
475.936
493.074
516.046
536.58
558.326
581.47
595.976
604.91
602.788
591.076
572.888
548.5219999999999
535.9060000000001
516.096
474.586
423.07
0.0
1263.044
1242.892
1230.172
1216.77
1239.264
1306.102
1362.1
1379.714
1386.904
1426.818
1450.116
1474.474
1499.83
1525.4679999999998
1545.5919999999999
1556.202
1565.378
1555.966
1517.368
1486.282
1476.0620000000001
1444.882
1392.692
1344.8
0.0
742.458
690.752
660.9060000000001
650.476
665.712
725.756
851.558
926.8240000000001
949.21
983.3820000000001
1029.198
1070.144
1113.518
1159.686
1188.612
1206.432
1202.194
1178.83
1142.554
1093.962
1068.8059999999998
1029.29
946.508
843.774
0.0
520.662
484.4
463.474
456.164
466.846
508.952
597.172
649.958
665.654
689.618
721.744
750.4639999999999
780.88
813.2520000000001
833.5360000000001
846.034
843.0640000000001
826.68
801.2420000000001
767.1619999999999
749.516
721.812
663.7579999999999
591.714
0.0
446.99
451.85400000000004
463.078
469.78
476.226
484.02799999999996
490.634
492.082
480.51800000000003
465.272
455.616
457.124
460.026
466.36
471.154
471.792
472.834
469.446
462.334
465.252
465.06
457.458
449.648
448.55
0.0
1692.002
1574.18
1506.154
1482.394
1517.122
1653.954
1940.64
2112.172
2163.178
2241.062
2345.462
2438.7960000000003
2537.634
2642.85
2708.7580000000003
2749.368
2739.722
2686.482
2603.804
2493.064
2435.728
2345.684
2157.0280000000002
1922.8960000000002
0.0
699.172
688.016
680.974
673.558
686.004
723.006
754.0060000000001
763.752
767.734
789.832
802.72
816.212
830.244
844.438
855.574
861.452
866.53
861.32
839.956
822.748
817.09
799.83
770.9399999999999
744.424
0.0
1636.968
1610.858
1594.372
1577.0
1606.152
1692.778
1765.356
1788.188
1797.5
1849.234
1879.42
1910.9940000000001
1943.856
1977.088
2003.1680000000001
2016.92
2028.816
2016.618
1966.5919999999999
1926.298
1913.056
1872.646
1805.008
1742.93
0.0
107.704
100.196
95.87
94.36
96.566
105.278
123.528
134.448
137.692
142.648
149.294
155.23
161.528
168.222
172.416
175.0
174.392
170.99800000000002
165.74
158.688
155.04
149.31199999999998
137.3
122.39800000000001
0.0
991.652
954.736
935.236
928.142
944.7239999999999
1007.276
1107.424
1141.346
1135.338
1162.292
1194.264
1223.456
1247.1480000000001
1281.76
1304.862
1326.436
1340.128
1332.662
1308.942
1278.03
1265.32
1238.818
1170.962
1082.5220000000002
0.0
1010.0980000000001
939.762
899.158
884.968
905.698
987.384
1158.5339999999999
1260.938
1291.386
1337.8780000000002
1400.206
1455.922
1514.93
1577.742
1617.088
1641.33
1635.574
1603.79
1554.432
1488.326
1454.0919999999999
1400.3419999999999
1287.712
1147.94
0.0
228.226
217.73600000000002
206.97400000000002
203.074
207.04
222.35
253.20600000000002
265.098
272.356
280.86
292.522
299.266
306.44599999999997
311.53
311.674
311.19
311.212
306.75
307.318
303.752
300.19399999999996
292.314
275.848
254.01600000000002
0.0
138.684
136.472
135.072
133.6
136.072
143.40800000000002
149.556
151.49
152.28
156.664
159.22
161.894
164.678
167.494
169.704
170.87
171.87800000000001
170.842
166.60999999999999
163.19
162.07
158.65
152.91400000000002
147.656
0.0
2435.304
2461.826
2522.9799999999996
2559.486
2594.624
2637.112
2673.13
2681.0
2617.986
2534.926
2482.3199999999997
2490.54
2506.3540000000003
2540.8680000000004
2566.968
2570.446
2576.154
2557.692
2518.918
2534.814
2533.77
2492.37
2449.814
2443.81
0.0
723.96
731.844
750.02
760.874
771.316
783.948
794.652
796.996
778.2660000000001
753.572
737.932
740.38
745.0799999999999
755.3399999999999
763.0999999999999
764.13
765.826
760.338
748.818
753.5360000000001
753.2239999999999
740.922
728.2719999999999
726.482
0.0
1979.162
1841.336
1761.772
1733.98
1774.598
1934.654
2269.996
2470.636
2530.302
2621.398
2743.524
2852.696
2968.304
3091.376
3168.48
3215.976
3204.694
3142.4139999999998
3045.712
2916.172
2849.106
2743.7819999999997
2523.1059999999998
2249.246
0.0
257.43600000000004
239.508
229.158
225.54600000000002
230.82999999999998
251.646
295.26800000000003
321.362
329.12399999999997
340.974
356.864
371.058
386.098
402.102
412.134
418.31
416.844
408.744
396.17
379.318
370.59000000000003
356.894
328.19
292.57
0.0
1635.24
1609.156
1592.684
1575.3319999999999
1604.452
1690.988
1763.484
1786.29
1795.598
1847.272
1877.43
1908.974
1941.802
1974.998
2001.0480000000002
2014.786
2026.672
2014.484
1964.5140000000001
1924.2640000000001
1911.0320000000002
1870.662
1803.1
1741.086
0.0
1237.348
1151.176
1101.44
1084.056
1109.454
1209.516
1419.168
1544.604
1581.904
1638.862
1715.212
1783.462
1855.742
1932.686
1980.884
2010.584
2003.526
1964.5939999999998
1904.134
1823.15
1781.22
1715.3719999999998
1577.412
1406.1960000000001
0.0
1397.886
1413.1100000000001
1448.216
1469.166
1489.336
1513.722
1534.4
1538.916
1502.748
1455.0700000000002
1424.872
1429.592
1438.666
1458.478
1473.46
1475.458
1478.7359999999999
1468.136
1445.88
1455.0059999999999
1454.402
1430.644
1406.216
1402.772
0.0
59.798
59.086
58.57
58.238
58.552
60.88
64.37400000000001
65.57000000000001
65.532
65.348
66.308
67.252
68.16
69.44800000000001
70.826
72.146
72.648
71.732
70.84
70.006
69.07000000000001
68.306
65.862
62.956
0.0
145.94400000000002
138.43
132.736
130.01399999999998
129.74
137.542
155.798
162.644
164.17
169.998
180.328
188.792
196.414
204.238
210.282
215.424
218.866
216.406
211.656
204.604
202.20000000000002
195.558
179.298
161.832
0.0
11.792
11.188
10.728
10.504
10.482000000000001
11.114
12.588
13.14
13.266
13.734
14.568
15.256
15.870000000000001
16.5
16.986
17.401999999999997
17.684
17.482
17.102
16.53
16.336
15.8
14.485999999999999
13.072000000000001
0.0
16.95
16.08
15.42
15.102
15.07
15.975999999999999
18.094
18.892
19.07
19.744
20.944
21.926
22.814
23.72
24.426
25.018
25.42
25.132
24.582
23.764
23.482
22.71
20.823999999999998
18.792
0.0
7.3919999999999995
7.05
6.7059999999999995
6.576
6.704000000000001
7.202
8.2
8.584
8.822
9.094
9.474
9.69
9.928
10.086
10.094
10.08
10.078
9.932
9.950000000000001
9.836
9.722
9.466
8.934
8.226
